66.3 490.2 76.5 499.7 'dq'
66.9 503.5 75.2 513.0 'dt'
80.3 496.5 87.7 505.9 '='
102.5 489.8 117.7 500.4 'Huη'
99.0 503.2 120.9 513.8 'λcL0ρ'
123.8 490.2 139.4 500.4 'dme'
127.4 503.5 135.8 513.0 'dt'
141.0 505.9 151.6 512.8 't−τ'
155.5 496.5 162.9 505.9 '='
174.2 490.2 184.6 499.7 'RT'
177.8 503.6 182.7 513.0 'p'
188.4 489.8 203.6 500.4 'Huη'
187.7 503.2 204.0 513.8 'λcL0'
206.9 490.2 222.5 500.4 'dme'
210.5 503.5 218.8 513.0 'dt'
224.0 505.9 234.6 512.8 't−τ'
38.3 496.8 53.8 506.3 '(10)'
343.1 494.6 347.2 504.1 'τ'
350.9 494.6 358.3 504.1 '='
361.0 494.6 369.2 504.4 '0,'
370.8 495.0 388.5 504.4 '01m'
394.7 488.3 399.0 497.8 'L'
389.7 493.0 450.7 511.9 'a0pθ1,16(1−1/T),'
316.3 495.0 331.7 504.4 '(11)'
345.3 519.8 349.5 529.3 'θ'
-3.9 497.2 9.4 519.7 'Appl.'