2 0.000000 100.000000 240.580931
1001 826 
1 -11.368037 0.000000 -11.529857 99.756239 -0.001810 6.975583 0.000003 
2 13.641644 0.000000 -11.529857 99.756335 -0.018581 6.973361 0.000005 
3 13.641644 0.000000 11.529857 99.756800 0.022222 6.972526 -0.000004 
4 -11.368037 0.000000 11.529857 99.756585 0.002201 6.975599 -0.000004 
5 1.136804 0.000000 0.000000 101.479889 -0.103584 5.734109 -0.033106 
6 -11.368037 0.000000 0.000000 99.756388 0.000215 6.975662 0.000000 
7 1.136804 0.000000 -11.529857 99.755646 -0.009723 6.974454 0.000017 
8 13.641644 0.000000 0.000000 99.792070 -0.324608 6.464491 -0.000035 
9 1.136804 0.000000 11.529857 99.757451 0.010856 6.974328 -0.000019 
10 -5.115617 0.000000 -5.764929 99.756213 -0.003127 6.974427 0.000006 
11 -11.368037 0.000000 -5.764929 99.756266 -0.001029 6.975623 0.000003 
12 -5.115617 0.000000 -11.529857 99.755973 -0.004103 6.975346 0.000009 
13 1.136804 0.000000 -5.764929 99.758590 -0.015866 6.970352 -0.000036 
14 -5.115617 0.000000 0.000000 99.755501 0.000010 6.973375 0.000021 
15 7.389224 0.000000 -5.764929 99.756699 -0.036171 6.967387 0.000006 
16 7.389224 0.000000 -11.529857 99.755989 -0.016035 6.973516 0.000011 
17 13.641644 0.000000 -5.764929 99.756762 -0.038077 6.967349 0.000004 
18 7.389224 0.000000 0.000000 99.901989 -0.630315 4.877877 -0.000460 
19 -5.115617 0.000000 5.764929 99.756293 0.003422 6.974890 0.000003 
20 -11.368037 0.000000 5.764929 99.756531 0.001448 6.975644 -0.000003 
21 1.136804 0.000000 5.764929 99.756454 0.017794 6.969983 0.000007 
22 -5.115617 0.000000 11.529857 99.756914 0.004716 6.975382 -0.000010 
23 -1.989406 0.000000 -2.882464 99.758082 -0.006748 6.967853 -0.000023 
24 -5.115617 0.000000 -2.882464 99.756107 -0.001850 6.973410 0.000009 
25 -1.989406 0.000000 -5.764929 99.757335 -0.006584 6.972182 -0.000014 
26 1.136804 0.000000 -2.882464 99.767146 -0.014766 6.956595 -0.000188 
27 -1.989406 0.000000 0.000000 99.747735 0.000572 6.963820 0.000189 
28 7.389224 0.000000 5.764929 99.757034 0.043588 6.963770 0.000004 
29 13.641644 0.000000 5.764929 99.757556 0.051550 6.960746 -0.000002 
30 7.389224 0.000000 11.529857 99.757121 0.018224 6.973028 -0.000011 
31 4.263014 0.000000 -2.882464 99.752640 -0.041600 6.942862 0.000121 
32 4.263014 0.000000 -5.764929 99.757762 -0.029503 6.969074 -0.000018 
33 7.389224 0.000000 -2.882464 99.758171 -0.075731 6.944255 0.000008 
34 4.263014 0.000000 0.000000 100.103148 -0.318170 1.822725 -0.002406 
35 -1.989406 0.000000 2.882464 99.750117 0.008601 6.971212 0.000132 
36 -5.115617 0.000000 2.882464 99.755484 0.001972 6.973947 0.000021 
37 1.136804 0.000000 2.882464 99.761875 0.011499 6.955746 -0.000081 
38 -1.989406 0.000000 5.764929 99.755472 0.007112 6.973438 0.000022 
39 -0.426301 0.000000 -1.441232 99.763272 -0.006948 6.910125 -0.000046 
40 -1.989406 0.000000 -1.441232 99.753567 -0.004836 6.964032 0.000073 
41 -0.426301 0.000000 -2.882464 99.764837 -0.018252 6.961096 -0.000148 
42 1.136804 0.000000 -1.441232 99.734487 -0.003306 6.920100 0.000514 
43 -0.426301 0.000000 0.000000 100.014511 -0.079797 7.001621 -0.005193 
44 4.263014 0.000000 2.882464 99.758933 0.092975 6.928757 0.000014 
45 7.389224 0.000000 2.882464 99.759334 0.101577 6.918876 0.000019 
46 4.263014 0.000000 5.764929 99.756009 0.034238 6.966108 0.000021 
47 2.699909 0.000000 -1.441232 99.763456 -0.074687 6.896007 -0.000031 
48 2.699909 0.000000 -2.882464 99.759107 -0.032382 6.951286 -0.000020 
49 4.263014 0.000000 -1.441232 99.757394 -0.136803 6.848290 0.000154 
50 2.699909 0.000000 0.000000 100.197907 -0.267453 0.481786 -0.003992 
51 -0.426301 0.000000 1.441232 99.711389 0.007177 6.962049 0.000917 
52 -1.989406 0.000000 1.441232 99.747630 0.005806 6.969268 0.000184 
53 1.136804 0.000000 1.441232 99.729769 -0.007016 6.901641 0.000634 
54 -0.426301 0.000000 2.882464 99.749028 0.018462 6.972643 0.000151 
55 0.355251 0.000000 -0.720616 99.708179 0.013498 6.698659 0.001341 
56 -0.426301 0.000000 -0.720616 99.682748 0.015115 6.961634 0.001489 
57 0.355251 0.000000 -1.441232 99.825314 -0.036431 6.891627 -0.001259 
58 1.136804 0.000000 -0.720616 99.567304 -0.055507 6.586348 0.004297 
59 0.355251 0.000000 0.000000 70.779398 0.009617 -0.003083 0.499028 
60 -8.241827 0.000000 -2.882464 99.756222 -0.000906 6.975006 0.000005 
61 -11.368037 0.000000 -2.882464 99.756315 -0.000445 6.975647 0.000002 
62 -8.241827 0.000000 -5.764929 99.756122 -0.001729 6.975569 0.000006 
63 -8.241827 0.000000 0.000000 99.756193 0.000094 6.975038 0.000005 
64 -3.552511 0.000000 -1.441232 99.755845 -0.003577 6.968635 0.000021 
65 -5.115617 0.000000 -1.441232 99.755775 -0.000971 6.973290 0.000016 
66 -3.552511 0.000000 -2.882464 99.757287 -0.006975 6.969688 -0.000009 
67 -3.552511 0.000000 0.000000 99.754004 0.000328 6.972768 0.000052 
68 -1.207854 0.000000 -0.720616 99.746158 -0.004865 6.936248 0.000259 
69 -1.989406 0.000000 -0.720616 99.750478 -0.002262 6.963445 0.000135 
70 -1.207854 0.000000 -1.441232 99.757443 -0.008653 6.942172 0.000026 
71 -1.207854 0.000000 0.000000 99.735473 -0.003455 6.943873 0.000462 
72 2.699909 0.000000 1.441232 99.750119 0.129971 6.784471 0.000387 
73 4.263014 0.000000 1.441232 99.764064 0.192152 6.754932 0.000147 
74 2.699909 0.000000 2.882464 99.761911 0.043776 6.933622 -0.000052 
75 0.355251 0.000000 0.720616 100.043735 -0.048870 7.061295 -0.005861 
76 -0.426301 0.000000 0.720616 99.726501 -0.037298 6.938554 0.000648 
77 1.136804 0.000000 0.720616 100.124043 -0.060617 6.680405 -0.006946 
78 0.355251 0.000000 1.441232 99.729978 0.010293 6.959319 0.000550 
79 -0.035525 0.000000 -0.360308 98.566319 0.043479 7.348966 0.023067 
80 -0.426301 0.000000 -0.360308 99.771844 -0.013874 7.031369 -0.000386 
81 -0.035525 0.000000 -0.720616 99.520711 -0.001676 6.818414 0.004914 
82 0.355251 0.000000 -0.360308 99.989235 0.025565 5.692368 -0.003025 
83 -0.035525 0.000000 0.000000 189.128906 -0.143302 7.444269 -2.582518 
84 1.918356 0.000000 -0.720616 99.604681 0.119619 6.536786 0.003616 
85 1.918356 0.000000 -1.441232 99.751421 -0.034694 6.888586 0.000220 
86 2.699909 0.000000 -0.720616 99.429230 -0.101307 6.261474 0.007461 
87 1.918356 0.000000 0.000000 104.965058 0.023321 1.530776 -0.102001 
88 0.746027 0.000000 -0.360308 99.168606 -0.034360 6.231815 0.012675 
89 0.746027 0.000000 -0.720616 99.611130 0.032915 6.818605 0.003113 
90 1.136804 0.000000 -0.360308 99.141864 -0.115186 5.668577 0.013874 
91 0.746027 0.000000 0.000000 102.660957 -0.042577 6.748776 -0.058482 
92 -8.241827 0.000000 2.882464 99.756242 0.001116 6.975124 0.000004 
93 -11.368037 0.000000 2.882464 99.756466 0.000873 6.975660 -0.000001 
94 -8.241827 0.000000 5.764929 99.756658 0.002262 6.975622 -0.000005 
95 -3.552511 0.000000 1.441232 99.753126 0.005966 6.969731 0.000074 
96 -5.115617 0.000000 1.441232 99.755402 0.001019 6.973631 0.000023 
97 -3.552511 0.000000 2.882464 99.753196 0.008859 6.971152 0.000070 
98 -1.207854 0.000000 0.720616 99.728870 -0.001731 6.945420 0.000591 
99 -1.989406 0.000000 0.720616 99.746807 0.003391 6.966688 0.000204 
100 -1.207854 0.000000 1.441232 99.738295 0.002779 6.965084 0.000376 
101 -0.035525 0.000000 0.360308 99.170955 -0.064271 6.532001 0.012245 
102 -0.426301 0.000000 0.360308 99.798811 -0.017606 6.840883 -0.000660 
103 0.355251 0.000000 0.360308 100.820638 -0.101927 7.240444 -0.021724 
104 -0.035525 0.000000 0.720616 99.664934 -0.009397 6.996086 0.001796 
105 0.159863 0.000000 -0.180154 97.074990 -0.081595 -0.004214 0.057644 
106 -0.035525 0.000000 -0.180154 96.525410 0.291100 11.589963 0.054843 
107 0.159863 0.000000 -0.360308 98.678389 0.045574 5.690907 0.023019 
108 0.355251 0.000000 -0.180154 101.388164 0.090368 2.820820 -0.028753 
109 0.159863 0.000000 0.000000 133.811378 0.214807 0.200260 -0.790557 
110 -0.817078 0.000000 -0.360308 99.729626 -0.010122 6.932005 0.000595 
111 -1.207854 0.000000 -0.360308 99.739110 -0.004224 6.942572 0.000391 
112 -0.817078 0.000000 -0.720616 99.734749 -0.005135 6.922754 0.000506 
113 -0.817078 0.000000 0.000000 99.763275 -0.009508 6.967332 -0.000125 
114 -0.230913 0.000000 -0.180154 100.522641 -0.001484 7.523846 -0.016141 
115 -0.426301 0.000000 -0.180154 99.915203 -0.083646 7.051785 -0.003278 
116 -0.230913 0.000000 -0.360308 99.494688 0.023004 7.415700 0.004581 
117 -0.230913 0.000000 0.000000 101.600018 -0.057126 7.062964 -0.037245 
118 1.918356 0.000000 0.720616 100.054336 -0.101792 6.191473 -0.004921 
119 2.699909 0.000000 0.720616 99.839095 0.422370 6.108622 -0.000534 
120 1.918356 0.000000 1.441232 99.751978 0.057311 6.842142 0.000272 
121 0.746027 0.000000 0.360308 99.869949 -0.063100 6.484116 -0.001605 
122 1.136804 0.000000 0.360308 101.025668 -0.099310 6.331510 -0.024628 
123 0.746027 0.000000 0.720616 99.956016 -0.037737 6.884915 -0.003861 
124 0.159863 0.000000 0.180154 98.963154 -0.189902 10.880684 0.008787 
125 -0.035525 0.000000 0.180154 98.029756 0.092933 2.425279 0.038428 
126 0.355251 0.000000 0.180154 102.505784 -0.043241 6.416972 -0.054862 
127 0.159863 0.000000 0.360308 99.509764 -0.134392 7.647790 0.003930 
128 0.062169 0.000000 -0.090077 80.067592 0.009363 -5.263344 0.356148 
129 -0.035525 0.000000 -0.090077 106.719720 0.116813 31.547929 -0.238438 
130 0.062169 0.000000 -0.180154 93.696244 0.073264 4.416598 0.120150 
131 0.159863 0.000000 -0.090077 98.041308 0.012589 -13.102011 0.021624 
132 0.062169 0.000000 0.000000 241.922892 -0.010682 0.723713 -4.852721 
133 -0.817078 0.000000 0.360308 99.718512 -0.003999 6.934309 0.000813 
134 -1.207854 0.000000 0.360308 99.732180 -0.002628 6.946923 0.000523 
135 -0.817078 0.000000 0.720616 99.709979 -0.003691 6.938188 0.000978 
136 -0.230913 0.000000 0.180154 100.738547 -0.037366 6.546619 -0.019111 
137 -0.426301 0.000000 0.180154 99.938917 -0.000637 6.885350 -0.003520 
138 -0.230913 0.000000 0.360308 99.746714 -0.031412 6.581213 0.000728 
139 -0.133219 0.000000 -0.090077 104.551963 -0.004127 10.250864 -0.103619 
140 -0.230913 0.000000 -0.090077 101.147899 -0.044215 7.578246 -0.028833 
141 -0.133219 0.000000 -0.180154 100.319436 -0.153714 9.515504 -0.015456 
142 -0.133219 0.000000 0.000000 108.111299 0.134098 7.292236 -0.174125 
143 0.062169 0.000000 0.090077 84.964455 -0.026339 11.744982 0.264310 
144 -0.035525 0.000000 0.090077 109.077620 0.028504 -16.367986 -0.216584 
145 0.159863 0.000000 0.090077 101.835374 0.083578 13.874071 -0.056294 
146 0.062169 0.000000 0.180154 95.832380 -0.118551 7.863747 0.075430 
147 0.013322 0.000000 -0.045039 64.981510 0.129298 -12.655543 0.561722 
148 -0.035525 0.000000 -0.045039 160.363751 -0.086284 43.002140 -1.756572 
149 0.013322 0.000000 -0.090077 63.988119 -0.054855 12.845843 0.574050 
150 0.062169 0.000000 -0.045039 238.707162 -0.007680 -21.489515 -4.744291 
151 0.013322 0.000000 0.000000 315.325444 -0.019335 3.632668 -8.944333 
152 -0.133219 0.000000 0.090077 104.990297 -0.047537 4.432323 -0.104261 
153 -0.230913 0.000000 0.090077 101.278505 -0.066096 6.539589 -0.030011 
154 -0.133219 0.000000 0.180154 100.828061 -0.144308 4.694864 -0.018836 
155 0.013322 0.000000 0.045039 72.940130 -0.238796 14.460591 0.447057 
156 -0.035525 0.000000 0.045039 160.302855 -0.140869 -26.925820 -1.642202 
157 0.062169 0.000000 0.045039 237.198414 -0.017178 22.267571 -4.675893 
158 0.013322 0.000000 0.090077 70.967669 -0.210654 -2.263951 0.495842 
159 -1.989406 0.000000 -8.647393 99.756479 -0.006637 6.974116 0.000001 
160 -5.115617 0.000000 -8.647393 99.755854 -0.003935 6.975327 0.000011 
161 -1.989406 0.000000 -11.529857 99.755767 -0.006426 6.975006 0.000014 
162 1.136804 0.000000 -8.647393 99.756673 -0.011791 6.973345 -0.000002 
163 -0.426301 0.000000 -4.323696 99.756835 -0.029021 6.971879 -0.000003 
164 -1.989406 0.000000 -4.323696 99.760062 -0.015782 6.968661 -0.000063 
165 -0.426301 0.000000 -5.764929 99.758288 -0.010158 6.971030 -0.000031 
166 1.136804 0.000000 -4.323696 99.759080 -0.043785 6.969558 -0.000045 
167 0.355251 0.000000 -2.161848 99.806343 -0.008451 6.931396 -0.000935 
168 -0.426301 0.000000 -2.161848 99.776919 -0.009486 6.937548 -0.000356 
169 0.355251 0.000000 -2.882464 99.771626 -0.016245 6.954793 -0.000275 
170 1.136804 0.000000 -2.161848 99.819186 -0.023364 6.938299 -0.001201 
171 -0.035525 0.000000 -1.080924 99.709858 -0.021092 6.874317 0.001069 
172 -0.426301 0.000000 -1.080924 99.744257 -0.005133 6.892391 0.000358 
173 -0.035525 0.000000 -1.441232 99.789887 -0.006567 6.886648 -0.000545 
174 0.355251 0.000000 -1.080924 99.676880 0.001630 6.903812 0.001686 
175 0.159863 0.000000 -0.540462 99.157299 0.035719 6.637620 0.012377 
176 -0.035525 0.000000 -0.540462 99.348482 0.016430 6.860215 0.008282 
177 0.159863 0.000000 -0.720616 99.531135 0.022559 6.771808 0.004770 
178 0.355251 0.000000 -0.540462 99.401200 0.039255 6.546632 0.007654 
179 0.062169 0.000000 -0.270231 95.941884 0.116536 6.066373 0.075834 
180 -0.035525 0.000000 -0.270231 97.217941 0.017075 8.469494 0.047694 
181 0.062169 0.000000 -0.360308 98.068258 0.021736 6.620630 0.033878 
182 0.159863 0.000000 -0.270231 97.654777 0.172224 3.968438 0.044777 
183 0.013322 0.000000 -0.135116 89.053369 0.050332 10.518423 0.195886 
184 -0.035525 0.000000 -0.135116 98.172827 0.231806 15.999157 0.010607 
185 0.013322 0.000000 -0.180154 93.771684 0.242980 8.640236 0.113216 
186 0.062169 0.000000 -0.135116 90.728765 0.044657 1.515091 0.176599 
187 0.550639 0.000000 -0.180154 101.871415 -0.035718 5.032582 -0.040311 
188 0.550639 0.000000 -0.360308 99.692419 0.010396 6.346093 0.002115 
189 0.746027 0.000000 -0.180154 102.612582 -0.041510 4.988991 -0.055423 
190 0.550639 0.000000 0.000000 101.985610 -0.032595 6.678501 -0.044567 
191 0.257557 0.000000 -0.090077 101.662262 -0.104437 -10.035270 -0.043593 
192 0.257557 0.000000 -0.180154 99.968796 0.009828 0.812221 0.000558 
193 0.355251 0.000000 -0.090077 104.747588 0.008511 -4.281527 -0.099039 
194 0.257557 0.000000 0.000000 89.202379 -0.146639 0.074162 0.204291 
195 0.111016 0.000000 -0.045039 171.838206 -0.014021 -15.211541 -1.975976 
196 0.111016 0.000000 -0.090077 89.132301 0.089632 -14.574857 0.184300 
197 0.159863 0.000000 -0.045039 132.631710 0.189453 -9.384127 -0.767927 
198 0.111016 0.000000 0.000000 175.836554 -0.011050 0.201633 -2.091853 
199 0.037745 0.000000 -0.067558 65.457499 0.108458 -12.596424 0.555663 
200 0.013322 0.000000 -0.067558 64.954309 0.139857 -12.297279 0.562970 
201 0.037745 0.000000 -0.090077 76.523034 -0.040878 -1.785917 0.414103 
202 0.062169 0.000000 -0.067558 72.287563 0.102766 -13.732624 0.458591 
203 0.037745 0.000000 -0.045039 65.027885 0.098704 -12.663297 0.561101 
204 0.550639 0.000000 0.180154 102.178365 -0.042481 5.275737 -0.046825 
205 0.746027 0.000000 0.180154 102.992352 -0.060105 5.515207 -0.063785 
206 0.550639 0.000000 0.360308 100.181757 -0.031582 6.295251 -0.007602 
207 0.257557 0.000000 0.090077 104.355566 -0.171134 10.567883 -0.100179 
208 0.355251 0.000000 0.090077 106.195237 -0.041311 4.617437 -0.129875 
209 0.257557 0.000000 0.180154 101.523884 -0.106694 9.120708 -0.039030 
210 0.111016 0.000000 0.045039 171.614280 -0.021770 15.470976 -1.969081 
211 0.159863 0.000000 0.045039 132.586269 0.197163 9.612898 -0.767157 
212 0.111016 0.000000 0.090077 93.896310 0.000738 15.884450 0.093117 
213 -1.989406 0.000000 8.647393 99.756706 0.007333 6.974456 -0.000004 
214 -5.115617 0.000000 8.647393 99.757016 0.004605 6.975413 -0.000012 
215 1.136804 0.000000 8.647393 99.757039 0.013223 6.973138 -0.000009 
216 -1.989406 0.000000 11.529857 99.757220 0.007243 6.975011 -0.000015 
217 -0.426301 0.000000 4.323696 99.756283 0.029682 6.973602 0.000005 
218 -1.989406 0.000000 4.323696 99.751877 0.017382 6.971190 0.000097 
219 1.136804 0.000000 4.323696 99.759651 0.043962 6.969200 -0.000056 
220 -0.426301 0.000000 5.764929 99.755995 0.011144 6.972270 0.000013 
221 0.355251 0.000000 2.161848 99.738549 0.018000 6.960110 0.000378 
222 -0.426301 0.000000 2.161848 99.736658 0.002296 6.966695 0.000406 
223 1.136804 0.000000 2.161848 99.754356 0.006717 6.948149 0.000079 
224 0.355251 0.000000 2.882464 99.761575 0.010905 6.969873 -0.000095 
225 -0.035525 0.000000 1.080924 99.715480 0.005756 6.979330 0.000811 
226 -0.426301 0.000000 1.080924 99.693520 -0.005189 6.960507 0.001275 
227 0.355251 0.000000 1.080924 99.793859 -0.008493 6.997577 -0.000778 
228 -0.035525 0.000000 1.441232 99.706806 -0.007063 6.969092 0.000998 
229 0.159863 0.000000 0.540462 99.725021 -0.046820 7.219688 0.000279 
230 -0.035525 0.000000 0.540462 99.645113 0.001877 7.030002 0.002143 
231 0.355251 0.000000 0.540462 99.954113 -0.053703 7.118833 -0.004151 
232 0.159863 0.000000 0.720616 99.767619 -0.012685 7.112509 -0.000417 
233 0.062169 0.000000 0.270231 97.095522 -0.105482 7.258264 0.051977 
234 -0.035525 0.000000 0.270231 98.063974 -0.018585 5.444585 0.035381 
235 0.159863 0.000000 0.270231 98.760804 -0.062939 8.707068 0.017049 
236 0.062169 0.000000 0.360308 98.837219 -0.123977 7.097426 0.018082 
237 0.013322 0.000000 0.135116 92.202297 -0.084435 2.165100 0.149404 
238 -0.035525 0.000000 0.135116 100.156991 0.115646 -1.790245 -0.003464 
239 0.062169 0.000000 0.135116 93.843161 -0.102197 9.226062 0.110833 
240 0.013322 0.000000 0.180154 95.793106 0.015510 4.666461 0.080190 
241 0.037745 0.000000 0.067558 73.128941 -0.130217 14.540151 0.444073 
242 0.013322 0.000000 0.067558 72.859222 -0.236521 14.530574 0.448034 
243 0.037745 0.000000 0.045039 72.840035 -0.130941 14.443129 0.448571 
244 0.062169 0.000000 0.067558 79.047605 -0.092054 15.435756 0.351321 
245 0.037745 0.000000 0.090077 82.012257 -0.056397 9.704272 0.317981 
246 0.111016 0.000000 -0.135116 95.041687 -0.022286 -2.270184 0.096192 
247 0.111016 0.000000 -0.180154 95.467087 -0.054574 1.635544 0.088336 
248 0.159863 0.000000 -0.135116 97.603432 -0.211563 -3.775887 0.045927 
249 0.086592 0.000000 -0.067558 88.617684 -0.062271 -14.524934 0.193593 
250 0.086592 0.000000 -0.090077 89.157881 -0.083765 -14.787602 0.183219 
251 0.111016 0.000000 -0.067558 89.157513 0.068322 -14.525453 0.183994 
252 0.086592 0.000000 -0.045039 202.514142 -0.015548 -20.154141 -3.141817 
253 0.086592 0.000000 -0.112596 90.704460 0.081716 -5.060071 0.174709 
254 0.062169 0.000000 -0.112596 86.692229 0.031509 -1.582553 0.248195 
255 0.086592 0.000000 -0.135116 92.857629 0.030216 -0.922514 0.137661 
256 0.111016 0.000000 -0.112596 94.257974 0.105586 -5.972981 0.107975 
257 0.074381 0.000000 -0.078817 84.952132 -0.031107 -14.415809 0.257532 
258 0.062169 0.000000 -0.078817 73.578619 0.089414 -13.886270 0.439335 
259 0.074381 0.000000 -0.090077 80.496718 0.026212 -11.328360 0.339195 
260 0.086592 0.000000 -0.078817 88.762369 -0.056379 -14.586681 0.190847 
261 0.074381 0.000000 -0.067558 82.188580 -0.001256 -14.299437 0.304056 
262 0.111016 0.000000 0.135116 97.796007 -0.083038 11.744920 0.029799 
263 0.159863 0.000000 0.135116 100.179157 -0.281561 12.324279 -0.018783 
264 0.111016 0.000000 0.180154 97.482685 -0.228018 9.792043 0.040119 
265 0.086592 0.000000 0.067558 93.725580 0.053701 15.844825 0.096445 
266 0.086592 0.000000 0.045039 201.838318 -0.022572 20.454704 -3.115710 
267 0.111016 0.000000 0.067558 93.945835 0.007861 15.906249 0.092117 
268 0.086592 0.000000 0.090077 94.247016 0.065689 15.891436 0.086496 
269 0.086592 0.000000 0.112596 94.280016 -0.015941 13.296037 0.093449 
270 0.062169 0.000000 0.112596 90.594411 -0.068965 10.803012 0.167594 
271 0.111016 0.000000 0.112596 97.635959 0.063207 13.470257 0.028577 
272 0.086592 0.000000 0.135116 95.817306 -0.027188 11.029197 0.069740 
273 0.074381 0.000000 0.078817 90.515229 0.017928 15.629173 0.156272 
274 0.062169 0.000000 0.078817 80.239898 -0.081401 15.416461 0.332388 
275 0.074381 0.000000 0.067558 88.018901 -0.006635 15.590511 0.200961 
276 0.086592 0.000000 0.078817 93.843802 0.052741 15.855946 0.094193 
277 0.074381 0.000000 0.090077 85.292852 -0.024816 16.850365 0.244119 
278 0.208710 0.000000 -0.045039 105.623440 -0.107871 -5.693343 -0.118874 
279 0.208710 0.000000 -0.090077 99.139997 -0.176392 -12.386832 0.001780 
280 0.257557 0.000000 -0.045039 88.253097 -0.068378 -4.380683 0.219220 
281 0.208710 0.000000 0.000000 106.691883 0.013451 0.115897 -0.138317 
282 0.135439 0.000000 -0.067558 89.941635 0.178622 -14.909865 0.168817 
283 0.135439 0.000000 -0.090077 91.530952 0.154611 -14.589455 0.140921 
284 0.159863 0.000000 -0.067558 130.817326 0.159234 -14.217468 -0.731533 
285 0.135439 0.000000 -0.045039 150.404275 0.196275 -11.705901 -1.275851 
286 0.257557 0.000000 -0.270231 99.572594 0.109963 4.101067 0.006847 
287 0.257557 0.000000 -0.360308 99.519420 0.040977 5.485333 0.006579 
288 0.355251 0.000000 -0.270231 100.476793 0.054620 5.010664 -0.012070 
289 0.208710 0.000000 -0.135116 99.335279 -0.158063 -4.046066 0.011611 
290 0.208710 0.000000 -0.180154 98.419524 0.122986 -0.273316 0.031351 
291 0.257557 0.000000 -0.135116 100.625912 0.053423 -3.307160 -0.013651 
292 0.135439 0.000000 -0.112596 95.364068 0.056004 -6.340556 0.086549 
293 0.135439 0.000000 -0.135116 96.410873 -0.108930 -2.945639 0.069626 
294 0.159863 0.000000 -0.112596 97.116094 -0.115280 -7.520355 0.051190 
295 0.123228 0.000000 -0.078817 89.297024 0.153177 -14.681143 0.181048 
296 0.111016 0.000000 -0.078817 89.150951 0.080555 -14.629349 0.183808 
297 0.123228 0.000000 -0.090077 89.475004 0.144977 -14.833605 0.177417 
298 0.135439 0.000000 -0.078817 91.468267 0.158002 -14.778529 0.141513 
299 0.123228 0.000000 -0.067558 89.102980 0.124717 -14.772579 0.184241 
300 0.208710 0.000000 0.045039 105.592797 -0.122845 5.850371 -0.118408 
301 0.257557 0.000000 0.045039 88.276118 -0.149683 4.497453 0.218708 
302 0.208710 0.000000 0.090077 102.544801 -0.201201 13.080938 -0.068659 
303 0.135439 0.000000 0.067558 94.528245 -0.009745 15.939865 0.081033 
304 0.135439 0.000000 0.045039 150.021270 -0.009539 11.962558 -1.264948 
305 0.159863 0.000000 0.067558 130.825338 0.163745 14.317741 -0.732029 
306 0.135439 0.000000 0.090077 95.980116 0.025384 15.572059 0.054533 
307 0.257557 0.000000 0.270231 100.561328 -0.065898 8.168409 -0.017931 
308 0.355251 0.000000 0.270231 101.188959 -0.105054 6.927285 -0.028720 
309 0.257557 0.000000 0.360308 100.405661 -0.145373 7.696059 -0.014055 
310 0.208710 0.000000 0.135116 101.769355 -0.239379 11.653182 -0.049286 
311 0.257557 0.000000 0.135116 102.644251 -0.004072 10.038008 -0.063660 
312 0.208710 0.000000 0.180154 100.158757 -0.005445 10.653816 -0.014528 
313 0.135439 0.000000 0.112596 98.672071 -0.003979 13.208346 0.008936 
314 0.159863 0.000000 0.112596 100.211334 -0.194096 13.562190 -0.022628 
315 0.135439 0.000000 0.135116 99.114010 -0.167181 12.027379 0.003173 
316 0.123228 0.000000 0.078817 93.961594 -0.013374 15.876586 0.091915 
317 0.111016 0.000000 0.078817 93.934835 0.004800 15.878685 0.092411 
318 0.123228 0.000000 0.067558 93.841627 -0.009407 15.825371 0.094331 
319 0.135439 0.000000 0.078817 95.933798 0.025266 15.773061 0.054792 
320 0.123228 0.000000 0.090077 94.151991 -0.008320 15.877187 0.088332 
321 0.184287 0.000000 -0.112596 98.834186 -0.236312 -7.737876 0.017187 
322 0.184287 0.000000 -0.135116 98.313433 -0.149677 -4.313130 0.031584 
323 0.208710 0.000000 -0.112596 100.331225 -0.176595 -7.503495 -0.012269 
324 0.184287 0.000000 -0.090077 97.743170 -0.061464 -12.916968 0.027942 
325 0.452945 0.000000 -0.090077 99.385157 -0.037041 2.824114 0.011461 
326 0.452945 0.000000 -0.180154 100.207869 -0.047266 1.169043 -0.004299 
327 0.550639 0.000000 -0.090077 101.451830 -0.034007 5.656116 -0.032447 
328 0.452945 0.000000 0.000000 101.985609 -0.032595 6.678503 -0.044567 
329 0.306404 0.000000 -0.135116 101.856777 0.018381 -1.454967 -0.037692 
330 0.306404 0.000000 -0.180154 100.761278 0.084509 1.622342 -0.015547 
331 0.355251 0.000000 -0.135116 104.082898 0.059326 -0.288212 -0.083334 
332 0.306404 0.000000 -0.090077 103.787550 0.013885 -6.311741 -0.081169 
333 0.233134 0.000000 -0.112596 102.310977 -0.222613 -10.097481 -0.056954 
334 0.233134 0.000000 -0.135116 99.864412 -0.091757 -3.684775 0.001351 
335 0.257557 0.000000 -0.112596 101.648172 -0.100070 -10.033847 -0.043304 
336 0.233134 0.000000 -0.090077 102.119901 -0.211255 -10.079829 -0.053012 
337 0.184287 0.000000 -0.067558 115.753205 0.021305 -11.246466 -0.352529 
338 0.208710 0.000000 -0.067558 103.454782 -0.056666 -8.918860 -0.078244 
339 0.184287 0.000000 -0.045039 117.536774 0.000125 -7.514864 -0.387137 
340 0.196498 0.000000 -0.101337 97.789865 -0.095216 -13.070834 0.026629 
341 0.184287 0.000000 -0.101337 97.709288 -0.067367 -13.061720 0.028228 
342 0.196498 0.000000 -0.112596 99.551823 -0.266587 -7.629052 0.003116 
343 0.208710 0.000000 -0.101337 99.580912 -0.179473 -11.914784 -0.005835 
344 0.196498 0.000000 -0.090077 97.697931 -0.086742 -13.058997 0.028457 
345 0.184287 0.000000 0.112596 101.730773 -0.317244 13.233922 -0.052439 
346 0.184287 0.000000 0.090077 101.460593 -0.072705 13.870439 -0.048665 
347 0.208710 0.000000 0.112596 103.187726 -0.216053 12.263489 -0.079815 
348 0.184287 0.000000 0.135116 100.802535 -0.192571 12.299118 -0.031246 
349 0.184287 0.000000 0.067558 115.860882 -0.005541 11.503251 -0.355607 
350 0.184287 0.000000 0.045039 117.513164 0.000273 7.768188 -0.386969 
351 0.208710 0.000000 0.067558 103.385874 -0.105447 9.069723 -0.077091 
352 0.452945 0.000000 0.090077 99.708157 -0.047594 2.913622 0.004979 
353 0.550639 0.000000 0.090077 101.626292 -0.036759 5.716817 -0.036059 
354 0.452945 0.000000 0.180154 100.536922 -0.052965 1.214690 -0.010915 
355 0.306404 0.000000 0.135116 103.532085 -0.056795 7.557722 -0.077602 
356 0.306404 0.000000 0.090077 105.635830 -0.039169 6.694902 -0.120375 
357 0.355251 0.000000 0.135116 105.456447 -0.021664 5.742788 -0.115404 
358 0.306404 0.000000 0.180154 102.134827 -0.058884 7.918244 -0.049422 
359 0.233134 0.000000 0.112596 105.080696 -0.188294 10.634820 -0.115509 
360 0.233134 0.000000 0.090077 104.895421 -0.199971 10.615785 -0.111578 
361 0.257557 0.000000 0.112596 104.341302 -0.167459 10.566892 -0.099879 
362 0.233134 0.000000 0.135116 102.142643 -0.162745 10.771400 -0.054917 
363 0.196498 0.000000 0.101337 101.465545 -0.138182 13.828082 -0.048649 
364 0.184287 0.000000 0.101337 101.435482 -0.088273 13.824815 -0.048029 
365 0.196498 0.000000 0.090077 101.391492 -0.132612 13.818839 -0.047121 
366 0.208710 0.000000 0.101337 102.911872 -0.193192 12.582823 -0.074922 
367 0.196498 0.000000 0.112596 102.405055 -0.223078 12.747440 -0.064934 
368 0.306404 0.000000 -0.045039 76.972651 0.122126 -2.294408 0.406993 
369 0.355251 0.000000 -0.045039 70.010955 0.019507 -1.318659 0.509673 
370 0.306404 0.000000 0.000000 77.426352 0.110282 0.038685 0.400515 
371 0.281981 0.000000 -0.112596 102.843476 0.037568 -8.254439 -0.064492 
372 0.281981 0.000000 -0.135116 101.845221 0.040509 -2.332826 -0.037789 
373 0.306404 0.000000 -0.112596 103.791953 -0.000759 -6.313052 -0.081262 
374 0.281981 0.000000 -0.090077 102.615059 0.025888 -8.569243 -0.060328 
375 0.281981 0.000000 -0.067558 80.425527 0.173244 -4.963531 0.350707 
376 0.257557 0.000000 -0.067558 87.159830 -0.043428 -6.737437 0.235777 
377 0.306404 0.000000 -0.067558 76.298115 0.085464 -3.467769 0.416656 
378 0.281981 0.000000 -0.045039 81.568968 0.086079 -3.426583 0.333475 
379 0.269769 0.000000 -0.101337 101.751220 -0.036612 -9.815613 -0.044966 
380 0.257557 0.000000 -0.101337 101.660981 -0.104040 -10.035140 -0.043567 
381 0.269769 0.000000 -0.112596 101.716890 -0.013092 -10.041201 -0.044715 
382 0.281981 0.000000 -0.101337 102.512318 0.045046 -9.381277 -0.059679 
383 0.269769 0.000000 -0.090077 101.678276 -0.045189 -10.037133 -0.043922 
384 0.306404 0.000000 0.045039 77.002358 0.079920 2.351468 0.406510 
385 0.355251 0.000000 0.045039 69.995829 -0.002680 1.316753 0.509885 
386 0.281981 0.000000 0.112596 105.142510 0.014489 8.717611 -0.113094 
387 0.281981 0.000000 0.090077 104.981599 -0.004667 9.045560 -0.110296 
388 0.306404 0.000000 0.112596 105.607219 -0.060831 6.693005 -0.119768 
389 0.281981 0.000000 0.135116 103.493000 -0.118699 8.664169 -0.078588 
390 0.281981 0.000000 0.067558 80.455567 0.126074 5.035036 0.350153 
391 0.257557 0.000000 0.067558 87.244716 -0.120659 6.863102 0.234124 
392 0.281981 0.000000 0.045039 81.584042 0.041407 3.536917 0.333153 
393 0.306404 0.000000 0.067558 76.336080 0.025337 3.512162 0.416047 
394 0.269769 0.000000 0.101337 104.386792 -0.095203 10.342540 -0.100358 
395 0.257557 0.000000 0.101337 104.354269 -0.170800 10.567793 -0.100152 
396 0.269769 0.000000 0.090077 104.348448 -0.103301 10.571069 -0.100036 
397 0.281981 0.000000 0.101337 104.982550 0.042358 9.881066 -0.111897 
398 0.269769 0.000000 0.112596 104.371530 -0.063956 10.575198 -0.100526 
399 0.746027 0.000000 -1.080924 99.640092 0.017897 6.906014 0.002416 
400 0.746027 0.000000 -1.441232 99.833125 -0.054130 6.903180 -0.001431 
401 1.136804 0.000000 -1.080924 99.625727 0.020847 6.878881 0.002739 
402 0.550639 0.000000 -0.540462 99.418609 0.017014 6.596075 0.007243 
403 0.550639 0.000000 -0.720616 99.665580 0.012805 6.819665 0.002026 
404 0.746027 0.000000 -0.540462 99.621589 -0.052446 6.632260 0.003155 
405 0.452945 0.000000 -0.270231 100.222126 0.035799 5.893406 -0.007921 
406 0.452945 0.000000 -0.360308 100.000616 0.042984 6.142689 -0.003786 
407 0.550639 0.000000 -0.270231 101.935978 -0.049340 1.863409 -0.039442 
408 0.404098 0.000000 -0.135116 98.494540 -0.045344 0.457211 0.029861 
409 0.404098 0.000000 -0.180154 101.743559 0.028328 4.392832 -0.037105 
410 0.452945 0.000000 -0.135116 99.540513 -0.039358 2.220677 0.008675 
411 0.404098 0.000000 -0.090077 101.149783 -0.027235 -1.111758 -0.023252 
412 0.330828 0.000000 -0.112596 103.680086 -0.007586 -6.309416 -0.078937 
413 0.330828 0.000000 -0.135116 102.440258 0.018263 -1.363337 -0.049587 
414 0.355251 0.000000 -0.112596 104.637805 0.011666 -4.530791 -0.096960 
415 0.330828 0.000000 -0.090077 103.675071 -0.008989 -6.309074 -0.078832 
416 0.746027 0.000000 1.080924 99.938477 -0.065871 6.982214 -0.003645 
417 1.136804 0.000000 1.080924 100.041269 -0.079918 6.886427 -0.005568 
418 0.746027 0.000000 1.441232 99.736918 0.016114 6.932889 0.000448 
419 0.550639 0.000000 0.540462 99.999661 -0.038293 6.833277 -0.004663 
420 0.746027 0.000000 0.540462 100.057609 -0.045984 6.650505 -0.005576 
421 0.550639 0.000000 0.720616 100.123511 -0.072292 6.987946 -0.007355 
422 0.452945 0.000000 0.270231 100.835568 -0.059648 5.928218 -0.020296 
423 0.550639 0.000000 0.270231 102.268252 -0.055055 1.946638 -0.046259 
424 0.452945 0.000000 0.360308 100.670768 -0.051047 6.529490 -0.017724 
425 0.404098 0.000000 0.135116 98.820152 -0.050870 0.464561 0.023436 
426 0.404098 0.000000 0.090077 101.770652 -0.013791 1.948286 -0.036106 
427 0.452945 0.000000 0.135116 99.868289 -0.049254 2.294670 0.002106 
428 0.404098 0.000000 0.180154 102.471214 -0.096041 4.568891 -0.052123 
429 0.330828 0.000000 0.112596 105.472347 -0.084356 6.683902 -0.116910 
430 0.330828 0.000000 0.090077 105.467309 -0.085541 6.683593 -0.116803 
431 0.355251 0.000000 0.112596 106.128802 -0.042243 4.871341 -0.128705 
432 0.330828 0.000000 0.135116 103.751552 -0.049729 7.195967 -0.081617 
433 0.404098 0.000000 -0.045039 68.483414 0.024126 0.582290 0.530968 
434 0.452945 0.000000 -0.045039 99.920117 -0.031881 4.451691 -0.000385 
435 0.404098 0.000000 0.000000 69.495762 0.018685 0.022102 0.517034 
436 0.379675 0.000000 -0.112596 104.377981 -0.008361 -2.093489 -0.089915 
437 0.379675 0.000000 -0.135116 103.759990 0.034712 1.293892 -0.076781 
438 0.404098 0.000000 -0.112596 100.711131 -0.025806 -1.599938 -0.014529 
439 0.379675 0.000000 -0.090077 104.081425 -0.009583 -2.087548 -0.083730 
440 0.330828 0.000000 -0.067558 72.571594 -0.017108 -3.305998 0.472243 
441 0.355251 0.000000 -0.067558 68.811595 0.019519 -2.072730 0.526067 
442 0.330828 0.000000 -0.045039 73.065275 -0.020065 -2.119448 0.465697 
443 0.343039 0.000000 -0.101337 104.067494 0.018791 -5.953143 -0.086548 
444 0.330828 0.000000 -0.101337 103.676763 -0.008516 -6.309189 -0.078868 
445 0.343039 0.000000 -0.112596 104.128934 0.015344 -5.849969 -0.087706 
446 0.355251 0.000000 -0.101337 104.723634 0.009681 -4.585838 -0.098807 
447 0.343039 0.000000 -0.090077 103.883144 0.016141 -6.321301 -0.083167 
448 0.404098 0.000000 0.045039 68.443933 0.010257 -0.543087 0.531513 
449 0.452945 0.000000 0.045039 100.218005 -0.042435 4.583924 -0.006466 
450 0.330828 0.000000 0.067558 72.616627 -0.053234 3.428702 0.471507 
451 0.330828 0.000000 0.045039 73.082947 -0.046123 2.232177 0.465390 
452 0.355251 0.000000 0.067558 68.791205 -0.010275 2.073909 0.526347 
453 0.379675 0.000000 0.112596 105.222488 -0.021737 2.377420 -0.107742 
454 0.379675 0.000000 0.090077 104.865728 -0.015828 2.369600 -0.100244 
455 0.404098 0.000000 0.112596 101.403690 -0.007164 2.132688 -0.028726 
456 0.379675 0.000000 0.135116 104.892536 -0.044688 4.018014 -0.101859 
457 0.343039 0.000000 0.101337 105.804062 -0.053454 6.321221 -0.123446 
458 0.330828 0.000000 0.101337 105.469009 -0.085141 6.683697 -0.116839 
459 0.343039 0.000000 0.090077 105.669052 -0.059868 6.696197 -0.121079 
460 0.355251 0.000000 0.101337 106.240332 -0.041825 4.928772 -0.131130 
461 0.343039 0.000000 0.112596 105.850164 -0.054262 6.216431 -0.124290 
462 1.527580 0.000000 -0.360308 99.709426 -0.061974 5.572695 0.002697 
463 1.527580 0.000000 -0.720616 99.362287 -0.005492 6.717689 0.008201 
464 1.918356 0.000000 -0.360308 99.918249 -0.880823 5.455471 -0.001419 
465 1.527580 0.000000 0.000000 104.202477 0.027503 1.971478 -0.086204 
466 0.941416 0.000000 -0.180154 102.031217 -0.061498 4.631826 -0.043183 
467 0.941416 0.000000 -0.360308 98.969485 -0.077127 6.082837 0.016803 
468 1.136804 0.000000 -0.180154 100.398066 -0.084640 3.409185 -0.009140 
469 0.941416 0.000000 0.000000 102.398072 -0.075665 6.301217 -0.052508 
470 0.648333 0.000000 -0.090077 102.170994 -0.036855 5.632257 -0.047064 
471 0.648333 0.000000 -0.180154 102.233050 -0.041212 4.472948 -0.047161 
472 0.746027 0.000000 -0.090077 102.707228 -0.041864 6.521722 -0.059131 
473 0.648333 0.000000 0.000000 102.406839 -0.038821 6.722334 -0.053235 
474 0.501792 0.000000 -0.135116 100.053863 -0.036341 3.339589 -0.002193 
475 0.501792 0.000000 -0.180154 100.747594 -0.042802 2.578335 -0.015673 
476 0.550639 0.000000 -0.135116 101.869214 -0.032424 5.897223 -0.041212 
477 0.501792 0.000000 -0.090077 100.038861 -0.032327 4.515626 -0.002817 
478 0.428522 0.000000 -0.112596 98.145653 -0.032371 -0.680479 0.036697 
479 0.428522 0.000000 -0.135116 99.529010 -0.042878 1.268196 0.009237 
480 0.452945 0.000000 -0.112596 99.413021 -0.039148 2.270487 0.011189 
481 0.428522 0.000000 -0.090077 98.745733 -0.035237 0.157831 0.024925 
482 0.379675 0.000000 -0.067558 67.701957 0.035906 -0.640489 0.541603 
483 0.404098 0.000000 -0.067558 98.495575 -0.039478 1.066219 0.029748 
484 0.379675 0.000000 -0.045039 68.546200 0.030767 -0.437605 0.530123 
485 0.391886 0.000000 -0.101337 102.746009 -0.019836 -1.877673 -0.056027 
486 0.379675 0.000000 -0.101337 104.385026 -0.008168 -2.093663 -0.090062 
487 0.391886 0.000000 -0.112596 102.677026 -0.020054 -1.848880 -0.054599 
488 0.404098 0.000000 -0.101337 100.755838 -0.025659 -1.621786 -0.015437 
489 0.391886 0.000000 -0.090077 102.736419 -0.019746 -1.600972 -0.055734 
490 0.379675 0.000000 0.067558 67.643395 0.008061 0.615145 0.542399 
491 0.379675 0.000000 0.045039 68.509952 -0.010404 0.405997 0.530622 
492 0.404098 0.000000 0.067558 98.820400 -0.048979 1.082100 0.023336 
493 1.527580 0.000000 0.360308 99.947434 -0.122770 5.049891 -0.001501 
494 1.918356 0.000000 0.360308 100.341892 0.781279 4.535929 -0.008968 
495 1.527580 0.000000 0.720616 100.131940 -0.286128 6.483815 -0.006853 
496 0.941416 0.000000 0.180154 103.294000 -0.110612 5.367099 -0.069847 
497 1.136804 0.000000 0.180154 103.184525 -0.164686 4.383693 -0.066629 
498 0.941416 0.000000 0.360308 100.320303 -0.066187 6.500989 -0.010643 
499 0.648333 0.000000 0.090077 102.361218 -0.043568 5.851529 -0.051206 
500 0.746027 0.000000 0.090077 102.868809 -0.048565 6.682164 -0.062665 
501 0.648333 0.000000 0.180154 102.591384 -0.054877 4.796839 -0.054800 
502 0.501792 0.000000 0.135116 100.368891 -0.045581 3.472482 -0.008597 
503 0.501792 0.000000 0.090077 100.309357 -0.041255 4.593358 -0.008307 
504 0.550639 0.000000 0.135116 102.130611 -0.037945 6.071085 -0.046752 
505 0.501792 0.000000 0.180154 101.079423 -0.049833 2.700450 -0.022434 
506 0.428522 0.000000 0.112596 98.683560 -0.028480 1.817492 0.025825 
507 0.428522 0.000000 0.090077 99.222312 -0.034653 1.869340 0.015144 
508 0.452945 0.000000 0.112596 99.737242 -0.048330 2.352643 0.004695 
509 0.428522 0.000000 0.135116 99.856251 -0.050988 1.304134 0.002703 
510 0.391886 0.000000 0.101337 103.467028 -0.006816 2.207518 -0.071030 
511 0.379675 0.000000 0.101337 105.227945 -0.021882 2.377529 -0.107857 
512 0.391886 0.000000 0.090077 103.416115 -0.016558 2.004317 -0.069891 
513 0.404098 0.000000 0.101337 101.451624 -0.006753 2.142842 -0.029702 
514 0.391886 0.000000 0.112596 103.394734 -0.007637 2.185970 -0.069525 
515 1.332192 0.000000 -0.180154 104.751595 0.053058 2.279273 -0.097809 
516 1.332192 0.000000 -0.360308 99.624189 -0.221635 5.695448 0.004253 
517 1.527580 0.000000 -0.180154 104.962053 -0.003973 2.051993 -0.102124 
518 1.332192 0.000000 0.000000 103.638672 0.016167 2.348163 -0.074649 
519 1.332192 0.000000 0.180154 103.422037 -0.011153 1.473155 -0.069829 
520 1.527580 0.000000 0.180154 104.034723 0.072563 1.349817 -0.082505 
521 1.332192 0.000000 0.360308 100.386109 -0.034221 5.163895 -0.010404 
522 1.234498 0.000000 -0.090077 97.150527 -0.127960 1.084867 0.056058 
523 1.136804 0.000000 -0.090077 99.238271 -0.120496 4.360610 0.013274 
524 1.234498 0.000000 -0.180154 99.000843 -0.164284 0.615021 0.019843 
525 1.332192 0.000000 -0.090077 101.312630 0.000364 1.401417 -0.026621 
526 1.234498 0.000000 0.000000 58.792815 -0.090896 1.019340 0.654236 
527 1.234498 0.000000 0.090077 97.805837 -0.149286 1.171429 0.043262 
528 1.136804 0.000000 0.090077 100.341195 -0.149060 4.579953 -0.008935 
529 1.332192 0.000000 0.090077 100.828075 -0.039912 1.226205 -0.016781 
530 1.234498 0.000000 0.180154 100.454686 -0.204165 0.704579 -0.009168 
531 4.263014 0.000000 -8.647393 99.756608 -0.018032 6.972658 0.000000 
532 4.263014 0.000000 -11.529857 99.755749 -0.013277 6.973877 0.000016 
533 7.389224 0.000000 -8.647393 99.756538 -0.022360 6.972155 0.000002 
534 2.699909 0.000000 -4.323696 99.753296 -0.050410 6.967315 0.000073 
535 2.699909 0.000000 -5.764929 99.758277 -0.023113 6.969739 -0.000029 
536 4.263014 0.000000 -4.323696 99.753526 -0.052159 6.962821 0.000075 
537 1.918356 0.000000 -2.161848 99.807188 -0.025361 6.950283 -0.000978 
538 1.918356 0.000000 -2.882464 99.772161 -0.021597 6.955588 -0.000286 
539 2.699909 0.000000 -2.161848 99.761708 -0.032570 6.934497 -0.000049 
540 1.527580 0.000000 -1.080924 99.659544 0.026375 6.791337 0.002185 
541 1.527580 0.000000 -1.441232 99.730953 -0.032172 6.896304 0.000618 
542 1.918356 0.000000 -1.080924 99.398763 0.029466 6.834776 0.007317 
543 1.332192 0.000000 -0.540462 99.483222 -0.162338 6.468963 0.006121 
544 1.136804 0.000000 -0.540462 99.404691 -0.137899 6.494928 0.007650 
545 1.332192 0.000000 -0.720616 99.463405 -0.012262 6.742802 0.006157 
546 1.527580 0.000000 -0.540462 99.696626 -0.024329 6.321612 0.002062 
547 1.234498 0.000000 -0.270231 99.928461 -0.192201 4.964669 -0.001038 
548 1.136804 0.000000 -0.270231 100.937347 -0.115478 0.868214 -0.018912 
549 1.234498 0.000000 -0.360308 99.761118 -0.138700 5.741566 0.001473 
550 1.332192 0.000000 -0.270231 104.880584 0.075197 0.684266 -0.100041 
551 10.515434 0.000000 -2.882464 99.758173 -0.073349 6.946674 0.000005 
552 10.515434 0.000000 -5.764929 99.756813 -0.037895 6.967355 0.000003 
553 13.641644 0.000000 -2.882464 99.758071 -0.070007 6.949396 0.000003 
554 10.515434 0.000000 0.000000 99.820690 -0.439675 6.052174 -0.000099 
555 5.826119 0.000000 -1.441232 99.760663 -0.151563 6.856349 0.000078 
556 5.826119 0.000000 -2.882464 99.755342 -0.080000 6.941772 0.000068 
557 7.389224 0.000000 -1.441232 99.762866 -0.141676 6.870884 0.000014 
558 5.826119 0.000000 0.000000 99.996823 -0.639816 3.490540 -0.001196 
559 3.481461 0.000000 -0.720616 99.758154 -0.269341 6.512568 0.000582 
560 3.481461 0.000000 -1.441232 99.753764 -0.115794 6.855761 0.000217 
561 4.263014 0.000000 -0.720616 99.774670 -0.276997 6.543577 0.000212 
562 3.481461 0.000000 0.000000 100.123959 -0.255017 1.088752 -0.002606 
563 2.309132 0.000000 -0.360308 99.140069 -0.305125 5.089454 0.014525 
564 2.309132 0.000000 -0.720616 99.600894 0.022823 6.512035 0.003725 
565 2.699909 0.000000 -0.360308 99.771558 -0.420786 5.157077 0.001886 
566 2.309132 0.000000 0.000000 143.690351 -0.065709 0.300951 -1.064701 
567 1.722968 0.000000 -0.180154 104.930292 -0.129766 1.520751 -0.101270 
568 1.722968 0.000000 -0.360308 99.823568 0.037270 5.462710 0.000541 
569 1.918356 0.000000 -0.180154 104.724279 -0.339044 1.555646 -0.096971 
570 1.722968 0.000000 0.000000 104.816594 0.033856 1.475298 -0.098870 
571 1.429886 0.000000 -0.090077 104.342543 0.031820 1.808016 -0.089064 
572 1.429886 0.000000 -0.180154 104.692404 0.040513 2.069595 -0.096478 
573 1.527580 0.000000 -0.090077 104.604547 0.030440 1.611636 -0.094471 
574 1.429886 0.000000 0.000000 103.638084 0.016164 2.348403 -0.074637 
575 1.283345 0.000000 -0.135116 99.996963 -0.020164 1.286286 -0.000105 
576 1.234498 0.000000 -0.135116 97.410152 -0.129478 1.008529 0.051023 
577 1.283345 0.000000 -0.180154 101.688612 0.004960 1.024843 -0.034162 
578 1.332192 0.000000 -0.135116 101.615840 0.003835 1.791937 -0.032899 
579 1.283345 0.000000 -0.090077 99.324067 -0.035169 1.320332 0.013299 
580 10.515434 0.000000 2.882464 99.761044 0.113303 6.906018 0.000003 
581 13.641644 0.000000 2.882464 99.762430 0.125831 6.889833 -0.000003 
582 10.515434 0.000000 5.764929 99.757206 0.048296 6.962403 0.000002 
583 5.826119 0.000000 1.441232 99.773663 0.222244 6.709258 0.000015 
584 7.389224 0.000000 1.441232 99.777747 0.244080 6.654152 0.000006 
585 5.826119 0.000000 2.882464 99.761708 0.094922 6.919954 -0.000029 
586 3.481461 0.000000 0.720616 99.786579 0.421085 6.055772 0.000579 
587 4.263014 0.000000 0.720616 99.821710 0.453907 5.874319 0.000091 
588 3.481461 0.000000 1.441232 99.760884 0.183817 6.765903 0.000195 
589 2.309132 0.000000 0.360308 99.236961 0.296258 4.362360 0.013291 
590 2.699909 0.000000 0.360308 99.907053 0.667096 4.103904 0.000129 
591 2.309132 0.000000 0.720616 99.844271 0.102465 6.093625 -0.000602 
592 1.722968 0.000000 0.180154 104.686175 0.218506 1.068224 -0.096038 
593 1.918356 0.000000 0.180154 104.844900 0.403224 0.994757 -0.099361 
594 1.722968 0.000000 0.360308 100.070137 0.132325 4.994728 -0.003900 
595 1.429886 0.000000 0.090077 103.580862 0.017955 1.569854 -0.073146 
596 1.527580 0.000000 0.090077 104.024159 0.042430 1.455487 -0.082315 
597 1.429886 0.000000 0.180154 103.486552 0.017286 1.306641 -0.071117 
598 4.263014 0.000000 8.647393 99.756893 0.020603 6.971707 -0.000004 
599 7.389224 0.000000 8.647393 99.756732 0.026118 6.970896 0.000000 
600 4.263014 0.000000 11.529857 99.757373 0.014871 6.973559 -0.000016 
601 2.699909 0.000000 4.323696 99.763792 0.052973 6.961632 -0.000128 
602 4.263014 0.000000 4.323696 99.760652 0.058104 6.956165 -0.000058 
603 2.699909 0.000000 5.764929 99.756369 0.026413 6.967543 0.000012 
604 1.918356 0.000000 2.161848 99.749242 0.022109 6.923404 0.000215 
605 2.699909 0.000000 2.161848 99.760391 0.051776 6.895164 0.000032 
606 1.918356 0.000000 2.882464 99.768784 0.014260 6.943024 -0.000202 
607 1.527580 0.000000 1.080924 99.926980 -0.008171 6.765616 -0.003117 
608 1.918356 0.000000 1.080924 99.917735 -0.008210 6.669577 -0.002804 
609 1.527580 0.000000 1.441232 99.737374 0.027806 6.876309 0.000517 
610 1.332192 0.000000 0.540462 100.228607 -0.154236 6.267610 -0.008508 
611 1.136804 0.000000 0.540462 100.165835 0.001928 6.499058 -0.007543 
612 1.527580 0.000000 0.540462 99.988067 0.096296 6.046359 -0.003418 
613 1.332192 0.000000 0.720616 100.221417 -0.166541 6.678030 -0.008896 
614 1.234498 0.000000 0.270231 101.421487 -0.157828 5.124576 -0.031260 
615 1.136804 0.000000 0.270231 102.831623 -0.201948 0.996436 -0.057538 
616 1.332192 0.000000 0.270231 103.357766 -0.018335 0.556101 -0.068314 
617 1.234498 0.000000 0.360308 100.932169 -0.173857 5.625016 -0.021897 
618 1.283345 0.000000 0.135116 99.654349 -0.057562 0.930955 0.006814 
619 1.234498 0.000000 0.135116 98.095731 -0.160425 1.080403 0.037603 
620 1.283345 0.000000 0.090077 99.133810 -0.065093 0.931314 0.017162 
621 1.332192 0.000000 0.135116 100.961989 -0.038686 1.223004 -0.019482 
622 1.283345 0.000000 0.180154 100.909351 -0.041686 0.784721 -0.018331 
623 2.113744 0.000000 -0.180154 99.937801 -2.223254 6.032563 -0.002890 
624 2.113744 0.000000 -0.360308 99.645266 -0.556600 5.868502 0.003607 
625 2.309132 0.000000 -0.180154 97.615368 -0.742277 -0.376543 0.047055 
626 2.113744 0.000000 0.000000 100.489975 -0.102849 -0.197764 -0.009828 
627 2.113744 0.000000 0.180154 99.497189 2.183718 -2.268617 0.009039 
628 2.309132 0.000000 0.180154 97.544895 0.447332 4.324525 0.046609 
629 2.113744 0.000000 0.360308 99.762726 0.438499 3.649323 0.003389 
630 2.016050 0.000000 -0.090077 104.922118 -0.616348 0.692951 -0.100951 
631 1.918356 0.000000 -0.090077 104.829089 -0.160093 1.506702 -0.099143 
632 2.016050 0.000000 -0.180154 104.491657 -0.443398 0.803143 -0.091935 
633 2.113744 0.000000 -0.090077 106.242338 -0.793409 11.198044 -0.141346 
634 2.016050 0.000000 0.000000 104.775802 0.023222 1.360799 -0.097982 
635 2.016050 0.000000 0.090077 105.662865 0.774677 0.926351 -0.116610 
636 1.918356 0.000000 0.090077 104.916845 0.217273 1.206761 -0.100905 
637 2.113744 0.000000 0.090077 104.635851 0.850266 -10.946309 -0.106921 
638 2.016050 0.000000 0.180154 105.092252 0.611188 0.344905 -0.104487 
639 2.309132 0.000000 -1.080924 99.407544 0.006876 6.723932 0.007293 
640 2.309132 0.000000 -1.441232 99.785251 -0.081209 6.913040 -0.000489 
641 2.699909 0.000000 -1.080924 99.733121 -0.123698 6.808761 0.000693 
642 2.113744 0.000000 -0.540462 99.633457 0.008916 6.412943 0.003205 
643 1.918356 0.000000 -0.540462 99.801719 -0.235588 6.291743 -0.000002 
644 2.113744 0.000000 -0.720616 99.580620 0.510168 6.513485 0.004101 
645 2.309132 0.000000 -0.540462 99.430260 0.113726 6.102810 0.007637 
646 2.016050 0.000000 -0.270231 99.541764 -2.077454 5.063331 0.006148 
647 1.918356 0.000000 -0.270231 104.561716 -0.377940 1.233527 -0.093482 
648 2.016050 0.000000 -0.360308 100.040679 -0.592152 5.751789 -0.004157 
649 2.113744 0.000000 -0.270231 99.175015 -1.501018 5.732066 0.012921 
650 3.090685 0.000000 -0.360308 99.729321 -0.432811 5.214440 0.002668 
651 3.090685 0.000000 -0.720616 99.730207 -0.254487 6.510401 0.001144 
652 3.481461 0.000000 -0.360308 99.815607 -0.502539 5.544623 0.000585 
653 3.090685 0.000000 0.000000 100.111540 -0.142896 0.577061 -0.002267 
654 2.504521 0.000000 -0.180154 100.394936 -0.498260 2.341774 -0.008488 
655 2.504521 0.000000 -0.360308 99.609318 -0.359031 4.911930 0.005373 
656 2.699909 0.000000 -0.180154 99.998373 -0.510128 2.892382 -0.000830 
657 2.504521 0.000000 0.000000 101.268346 -0.159569 0.397757 -0.025546 
658 2.211438 0.000000 -0.090077 88.666466 -0.565091 16.084177 0.187924 
659 2.211438 0.000000 -0.180154 95.324183 -1.011582 5.259862 0.088461 
660 2.309132 0.000000 -0.090077 110.081921 -0.255544 -17.669108 -0.243029 
661 2.211438 0.000000 0.000000 158.367746 -0.095736 -0.105942 -1.508036 
662 2.064897 0.000000 -0.135116 104.427043 -0.519673 0.721700 -0.090580 
663 2.016050 0.000000 -0.135116 104.995948 -0.655482 0.779473 -0.102519 
664 2.064897 0.000000 -0.180154 100.497784 -2.378354 4.575083 -0.012639 
665 2.113744 0.000000 -0.135116 103.891015 -1.809451 8.327535 -0.086596 
666 2.064897 0.000000 -0.090077 105.136650 -0.757836 3.118559 -0.106401 
667 3.090685 0.000000 0.360308 99.976431 0.845431 3.529166 -0.000846 
668 3.481461 0.000000 0.360308 99.971997 0.805637 3.301330 -0.000595 
669 3.090685 0.000000 0.720616 99.757157 0.408775 6.120062 0.001089 
670 2.504521 0.000000 0.180154 100.511070 0.208264 1.680703 -0.010534 
671 2.699909 0.000000 0.180154 100.177676 0.356475 1.064419 -0.003683 
672 2.504521 0.000000 0.360308 99.723876 0.374391 4.461096 0.003511 
673 2.211438 0.000000 0.090077 87.616640 0.338029 -15.835207 0.207246 
674 2.309132 0.000000 0.090077 109.907020 0.069845 19.376966 -0.245502 
675 2.211438 0.000000 0.180154 95.078073 1.004230 -1.510340 0.095687 
676 2.309132 0.000000 1.080924 99.762869 0.141761 6.642327 0.000323 
677 2.699909 0.000000 1.080924 99.744736 0.220236 6.611457 0.000723 
678 2.309132 0.000000 1.441232 99.765459 0.116213 6.797979 0.000063 
679 2.113744 0.000000 0.540462 99.804667 -0.178780 5.311120 0.001079 
680 1.918356 0.000000 0.540462 100.101152 0.192464 5.632165 -0.005200 
681 2.309132 0.000000 0.540462 99.532587 -0.039609 5.577240 0.006216 
682 2.113744 0.000000 0.720616 99.855750 -0.270763 6.150938 -0.000908 
683 2.016050 0.000000 0.270231 99.904646 2.105730 2.521146 0.000827 
684 1.918356 0.000000 0.270231 104.934752 0.472773 0.702572 -0.101202 
685 2.113744 0.000000 0.270231 99.262278 1.624140 1.321330 0.014262 
686 2.016050 0.000000 0.360308 100.414655 0.440189 3.908243 -0.009857 
687 2.064897 0.000000 0.135116 105.188518 0.712783 0.098356 -0.106514 
688 2.016050 0.000000 0.135116 105.757749 0.813556 1.032295 -0.118643 
689 2.064897 0.000000 0.090077 105.595910 1.035121 -2.347488 -0.115708 
690 2.113744 0.000000 0.135116 102.773084 1.949559 -6.687687 -0.061083 
691 2.064897 0.000000 0.180154 100.456110 2.208995 -0.817598 -0.009698 
692 2.211438 0.000000 -0.270231 97.452914 -1.258304 5.005930 0.047629 
693 2.211438 0.000000 -0.360308 99.177633 -0.737775 5.650269 0.013133 
694 2.309132 0.000000 -0.270231 98.292661 -0.507704 3.582377 0.032546 
695 2.162591 0.000000 -0.135116 98.336058 -1.021570 9.875862 0.023144 
696 2.162591 0.000000 -0.180154 97.850632 -1.376433 6.846599 0.037648 
697 2.211438 0.000000 -0.135116 92.534493 -0.630676 7.715808 0.137744 
698 2.162591 0.000000 -0.090077 98.654413 -0.743540 15.727748 0.001939 
699 2.064897 0.000000 -0.045039 104.427723 -0.529210 0.668069 -0.090588 
700 2.016050 0.000000 -0.045039 105.030510 -0.495911 0.974322 -0.103260 
701 2.113744 0.000000 -0.045039 98.274490 -1.316545 4.429796 0.032077 
702 2.064897 0.000000 0.000000 89.294008 -0.191329 -0.265801 0.202647 
703 2.089321 0.000000 -0.112596 106.486459 -0.895889 5.765765 -0.137341 
704 2.064897 0.000000 -0.112596 105.391398 -0.833579 4.493604 -0.112823 
705 2.089321 0.000000 -0.135116 104.413907 -0.510641 0.337083 -0.090264 
706 2.113744 0.000000 -0.112596 106.300226 -0.794643 11.065323 -0.142281 
707 2.089321 0.000000 -0.090077 106.375201 -0.878622 5.490942 -0.134661 
708 2.064897 0.000000 0.045039 105.234097 0.728197 0.043277 -0.107475 
709 2.016050 0.000000 0.045039 105.624207 0.597783 1.410677 -0.115882 
710 2.113744 0.000000 0.045039 99.256495 1.065891 -5.263953 0.011930 
711 2.211438 0.000000 0.270231 97.460725 1.185341 2.099417 0.049559 
712 2.309132 0.000000 0.270231 98.309893 0.436230 3.591371 0.032208 
713 2.211438 0.000000 0.360308 99.194679 0.707242 3.839358 0.014517 
714 2.162591 0.000000 0.135116 97.633373 0.912803 -7.954498 0.040362 
715 2.162591 0.000000 0.090077 97.493728 0.530362 -15.468770 0.025541 
716 2.211438 0.000000 0.135116 92.031847 0.582918 -5.641890 0.149797 
717 2.162591 0.000000 0.180154 97.581771 1.453220 -3.217026 0.046534 
718 2.089321 0.000000 0.112596 105.498785 1.151621 -5.522613 -0.116182 
719 2.064897 0.000000 0.112596 105.367392 1.133911 -4.035378 -0.111986 
720 2.089321 0.000000 0.090077 105.498154 1.131005 -5.219182 -0.115838 
721 2.113744 0.000000 0.112596 104.690963 0.853802 -10.815236 -0.107790 
722 2.089321 0.000000 0.135116 105.252901 0.755856 -0.042297 -0.107875 
723 2.162591 0.000000 -0.045039 121.338277 -0.564007 8.481952 -0.479524 
724 2.211438 0.000000 -0.045039 158.507241 -0.238412 12.159372 -1.527245 
725 2.162591 0.000000 0.000000 123.499057 -0.174475 -0.288198 -0.525213 
726 2.138168 0.000000 -0.112596 102.571295 -0.850588 15.212139 -0.075300 
727 2.138168 0.000000 -0.135116 100.944275 -1.376979 9.368848 -0.027942 
728 2.162591 0.000000 -0.112596 98.743595 -0.820555 13.038375 0.007903 
729 2.138168 0.000000 -0.090077 102.261688 -0.862840 15.164952 -0.068817 
730 2.089321 0.000000 -0.067558 104.413880 -0.510969 0.339244 -0.090263 
731 2.064897 0.000000 -0.067558 105.158781 -0.754348 0.551797 -0.105924 
732 2.113744 0.000000 -0.067558 95.668246 -1.442812 6.655314 0.080121 
733 2.089321 0.000000 -0.045039 91.941323 -1.745166 2.539622 0.153730 
734 2.101533 0.000000 -0.101337 107.113255 -0.839117 8.115104 -0.153981 
735 2.089321 0.000000 -0.101337 106.734989 -0.898064 6.027843 -0.142950 
736 2.101533 0.000000 -0.112596 107.380211 -0.837574 7.453995 -0.158677 
737 2.113744 0.000000 -0.101337 106.204928 -0.793297 11.559830 -0.141375 
738 2.101533 0.000000 -0.090077 107.309446 -0.844581 8.039751 -0.158067 
739 2.162591 0.000000 0.045039 121.832044 0.203216 -8.954970 -0.492328 
740 2.211438 0.000000 0.045039 158.806629 -0.013453 -12.384786 -1.537293 
741 2.089321 0.000000 0.067558 105.253408 0.756113 -0.042590 -0.107885 
742 2.064897 0.000000 0.067558 106.092256 0.913997 1.253893 -0.125797 
743 2.089321 0.000000 0.045039 93.095934 1.621095 -3.242034 0.132001 
744 2.113744 0.000000 0.067558 97.207752 1.037409 -7.350587 0.049555 
745 2.138168 0.000000 0.112596 101.223168 0.707761 -14.939489 -0.046982 
746 2.138168 0.000000 0.090077 100.947653 0.696933 -14.897202 -0.041284 
747 2.162591 0.000000 0.112596 97.734526 0.539699 -12.141200 0.030026 
748 2.138168 0.000000 0.135116 99.985471 1.333755 -7.445288 -0.005431 
749 2.101533 0.000000 0.101337 105.550335 0.982503 -7.910436 -0.120441 
750 2.089321 0.000000 0.101337 105.596070 1.143047 -5.805510 -0.118554 
751 2.101533 0.000000 0.090077 105.704745 0.983969 -7.834243 -0.123584 
752 2.113744 0.000000 0.101337 104.592825 0.846115 -11.301489 -0.106810 
753 2.101533 0.000000 0.112596 105.821910 0.988159 -7.256774 -0.125191 
754 2.138168 0.000000 -0.067558 105.925997 -0.885670 9.784487 -0.131684 
755 2.162591 0.000000 -0.067558 118.936940 -0.585389 12.827906 -0.431089 
756 2.138168 0.000000 -0.045039 108.067213 -0.492884 6.412899 -0.171989 
757 2.125956 0.000000 -0.101337 103.601660 -0.746771 15.040404 -0.096008 
758 2.125956 0.000000 -0.112596 104.270257 -0.773422 14.349063 -0.107878 
759 2.138168 0.000000 -0.101337 102.370584 -0.864490 15.181045 -0.071095 
760 2.125956 0.000000 -0.090077 104.194868 -0.775679 14.404237 -0.106465 
761 2.138168 0.000000 0.067558 106.963319 0.464445 -10.324425 -0.154796 
762 2.138168 0.000000 0.045039 108.812483 0.181282 -7.127970 -0.189100 
763 2.162591 0.000000 0.067558 119.812166 0.244421 -13.311051 -0.453220 
764 2.125956 0.000000 0.101337 102.175182 0.699496 -14.757165 -0.065803 
765 2.125956 0.000000 0.090077 102.717966 0.740256 -14.122985 -0.075099 
766 2.138168 0.000000 0.101337 101.042647 0.704386 -14.911537 -0.043247 
767 2.125956 0.000000 0.112596 102.787552 0.742384 -14.067727 -0.076373 
768 2.406827 0.000000 -0.090077 103.144630 -0.329114 -0.888844 -0.063971 
769 2.406827 0.000000 -0.180154 100.445577 -0.390524 1.216036 -0.009095 
770 2.504521 0.000000 -0.090077 100.911433 -0.199434 0.919008 -0.018400 
771 2.406827 0.000000 0.000000 105.669661 -0.317050 0.370758 -0.116632 
772 2.260285 0.000000 -0.135116 89.397315 -0.457450 -0.880336 0.200714 
773 2.260285 0.000000 -0.180154 94.661083 -0.952698 1.573981 0.103589 
774 2.309132 0.000000 -0.135116 98.264777 -0.479708 -5.964338 0.030823 
775 2.260285 0.000000 -0.090077 71.264471 -0.247352 11.805663 0.478194 
776 2.187015 0.000000 -0.112596 95.463556 -0.874919 12.802061 0.072205 
777 2.187015 0.000000 -0.135116 95.782948 -1.126972 9.414692 0.073572 
778 2.211438 0.000000 -0.112596 89.739779 -0.815716 11.375583 0.181670 
779 2.187015 0.000000 -0.090077 92.564399 -0.547749 16.933542 0.114479 
780 2.150380 0.000000 -0.101337 101.345139 -0.852844 15.027296 -0.049738 
781 2.150380 0.000000 -0.112596 101.740179 -0.878543 15.085886 -0.057942 
782 2.162591 0.000000 -0.101337 98.953389 -0.742529 15.461906 -0.003140 
783 2.150380 0.000000 -0.090077 101.289802 -0.848910 15.018927 -0.048591 
784 2.406827 0.000000 0.090077 103.225008 -0.267410 2.458993 -0.066152 
785 2.504521 0.000000 0.090077 101.023404 -0.169049 0.674136 -0.020621 
786 2.406827 0.000000 0.180154 100.550914 0.289128 2.758199 -0.011818 
787 2.260285 0.000000 0.135116 88.969120 0.366294 3.178208 0.207426 
788 2.260285 0.000000 0.090077 70.050177 -0.086975 -11.554968 0.495945 
789 2.309132 0.000000 0.135116 98.112347 0.197697 8.477916 0.030205 
790 2.260285 0.000000 0.180154 94.451599 0.620399 2.436262 0.107258 
791 2.187015 0.000000 0.112596 94.640298 0.631223 -11.812378 0.090328 
792 2.187015 0.000000 0.090077 91.491814 0.334444 -16.675463 0.135107 
793 2.211438 0.000000 0.112596 88.799385 0.470257 -10.067179 0.201310 
794 2.187015 0.000000 0.135116 95.022706 0.867278 -7.408232 0.091505 
795 2.150380 0.000000 0.101337 100.122758 0.645682 -14.771720 -0.024319 
796 2.150380 0.000000 0.090077 100.069660 0.642198 -14.763636 -0.023231 
797 2.162591 0.000000 0.101337 97.799726 0.532148 -15.206889 0.020368 
798 2.150380 0.000000 0.112596 100.485151 0.675677 -14.826417 -0.031754 
799 2.260285 0.000000 -0.045039 198.598748 -0.144071 1.578244 -2.944397 
800 2.309132 0.000000 -0.045039 137.361286 -0.107492 -14.010269 -0.906442 
801 2.260285 0.000000 0.000000 183.226422 -0.124070 0.110885 -2.357195 
802 2.187015 0.000000 -0.067558 135.223772 -0.490914 16.605696 -0.856146 
803 2.211438 0.000000 -0.067558 158.446133 -0.482559 20.122538 -1.551033 
804 2.187015 0.000000 -0.045039 138.066507 -0.491711 10.791020 -0.917905 
805 2.174803 0.000000 -0.101337 95.498282 -0.628797 16.488639 0.060781 
806 2.174803 0.000000 -0.112596 97.261601 -0.779818 12.737945 0.037732 
807 2.187015 0.000000 -0.101337 92.569864 -0.531249 16.933832 0.114378 
808 2.174803 0.000000 -0.090077 95.143757 -0.617001 16.581153 0.067235 
809 2.260285 0.000000 0.045039 199.316326 -0.041488 -1.310183 -2.972872 
810 2.309132 0.000000 0.045039 137.509979 -0.065796 14.991722 -0.913375 
811 2.187015 0.000000 0.067558 135.743077 0.316535 -16.958882 -0.871389 
812 2.187015 0.000000 0.045039 138.351750 0.241536 -11.165363 -0.926593 
813 2.211438 0.000000 0.067558 158.873543 0.219713 -20.417544 -1.565773 
814 2.174803 0.000000 0.101337 94.382070 0.415030 -16.225919 0.082857 
815 2.174803 0.000000 0.090077 94.030322 0.403273 -16.317689 0.089187 
816 2.187015 0.000000 0.101337 91.497381 0.319478 -16.675873 0.135004 
817 2.174803 0.000000 0.112596 96.383709 0.552978 -11.803811 0.057054 
818 2.235862 0.000000 -0.067558 180.863359 -0.295487 18.521433 -2.305469 
819 2.235862 0.000000 -0.090077 75.873986 -0.315549 12.567798 0.408509 
820 2.260285 0.000000 -0.067558 69.224143 -0.170811 11.471033 0.507640 
821 2.235862 0.000000 -0.045039 179.681409 -0.252761 10.829635 -2.240275 
822 2.235862 0.000000 -0.112596 85.214727 -0.520287 6.066681 0.270137 
823 2.235862 0.000000 -0.135116 89.992328 -0.630840 4.180432 0.188351 
824 2.260285 0.000000 -0.112596 81.301490 -0.303847 -2.192562 0.338517 
825 2.223650 0.000000 -0.078817 81.935575 -0.429039 14.139024 0.308647 
826 2.211438 0.000000 -0.078817 88.157954 -0.551046 15.942786 0.197370 
827 2.223650 0.000000 -0.090077 81.886071 -0.439362 14.014748 0.309807 
828 2.235862 0.000000 -0.078817 75.720594 -0.313307 12.542287 0.410898 
829 2.223650 0.000000 -0.067558 170.942938 -0.291963 18.178466 -1.955203 
830 2.235862 0.000000 0.067558 181.528837 0.130716 -18.753914 -2.330445 
831 2.235862 0.000000 0.045039 180.105408 0.053229 -11.004069 -2.255905 
832 2.260285 0.000000 0.067558 67.986405 -0.184425 -11.213673 0.525207 
833 2.235862 0.000000 0.090077 74.699643 0.049996 -12.320690 0.426816 
834 2.235862 0.000000 0.112596 84.523842 0.341390 -4.795844 0.283260 
835 2.260285 0.000000 0.112596 80.638946 0.175520 3.805550 0.348285 
836 2.235862 0.000000 0.135116 89.562363 0.562683 -2.079058 0.197394 
837 2.223650 0.000000 0.078817 80.813071 0.174173 -13.888865 0.327632 
838 2.211438 0.000000 0.078817 87.103020 0.320948 -15.693465 0.216668 
839 2.223650 0.000000 0.067558 171.431528 0.095386 -18.371121 -1.972628 
840 2.235862 0.000000 0.078817 74.546070 0.047884 -12.295362 0.429171 
841 2.223650 0.000000 0.090077 80.765608 0.184706 -13.765794 0.328739 
842 2.357979 0.000000 -0.045039 112.027334 -0.110198 -2.940427 -0.255878 
843 2.357979 0.000000 -0.090077 106.473354 -0.262181 -3.795069 -0.135105 
844 2.406827 0.000000 -0.045039 105.002017 -0.321955 -0.531974 -0.102581 
845 2.357979 0.000000 0.000000 114.118970 -0.144806 0.330607 -0.302327 
846 2.284709 0.000000 -0.067558 168.628758 -0.124892 -53.455769 -2.129319 
847 2.284709 0.000000 -0.090077 91.287048 -0.163556 -40.086668 0.005971 
848 2.309132 0.000000 -0.067558 125.208672 -0.226694 -19.890215 -0.607288 
849 2.284709 0.000000 -0.045039 175.489863 -0.071194 -19.556000 -2.117913 
850 2.248074 0.000000 -0.078817 72.675931 -0.286169 12.037675 0.457322 
851 2.248074 0.000000 -0.090077 73.059257 -0.289376 12.101057 0.451583 
852 2.260285 0.000000 -0.078817 69.783050 -0.190967 11.562847 0.499659 
853 2.248074 0.000000 -0.067558 72.032561 -0.276971 11.931488 0.466887 
854 2.357979 0.000000 0.045039 111.991495 -0.173881 3.911835 -0.255743 
855 2.406827 0.000000 0.045039 105.048569 -0.329778 1.515186 -0.103761 
856 2.357979 0.000000 0.090077 106.490971 -0.162294 5.354552 -0.136902 
857 2.284709 0.000000 0.067558 169.422431 -0.073372 55.325897 -2.176492 
858 2.284709 0.000000 0.045039 176.141666 -0.093950 20.469390 -2.144489 
859 2.309132 0.000000 0.067558 125.238211 0.047067 21.247177 -0.613605 
860 2.284709 0.000000 0.090077 90.602919 0.011630 42.053603 0.002261 
861 2.248074 0.000000 0.078817 71.496334 -0.002215 -11.792917 0.474920 
862 2.248074 0.000000 0.067558 70.846176 -0.024012 -11.685890 0.484426 
863 2.260285 0.000000 0.078817 68.532488 -0.184235 -11.304704 0.517547 
864 2.248074 0.000000 0.090077 71.881287 0.006264 -11.856301 0.469251 
865 -8.241827 0.000000 -8.647393 99.756111 -0.002332 6.975529 0.000006 
866 -11.368037 0.000000 -8.647393 99.756242 -0.001487 6.975600 0.000003 
867 -8.241827 0.000000 -11.529857 99.756136 -0.002671 6.975510 0.000006 
868 10.515434 0.000000 -8.647393 99.756264 -0.024705 6.971588 0.000008 
869 10.515434 0.000000 -11.529857 99.756199 -0.017706 6.973377 0.000007 
870 13.641644 0.000000 -8.647393 99.756444 -0.025385 6.971677 0.000005 
871 -8.241827 0.000000 8.647393 99.756709 0.002841 6.975572 -0.000006 
872 -11.368037 0.000000 8.647393 99.756570 0.001894 6.975620 -0.000003 
873 -8.241827 0.000000 11.529857 99.756704 0.003152 6.975537 -0.000006 
874 -3.552511 0.000000 -4.323696 99.756540 -0.003806 6.972507 0.000002 
875 -5.115617 0.000000 -4.323696 99.756386 -0.002580 6.973672 0.000003 
876 -3.552511 0.000000 -5.764929 99.756769 -0.004438 6.973199 -0.000004 
877 10.515434 0.000000 8.647393 99.757109 0.029450 6.970109 -0.000006 
878 13.641644 0.000000 8.647393 99.756977 0.031558 6.969733 -0.000003 
879 10.515434 0.000000 11.529857 99.756917 0.020588 6.972724 -0.000006 
880 5.826119 0.000000 -4.323696 99.757238 -0.047627 6.961729 0.000003 
881 5.826119 0.000000 -5.764929 99.757246 -0.033781 6.968308 -0.000007 
882 7.389224 0.000000 -4.323696 99.757292 -0.049860 6.961434 0.000002 
883 -3.552511 0.000000 4.323696 99.755177 0.004006 6.973681 0.000027 
884 -5.115617 0.000000 4.323696 99.755651 0.002792 6.974234 0.000017 
885 -3.552511 0.000000 5.764929 99.755623 0.004806 6.974036 0.000018 
886 -1.207854 0.000000 -2.161848 99.757964 -0.010514 6.959476 -0.000009 
887 -1.989406 0.000000 -2.161848 99.756038 -0.006639 6.965695 0.000021 
888 -1.207854 0.000000 -2.882464 99.759755 -0.012068 6.964277 -0.000051 
889 5.826119 0.000000 4.323696 99.756646 0.057410 6.955066 0.000024 
890 7.389224 0.000000 4.323696 99.757118 0.062134 6.953527 0.000016 
891 5.826119 0.000000 5.764929 99.756258 0.039843 6.965065 0.000018 
892 3.481461 0.000000 -2.161848 99.758189 -0.069091 6.926381 0.000032 
893 3.481461 0.000000 -2.882464 99.760387 -0.052291 6.950315 -0.000044 
894 4.263014 0.000000 -2.161848 99.754668 -0.084794 6.918179 0.000114 
895 -1.207854 0.000000 2.161848 99.745008 0.011294 6.971124 0.000234 
896 -1.989406 0.000000 2.161848 99.749492 0.007440 6.971210 0.000144 
897 -1.207854 0.000000 2.882464 99.749512 0.012691 6.972366 0.000142 
898 -0.817078 0.000000 -1.080924 99.745065 -0.006935 6.926863 0.000294 
899 -1.207854 0.000000 -1.080924 99.753312 -0.006178 6.934879 0.000118 
900 -0.817078 0.000000 -1.441232 99.760443 -0.007380 6.927802 -0.000014 
901 3.481461 0.000000 2.161848 99.761590 0.089827 6.885988 0.000020 
902 4.263014 0.000000 2.161848 99.759498 0.114269 6.884674 0.000063 
903 3.481461 0.000000 2.882464 99.761436 0.071538 6.928292 -0.000035 
904 -0.230913 0.000000 -0.540462 99.539508 0.006146 7.019077 0.004262 
905 -0.426301 0.000000 -0.540462 99.682137 0.006915 7.006747 0.001438 
906 -0.230913 0.000000 -0.720616 99.594694 -0.003976 6.939490 0.003274 
907 0.941416 0.000000 -0.540462 99.436640 -0.039329 6.508944 0.006999 
908 0.941416 0.000000 -0.720616 99.561038 0.012659 6.709054 0.004259 
909 -0.817078 0.000000 1.080924 99.716212 -0.001228 6.952829 0.000834 
910 -1.207854 0.000000 1.080924 99.730929 -0.000240 6.954945 0.000537 
911 -0.817078 0.000000 1.441232 99.724799 -0.000129 6.960101 0.000652 
912 -0.230913 0.000000 0.540462 99.673813 0.004397 6.866840 0.001798 
913 -0.426301 0.000000 0.540462 99.751675 -0.011396 6.915415 0.000178 
914 -0.230913 0.000000 0.720616 99.685555 -0.022663 6.936502 0.001467 
915 -0.133219 0.000000 -0.270231 99.651219 -0.012664 7.861983 0.000782 
916 -0.230913 0.000000 -0.270231 99.837148 0.151565 7.571054 -0.002480 
917 -0.133219 0.000000 -0.360308 99.221329 0.071307 7.432540 0.009988 
918 0.941416 0.000000 0.540462 100.122599 -0.029869 6.767548 -0.007034 
919 0.941416 0.000000 0.720616 100.036954 -0.061147 6.825525 -0.005398 
920 -0.133219 0.000000 0.270231 100.112837 -0.089392 6.174874 -0.006072 
921 -0.230913 0.000000 0.270231 100.104969 0.099349 6.483199 -0.006305 
922 -0.133219 0.000000 0.360308 99.642908 0.000295 6.568915 0.002814 
923 0.037745 0.000000 -0.112596 83.309589 0.001734 3.326943 0.304844 
924 0.013322 0.000000 -0.112596 81.195935 -0.038966 12.383036 0.325388 
925 0.037745 0.000000 -0.135116 89.003313 0.044032 5.331326 0.204999 
926 0.648333 0.000000 -0.270231 101.936081 -0.049384 1.856593 -0.039441 
927 0.648333 0.000000 -0.360308 99.498450 -0.005490 6.399689 0.005910 
928 0.746027 0.000000 -0.270231 103.144286 -0.057862 2.619912 -0.064561 
929 0.648333 0.000000 0.270231 102.268286 -0.055051 1.939530 -0.046257 
930 0.746027 0.000000 0.270231 103.629937 -0.087710 2.964346 -0.074796 
931 0.648333 0.000000 0.360308 100.036370 -0.030070 6.381873 -0.004800 
932 0.037745 0.000000 0.112596 87.512210 -0.146379 7.056332 0.229180 
933 0.013322 0.000000 0.112596 85.585762 -0.185707 -0.330305 0.267493 
934 0.037745 0.000000 0.135116 92.239012 -0.111384 6.288335 0.145241 
935 0.098804 0.000000 -0.078817 89.182969 -0.004002 -14.630242 0.183235 
936 0.098804 0.000000 -0.090077 89.209843 0.051262 -14.792840 0.182277 
937 0.098804 0.000000 -0.067558 89.180787 -0.007477 -14.605927 0.183345 
938 0.098804 0.000000 0.078817 94.106245 0.035245 15.908538 0.089093 
939 0.098804 0.000000 0.067558 94.106917 0.036160 15.914430 0.089062 
940 0.098804 0.000000 0.090077 94.056303 0.017743 15.862544 0.090179 
941 0.233134 0.000000 -0.067558 94.592244 -0.058605 -7.110687 0.100174 
942 0.233134 0.000000 -0.045039 96.243078 -0.106103 -5.237076 0.070983 
943 0.233134 0.000000 0.067558 94.676351 -0.114834 7.213218 0.098434 
944 0.233134 0.000000 0.045039 96.256174 -0.127054 5.376196 0.070583 
945 0.501792 0.000000 -0.045039 100.868550 -0.033832 5.087654 -0.020035 
946 0.550639 0.000000 -0.045039 101.960775 -0.032875 6.435424 -0.043742 
947 0.501792 0.000000 0.000000 101.985609 -0.032595 6.678502 -0.044567 
948 0.501792 0.000000 0.045039 100.997669 -0.038330 5.114082 -0.022668 
949 0.550639 0.000000 0.045039 102.021692 -0.034191 6.473744 -0.045034 
950 0.428522 0.000000 -0.067558 99.526650 -0.039256 2.132245 0.008990 
951 0.452945 0.000000 -0.067558 99.652414 -0.034293 3.649979 0.005607 
952 0.428522 0.000000 -0.045039 99.712779 -0.042764 1.377053 0.005546 
953 0.367463 0.000000 -0.101337 104.725218 0.001246 -3.144041 -0.097726 
954 0.367463 0.000000 -0.112596 104.815526 -0.003226 -2.617615 -0.099315 
955 0.367463 0.000000 -0.090077 105.040267 -0.001307 -2.875612 -0.104173 
956 0.428522 0.000000 0.067558 99.854740 -0.050119 2.191606 0.002423 
957 0.428522 0.000000 0.045039 100.040473 -0.051123 1.417856 -0.001011 
958 0.452945 0.000000 0.067558 99.966707 -0.045221 3.771759 -0.000757 
959 0.367463 0.000000 0.101337 105.873649 -0.034352 3.453279 -0.122116 
960 0.367463 0.000000 0.090077 106.197091 -0.037989 3.181349 -0.128794 
961 0.367463 0.000000 0.112596 105.860074 -0.032515 2.915829 -0.121486 
962 1.722968 0.000000 -0.540462 99.591144 0.440765 6.268352 0.004212 
963 1.722968 0.000000 -0.720616 99.619090 0.074699 6.553518 0.003308 
964 1.722968 0.000000 0.540462 100.027554 -0.048790 5.857527 -0.003982 
965 1.722968 0.000000 0.720616 100.044236 -0.099978 6.337383 -0.004902 
966 1.429886 0.000000 -0.270231 104.858827 0.069622 1.131377 -0.099666 
967 1.429886 0.000000 -0.360308 99.710687 0.039490 5.608590 0.002632 
968 1.527580 0.000000 -0.270231 105.115644 0.004631 0.884642 -0.105008 
969 1.429886 0.000000 0.270231 103.379756 -0.016363 0.895771 -0.068818 
970 1.527580 0.000000 0.270231 104.098493 0.103444 0.710797 -0.083701 
971 1.429886 0.000000 0.360308 100.061603 -0.059569 5.082019 -0.003815 
972 3.090685 0.000000 -1.080924 99.742192 -0.145491 6.777687 0.000554 
973 3.090685 0.000000 -1.441232 99.754354 -0.102402 6.875011 0.000179 
974 3.481461 0.000000 -1.080924 99.747171 -0.171487 6.752424 0.000488 
975 2.504521 0.000000 -0.540462 99.585542 -0.122756 6.011748 0.004656 
976 2.504521 0.000000 -0.720616 99.547149 -0.122360 6.401489 0.004937 
977 2.699909 0.000000 -0.540462 99.680435 -0.303046 6.007810 0.002763 
978 3.090685 0.000000 1.080924 99.744692 0.237303 6.614822 0.000718 
979 3.481461 0.000000 1.080924 99.762549 0.258262 6.589200 0.000395 
980 3.090685 0.000000 1.441232 99.746167 0.161398 6.783475 0.000466 
981 2.504521 0.000000 0.540462 99.720654 0.339984 5.626708 0.002402 
982 2.699909 0.000000 0.540462 99.828040 0.406982 5.543884 0.000346 
983 2.504521 0.000000 0.720616 99.784825 0.189347 6.138498 0.000527 
984 2.406827 0.000000 -0.270231 99.806842 -0.604790 3.708951 0.002447 
985 2.406827 0.000000 -0.360308 99.399579 -0.522010 4.812483 0.009629 
986 2.504521 0.000000 -0.270231 99.845410 -0.696967 3.811482 0.001588 
987 2.406827 0.000000 0.270231 99.825915 0.630454 3.485180 0.002224 
988 2.504521 0.000000 0.270231 100.025040 0.606570 3.241339 -0.001588 
989 2.406827 0.000000 0.360308 99.542873 0.435983 4.584249 0.007001 
990 2.357979 0.000000 -0.135116 101.766409 -0.477423 -2.316367 -0.036200 
991 2.357979 0.000000 -0.180154 99.784402 -0.655447 0.028512 0.004264 
992 2.406827 0.000000 -0.135116 101.539659 -0.414294 -0.122518 -0.031049 
993 2.284709 0.000000 -0.112596 90.206955 -0.431191 -13.609224 0.167731 
994 2.284709 0.000000 -0.135116 93.147333 -0.585097 -5.619626 0.129165 
995 2.309132 0.000000 -0.112596 101.429170 -0.343881 -11.140336 -0.041210 
996 2.357979 0.000000 0.135116 101.796786 0.071182 4.865292 -0.038626 
997 2.406827 0.000000 0.135116 101.620543 -0.054249 2.661427 -0.033382 
998 2.357979 0.000000 0.180154 99.820571 0.434247 3.990859 0.001974 
999 2.284709 0.000000 0.112596 89.687464 0.159199 15.691532 0.170991 
1000 2.309132 0.000000 0.112596 101.266060 0.153716 13.159382 -0.042801 
1001 2.284709 0.000000 0.135116 92.875302 0.233376 8.194378 0.130698 
1 11 62 60 61 
2 62 10 24 60 
3 60 24 14 63 
4 61 60 63 6 
5 24 66 64 65 
6 66 23 40 64 
7 64 40 27 67 
8 65 64 67 14 
9 40 70 68 69 
10 69 68 71 27 
11 6 63 92 93 
12 63 14 36 92 
13 92 36 19 94 
14 93 92 94 20 
15 14 67 95 96 
16 67 27 52 95 
17 95 52 35 97 
18 96 95 97 36 
19 27 71 98 99 
20 99 98 100 52 
21 68 112 110 111 
22 112 56 80 110 
23 110 80 43 113 
24 111 110 113 71 
25 80 116 114 115 
26 115 114 117 43 
27 71 113 133 134 
28 113 43 102 133 
29 133 102 76 135 
30 134 133 135 98 
31 43 117 136 137 
32 137 136 138 102 
33 114 141 139 140 
34 141 106 129 139 
35 139 129 83 142 
36 140 139 142 117 
37 129 149 147 148 
38 147 150 132 151 
39 148 147 151 83 
40 117 142 152 153 
41 142 83 144 152 
42 152 144 125 154 
43 153 152 154 136 
44 83 151 155 156 
45 151 132 157 155 
46 156 155 158 144 
47 12 161 159 160 
48 161 7 162 159 
49 159 162 13 25 
50 160 159 25 10 
51 25 165 163 164 
52 165 13 166 163 
53 163 166 26 41 
54 164 163 41 23 
55 41 169 167 168 
56 169 26 170 167 
57 167 170 42 57 
58 168 167 57 39 
59 39 173 171 172 
60 173 57 174 171 
61 171 174 55 81 
62 172 171 81 56 
63 81 177 175 176 
64 177 55 178 175 
65 175 178 82 107 
66 176 175 107 79 
67 79 181 179 180 
68 181 107 182 179 
69 179 182 105 130 
70 180 179 130 106 
71 106 185 183 184 
72 185 130 186 183 
73 184 183 149 129 
74 195 197 109 198 
75 150 195 198 132 
76 149 201 199 200 
77 201 128 202 199 
78 199 202 150 203 
79 200 199 203 147 
80 132 198 210 157 
81 198 109 211 210 
82 19 38 213 214 
83 38 21 215 213 
84 213 215 9 216 
85 214 213 216 22 
86 35 54 217 218 
87 54 37 219 217 
88 217 219 21 220 
89 218 217 220 38 
90 51 78 221 222 
91 78 53 223 221 
92 221 223 37 224 
93 222 221 224 54 
94 76 104 225 226 
95 104 75 227 225 
96 225 227 78 228 
97 226 225 228 51 
98 101 127 229 230 
99 127 103 231 229 
100 229 231 75 232 
101 230 229 232 104 
102 125 146 233 234 
103 146 124 235 233 
104 233 235 127 236 
105 234 233 236 101 
106 144 158 237 238 
107 237 239 146 240 
108 238 237 240 125 
109 155 243 241 242 
110 243 157 244 241 
111 241 244 143 245 
112 242 241 245 158 
113 130 247 246 186 
114 247 105 248 246 
115 249 251 195 252 
116 202 249 252 150 
117 186 255 253 254 
118 255 246 256 253 
119 253 256 196 250 
120 254 253 250 128 
121 128 259 257 258 
122 259 250 260 257 
123 257 260 249 261 
124 258 257 261 202 
125 262 263 124 264 
126 239 262 264 146 
127 157 266 265 244 
128 266 210 267 265 
129 143 268 269 270 
130 268 212 271 269 
131 269 271 262 272 
132 270 269 272 239 
133 244 275 273 274 
134 275 265 276 273 
135 273 276 268 277 
136 274 273 277 143 
137 278 280 194 281 
138 197 278 281 109 
139 283 131 284 282 
140 282 284 197 285 
141 251 282 285 195 
142 107 287 286 182 
143 287 82 288 286 
144 286 288 108 192 
145 182 286 192 105 
146 105 290 289 248 
147 290 192 291 289 
148 246 293 292 256 
149 293 248 294 292 
150 292 294 131 283 
151 256 292 283 196 
152 196 297 295 296 
153 297 283 298 295 
154 295 298 282 299 
155 296 295 299 251 
156 109 281 300 211 
157 281 194 301 300 
158 210 304 303 267 
159 304 211 305 303 
160 303 305 145 306 
161 124 209 307 235 
162 209 126 308 307 
163 307 308 103 309 
164 235 307 309 127 
165 310 311 209 312 
166 263 310 312 124 
167 212 306 313 271 
168 306 145 314 313 
169 313 314 263 315 
170 271 313 315 262 
171 267 318 316 317 
172 318 303 319 316 
173 316 319 306 320 
174 317 316 320 212 
175 248 322 321 294 
176 322 289 323 321 
177 294 321 324 131 
178 192 330 329 291 
179 330 108 331 329 
180 289 334 333 323 
181 334 291 335 333 
182 333 335 191 336 
183 323 333 336 279 
184 131 324 337 284 
185 324 279 338 337 
186 337 338 278 339 
187 284 337 339 197 
188 321 342 340 341 
189 342 323 343 340 
190 340 343 279 344 
191 341 340 344 324 
192 145 346 345 314 
193 345 347 310 348 
194 314 345 348 263 
195 211 350 349 305 
196 350 300 351 349 
197 349 351 302 346 
198 305 349 346 145 
199 355 357 126 358 
200 311 355 358 209 
201 302 360 359 347 
202 360 207 361 359 
203 359 361 311 362 
204 347 359 362 310 
205 346 365 363 364 
206 365 302 366 363 
207 363 366 347 367 
208 364 363 367 345 
209 368 369 59 370 
210 280 368 370 194 
211 291 372 371 335 
212 372 329 373 371 
213 371 373 332 374 
214 191 374 375 376 
215 374 332 377 375 
216 375 377 368 378 
217 376 375 378 280 
218 335 381 379 380 
219 381 371 382 379 
220 379 382 374 383 
221 380 379 383 191 
222 194 370 384 301 
223 370 59 385 384 
224 387 356 388 386 
225 386 388 355 389 
226 361 386 389 311 
227 301 392 390 391 
228 392 384 393 390 
229 390 393 356 387 
230 391 390 387 207 
231 207 396 394 395 
232 396 387 397 394 
233 394 397 386 398 
234 395 394 398 361 
235 57 400 399 174 
236 400 42 401 399 
237 399 401 58 89 
238 174 399 89 55 
239 55 403 402 178 
240 403 89 404 402 
241 402 404 88 188 
242 178 402 188 82 
243 82 406 405 288 
244 406 188 407 405 
245 405 407 187 326 
246 288 405 326 108 
247 108 409 408 331 
248 409 326 410 408 
249 329 413 412 373 
250 413 331 414 412 
251 373 412 415 332 
252 75 123 416 227 
253 123 77 417 416 
254 416 417 53 418 
255 227 416 418 78 
256 103 206 419 231 
257 206 121 420 419 
258 419 420 123 421 
259 231 419 421 75 
260 126 354 422 308 
261 354 204 423 422 
262 422 423 206 424 
263 308 422 424 103 
264 425 427 354 428 
265 357 425 428 126 
266 356 430 429 388 
267 429 431 357 432 
268 388 429 432 355 
269 433 434 328 435 
270 369 433 435 59 
271 331 437 436 414 
272 437 408 438 436 
273 332 415 440 377 
274 415 193 441 440 
275 440 441 369 442 
276 377 440 442 368 
277 412 445 443 444 
278 445 414 446 443 
279 443 446 193 447 
280 444 443 447 415 
281 59 435 448 385 
282 435 328 449 448 
283 384 451 450 393 
284 451 385 452 450 
285 450 452 208 430 
286 393 450 430 356 
287 453 455 425 456 
288 431 453 456 357 
289 430 459 457 458 
290 459 208 460 457 
291 457 460 431 461 
292 458 457 461 429 
293 88 467 466 189 
294 467 90 468 466 
295 466 468 5 469 
296 189 466 469 91 
297 187 471 470 327 
298 471 189 472 470 
299 470 472 91 473 
300 327 470 473 190 
301 326 475 474 410 
302 475 187 476 474 
303 474 476 327 477 
304 410 474 477 325 
305 408 479 478 438 
306 479 410 480 478 
307 478 480 325 481 
308 438 478 481 411 
309 193 439 482 441 
310 439 411 483 482 
311 482 483 433 484 
312 441 482 484 369 
313 436 487 485 486 
314 487 438 488 485 
315 485 488 411 489 
316 486 485 489 439 
317 385 491 490 452 
318 491 448 492 490 
319 490 492 426 454 
320 452 490 454 208 
321 91 469 496 205 
322 469 5 497 496 
323 496 497 122 498 
324 205 496 498 121 
325 190 473 499 353 
326 473 91 500 499 
327 499 500 205 501 
328 353 499 501 204 
329 352 503 502 427 
330 503 353 504 502 
331 502 504 204 505 
332 427 502 505 354 
333 426 507 506 455 
334 507 352 508 506 
335 506 508 427 509 
336 455 506 509 425 
337 454 512 510 511 
338 512 426 513 510 
339 510 513 455 514 
340 511 510 514 453 
341 468 524 522 523 
342 522 525 518 526 
343 523 522 526 5 
344 5 526 527 528 
345 526 518 529 527 
346 528 527 530 497 
347 7 532 531 162 
348 532 16 533 531 
349 531 533 15 32 
350 162 531 32 13 
351 13 535 534 166 
352 535 32 536 534 
353 534 536 31 48 
354 166 534 48 26 
355 26 538 537 170 
356 538 48 539 537 
357 537 539 47 85 
358 170 537 85 42 
359 42 541 540 401 
360 541 85 542 540 
361 540 542 84 463 
362 401 540 463 58 
363 58 545 543 544 
364 545 463 546 543 
365 543 546 462 516 
366 544 543 516 90 
367 90 549 547 548 
368 549 516 550 547 
369 547 550 515 524 
370 548 547 524 468 
371 15 552 551 33 
372 552 17 553 551 
373 551 553 8 554 
374 33 551 554 18 
375 31 556 555 49 
376 556 33 557 555 
377 555 557 18 558 
378 49 555 558 34 
379 560 49 561 559 
380 559 561 34 562 
381 462 568 567 517 
382 568 464 569 567 
383 567 569 87 570 
384 517 567 570 465 
385 515 572 571 525 
386 572 517 573 571 
387 571 573 465 574 
388 525 571 574 518 
389 524 577 575 576 
390 577 515 578 575 
391 575 578 525 579 
392 576 575 579 522 
393 18 554 580 45 
394 554 8 581 580 
395 580 581 29 582 
396 45 580 582 28 
397 34 558 583 73 
398 558 18 584 583 
399 583 584 45 585 
400 73 583 585 44 
401 562 34 587 586 
402 586 587 73 588 
403 465 570 592 520 
404 570 87 593 592 
405 592 593 494 594 
406 520 592 594 493 
407 518 574 595 529 
408 574 465 596 595 
409 595 596 520 597 
410 529 595 597 519 
411 21 46 598 215 
412 46 28 599 598 
413 598 599 30 600 
414 215 598 600 9 
415 37 74 601 219 
416 74 44 602 601 
417 601 602 46 603 
418 219 601 603 21 
419 53 120 604 223 
420 120 72 605 604 
421 604 605 74 606 
422 223 604 606 37 
423 77 495 607 417 
424 495 118 608 607 
425 607 608 120 609 
426 417 607 609 53 
427 122 521 610 611 
428 521 493 612 610 
429 610 612 495 613 
430 611 610 613 77 
431 497 530 614 615 
432 530 519 616 614 
433 614 616 521 617 
434 615 614 617 122 
435 527 620 618 619 
436 620 529 621 618 
437 618 621 519 622 
438 619 618 622 530 
439 569 632 630 631 
440 631 630 634 87 
441 87 634 635 636 
442 636 635 638 593 
443 85 640 639 542 
444 640 47 641 639 
445 639 641 86 564 
446 542 639 564 84 
447 84 644 642 643 
448 644 564 645 642 
449 642 645 563 624 
450 643 642 624 464 
451 464 648 646 647 
452 648 624 649 646 
453 646 649 623 632 
454 647 646 632 569 
455 86 651 650 565 
456 651 559 652 650 
457 650 652 562 653 
458 565 650 653 50 
459 655 565 656 654 
460 654 656 50 657 
461 632 664 662 663 
462 664 623 665 662 
463 663 662 666 630 
464 50 653 667 590 
465 653 562 668 667 
466 667 668 586 669 
467 590 667 669 119 
468 657 50 671 670 
469 670 671 590 672 
470 118 591 676 608 
471 591 119 677 676 
472 676 677 72 678 
473 608 676 678 120 
474 494 629 679 680 
475 629 589 681 679 
476 679 681 591 682 
477 680 679 682 118 
478 593 638 683 684 
479 638 627 685 683 
480 683 685 629 686 
481 684 683 686 494 
482 635 689 687 688 
483 687 690 627 691 
484 688 687 691 638 
485 624 693 692 649 
486 693 563 694 692 
487 692 694 625 659 
488 649 692 659 623 
489 623 696 695 665 
490 696 659 697 695 
491 630 666 699 700 
492 699 701 626 702 
493 700 699 702 634 
494 662 705 703 704 
495 705 665 706 703 
496 704 703 707 666 
497 634 702 708 709 
498 702 626 710 708 
499 709 708 689 635 
500 627 675 711 685 
501 675 628 712 711 
502 711 712 589 713 
503 685 711 713 629 
504 714 716 675 717 
505 690 714 717 627 
506 689 720 718 719 
507 718 721 690 722 
508 719 718 722 687 
509 723 724 661 725 
510 701 723 725 626 
511 665 727 726 706 
512 727 695 728 726 
513 666 707 730 731 
514 707 633 732 730 
515 730 732 701 733 
516 731 730 733 699 
517 703 736 734 735 
518 736 706 737 734 
519 734 737 633 738 
520 735 734 738 707 
521 626 725 739 710 
522 725 661 740 739 
523 708 743 741 742 
524 743 710 744 741 
525 741 744 637 720 
526 742 741 720 689 
527 745 747 714 748 
528 721 745 748 690 
529 720 751 749 750 
530 751 637 752 749 
531 749 752 721 753 
532 750 749 753 718 
533 633 729 754 732 
534 729 698 755 754 
535 754 755 723 756 
536 732 754 756 701 
537 706 758 757 737 
538 758 726 759 757 
539 757 759 729 760 
540 737 757 760 633 
541 710 762 761 744 
542 762 739 763 761 
543 761 763 715 746 
544 744 761 746 637 
545 637 765 764 752 
546 765 746 766 764 
547 764 766 745 767 
548 752 764 767 721 
549 769 654 770 768 
550 768 770 657 771 
551 659 773 772 697 
552 773 625 774 772 
553 695 777 776 728 
554 777 697 778 776 
555 776 778 658 779 
556 726 781 780 759 
557 781 728 782 780 
558 780 782 698 783 
559 759 780 783 729 
560 771 657 785 784 
561 784 785 670 786 
562 787 789 628 790 
563 716 787 790 675 
564 792 673 793 791 
565 791 793 716 794 
566 747 791 794 714 
567 746 796 795 766 
568 796 715 797 795 
569 795 797 747 798 
570 766 795 798 745 
571 799 800 566 801 
572 724 799 801 661 
573 698 779 802 755 
574 779 658 803 802 
575 802 803 724 804 
576 755 802 804 723 
577 728 806 805 782 
578 806 776 807 805 
579 805 807 779 808 
580 782 805 808 698 
581 661 801 809 740 
582 801 566 810 809 
583 739 812 811 763 
584 812 740 813 811 
585 811 813 673 792 
586 763 811 792 715 
587 715 815 814 797 
588 815 792 816 814 
589 814 816 791 817 
590 797 814 817 747 
591 818 820 799 821 
592 803 818 821 724 
593 697 823 822 778 
594 823 772 824 822 
595 822 824 775 819 
596 778 822 819 658 
597 658 827 825 826 
598 827 819 828 825 
599 825 828 818 829 
600 826 825 829 803 
601 740 831 830 813 
602 831 809 832 830 
603 673 833 834 793 
604 833 788 835 834 
605 834 835 787 836 
606 793 834 836 716 
607 813 839 837 838 
608 839 830 840 837 
609 837 840 833 841 
610 838 837 841 673 
611 660 843 842 800 
612 843 768 844 842 
613 842 844 771 845 
614 800 842 845 566 
615 775 847 846 820 
616 847 660 848 846 
617 846 848 800 849 
618 820 846 849 799 
619 819 851 850 828 
620 851 775 852 850 
621 850 852 820 853 
622 828 850 853 818 
623 566 845 854 810 
624 845 771 855 854 
625 854 855 784 856 
626 810 854 856 674 
627 809 858 857 832 
628 858 810 859 857 
629 857 859 674 860 
630 832 857 860 788 
631 830 862 861 840 
632 862 832 863 861 
633 861 863 788 864 
634 840 861 864 833 
635 1 867 865 866 
636 867 12 160 865 
637 865 160 10 62 
638 866 865 62 11 
639 16 869 868 533 
640 869 2 870 868 
641 868 870 17 552 
642 533 868 552 15 
643 20 94 871 872 
644 94 19 214 871 
645 871 214 22 873 
646 872 871 873 4 
647 10 876 874 875 
648 876 25 164 874 
649 874 164 23 66 
650 875 874 66 24 
651 28 582 877 599 
652 582 29 878 877 
653 877 878 3 879 
654 599 877 879 30 
655 32 881 880 536 
656 881 15 882 880 
657 880 882 33 556 
658 536 880 556 31 
659 36 97 883 884 
660 97 35 218 883 
661 883 218 38 885 
662 884 883 885 19 
663 23 888 886 887 
664 888 41 168 886 
665 886 168 39 70 
666 887 886 70 40 
667 44 585 889 602 
668 585 45 890 889 
669 889 890 28 891 
670 602 889 891 46 
671 48 893 892 539 
672 893 31 894 892 
673 892 894 49 560 
674 539 892 560 47 
675 52 100 895 896 
676 100 51 222 895 
677 895 222 54 897 
678 896 895 897 35 
679 70 900 898 899 
680 900 39 172 898 
681 898 172 56 112 
682 899 898 112 68 
683 72 588 901 605 
684 588 73 902 901 
685 901 902 44 903 
686 605 901 903 74 
687 56 906 904 905 
688 906 81 176 904 
689 904 176 79 116 
690 905 904 116 80 
691 89 908 907 404 
692 908 58 544 907 
693 907 544 90 467 
694 404 907 467 88 
695 98 135 909 910 
696 135 76 226 909 
697 909 226 51 911 
698 910 909 911 100 
699 102 138 912 913 
700 138 101 230 912 
701 912 230 104 914 
702 913 912 914 76 
703 116 917 915 916 
704 917 79 180 915 
705 915 180 106 141 
706 916 915 141 114 
707 121 498 918 420 
708 498 122 611 918 
709 918 611 77 919 
710 420 918 919 123 
711 136 154 920 921 
712 154 125 234 920 
713 920 234 101 922 
714 921 920 922 138 
715 183 925 923 924 
716 925 186 254 923 
717 923 254 128 201 
718 924 923 201 149 
719 188 927 926 407 
720 927 88 928 926 
721 926 928 189 471 
722 407 926 471 187 
723 204 501 929 423 
724 501 205 930 929 
725 929 930 121 931 
726 423 929 931 206 
727 158 245 932 933 
728 245 143 270 932 
729 932 270 239 934 
730 933 932 934 237 
731 250 936 935 260 
732 936 196 296 935 
733 935 296 251 937 
734 260 935 937 249 
735 265 939 938 276 
736 939 267 317 938 
737 938 317 212 940 
738 276 938 940 268 
739 279 336 941 338 
740 336 191 376 941 
741 941 376 280 942 
742 338 941 942 278 
743 300 944 943 351 
744 944 301 391 943 
745 943 391 207 360 
746 351 943 360 302 
747 325 477 945 434 
748 477 327 946 945 
749 945 946 190 947 
750 434 945 947 328 
751 328 947 948 449 
752 947 190 949 948 
753 948 949 353 503 
754 449 948 503 352 
755 411 481 950 483 
756 481 325 951 950 
757 950 951 434 952 
758 483 950 952 433 
759 414 954 953 446 
760 954 436 486 953 
761 953 486 439 955 
762 446 953 955 193 
763 448 957 956 492 
764 957 449 958 956 
765 956 958 352 507 
766 492 956 507 426 
767 208 960 959 460 
768 960 454 511 959 
769 959 511 453 961 
770 460 959 961 431 
771 463 963 962 546 
772 963 84 643 962 
773 962 643 464 568 
774 546 962 568 462 
775 493 594 964 612 
776 594 494 680 964 
777 964 680 118 965 
778 612 964 965 495 
779 516 967 966 550 
780 967 462 968 966 
781 966 968 517 572 
782 550 966 572 515 
783 519 597 969 616 
784 597 520 970 969 
785 969 970 493 971 
786 616 969 971 521 
787 47 973 972 641 
788 973 560 974 972 
789 972 974 559 651 
790 641 972 651 86 
791 564 976 975 645 
792 976 86 977 975 
793 975 977 565 655 
794 645 975 655 563 
795 119 669 978 677 
796 669 586 979 978 
797 978 979 588 980 
798 677 978 980 72 
799 589 672 981 681 
800 672 590 982 981 
801 981 982 119 983 
802 681 981 983 591 
803 563 985 984 694 
804 985 655 986 984 
805 984 986 654 769 
806 694 984 769 625 
807 628 786 987 712 
808 786 670 988 987 
809 987 988 672 989 
810 712 987 989 589 
811 625 991 990 774 
812 991 769 992 990 
813 990 992 768 843 
814 774 990 843 660 
815 772 994 993 824 
816 994 774 995 993 
817 993 995 660 847 
818 824 993 847 775 
819 674 856 996 789 
820 856 784 997 996 
821 996 997 786 998 
822 789 996 998 628 
823 788 860 999 835 
824 860 674 1000 999 
825 999 1000 789 1001 
826 835 999 1001 787 
