2 0.000000 100.000000 211.018442
1001 826 
1 -11.368037 0.000000 -11.528932 98.480524 -0.000050 17.364779 0.000005 
2 13.641644 0.000000 -11.528932 98.481136 -0.000640 17.360925 0.000006 
3 13.641644 0.000000 11.528932 98.482425 0.000970 17.356548 -0.000004 
4 -11.368037 0.000000 11.528932 98.481113 0.000037 17.364779 -0.000007 
5 1.136804 0.000000 0.000000 103.741564 0.042156 14.479195 -0.097196 
6 -11.368037 0.000000 0.000000 98.480810 -0.000014 17.364863 -0.000001 
7 1.136804 0.000000 -11.528932 98.478905 -0.000433 17.362242 0.000046 
8 13.641644 0.000000 0.000000 98.510262 -0.004237 17.196973 -0.000001 
9 1.136804 0.000000 11.528932 98.483723 0.000228 17.361706 -0.000047 
10 -5.115617 0.000000 -5.764466 98.479551 -0.003003 17.364449 0.000025 
11 -11.368037 0.000000 -5.764466 98.480614 -0.000036 17.364832 0.000003 
12 -5.115617 0.000000 -11.528932 98.479843 -0.000149 17.364443 0.000020 
13 1.136804 0.000000 -5.764466 98.474190 -0.027797 17.353000 0.000171 
14 -5.115617 0.000000 0.000000 98.480501 0.000512 17.364506 0.000006 
15 7.389224 0.000000 -5.764466 98.482860 -0.002878 17.349706 0.000011 
16 7.389224 0.000000 -11.528932 98.480476 -0.000618 17.360597 0.000021 
17 13.641644 0.000000 -5.764466 98.482604 -0.001174 17.352934 0.000005 
18 7.389224 0.000000 0.000000 98.614733 -0.008375 16.600402 -0.000044 
19 -5.115617 0.000000 5.764466 98.482016 0.002033 17.364645 -0.000024 
20 -11.368037 0.000000 5.764466 98.481014 0.000013 17.364836 -0.000005 
21 1.136804 0.000000 5.764466 98.493392 0.028279 17.350980 -0.000201 
22 -5.115617 0.000000 11.528932 98.481986 0.000064 17.364439 -0.000023 
23 -1.989406 0.000000 -2.882233 98.477855 -0.005220 17.358289 0.000080 
24 -5.115617 0.000000 -2.882233 98.479873 -0.000558 17.364309 0.000020 
25 -1.989406 0.000000 -5.764466 98.477353 -0.004898 17.361792 0.000078 
26 1.136804 0.000000 -2.882233 98.492839 0.124180 17.307475 -0.000040 
27 -1.989406 0.000000 0.000000 98.475215 -0.003747 17.361354 0.000122 
28 7.389224 0.000000 5.764466 98.486291 0.002217 17.332905 0.000002 
29 13.641644 0.000000 5.764466 98.490594 0.002676 17.309577 -0.000002 
30 7.389224 0.000000 11.528932 98.482688 0.000707 17.358473 -0.000016 
31 4.263014 0.000000 -2.882233 98.491745 -0.008666 17.305707 -0.000011 
32 4.263014 0.000000 -5.764466 98.482332 -0.005548 17.348785 0.000025 
33 7.389224 0.000000 -2.882233 98.488570 -0.003877 17.316955 0.000012 
34 4.263014 0.000000 0.000000 99.232102 -0.003891 13.074400 -0.001795 
35 -1.989406 0.000000 2.882233 98.481982 0.005883 17.362147 -0.000014 
36 -5.115617 0.000000 2.882233 98.481329 0.001516 17.364491 -0.000010 
37 1.136804 0.000000 2.882233 98.496666 -0.110200 17.294412 -0.000070 
38 -1.989406 0.000000 5.764466 98.484942 0.006205 17.362607 -0.000074 
39 -0.426301 0.000000 -1.441116 98.432891 0.030358 17.317488 0.001107 
40 -1.989406 0.000000 -1.441116 98.473358 0.006483 17.360073 0.000163 
41 -0.426301 0.000000 -2.882233 98.469262 0.054867 17.341998 0.000306 
42 1.136804 0.000000 -1.441116 98.434480 0.020355 17.159147 0.001622 
43 -0.426301 0.000000 0.000000 98.614067 -0.081635 17.424210 -0.002834 
44 4.263014 0.000000 2.882233 98.494066 0.011957 17.243779 0.000157 
45 7.389224 0.000000 2.882233 98.517352 0.004950 17.154919 0.000004 
46 4.263014 0.000000 5.764466 98.485107 0.003650 17.340228 0.000000 
47 2.699909 0.000000 -1.441116 98.544155 -0.019235 17.130760 -0.000441 
48 2.699909 0.000000 -2.882233 98.506829 0.048880 17.302945 -0.000299 
49 4.263014 0.000000 -1.441116 98.515601 -0.001429 17.168909 -0.000010 
50 2.699909 0.000000 0.000000 100.071869 -0.070604 7.242595 -0.006684 
51 -0.426301 0.000000 1.441116 98.481161 -0.028031 17.360244 0.000008 
52 -1.989406 0.000000 1.441116 98.480403 -0.012467 17.363665 0.000011 
53 1.136804 0.000000 1.441116 98.596785 0.056663 17.111980 -0.001415 
54 -0.426301 0.000000 2.882233 98.496848 -0.058300 17.353695 -0.000278 
55 0.355251 0.000000 -0.720558 98.679521 0.071142 16.773177 -0.001899 
56 -0.426301 0.000000 -0.720558 98.423377 0.090852 17.272311 0.001450 
57 0.355251 0.000000 -1.441116 98.503247 -0.016294 17.245520 -0.000030 
58 1.136804 0.000000 -0.720558 98.476778 -0.128613 16.576950 0.002751 
59 0.355251 0.000000 0.000000 22.188101 -0.005990 0.144964 0.950767 
60 -8.241827 0.000000 -2.882233 98.480513 -0.000818 17.364784 0.000005 
61 -11.368037 0.000000 -2.882233 98.480702 -0.000026 17.364854 0.000001 
62 -8.241827 0.000000 -5.764466 98.480381 -0.000075 17.364815 0.000008 
63 -8.241827 0.000000 0.000000 98.480750 -0.000306 17.364826 0.000000 
64 -3.552511 0.000000 -1.441116 98.478577 -0.002353 17.365268 0.000042 
65 -5.115617 0.000000 -1.441116 98.480123 -0.000063 17.364422 0.000014 
66 -3.552511 0.000000 -2.882233 98.478614 -0.003213 17.363573 0.000047 
67 -3.552511 0.000000 0.000000 98.479846 0.000212 17.365630 0.000015 
68 -1.207854 0.000000 -0.720558 98.463244 -0.005867 17.349273 0.000399 
69 -1.989406 0.000000 -0.720558 98.473786 0.002275 17.360390 0.000153 
70 -1.207854 0.000000 -1.441116 98.463381 0.016242 17.351222 0.000390 
71 -1.207854 0.000000 0.000000 98.464648 -0.009643 17.358008 0.000341 
72 2.699909 0.000000 1.441116 98.490361 -0.015235 16.891853 0.001431 
73 4.263014 0.000000 1.441116 98.606373 0.011059 16.602155 0.000115 
74 2.699909 0.000000 2.882233 98.478580 -0.040586 17.267662 0.000380 
75 0.355251 0.000000 0.720558 98.835024 -0.004633 17.147099 -0.006238 
76 -0.426301 0.000000 0.720558 98.424466 0.028666 17.276875 0.001413 
77 1.136804 0.000000 0.720558 98.614852 -0.027964 16.447415 0.000459 
78 0.355251 0.000000 1.441116 98.561333 0.054895 17.312561 -0.001406 
79 -0.035525 0.000000 -0.360279 96.535583 0.162788 17.466131 0.037579 
80 -0.426301 0.000000 -0.360279 98.464206 -0.028969 17.399918 0.000204 
81 -0.035525 0.000000 -0.720558 98.005012 0.023372 17.159564 0.010057 
82 0.355251 0.000000 -0.360279 98.980834 0.281484 15.380055 -0.003383 
83 -0.035525 0.000000 0.000000 200.128974 -0.079860 18.488431 -3.039343 
84 1.918356 0.000000 -0.720558 98.786378 0.000573 16.359351 -0.002638 
85 1.918356 0.000000 -1.441116 98.578600 0.017215 17.101067 -0.001019 
86 2.699909 0.000000 -0.720558 98.708336 0.013583 16.561955 -0.001763 
87 1.918356 0.000000 0.000000 103.222901 0.815005 10.152939 -0.075871 
88 0.746027 0.000000 -0.360279 97.924372 -0.109592 15.918100 0.015742 
89 0.746027 0.000000 -0.720558 98.290394 0.085367 16.996402 0.005011 
90 1.136804 0.000000 -0.360279 97.387189 0.104374 14.142778 0.031571 
91 0.746027 0.000000 0.000000 104.035561 0.001700 16.707582 -0.110254 
92 -8.241827 0.000000 2.882233 98.481010 0.000240 17.364818 -0.000005 
93 -11.368037 0.000000 2.882233 98.480921 -0.000001 17.364857 -0.000003 
94 -8.241827 0.000000 5.764466 98.481281 0.000004 17.364834 -0.000010 
95 -3.552511 0.000000 1.441116 98.481379 0.002798 17.365649 -0.000015 
96 -5.115617 0.000000 1.441116 98.480935 0.001069 17.364530 -0.000002 
97 -3.552511 0.000000 2.882233 98.482298 0.002992 17.364614 -0.000029 
98 -1.207854 0.000000 0.720558 98.470021 -0.033404 17.353283 0.000252 
99 -1.989406 0.000000 0.720558 98.477460 -0.009350 17.362026 0.000075 
100 -1.207854 0.000000 1.441116 98.480491 -0.032033 17.361588 0.000017 
101 -0.035525 0.000000 0.360279 97.934656 -0.236241 16.728729 0.012890 
102 -0.426301 0.000000 0.360279 98.499420 -0.053565 17.202263 0.000194 
103 0.355251 0.000000 0.360279 101.043110 0.048192 16.484282 -0.048144 
104 -0.035525 0.000000 0.720558 98.221730 -0.049471 17.179830 0.005734 
105 0.159863 0.000000 -0.180140 95.326220 0.064746 7.463586 0.085720 
106 -0.035525 0.000000 -0.180140 93.685243 0.496900 22.243567 0.072805 
107 0.159863 0.000000 -0.360279 96.882022 0.302964 15.011527 0.038844 
108 0.355251 0.000000 -0.180140 100.728039 0.271795 10.414744 -0.025468 
109 0.159863 0.000000 0.000000 100.648470 0.314132 0.488930 -0.013045 
110 -0.817078 0.000000 -0.360279 98.466656 0.041739 17.305599 0.000483 
111 -1.207854 0.000000 -0.360279 98.462196 -0.007899 17.356359 0.000395 
112 -0.817078 0.000000 -0.720558 98.442235 -0.016104 17.349972 0.000810 
113 -0.817078 0.000000 0.000000 98.463703 0.034746 17.314446 0.000511 
114 -0.230913 0.000000 -0.180140 99.081165 0.014232 17.571159 -0.012582 
115 -0.426301 0.000000 -0.180140 98.553445 -0.087378 17.414447 -0.001605 
116 -0.230913 0.000000 -0.360279 98.176962 0.081312 17.712997 0.004753 
117 -0.230913 0.000000 0.000000 99.660675 -0.015065 17.447967 -0.023668 
118 1.918356 0.000000 0.720558 98.355442 0.018150 15.560608 0.008407 
119 2.699909 0.000000 0.720558 98.745912 0.015762 14.868057 0.002819 
120 1.918356 0.000000 1.441116 98.492375 -0.005526 16.969125 0.001130 
121 0.746027 0.000000 0.360279 98.559529 -0.079711 15.646847 0.004119 
122 1.136804 0.000000 0.360279 99.646126 0.124196 14.204465 -0.013113 
123 0.746027 0.000000 0.720558 98.307551 -0.028250 16.938765 0.004870 
124 0.159863 0.000000 0.180140 100.188277 -0.275776 19.330586 -0.041144 
125 -0.035525 0.000000 0.180140 97.503404 0.073846 12.275137 0.034240 
126 0.355251 0.000000 0.180140 103.563871 -0.042242 12.380650 -0.087876 
127 0.159863 0.000000 0.360279 98.935565 -0.276522 17.817953 -0.010580 
128 0.062169 0.000000 -0.090070 76.160815 0.084429 -4.309410 0.418095 
129 -0.035525 0.000000 -0.090070 110.993564 0.158183 40.406442 -0.395228 
130 0.062169 0.000000 -0.180140 89.248013 0.211634 11.259152 0.190798 
131 0.159863 0.000000 -0.090070 97.358165 0.399950 -12.821101 0.035685 
132 0.062169 0.000000 0.000000 271.226111 -0.088637 1.125355 -6.356488 
133 -0.817078 0.000000 0.360279 98.454528 0.045990 17.307498 0.000715 
134 -1.207854 0.000000 0.360279 98.467725 -0.010930 17.359178 0.000277 
135 -0.817078 0.000000 0.720558 98.449025 0.039975 17.315341 0.000797 
136 -0.230913 0.000000 0.180140 99.406581 -0.027037 17.254104 -0.017937 
137 -0.426301 0.000000 0.180140 98.614757 -0.029499 17.363386 -0.002636 
138 -0.230913 0.000000 0.360279 98.601076 -0.064517 17.011086 -0.001155 
139 -0.133219 0.000000 -0.090070 102.524292 0.103779 19.209446 -0.088024 
140 -0.230913 0.000000 -0.090070 99.399892 -0.021575 17.639081 -0.019148 
141 -0.133219 0.000000 -0.180140 99.230196 -0.130555 19.312812 -0.021963 
142 -0.133219 0.000000 0.000000 104.666457 0.153821 17.845955 -0.127357 
143 0.062169 0.000000 0.090070 88.436790 0.014873 19.804634 0.178671 
144 -0.035525 0.000000 0.090070 116.271674 0.023082 -3.591257 -0.353200 
145 0.159863 0.000000 0.090070 106.861728 0.291255 14.747510 -0.163700 
146 0.062169 0.000000 0.180140 94.989304 -0.288014 18.784418 0.062409 
147 0.013322 0.000000 -0.045035 64.356062 0.314621 -12.353921 0.570558 
148 -0.035525 0.000000 -0.045035 166.640522 -0.046696 46.710878 -1.995097 
149 0.013322 0.000000 -0.090070 38.610897 -0.040268 11.037708 0.838737 
150 0.062169 0.000000 -0.045035 265.996156 -0.065473 -19.243856 -6.112429 
151 0.013322 0.000000 0.000000 444.170384 -0.026413 7.376469 -18.734174 
152 -0.133219 0.000000 0.090070 103.262063 0.007751 16.201762 -0.092555 
153 -0.230913 0.000000 0.090070 99.582909 -0.026283 17.223186 -0.021339 
154 -0.133219 0.000000 0.180140 100.183758 -0.176760 15.688321 -0.028294 
155 0.013322 0.000000 0.045035 84.106442 -0.336529 16.834838 0.264258 
156 -0.035525 0.000000 0.045035 167.672984 -0.104659 -8.614390 -1.818845 
157 0.062169 0.000000 0.045035 263.701064 -0.072638 21.131429 -5.998479 
158 0.013322 0.000000 0.090070 58.731032 -0.253929 13.169947 0.637715 
159 -1.989406 0.000000 -8.646699 98.478469 -0.006478 17.363013 0.000052 
160 -5.115617 0.000000 -8.646699 98.479661 -0.000168 17.364493 0.000023 
161 -1.989406 0.000000 -11.528932 98.479152 -0.000272 17.363690 0.000036 
162 1.136804 0.000000 -8.646699 98.478369 -0.009274 17.359903 0.000064 
163 -0.426301 0.000000 -4.323349 98.476430 -0.031187 17.352151 0.000129 
164 -1.989406 0.000000 -4.323349 98.474289 -0.012248 17.362679 0.000135 
165 -0.426301 0.000000 -5.764466 98.475387 -0.009283 17.358065 0.000130 
166 1.136804 0.000000 -4.323349 98.477957 -0.042337 17.343591 0.000129 
167 0.355251 0.000000 -2.161675 98.507632 0.036048 17.295531 -0.000289 
168 -0.426301 0.000000 -2.161675 98.459749 0.056142 17.329903 0.000535 
169 0.355251 0.000000 -2.882233 98.480029 0.100057 17.323215 0.000158 
170 1.136804 0.000000 -2.161675 98.521192 0.042864 17.275061 -0.000485 
171 -0.035525 0.000000 -1.080837 98.525133 0.036851 17.138817 -0.000094 
172 -0.426301 0.000000 -1.080837 98.474782 0.012803 17.264909 0.000464 
173 -0.035525 0.000000 -1.441116 98.438451 0.009867 17.271740 0.001156 
174 0.355251 0.000000 -1.080837 98.846702 -0.065591 17.124674 -0.006393 
175 0.159863 0.000000 -0.540419 97.847249 0.083048 16.356207 0.015838 
176 -0.035525 0.000000 -0.540419 97.745124 0.114954 17.068908 0.015453 
177 0.159863 0.000000 -0.720558 98.148304 0.095715 16.823363 0.008388 
178 0.355251 0.000000 -0.540419 98.542016 0.052952 16.507256 0.001698 
179 0.062169 0.000000 -0.270209 92.229343 0.513256 14.920515 0.127086 
180 -0.035525 0.000000 -0.270209 94.573095 0.165962 18.818902 0.070175 
181 0.062169 0.000000 -0.360279 95.589966 0.239834 16.206604 0.059985 
182 0.159863 0.000000 -0.270209 96.078717 0.613106 12.462431 0.061319 
183 0.013322 0.000000 -0.135105 78.203976 0.084211 17.694153 0.357105 
184 -0.035525 0.000000 -0.135105 96.576006 0.318565 27.061273 -0.005934 
185 0.013322 0.000000 -0.180140 87.356441 0.513176 17.565329 0.206005 
186 0.062169 0.000000 -0.135105 86.381813 0.093639 6.068149 0.250135 
187 0.550639 0.000000 -0.180140 102.610170 -0.015340 12.669605 -0.068937 
188 0.550639 0.000000 -0.360279 98.242483 0.029603 16.276031 0.008350 
189 0.746027 0.000000 -0.180140 103.647744 0.009335 12.996260 -0.091176 
190 0.550639 0.000000 0.000000 102.977548 -0.020947 16.451867 -0.087504 
191 0.257557 0.000000 -0.090070 100.113099 0.060822 -9.694612 -0.011662 
192 0.257557 0.000000 -0.180140 98.579223 0.324895 8.281135 0.021345 
193 0.355251 0.000000 -0.090070 103.403518 0.081217 -4.033915 -0.070857 
194 0.257557 0.000000 0.000000 42.522523 -0.114059 0.160621 0.819180 
195 0.111016 0.000000 -0.045035 157.116522 -0.013898 -12.787502 -1.484912 
196 0.111016 0.000000 -0.090070 87.054755 0.400148 -13.850025 0.222949 
197 0.159863 0.000000 -0.045035 99.437479 0.393821 -6.771810 0.006618 
198 0.111016 0.000000 0.000000 161.652046 -0.021861 0.431290 -1.613157 
199 0.037745 0.000000 -0.067552 57.518787 0.284275 -10.710183 0.657680 
200 0.013322 0.000000 -0.067552 64.355002 0.322291 -11.666742 0.572222 
201 0.037745 0.000000 -0.090070 70.885233 0.005173 -3.508899 0.496297 
202 0.062169 0.000000 -0.067552 65.363312 0.266484 -12.081888 0.558159 
203 0.037745 0.000000 -0.045035 57.568513 0.268566 -11.015159 0.656446 
204 0.550639 0.000000 0.180140 103.307561 -0.037078 12.695520 -0.083363 
205 0.746027 0.000000 0.180140 104.676937 -0.003824 13.019665 -0.112677 
206 0.550639 0.000000 0.360279 98.964740 -0.035579 15.232324 -0.002604 
207 0.257557 0.000000 0.090070 106.835436 -0.060762 11.001503 -0.153485 
208 0.355251 0.000000 0.090070 106.607052 0.009231 4.832596 -0.138842 
209 0.257557 0.000000 0.180140 102.247789 -0.072926 15.840157 -0.070553 
210 0.111016 0.000000 0.045035 157.059437 -0.085819 13.662723 -1.485434 
211 0.159863 0.000000 0.045035 99.535574 0.187297 7.485411 0.003660 
212 0.111016 0.000000 0.090070 98.810941 0.236119 17.088809 -0.005569 
213 -1.989406 0.000000 8.646699 98.483983 0.005690 17.363183 -0.000058 
214 -5.115617 0.000000 8.646699 98.482169 0.000022 17.364533 -0.000026 
215 1.136804 0.000000 8.646699 98.485551 0.009260 17.358986 -0.000074 
216 -1.989406 0.000000 11.528932 98.483017 0.000102 17.363583 -0.000040 
217 -0.426301 0.000000 4.323349 98.493283 0.024664 17.356975 -0.000219 
218 -1.989406 0.000000 4.323349 98.487153 0.012801 17.364223 -0.000124 
219 1.136804 0.000000 4.323349 98.496606 0.039748 17.338886 -0.000222 
220 -0.426301 0.000000 5.764466 98.489410 0.010692 17.358688 -0.000149 
221 0.355251 0.000000 2.161675 98.553368 -0.199207 17.320250 -0.001280 
222 -0.426301 0.000000 2.161675 98.496277 -0.073792 17.352429 -0.000263 
223 1.136804 0.000000 2.161675 98.559455 -0.050094 17.248154 -0.001147 
224 0.355251 0.000000 2.882233 98.511825 -0.100121 17.332492 -0.000500 
225 -0.035525 0.000000 1.080837 98.323620 0.123190 17.296448 0.003328 
226 -0.426301 0.000000 1.080837 98.418761 0.073970 17.310949 0.001407 
227 0.355251 0.000000 1.080837 98.373835 0.130056 17.269277 0.002434 
228 -0.035525 0.000000 1.441116 98.514264 -0.006405 17.371017 -0.000681 
229 0.159863 0.000000 0.540419 98.720253 -0.072182 17.411845 -0.004887 
230 -0.035525 0.000000 0.540419 98.294613 0.014066 17.240281 0.004094 
231 0.355251 0.000000 0.540419 99.130026 -0.127440 16.841498 -0.011041 
232 0.159863 0.000000 0.720558 98.615952 0.012540 17.341230 -0.002582 
233 0.062169 0.000000 0.270209 95.399310 -0.113746 17.844418 0.058054 
234 -0.035525 0.000000 0.270209 96.764847 -0.018649 15.550848 0.039474 
235 0.159863 0.000000 0.270209 99.048034 -0.085386 18.714395 -0.016075 
236 0.062169 0.000000 0.360279 97.521683 -0.242402 17.380758 0.018737 
237 0.013322 0.000000 0.135105 87.585283 -0.140330 13.161020 0.215559 
238 -0.035525 0.000000 0.135105 101.555140 0.114125 8.052911 -0.037831 
239 0.062169 0.000000 0.135105 94.625674 -0.212372 20.157241 0.063962 
240 0.013322 0.000000 0.180140 93.091844 -0.003407 14.923286 0.111120 
241 0.037745 0.000000 0.067552 76.624273 -0.161794 15.559070 0.388661 
242 0.013322 0.000000 0.067552 83.949236 -0.331453 17.213122 0.265612 
243 0.037745 0.000000 0.045035 77.079084 -0.165828 15.461753 0.381972 
244 0.062169 0.000000 0.067552 81.918846 -0.056334 16.275622 0.302440 
245 0.037745 0.000000 0.090070 84.760564 -0.083951 22.028092 0.233040 
246 0.111016 0.000000 -0.135105 93.480063 0.028885 3.268143 0.125080 
247 0.111016 0.000000 -0.180140 93.189186 0.001488 8.531407 0.124299 
248 0.159863 0.000000 -0.135105 95.974929 0.097736 2.474512 0.078268 
249 0.086592 0.000000 -0.067552 88.176739 0.048561 -14.104264 0.202593 
250 0.086592 0.000000 -0.090070 88.866985 0.014868 -14.553771 0.189085 
251 0.111016 0.000000 -0.067552 87.236091 0.361082 -13.776134 0.219995 
252 0.086592 0.000000 -0.045035 205.199602 -0.043430 -18.666066 -3.245530 
253 0.086592 0.000000 -0.112587 88.751759 0.172431 -1.842702 0.211970 
254 0.062169 0.000000 -0.112587 82.330009 0.142377 1.227794 0.322024 
255 0.086592 0.000000 -0.135105 90.366863 0.109517 3.905642 0.181856 
256 0.111016 0.000000 -0.112587 93.390487 0.299101 -1.905135 0.127450 
257 0.074381 0.000000 -0.078811 83.936399 0.043176 -14.033685 0.275773 
258 0.062169 0.000000 -0.078811 67.300086 0.241525 -12.466000 0.531524 
259 0.074381 0.000000 -0.090070 75.144438 0.120173 -11.171415 0.422850 
260 0.086592 0.000000 -0.078811 88.239196 0.067204 -14.187638 0.201255 
261 0.074381 0.000000 -0.067552 79.917462 0.091065 -13.669749 0.342633 
262 0.111016 0.000000 0.135105 100.634210 -0.084642 20.126941 -0.053235 
263 0.159863 0.000000 0.135105 102.373857 -0.183211 18.328719 -0.081638 
264 0.111016 0.000000 0.180140 98.437076 -0.413811 19.633884 -0.007552 
265 0.086592 0.000000 0.067552 100.664428 0.260305 17.352145 -0.043449 
266 0.086592 0.000000 0.045035 204.369787 -0.063359 19.399718 -3.214336 
267 0.111016 0.000000 0.067552 99.025099 0.237955 17.188619 -0.010148 
268 0.086592 0.000000 0.090070 101.311437 0.286755 17.265246 -0.056218 
269 0.086592 0.000000 0.112587 97.846716 -0.025728 21.928658 -0.005485 
270 0.062169 0.000000 0.112587 92.373796 -0.121607 21.102035 0.102177 
271 0.111016 0.000000 0.112587 101.797554 0.151615 20.268727 -0.077359 
272 0.086592 0.000000 0.135105 97.994963 -0.065058 20.760660 -0.003402 
273 0.074381 0.000000 0.078811 97.474237 0.165713 16.999023 0.020978 
274 0.062169 0.000000 0.078811 83.600874 -0.035714 16.223800 0.274768 
275 0.074381 0.000000 0.067552 94.124423 0.115916 16.828750 0.085737 
276 0.086592 0.000000 0.078811 100.667860 0.263350 17.310103 -0.043373 
277 0.074381 0.000000 0.090070 87.343612 0.044092 24.462867 0.177266 
278 0.208710 0.000000 -0.045035 62.049656 -0.078481 -3.944499 0.613428 
279 0.208710 0.000000 -0.090070 96.832212 0.208049 -11.904587 0.048176 
280 0.257557 0.000000 -0.045035 42.074857 -0.028867 -3.000921 0.822070 
281 0.208710 0.000000 0.000000 63.523824 -0.049997 0.236877 0.596467 
282 0.135439 0.000000 -0.067552 87.349060 0.572643 -14.286913 0.216570 
283 0.135439 0.000000 -0.090070 89.434283 0.548309 -14.196591 0.179967 
284 0.159863 0.000000 -0.067552 98.039789 0.296401 -10.151659 0.028506 
285 0.135439 0.000000 -0.045035 124.519902 0.276542 -9.250589 -0.559086 
286 0.257557 0.000000 -0.270209 98.663987 0.366216 13.006892 0.009610 
287 0.257557 0.000000 -0.360279 98.488732 0.315581 14.873643 0.007864 
288 0.355251 0.000000 -0.270209 99.632562 0.394787 14.135986 -0.012663 
289 0.208710 0.000000 -0.135105 98.091089 0.289227 1.913815 0.037439 
290 0.208710 0.000000 -0.180140 97.055322 0.443614 7.329275 0.052635 
291 0.257557 0.000000 -0.135105 98.450185 0.433935 2.289437 0.030213 
292 0.135439 0.000000 -0.112587 94.615577 0.334309 -1.900203 0.104417 
293 0.135439 0.000000 -0.135105 95.055742 0.075950 2.967331 0.095560 
294 0.159863 0.000000 -0.112587 95.789437 0.327114 -2.424474 0.081840 
295 0.123228 0.000000 -0.078811 86.783442 0.520381 -13.959109 0.227351 
296 0.111016 0.000000 -0.078811 87.159486 0.385424 -13.966160 0.220802 
297 0.123228 0.000000 -0.090070 87.070944 0.507598 -14.242740 0.221554 
298 0.135439 0.000000 -0.078811 89.265936 0.550819 -14.222812 0.182900 
299 0.123228 0.000000 -0.067552 86.798467 0.467424 -14.198841 0.226420 
300 0.208710 0.000000 0.045035 62.165201 -0.175240 4.598921 0.611431 
301 0.257557 0.000000 0.045035 42.216358 -0.140669 3.234984 0.820729 
302 0.208710 0.000000 0.090070 105.489324 -0.006648 13.651702 -0.131437 
303 0.135439 0.000000 0.067552 98.730251 0.255572 16.837499 -0.003123 
304 0.135439 0.000000 0.045035 123.999075 0.048024 10.151953 -0.547884 
305 0.159863 0.000000 0.067552 98.518795 0.174848 10.712481 0.017926 
306 0.135439 0.000000 0.090070 100.419091 0.296957 16.639603 -0.036096 
307 0.257557 0.000000 0.270209 101.176025 -0.072312 17.030663 -0.052664 
308 0.355251 0.000000 0.270209 101.517814 -0.148652 15.060290 -0.053270 
309 0.257557 0.000000 0.360279 100.567674 -0.175671 17.460447 -0.041876 
310 0.208710 0.000000 0.135105 104.106177 -0.057043 16.419044 -0.110768 
311 0.257557 0.000000 0.135105 103.581994 -0.014561 14.210908 -0.093118 
312 0.208710 0.000000 0.180140 101.253572 -0.023460 17.934226 -0.057392 
313 0.135439 0.000000 0.112587 102.907988 0.127521 18.517847 -0.093298 
314 0.159863 0.000000 0.112587 103.358461 -0.048034 17.135843 -0.097661 
315 0.135439 0.000000 0.135105 101.922481 -0.110436 19.131431 -0.075422 
316 0.123228 0.000000 0.078811 98.359311 0.237236 16.919956 0.003910 
317 0.111016 0.000000 0.078811 98.952225 0.237636 17.052577 -0.008239 
318 0.123228 0.000000 0.067552 98.535340 0.234227 16.803283 0.000838 
319 0.135439 0.000000 0.078811 100.283458 0.294059 16.676786 -0.033497 
320 0.123228 0.000000 0.090070 98.659837 0.243941 16.824840 -0.001690 
321 0.184287 0.000000 -0.112587 96.919232 0.240362 -3.565580 0.059389 
322 0.184287 0.000000 -0.135105 96.480527 0.251474 1.731452 0.068845 
323 0.208710 0.000000 -0.112587 100.965544 0.302708 -3.817841 -0.020871 
324 0.184287 0.000000 -0.090070 96.186084 0.348407 -12.380767 0.059483 
325 0.452945 0.000000 -0.090070 95.588498 -0.009749 7.071188 0.081284 
326 0.452945 0.000000 -0.180140 97.797148 -0.019290 2.923431 0.042717 
327 0.550639 0.000000 -0.090070 101.488351 -0.015382 14.004201 -0.049600 
328 0.452945 0.000000 0.000000 102.977549 -0.020947 16.451873 -0.087504 
329 0.306404 0.000000 -0.135105 99.896335 0.201543 4.410934 0.000123 
330 0.306404 0.000000 -0.180140 99.727019 0.530933 9.171174 -0.002987 
331 0.355251 0.000000 -0.135105 104.991764 0.206490 4.494696 -0.104352 
332 0.306404 0.000000 -0.090070 102.605278 0.054552 -6.051039 -0.056446 
333 0.233134 0.000000 -0.112587 101.024070 0.016357 -9.783795 -0.030159 
334 0.233134 0.000000 -0.135105 97.980678 0.289777 2.698465 0.039242 
335 0.257557 0.000000 -0.112587 100.082963 0.063547 -9.691531 -0.011053 
336 0.233134 0.000000 -0.090070 100.741087 0.019168 -9.756080 -0.024395 
337 0.184287 0.000000 -0.067552 77.815949 0.302338 -8.790933 0.386731 
338 0.208710 0.000000 -0.067552 58.778517 0.081176 -6.777545 0.649914 
339 0.184287 0.000000 -0.045035 79.004392 0.188264 -5.477465 0.372827 
340 0.196498 0.000000 -0.101329 95.756712 0.321724 -12.611715 0.067149 
341 0.184287 0.000000 -0.101329 96.030392 0.347404 -12.649490 0.061803 
342 0.196498 0.000000 -0.112587 97.481661 0.280529 -3.728786 0.048334 
343 0.208710 0.000000 -0.101329 97.473077 0.181369 -11.467682 0.036746 
344 0.196498 0.000000 -0.090070 95.713809 0.329612 -12.606301 0.067984 
345 0.184287 0.000000 0.112587 104.234221 -0.082871 16.774205 -0.114615 
346 0.184287 0.000000 0.090070 105.609649 0.138628 14.769104 -0.137154 
347 0.208710 0.000000 0.112587 108.323081 -0.070544 15.394391 -0.197088 
348 0.184287 0.000000 0.135105 102.515789 -0.039982 17.758087 -0.082484 
349 0.184287 0.000000 0.067552 78.466749 0.150700 9.571914 0.375133 
350 0.184287 0.000000 0.045035 79.265381 0.171321 6.240065 0.367803 
351 0.208710 0.000000 0.067552 58.760417 -0.094125 7.415400 0.649222 
352 0.452945 0.000000 0.090070 96.247506 -0.036314 7.062429 0.068654 
353 0.550639 0.000000 0.090070 101.857653 -0.028954 14.007540 -0.057119 
354 0.452945 0.000000 0.180140 98.462230 -0.044935 2.920707 0.029666 
355 0.306404 0.000000 0.135105 104.329199 -0.110145 10.628467 -0.099756 
356 0.306404 0.000000 0.090070 107.119025 -0.026303 6.974839 -0.152313 
357 0.355251 0.000000 0.135105 107.850328 -0.119749 9.094203 -0.171441 
358 0.306404 0.000000 0.180140 102.817494 -0.051097 14.069156 -0.076938 
359 0.233134 0.000000 0.112587 108.043383 -0.093936 11.122515 -0.179709 
360 0.233134 0.000000 0.090070 107.760384 -0.087125 11.094815 -0.173540 
361 0.257557 0.000000 0.112587 106.803048 -0.058622 10.998223 -0.152786 
362 0.233134 0.000000 0.135105 103.498344 -0.185545 14.556410 -0.092383 
363 0.196498 0.000000 0.101329 105.089909 0.060184 14.513187 -0.125453 
364 0.184287 0.000000 0.101329 105.481307 0.119967 14.566050 -0.133849 
365 0.196498 0.000000 0.090070 105.092192 0.061392 14.513997 -0.125503 
366 0.208710 0.000000 0.101329 105.943948 -0.013385 13.150950 -0.139707 
367 0.196498 0.000000 0.112587 104.703173 0.034740 16.059905 -0.122068 
368 0.306404 0.000000 -0.045035 29.248680 0.065544 -1.012095 0.914349 
369 0.355251 0.000000 -0.045035 21.205496 0.018657 -0.622479 0.954994 
370 0.306404 0.000000 0.000000 29.401682 0.027421 0.144910 0.913552 
371 0.281981 0.000000 -0.112587 100.902542 0.094290 -7.902947 -0.024379 
372 0.281981 0.000000 -0.135105 101.178419 0.209714 3.131242 -0.024692 
373 0.306404 0.000000 -0.112587 102.734691 0.050476 -6.060234 -0.059115 
374 0.281981 0.000000 -0.090070 100.685072 0.096138 -8.213618 -0.020496 
375 0.281981 0.000000 -0.067552 31.360064 0.124337 -3.417806 0.900485 
376 0.257557 0.000000 -0.067552 41.850967 0.023027 -4.976119 0.822373 
377 0.306404 0.000000 -0.067552 29.169657 0.066564 -1.381103 0.914722 
378 0.281981 0.000000 -0.045035 33.472085 0.036126 -2.137705 0.887505 
379 0.269769 0.000000 -0.101329 99.925145 0.093577 -9.450958 -0.007436 
380 0.257557 0.000000 -0.101329 100.110404 0.061065 -9.694337 -0.011608 
381 0.269769 0.000000 -0.112587 99.749858 0.108934 -9.657098 -0.004331 
382 0.281981 0.000000 -0.101329 100.277018 0.114788 -8.985880 -0.013624 
383 0.269769 0.000000 -0.090070 99.862662 0.092523 -9.668784 -0.006605 
384 0.306404 0.000000 0.045035 29.125208 0.000316 1.173414 0.915035 
385 0.355251 0.000000 0.045035 21.118128 -0.029574 0.904487 0.955321 
386 0.281981 0.000000 0.112587 106.495789 0.038152 9.016355 -0.142265 
387 0.281981 0.000000 0.090070 106.464353 0.029273 9.359968 -0.142227 
388 0.306404 0.000000 0.112587 107.188828 -0.039422 6.979035 -0.153815 
389 0.281981 0.000000 0.135105 105.974409 -0.168490 12.633221 -0.139020 
390 0.281981 0.000000 0.067552 31.162805 0.037568 3.715729 0.901507 
391 0.257557 0.000000 0.067552 42.076284 -0.146376 5.253498 0.820197 
392 0.281981 0.000000 0.045035 33.392158 0.002042 2.450757 0.887896 
393 0.306404 0.000000 0.067552 29.044973 -0.045457 1.515922 0.915409 
394 0.269769 0.000000 0.101329 106.453638 -0.014755 10.728741 -0.144748 
395 0.257557 0.000000 0.101329 106.832540 -0.060571 11.001210 -0.153422 
396 0.269769 0.000000 0.090070 106.483986 -0.016691 10.965764 -0.145909 
397 0.281981 0.000000 0.101329 106.283886 0.076038 10.189651 -0.140010 
398 0.269769 0.000000 0.112587 106.306313 0.009347 10.947670 -0.142088 
399 0.746027 0.000000 -1.080837 98.651044 -0.127574 17.230115 -0.002892 
400 0.746027 0.000000 -1.441116 98.450889 -0.002227 17.237095 0.001030 
401 1.136804 0.000000 -1.080837 98.489882 -0.074581 17.039825 0.000938 
402 0.550639 0.000000 -0.540419 98.256739 -0.163350 16.771665 0.006430 
403 0.550639 0.000000 -0.720558 98.659183 0.033259 16.998647 -0.002259 
404 0.746027 0.000000 -0.540419 98.325692 -0.021544 16.806583 0.004960 
405 0.452945 0.000000 -0.270209 98.805641 0.156012 15.282775 0.000386 
406 0.452945 0.000000 -0.360279 98.706829 0.144024 16.074663 -0.000145 
407 0.550639 0.000000 -0.270209 102.577935 -0.023674 4.664622 -0.054399 
408 0.404098 0.000000 -0.135105 93.057162 -0.015023 1.138814 0.133907 
409 0.404098 0.000000 -0.180140 101.579467 0.068487 12.497604 -0.047458 
410 0.452945 0.000000 -0.135105 95.990288 -0.011628 5.556798 0.075499 
411 0.404098 0.000000 -0.090070 97.046891 0.011664 -0.455019 0.058169 
412 0.330828 0.000000 -0.112587 102.544154 0.086714 -6.052214 -0.055194 
413 0.330828 0.000000 -0.135105 100.184972 0.137110 3.392511 -0.004856 
414 0.355251 0.000000 -0.112587 103.309141 0.087170 -4.281347 -0.069112 
415 0.330828 0.000000 -0.090070 102.541368 0.085296 -6.052048 -0.055137 
416 0.746027 0.000000 1.080837 98.480753 0.005540 17.160455 0.000706 
417 1.136804 0.000000 1.080837 98.588519 -0.012148 16.967118 -0.000758 
418 0.746027 0.000000 1.441116 98.580579 0.106248 17.215750 -0.001452 
419 0.550639 0.000000 0.540419 98.457197 -0.071039 16.495166 0.003408 
420 0.746027 0.000000 0.540419 98.677650 -0.056277 16.479394 -0.000885 
421 0.550639 0.000000 0.720558 98.780612 0.030710 16.935197 -0.004441 
422 0.452945 0.000000 0.270209 99.985428 -0.123790 13.651963 -0.018348 
423 0.550639 0.000000 0.270209 103.284734 -0.052355 4.662526 -0.068948 
424 0.452945 0.000000 0.360279 100.325499 0.048354 15.354284 -0.030096 
425 0.404098 0.000000 0.135105 93.680056 -0.037703 1.135442 0.122276 
426 0.404098 0.000000 0.090070 98.221797 0.001447 2.501816 0.034622 
427 0.452945 0.000000 0.135105 96.659167 -0.036950 5.550293 0.062620 
428 0.404098 0.000000 0.180140 103.819520 -0.171286 9.849516 -0.087554 
429 0.330828 0.000000 0.112587 106.990453 -0.028600 6.967368 -0.149550 
430 0.330828 0.000000 0.090070 106.988073 -0.029796 6.967212 -0.149499 
431 0.355251 0.000000 0.112587 106.665505 0.009086 5.094283 -0.140348 
432 0.330828 0.000000 0.135105 104.061073 -0.072790 11.038310 -0.095056 
433 0.404098 0.000000 -0.045035 22.279184 0.031037 1.311668 0.950192 
434 0.452945 0.000000 -0.045035 97.169780 -0.007976 11.138733 0.043396 
435 0.404098 0.000000 0.000000 24.078276 0.005455 0.029044 0.942024 
436 0.379675 0.000000 -0.112587 102.867975 0.028773 -1.872555 -0.058533 
437 0.379675 0.000000 -0.135105 103.355119 0.126434 6.514194 -0.072473 
438 0.404098 0.000000 -0.112587 95.668087 0.018716 -1.133206 0.084633 
439 0.379675 0.000000 -0.090070 102.392112 0.024001 -1.862689 -0.048761 
440 0.330828 0.000000 -0.067552 25.538984 -0.011910 -2.420049 0.934190 
441 0.355251 0.000000 -0.067552 18.999647 0.025235 -1.271130 0.963740 
442 0.330828 0.000000 -0.045035 25.345296 -0.026792 -1.368204 0.935574 
443 0.343039 0.000000 -0.101329 102.773405 0.109060 -5.690028 -0.059476 
444 0.330828 0.000000 -0.101329 102.542306 0.085773 -6.052104 -0.055156 
445 0.343039 0.000000 -0.112587 102.813943 0.104519 -5.587339 -0.060194 
446 0.355251 0.000000 -0.101329 103.313025 0.086464 -4.331712 -0.069235 
447 0.343039 0.000000 -0.090070 102.621033 0.108808 -6.055627 -0.056776 
448 0.404098 0.000000 0.045035 22.184559 -0.023933 -1.257283 0.950626 
449 0.452945 0.000000 0.045035 97.794826 -0.033088 11.135942 0.031216 
450 0.330828 0.000000 0.067552 25.403448 -0.096003 2.658317 0.934759 
451 0.330828 0.000000 0.045035 25.326596 -0.084304 1.671091 0.935576 
452 0.355251 0.000000 0.067552 18.847111 -0.042732 1.535494 0.964243 
453 0.379675 0.000000 0.112587 104.575452 -0.001381 2.552165 -0.094254 
454 0.379675 0.000000 0.090070 103.970624 0.001669 2.538680 -0.081634 
455 0.404098 0.000000 0.112587 96.882075 -0.003299 2.423966 0.060799 
456 0.379675 0.000000 0.135105 105.601758 -0.160719 6.672171 -0.119627 
457 0.343039 0.000000 0.101329 106.931759 0.004170 6.580511 -0.147770 
458 0.330828 0.000000 0.101329 106.988874 -0.029394 6.967265 -0.149516 
459 0.343039 0.000000 0.090070 106.951470 -0.001774 6.965246 -0.148713 
460 0.355251 0.000000 0.101329 106.678434 0.012931 5.145233 -0.140676 
461 0.343039 0.000000 0.112587 106.902734 0.003644 6.471387 -0.147007 
462 1.527580 0.000000 -0.360279 99.019999 -0.074255 14.209454 -0.000687 
463 1.527580 0.000000 -0.720558 98.846208 0.113203 16.344995 -0.003774 
464 1.918356 0.000000 -0.360279 98.076423 0.077227 14.270744 0.017736 
465 1.527580 0.000000 0.000000 103.771695 0.153039 9.180627 -0.085287 
466 0.941416 0.000000 -0.180140 102.573852 0.039581 12.285626 -0.067233 
467 0.941416 0.000000 -0.360279 97.407150 -0.014167 15.570228 0.026941 
468 1.136804 0.000000 -0.180140 99.744566 0.055007 9.196836 -0.003356 
469 0.941416 0.000000 0.000000 104.426603 0.032028 15.097481 -0.113285 
470 0.648333 0.000000 -0.090070 103.135719 -0.010958 14.167833 -0.083770 
471 0.648333 0.000000 -0.180140 103.035482 -0.001521 11.401456 -0.074630 
472 0.746027 0.000000 -0.090070 104.008138 0.010547 16.350108 -0.108502 
473 0.648333 0.000000 0.000000 103.637456 -0.006821 16.611367 -0.101666 
474 0.501792 0.000000 -0.135105 97.484516 -0.011099 8.383930 0.042648 
475 0.501792 0.000000 -0.180140 99.354495 -0.017375 6.477729 0.008672 
476 0.550639 0.000000 -0.135105 102.680059 -0.014207 14.734528 -0.076030 
477 0.501792 0.000000 -0.090070 97.514435 -0.009160 11.232972 0.036476 
478 0.428522 0.000000 -0.112587 90.346645 0.005701 0.271721 0.183741 
479 0.428522 0.000000 -0.135105 95.921064 -0.014446 3.164516 0.078914 
480 0.452945 0.000000 -0.112587 95.653157 -0.011478 5.691251 0.081808 
481 0.428522 0.000000 -0.090070 92.554815 0.000466 1.724345 0.143063 
482 0.379675 0.000000 -0.067552 20.372095 0.057681 0.493174 0.958473 
483 0.404098 0.000000 -0.067552 93.062970 -0.009926 2.653590 0.133224 
484 0.379675 0.000000 -0.045035 20.826816 0.008282 0.221576 0.956619 
485 0.391886 0.000000 -0.101329 99.809504 0.017932 -1.598023 0.003551 
486 0.379675 0.000000 -0.101329 102.889935 0.028715 -1.873032 -0.058985 
487 0.391886 0.000000 -0.112587 99.696672 0.017781 -1.564365 0.005813 
488 0.404098 0.000000 -0.101329 95.749166 0.018941 -1.163466 0.083074 
489 0.391886 0.000000 -0.090070 100.017133 0.014300 -1.282344 -0.000507 
490 0.379675 0.000000 0.067552 20.308041 -0.018560 -0.362465 0.958745 
491 0.379675 0.000000 0.045035 20.784866 -0.044537 -0.104413 0.956798 
492 0.404098 0.000000 0.067552 93.695617 -0.032606 2.644469 0.121414 
493 1.527580 0.000000 0.360279 98.570367 0.055412 13.055577 0.011343 
494 1.918356 0.000000 0.360279 99.639864 0.134639 10.958857 -0.004822 
495 1.527580 0.000000 0.720558 98.342111 -0.018783 16.023912 0.007206 
496 0.941416 0.000000 0.180140 106.354206 0.036121 12.284330 -0.146212 
497 1.136804 0.000000 0.180140 108.004831 0.056850 9.250397 -0.175062 
498 0.941416 0.000000 0.360279 99.458415 -0.070415 15.471769 -0.013136 
499 0.648333 0.000000 0.090070 103.615610 -0.020847 14.180182 -0.093727 
500 0.746027 0.000000 0.090070 104.424390 0.003335 16.356088 -0.117197 
501 0.648333 0.000000 0.180140 103.936066 -0.019665 11.409964 -0.093289 
502 0.501792 0.000000 0.135105 98.147017 -0.034863 8.389241 0.029678 
503 0.501792 0.000000 0.090070 98.071667 -0.031685 11.224782 0.025595 
504 0.550639 0.000000 0.135105 103.267153 -0.033203 14.749569 -0.088166 
505 0.501792 0.000000 0.180140 100.058899 -0.041265 6.482736 -0.005381 
506 0.428522 0.000000 0.112587 91.257332 -0.050933 2.509324 0.166580 
507 0.428522 0.000000 0.090070 93.393562 -0.042649 3.252514 0.126706 
508 0.452945 0.000000 0.112587 96.312855 -0.035978 5.688759 0.069147 
509 0.428522 0.000000 0.135105 96.575621 -0.038917 3.157998 0.066317 
510 0.391886 0.000000 0.101329 101.232155 0.010717 2.391783 -0.025367 
511 0.379675 0.000000 0.101329 104.593034 -0.001775 2.552550 -0.094622 
512 0.391886 0.000000 0.090070 101.390478 0.001671 2.261178 -0.028514 
513 0.404098 0.000000 0.101329 96.969905 -0.002685 2.425568 0.059095 
514 0.391886 0.000000 0.112587 101.107687 0.009537 2.375971 -0.022841 
515 1.332192 0.000000 -0.180140 104.598713 0.065855 7.221394 -0.099304 
516 1.332192 0.000000 -0.360279 99.187930 -0.098646 14.126781 -0.003782 
517 1.527580 0.000000 -0.180140 104.436988 0.039815 7.833143 -0.096844 
518 1.332192 0.000000 0.000000 103.312870 0.087017 9.383485 -0.076161 
519 1.332192 0.000000 0.180140 102.762514 0.151278 6.160299 -0.059811 
520 1.527580 0.000000 0.180140 103.571094 0.300926 6.606008 -0.077070 
521 1.332192 0.000000 0.360279 98.581456 -0.081441 13.261206 0.010583 
522 1.234498 0.000000 -0.090070 97.997501 0.036105 3.041642 0.038724 
523 1.136804 0.000000 -0.090070 100.603559 0.040458 10.239442 -0.022592 
524 1.234498 0.000000 -0.180140 99.641860 0.066949 1.607955 0.006891 
525 1.332192 0.000000 -0.090070 101.242492 0.052199 5.178024 -0.027686 
526 1.234498 0.000000 0.000000 65.221400 0.010589 0.857203 0.574543 
527 1.234498 0.000000 0.090070 99.449655 0.047121 2.909368 0.010130 
528 1.136804 0.000000 0.090070 103.721791 0.042656 10.220838 -0.086268 
529 1.332192 0.000000 0.090070 100.408042 0.073552 4.926336 -0.010605 
530 1.234498 0.000000 0.180140 103.855179 0.062760 1.584650 -0.078841 
531 4.263014 0.000000 -8.646699 98.480080 -0.005551 17.357790 0.000038 
532 4.263014 0.000000 -11.528932 98.479642 -0.000555 17.360991 0.000036 
533 7.389224 0.000000 -8.646699 98.481119 -0.002697 17.357546 0.000018 
534 2.699909 0.000000 -4.323349 98.484497 -0.023648 17.337262 0.000022 
535 2.699909 0.000000 -5.764466 98.477827 -0.022783 17.349010 0.000113 
536 4.263014 0.000000 -4.323349 98.487336 -0.016346 17.338193 -0.000037 
537 1.918356 0.000000 -2.161675 98.538783 0.140752 17.248510 -0.000742 
538 1.918356 0.000000 -2.882233 98.508647 0.090761 17.300113 -0.000326 
539 2.699909 0.000000 -2.161675 98.523166 0.055941 17.260327 -0.000474 
540 1.527580 0.000000 -1.080837 98.539787 0.013089 16.883024 0.000487 
541 1.527580 0.000000 -1.441116 98.508362 0.002405 17.095984 0.000383 
542 1.918356 0.000000 -1.080837 98.796102 0.041579 16.868480 -0.004522 
543 1.332192 0.000000 -0.540419 98.653822 0.051903 15.691934 0.002118 
544 1.136804 0.000000 -0.540419 98.093586 0.037039 15.786873 0.012842 
545 1.332192 0.000000 -0.720558 98.814092 -0.008652 16.409250 -0.003349 
546 1.527580 0.000000 -0.540419 98.975769 -0.020881 15.882900 -0.004847 
547 1.234498 0.000000 -0.270209 98.899933 0.021559 11.811437 0.007929 
548 1.136804 0.000000 -0.270209 100.876534 0.083758 2.270199 -0.018124 
549 1.234498 0.000000 -0.360279 98.524518 0.099083 13.949107 0.009833 
550 1.332192 0.000000 -0.270209 104.675112 0.100576 1.926603 -0.096060 
551 10.515434 0.000000 -2.882233 98.486974 -0.002289 17.327492 0.000007 
552 10.515434 0.000000 -5.764466 98.482710 -0.001795 17.351286 0.000009 
553 13.641644 0.000000 -2.882233 98.485811 -0.001868 17.335137 0.000004 
554 10.515434 0.000000 0.000000 98.535229 -0.005284 17.054551 -0.000005 
555 5.826119 0.000000 -1.441116 98.506792 -0.005719 17.209181 0.000026 
556 5.826119 0.000000 -2.882233 98.490255 -0.008426 17.311721 -0.000003 
557 7.389224 0.000000 -1.441116 98.501507 -0.006567 17.240456 0.000022 
558 5.826119 0.000000 0.000000 98.745287 -0.007961 15.857173 -0.000208 
559 3.481461 0.000000 -0.720558 98.595456 -0.004040 16.673616 0.000093 
560 3.481461 0.000000 -1.441116 98.524110 0.016589 17.146808 -0.000101 
561 4.263014 0.000000 -0.720558 98.573893 -0.000421 16.824507 0.000012 
562 3.481461 0.000000 0.000000 99.864754 -0.035403 9.402302 -0.006137 
563 2.309132 0.000000 -0.360279 98.073419 -0.171378 13.638359 0.019557 
564 2.309132 0.000000 -0.720558 98.607403 0.008931 16.461551 0.000560 
565 2.699909 0.000000 -0.360279 98.912851 0.000994 14.682750 0.000066 
566 2.309132 0.000000 0.000000 167.206483 -0.079666 6.544254 -1.800084 
567 1.722968 0.000000 -0.180140 103.753996 0.035367 7.706672 -0.082429 
568 1.722968 0.000000 -0.360279 98.676391 0.163358 14.394087 0.005575 
569 1.918356 0.000000 -0.180140 102.642918 0.026641 8.122425 -0.060154 
570 1.722968 0.000000 0.000000 104.003713 0.253505 9.233949 -0.090210 
571 1.429886 0.000000 -0.090070 104.014837 0.077025 6.695913 -0.086393 
572 1.429886 0.000000 -0.180140 104.437697 0.058205 6.707460 -0.095223 
573 1.527580 0.000000 -0.090070 104.164370 0.110810 7.365804 -0.090448 
574 1.429886 0.000000 0.000000 103.312350 0.087001 9.385131 -0.076153 
575 1.283345 0.000000 -0.135105 100.000963 0.041276 3.899327 -0.001540 
576 1.234498 0.000000 -0.135105 98.248213 0.040548 2.721117 0.033988 
577 1.283345 0.000000 -0.180140 101.603564 0.059274 2.987263 -0.033221 
578 1.332192 0.000000 -0.135105 101.573924 0.045823 6.026862 -0.035359 
579 1.283345 0.000000 -0.090070 99.419850 0.035992 4.139839 0.009855 
580 10.515434 0.000000 2.882233 98.555627 0.008342 16.939821 -0.000017 
581 13.641644 0.000000 2.882233 98.703932 0.012977 16.099200 -0.000165 
582 10.515434 0.000000 5.764466 98.488170 0.003237 17.323266 -0.000002 
583 5.826119 0.000000 1.441116 98.743371 0.016067 15.864473 -0.000193 
584 7.389224 0.000000 1.441116 99.161093 0.016226 13.503758 -0.001527 
585 5.826119 0.000000 2.882233 98.506536 0.008148 17.207695 0.000036 
586 3.481461 0.000000 0.720558 99.221335 0.011687 13.004975 -0.001400 
587 4.263014 0.000000 0.720558 99.751582 0.007557 10.112659 -0.005264 
588 3.481461 0.000000 1.441116 98.556345 -0.009582 16.787471 0.000483 
589 2.309132 0.000000 0.360279 98.126913 -0.118764 9.520333 0.028046 
590 2.699909 0.000000 0.360279 100.026510 0.028135 7.713672 -0.006480 
591 2.309132 0.000000 0.720558 98.216377 0.016942 15.342246 0.011816 
592 1.722968 0.000000 0.180140 104.570140 0.430274 6.780035 -0.098107 
593 1.918356 0.000000 0.180140 104.071567 1.393861 7.471704 -0.088866 
594 1.722968 0.000000 0.360279 98.924698 0.101856 12.222901 0.006449 
595 1.429886 0.000000 0.090070 103.079769 0.147474 6.298569 -0.066513 
596 1.527580 0.000000 0.090070 103.555432 0.154497 7.100094 -0.077416 
597 1.429886 0.000000 0.180140 102.912671 0.135467 5.791582 -0.062458 
598 4.263014 0.000000 8.646699 98.484096 0.006276 17.354929 -0.000031 
599 7.389224 0.000000 8.646699 98.483438 0.003462 17.352541 -0.000010 
600 4.263014 0.000000 11.528932 98.483275 0.000476 17.359750 -0.000032 
601 2.699909 0.000000 4.323349 98.488260 0.025310 17.324730 -0.000008 
602 4.263014 0.000000 4.323349 98.485122 0.014214 17.318815 0.000074 
603 2.699909 0.000000 5.764466 98.491562 0.019078 17.343092 -0.000137 
604 1.918356 0.000000 2.161675 98.489143 -0.111950 17.192983 0.000428 
605 2.699909 0.000000 2.161675 98.471307 -0.046368 17.182967 0.000815 
606 1.918356 0.000000 2.882233 98.480571 -0.079374 17.275678 0.000312 
607 1.527580 0.000000 1.080837 98.475548 0.093963 16.718293 0.002306 
608 1.918356 0.000000 1.080837 98.367600 0.048236 16.599174 0.004828 
609 1.527580 0.000000 1.441116 98.533734 0.012034 17.024052 0.000128 
610 1.332192 0.000000 0.540419 98.363041 0.002984 15.335104 0.008955 
611 1.136804 0.000000 0.540419 98.883125 0.041882 15.803342 -0.002762 
612 1.527580 0.000000 0.540419 98.328542 -0.021054 15.115416 0.010302 
613 1.332192 0.000000 0.720558 98.429948 0.030804 16.188930 0.004946 
614 1.234498 0.000000 0.270209 99.771033 0.021173 11.601268 -0.008885 
615 1.136804 0.000000 0.270209 106.706743 0.073385 2.240135 -0.139135 
616 1.332192 0.000000 0.270209 102.585274 0.115488 1.686327 -0.052660 
617 1.234498 0.000000 0.360279 99.363693 0.103364 13.635505 -0.005908 
618 1.283345 0.000000 0.135105 99.244183 0.078872 3.429226 0.013883 
619 1.234498 0.000000 0.135105 99.928103 0.047631 2.612004 0.000755 
620 1.283345 0.000000 0.090070 98.857682 0.067697 3.694016 0.021351 
621 1.332192 0.000000 0.135105 100.510138 0.091535 5.372625 -0.013116 
622 1.283345 0.000000 0.180140 100.390178 0.108581 2.587414 -0.008489 
623 2.113744 0.000000 -0.180140 104.784056 0.021063 10.853456 -0.109750 
624 2.113744 0.000000 -0.360279 99.149730 0.002682 14.239615 -0.003344 
625 2.309132 0.000000 -0.180140 98.164998 -0.175000 4.737191 0.034116 
626 2.113744 0.000000 0.000000 88.908556 -0.054811 -0.908785 0.209444 
627 2.113744 0.000000 0.180140 102.013437 0.063741 -2.464813 -0.041282 
628 2.309132 0.000000 0.180140 97.272680 -0.197403 8.278203 0.046946 
629 2.113744 0.000000 0.360279 99.233989 -0.033643 8.708681 0.007677 
630 2.016050 0.000000 -0.090070 100.378250 0.093848 5.212075 -0.010297 
631 1.918356 0.000000 -0.090070 102.932309 0.175790 8.731570 -0.067133 
632 2.016050 0.000000 -0.180140 100.992632 0.094293 2.325890 -0.020493 
633 2.113744 0.000000 -0.090070 114.451954 0.049272 12.122095 -0.324620 
634 2.016050 0.000000 0.000000 103.530564 0.295821 9.704449 -0.081284 
635 2.016050 0.000000 0.090070 103.830131 -0.214151 4.666384 -0.080252 
636 1.918356 0.000000 0.090070 103.823432 1.020440 8.556140 -0.085355 
637 2.113744 0.000000 0.090070 106.876863 -0.106963 -11.095766 -0.154579 
638 2.016050 0.000000 0.180140 104.604257 0.298394 1.986322 -0.094609 
639 2.309132 0.000000 -1.080837 98.751870 -0.037710 16.981766 -0.004031 
640 2.309132 0.000000 -1.441116 98.576318 -0.035832 17.123974 -0.001052 
641 2.699909 0.000000 -1.080837 98.560848 -0.005223 16.963542 -0.000200 
642 2.113744 0.000000 -0.540419 98.411378 0.061912 15.767884 0.006657 
643 1.918356 0.000000 -0.540419 98.622997 0.123768 15.648398 0.002862 
644 2.113744 0.000000 -0.720558 98.790244 0.007510 16.474767 -0.003093 
645 2.309132 0.000000 -0.540419 98.605889 0.014557 15.814696 0.002677 
646 2.016050 0.000000 -0.270209 99.021240 0.085373 11.295201 0.006721 
647 1.918356 0.000000 -0.270209 102.272211 0.039860 3.964537 -0.047532 
648 2.016050 0.000000 -0.360279 98.778797 0.072150 13.794202 0.005246 
649 2.113744 0.000000 -0.270209 100.094616 0.060978 12.650543 -0.017897 
650 3.090685 0.000000 -0.360279 98.823377 -0.047339 15.207770 0.000266 
651 3.090685 0.000000 -0.720558 98.628376 -0.040277 16.613864 -0.000358 
652 3.481461 0.000000 -0.360279 98.776536 -0.007655 15.608603 -0.000043 
653 3.090685 0.000000 0.000000 99.909767 -0.047741 8.455059 -0.005345 
654 2.504521 0.000000 -0.180140 100.065376 -0.098698 9.976893 -0.011263 
655 2.504521 0.000000 -0.360279 98.966894 -0.036720 14.223798 0.000324 
656 2.699909 0.000000 -0.180140 99.419272 -0.033678 11.182157 -0.000923 
657 2.504521 0.000000 0.000000 101.236974 -0.053051 6.798906 -0.029515 
658 2.211438 0.000000 -0.090070 92.398098 -0.108567 16.857939 0.117839 
659 2.211438 0.000000 -0.180140 94.711440 -0.058545 12.181874 0.088134 
660 2.309132 0.000000 -0.090070 120.698092 -0.034678 -12.134473 -0.471528 
661 2.211438 0.000000 0.000000 199.952646 0.028851 0.636831 -2.998147 
662 2.064897 0.000000 -0.135105 100.270770 0.112767 1.718902 -0.005719 
663 2.016050 0.000000 -0.135105 100.278653 0.092117 4.936086 -0.008018 
664 2.064897 0.000000 -0.180140 104.502689 0.001226 6.892363 -0.096832 
665 2.113744 0.000000 -0.135105 110.970203 0.090821 10.726389 -0.242945 
666 2.064897 0.000000 -0.090070 100.673363 0.134574 4.605329 -0.015635 
667 3.090685 0.000000 0.360279 100.045689 -0.033040 6.844829 -0.005599 
668 3.481461 0.000000 0.360279 100.637374 -0.005176 4.987048 -0.015275 
669 3.090685 0.000000 0.720558 98.972783 -0.045015 14.073817 0.000631 
670 2.504521 0.000000 0.180140 100.893803 0.016942 4.088954 -0.019628 
671 2.699909 0.000000 0.180140 100.333843 0.033818 3.753963 -0.008097 
672 2.504521 0.000000 0.360279 99.825449 -0.039545 8.569969 -0.003857 
673 2.211438 0.000000 0.090070 85.706723 -0.055623 -15.448860 0.241569 
674 2.309132 0.000000 0.090070 119.498160 -0.148434 26.230495 -0.496787 
675 2.211438 0.000000 0.180140 92.307980 -0.070204 -1.973927 0.147534 
676 2.309132 0.000000 1.080837 98.324941 -0.021610 16.559104 0.005800 
677 2.699909 0.000000 1.080837 98.482643 -0.039907 16.475291 0.002973 
678 2.309132 0.000000 1.441116 98.470263 -0.000590 16.929329 0.001701 
679 2.113744 0.000000 0.540419 98.010441 0.012705 13.621852 0.020840 
680 1.918356 0.000000 0.540419 98.512351 0.053810 14.244600 0.009241 
681 2.309132 0.000000 0.540419 98.338536 -0.031169 13.480116 0.014782 
682 2.113744 0.000000 0.720558 98.451031 0.015633 15.371243 0.007112 
683 2.016050 0.000000 0.270209 101.431613 0.046885 6.352104 -0.032872 
684 1.918356 0.000000 0.270209 105.255765 0.589013 3.400781 -0.109069 
685 2.113744 0.000000 0.270209 99.804422 -0.011458 4.071618 0.002250 
686 2.016050 0.000000 0.360279 100.111992 0.078790 9.878598 -0.012000 
687 2.064897 0.000000 0.135105 104.200885 0.011622 1.457467 -0.085995 
688 2.016050 0.000000 0.135105 103.839573 -0.201487 4.396279 -0.080202 
689 2.064897 0.000000 0.090070 102.860876 -0.175714 -0.991527 -0.058137 
690 2.113744 0.000000 0.135105 105.460609 0.042136 -6.805428 -0.116826 
691 2.064897 0.000000 0.180140 103.011899 0.004090 0.350170 -0.061157 
692 2.211438 0.000000 -0.270209 96.335341 0.028281 13.085518 0.054827 
693 2.211438 0.000000 -0.360279 97.928759 -0.013902 14.260057 0.020661 
694 2.309132 0.000000 -0.270209 97.486355 0.093985 10.919207 0.037717 
695 2.162591 0.000000 -0.135105 102.519115 0.079245 14.447751 -0.071891 
696 2.162591 0.000000 -0.180140 100.312602 -0.003265 12.971279 -0.023087 
697 2.211438 0.000000 -0.135105 93.101572 -0.057581 14.304098 0.112749 
698 2.162591 0.000000 -0.090070 104.872928 -0.072974 16.798854 -0.128054 
699 2.064897 0.000000 -0.045035 100.098026 0.116316 1.526735 -0.002196 
700 2.016050 0.000000 -0.045035 101.182062 0.138918 8.337394 -0.030734 
701 2.113744 0.000000 -0.045035 84.462835 -0.065852 3.765015 0.285185 
702 2.064897 0.000000 0.000000 77.260456 0.069916 -1.358900 0.402897 
703 2.089321 0.000000 -0.112587 110.485758 0.127388 6.227112 -0.224590 
704 2.064897 0.000000 -0.112587 103.160164 0.139761 5.297200 -0.067010 
705 2.089321 0.000000 -0.135105 99.646893 0.151705 0.549731 0.007017 
706 2.113744 0.000000 -0.112587 114.533855 0.049857 11.981342 -0.326156 
707 2.089321 0.000000 -0.090070 109.862683 0.127470 5.977041 -0.210555 
708 2.064897 0.000000 0.045035 104.152756 -0.029744 1.296823 -0.084948 
709 2.016050 0.000000 0.045035 103.763343 -0.188675 8.047587 -0.083163 
710 2.113744 0.000000 0.045035 88.717875 -0.068426 -5.638997 0.209734 
711 2.211438 0.000000 0.270209 95.296876 -0.183903 4.333656 0.089969 
712 2.309132 0.000000 0.270209 97.341479 -0.060266 7.268102 0.047181 
713 2.211438 0.000000 0.360279 97.841640 -0.104641 8.717151 0.035101 
714 2.162591 0.000000 0.135105 98.478511 -0.027985 -9.266702 0.021611 
715 2.162591 0.000000 0.090070 98.853423 -0.214850 -15.625553 -0.001620 
716 2.211438 0.000000 0.135105 89.064113 -0.125882 -7.598130 0.200984 
717 2.162591 0.000000 0.180140 97.785135 0.015679 -3.738650 0.042409 
718 2.089321 0.000000 0.112587 105.432153 -0.007651 -5.229075 -0.114328 
719 2.064897 0.000000 0.112587 102.991412 -0.080325 -3.204287 -0.061750 
720 2.089321 0.000000 0.090070 105.360443 -0.010020 -4.863484 -0.112448 
721 2.113744 0.000000 0.112587 106.945129 -0.104901 -10.963117 -0.155746 
722 2.089321 0.000000 0.135105 103.912207 -0.018432 0.452363 -0.079795 
723 2.162591 0.000000 -0.045035 126.259192 -0.071850 9.367875 -0.602915 
724 2.211438 0.000000 -0.045035 198.377110 0.043586 15.515224 -2.959420 
725 2.162591 0.000000 0.000000 129.773853 -0.126603 -0.255164 -0.684133 
726 2.138168 0.000000 -0.112587 109.690133 -0.027857 16.357538 -0.229950 
727 2.138168 0.000000 -0.135105 106.358974 0.113846 13.498284 -0.149445 
728 2.162591 0.000000 -0.112587 104.066968 -0.049251 16.100594 -0.108917 
729 2.138168 0.000000 -0.090070 109.423695 -0.041431 16.318438 -0.223984 
730 2.089321 0.000000 -0.067552 99.646118 0.151636 0.553368 0.007032 
731 2.064897 0.000000 -0.067552 99.966964 0.091035 4.516834 -0.001380 
732 2.113744 0.000000 -0.067552 80.160643 0.038180 5.954822 0.353881 
733 2.089321 0.000000 -0.045035 74.469048 0.091143 0.799106 0.445371 
734 2.101533 0.000000 -0.101329 115.020658 0.085880 8.792964 -0.330708 
735 2.089321 0.000000 -0.101329 111.658493 0.123587 6.498297 -0.250986 
736 2.101533 0.000000 -0.112587 115.337592 0.086707 8.095327 -0.336830 
737 2.113744 0.000000 -0.101329 114.402922 0.046101 12.511142 -0.324456 
738 2.101533 0.000000 -0.090070 115.460771 0.078566 8.721533 -0.340726 
739 2.162591 0.000000 0.045035 128.415812 -0.028876 -9.811112 -0.658688 
740 2.211438 0.000000 0.045035 200.564962 0.000773 -14.478172 -3.043592 
741 2.089321 0.000000 0.067552 103.912411 -0.018431 0.455380 -0.079800 
742 2.064897 0.000000 0.067552 103.946231 -0.465356 4.155690 -0.082231 
743 2.089321 0.000000 0.045035 80.351003 0.082931 -3.504621 0.353143 
744 2.113744 0.000000 0.067552 86.741269 -0.016260 -7.790935 0.241525 
745 2.138168 0.000000 0.112587 103.140419 -0.224019 -15.165303 -0.086798 
746 2.138168 0.000000 0.090070 102.990262 -0.221053 -15.144921 -0.083641 
747 2.162591 0.000000 0.112587 98.744291 -0.184474 -13.479613 0.006783 
748 2.138168 0.000000 0.135105 101.873890 0.026717 -8.846729 -0.045655 
749 2.101533 0.000000 0.101329 107.430063 -0.053684 -7.965993 -0.160468 
750 2.089321 0.000000 0.101329 105.883582 -0.010041 -5.586445 -0.124254 
751 2.101533 0.000000 0.090070 107.739449 -0.051488 -7.899624 -0.167020 
752 2.113744 0.000000 0.101329 106.834225 -0.107984 -11.458667 -0.154486 
753 2.101533 0.000000 0.112587 107.797890 -0.045151 -7.308510 -0.167380 
754 2.138168 0.000000 -0.067552 99.622006 -0.095437 10.413099 -0.003299 
755 2.162591 0.000000 -0.067552 123.010094 -0.075914 13.887629 -0.532436 
756 2.138168 0.000000 -0.045035 102.236023 -0.086263 6.856486 -0.049922 
757 2.125956 0.000000 -0.101329 110.788993 0.028886 16.163029 -0.253545 
758 2.125956 0.000000 -0.112587 111.758251 0.024232 15.452184 -0.272868 
759 2.138168 0.000000 -0.101329 109.514794 -0.038518 16.331259 -0.226020 
760 2.125956 0.000000 -0.090070 111.663263 0.022411 15.509740 -0.270924 
761 2.138168 0.000000 0.067552 103.782594 -0.081143 -11.437468 -0.090165 
762 2.138168 0.000000 0.045035 105.164098 -0.094601 -7.958470 -0.112283 
763 2.162591 0.000000 0.067552 126.392665 -0.115078 -14.402701 -0.618256 
764 2.125956 0.000000 0.101329 103.907547 -0.204516 -14.939845 -0.102002 
765 2.125956 0.000000 0.090070 104.630587 -0.179469 -14.314426 -0.115249 
766 2.138168 0.000000 0.101329 103.039043 -0.223085 -15.151057 -0.084665 
767 2.125956 0.000000 0.112587 104.704221 -0.177254 -14.258155 -0.116630 
768 2.406827 0.000000 -0.090070 103.948996 -0.107846 5.812881 -0.083920 
769 2.406827 0.000000 -0.180140 101.087831 0.008453 8.499285 -0.029099 
770 2.504521 0.000000 -0.090070 100.860754 -0.041724 7.455240 -0.022847 
771 2.406827 0.000000 0.000000 105.921938 -0.177835 6.628242 -0.126342 
772 2.260285 0.000000 -0.135105 83.615255 -0.068296 4.349834 0.298956 
773 2.260285 0.000000 -0.180140 91.891886 -0.154902 7.463748 0.150015 
774 2.309132 0.000000 -0.135105 101.711806 -0.144336 -2.244962 -0.035035 
775 2.260285 0.000000 -0.090070 67.544252 0.082122 11.282095 0.531048 
776 2.187015 0.000000 -0.112587 99.856390 -0.098100 17.292305 -0.027033 
777 2.187015 0.000000 -0.135105 98.961788 0.007671 14.934074 -0.001646 
778 2.211438 0.000000 -0.112587 90.516363 -0.098064 17.899474 0.148639 
779 2.187015 0.000000 -0.090070 96.661005 -0.098967 17.781853 0.034045 
780 2.150380 0.000000 -0.101329 108.540328 -0.066324 16.189360 -0.204310 
781 2.150380 0.000000 -0.112587 108.976869 -0.062782 16.253312 -0.214013 
782 2.162591 0.000000 -0.101329 105.333276 -0.074019 16.541526 -0.136873 
783 2.150380 0.000000 -0.090070 108.467746 -0.066613 16.178382 -0.202700 
784 2.406827 0.000000 0.090070 104.034344 -0.361227 7.735262 -0.088311 
785 2.504521 0.000000 0.090070 101.173665 -0.185491 6.524053 -0.027871 
786 2.406827 0.000000 0.180140 101.621737 0.045125 5.221627 -0.035424 
787 2.260285 0.000000 0.135105 78.749062 0.012951 5.174015 0.377181 
788 2.260285 0.000000 0.090070 58.141193 -0.244993 -9.531612 0.652869 
789 2.309132 0.000000 0.135105 100.191829 -0.059624 14.470548 -0.024780 
790 2.260285 0.000000 0.180140 89.655592 -0.184336 4.246729 0.194381 
791 2.187015 0.000000 0.112587 94.931646 -0.140459 -13.599299 0.080302 
792 2.187015 0.000000 0.090070 90.437441 -0.162447 -16.446909 0.155054 
793 2.211438 0.000000 0.112587 85.470111 -0.120635 -13.342416 0.251683 
794 2.187015 0.000000 0.135105 95.132861 -0.074383 -9.033467 0.086813 
795 2.150380 0.000000 0.101329 102.399950 -0.212393 -15.062528 -0.071267 
796 2.150380 0.000000 0.090070 102.334517 -0.212726 -15.052690 -0.069898 
797 2.162591 0.000000 0.101329 99.355062 -0.215092 -15.393224 -0.010843 
798 2.150380 0.000000 0.112587 102.740535 -0.215246 -15.111420 -0.078402 
799 2.260285 0.000000 -0.045035 287.305216 0.138426 9.141641 -7.262788 
800 2.309132 0.000000 -0.045035 154.758832 -0.060097 -9.051148 -1.403222 
801 2.260285 0.000000 0.000000 267.258763 -0.005666 3.302016 -6.143815 
802 2.187015 0.000000 -0.067552 152.793336 -0.011291 18.418270 -1.368504 
803 2.211438 0.000000 -0.067552 197.032803 0.063214 25.069694 -2.945042 
804 2.187015 0.000000 -0.045035 157.339516 -0.054979 12.586310 -1.491414 
805 2.174803 0.000000 -0.101329 100.480419 -0.080421 17.428941 -0.040009 
806 2.174803 0.000000 -0.112587 102.420545 -0.043047 16.613374 -0.076597 
807 2.187015 0.000000 -0.101329 96.550864 -0.096007 17.761527 0.036245 
808 2.174803 0.000000 -0.090070 99.973779 -0.080767 17.503905 -0.030115 
809 2.260285 0.000000 0.045035 296.960331 -0.068642 -3.354990 -7.819670 
810 2.309132 0.000000 0.045035 155.510302 -0.145726 23.313058 -1.472697 
811 2.187015 0.000000 0.067552 155.228193 0.005229 -18.257638 -1.442913 
812 2.187015 0.000000 0.045035 158.964537 -0.001509 -12.348049 -1.542220 
813 2.211438 0.000000 0.067552 200.080132 0.007432 -24.578429 -3.063616 
814 2.174803 0.000000 0.101329 94.432057 -0.209784 -16.177411 0.082083 
815 2.174803 0.000000 0.090070 93.913709 -0.209848 -16.241914 0.091637 
816 2.187015 0.000000 0.101329 90.343227 -0.174889 -16.430242 0.156812 
817 2.174803 0.000000 0.112587 97.414573 -0.134996 -13.273452 0.033420 
818 2.235862 0.000000 -0.067552 240.797047 0.129566 24.263378 -4.857195 
819 2.235862 0.000000 -0.090070 72.695535 0.008959 12.133640 0.456813 
820 2.260285 0.000000 -0.067552 65.861837 0.145372 11.004910 0.554109 
821 2.235862 0.000000 -0.045035 241.170169 0.107128 15.842550 -4.841405 
822 2.235862 0.000000 -0.112587 83.211877 -0.083503 12.917450 0.290892 
823 2.235862 0.000000 -0.135105 87.656549 -0.054695 10.962413 0.219615 
824 2.260285 0.000000 -0.112587 71.205178 -0.067937 4.243040 0.491181 
825 2.223650 0.000000 -0.078811 82.174388 -0.040452 14.293631 0.304306 
826 2.211438 0.000000 -0.078811 91.674377 -0.100761 16.677682 0.131765 
827 2.223650 0.000000 -0.090070 82.146846 -0.037879 14.166905 0.305119 
828 2.235862 0.000000 -0.078811 72.473581 0.010015 12.096899 0.460125 
829 2.223650 0.000000 -0.067552 222.921491 0.095792 21.216473 -4.014414 
830 2.235862 0.000000 0.067552 246.237886 -0.034765 -22.732119 -5.114985 
831 2.235862 0.000000 0.045035 245.175475 -0.036375 -13.285821 -5.028753 
832 2.260285 0.000000 0.067552 56.325835 -0.333125 -9.229730 0.674210 
833 2.235862 0.000000 0.090070 63.970520 -0.166882 -10.497987 0.579754 
834 2.235862 0.000000 0.112587 77.297666 -0.073861 -6.887091 0.397763 
835 2.260285 0.000000 0.112587 63.393972 -0.042595 4.115695 0.596426 
836 2.235862 0.000000 0.135105 83.284609 -0.043000 -3.170837 0.305362 
837 2.223650 0.000000 0.078811 74.485203 -0.116152 -12.780110 0.428861 
838 2.211438 0.000000 0.078811 84.913702 -0.063324 -15.260320 0.255678 
839 2.223650 0.000000 0.067552 226.951895 -0.020964 -19.829250 -4.190036 
840 2.235862 0.000000 0.078811 63.718429 -0.167581 -10.456419 0.583060 
841 2.223650 0.000000 0.090070 74.487184 -0.119514 -12.667278 0.429119 
842 2.357979 0.000000 -0.045035 114.515384 -0.039870 4.435061 -0.313344 
843 2.357979 0.000000 -0.090070 109.557404 -0.133701 3.336346 -0.201397 
844 2.406827 0.000000 -0.045035 105.484198 -0.141427 6.241059 -0.116589 
845 2.357979 0.000000 0.000000 116.280152 -0.060263 6.667088 -0.356553 
846 2.284709 0.000000 -0.067552 206.458298 -0.040560 -60.153894 -3.624352 
847 2.284709 0.000000 -0.090070 100.406902 -0.015775 -46.193568 -0.221539 
848 2.309132 0.000000 -0.067552 138.332005 0.001316 -13.591250 -0.932047 
849 2.284709 0.000000 -0.045035 233.944976 -0.034338 -23.580859 -4.528631 
850 2.248074 0.000000 -0.078811 68.887056 0.048417 11.503397 0.512224 
851 2.248074 0.000000 -0.090070 69.285029 0.042169 11.569216 0.506574 
852 2.260285 0.000000 -0.078811 66.263013 0.125954 11.071239 0.548662 
853 2.248074 0.000000 -0.067552 68.237015 0.060380 11.395999 0.521384 
854 2.357979 0.000000 0.045035 114.357153 -0.188219 9.482158 -0.316751 
855 2.406827 0.000000 0.045035 105.479781 -0.352073 7.513987 -0.118257 
856 2.357979 0.000000 0.090070 109.447286 -0.245873 10.174881 -0.208230 
857 2.284709 0.000000 0.067552 212.709559 -0.118175 78.766592 -4.144955 
858 2.284709 0.000000 0.045035 240.720797 -0.073465 37.259356 -4.933477 
859 2.309132 0.000000 0.067552 138.284450 -0.201752 28.329555 -0.992519 
860 2.284709 0.000000 0.090070 94.681932 -0.073085 62.972075 -0.293016 
861 2.248074 0.000000 0.078811 59.633559 -0.202719 -9.780709 0.634814 
862 2.248074 0.000000 0.067552 58.898692 -0.215975 -9.658596 0.643761 
863 2.260285 0.000000 0.078811 56.748639 -0.304780 -9.299014 0.669303 
864 2.248074 0.000000 0.090070 60.086535 -0.196384 -9.855848 0.629243 
865 -8.241827 0.000000 -8.646699 98.480304 -0.000081 17.364748 0.000010 
866 -11.368037 0.000000 -8.646699 98.480555 -0.000044 17.364805 0.000004 
867 -8.241827 0.000000 -11.528932 98.480298 -0.000083 17.364699 0.000010 
868 10.515434 0.000000 -8.646699 98.481417 -0.000862 17.357873 0.000011 
869 10.515434 0.000000 -11.528932 98.480934 -0.000640 17.360688 0.000011 
870 13.641644 0.000000 -8.646699 98.481582 -0.000839 17.358491 0.000006 
871 -8.241827 0.000000 8.646699 98.481379 0.000028 17.364761 -0.000012 
872 -11.368037 0.000000 8.646699 98.481079 0.000026 17.364808 -0.000006 
873 -8.241827 0.000000 11.528932 98.481394 0.000048 17.364701 -0.000012 
874 -3.552511 0.000000 -4.323349 98.478596 -0.002182 17.363567 0.000047 
875 -5.115617 0.000000 -4.323349 98.479781 -0.000916 17.364143 0.000022 
876 -3.552511 0.000000 -5.764466 98.478914 -0.002320 17.363394 0.000042 
877 10.515434 0.000000 8.646699 98.483675 0.001271 17.350217 -0.000006 
878 13.641644 0.000000 8.646699 98.483960 0.001444 17.347585 -0.000003 
879 10.515434 0.000000 11.528932 98.482442 0.000861 17.357509 -0.000007 
880 5.826119 0.000000 -4.323349 98.483073 -0.009160 17.336380 0.000053 
881 5.826119 0.000000 -5.764466 98.482712 -0.003852 17.349008 0.000017 
882 7.389224 0.000000 -4.323349 98.484567 -0.003277 17.339863 0.000012 
883 -3.552511 0.000000 4.323349 98.482631 0.003382 17.364106 -0.000034 
884 -5.115617 0.000000 4.323349 98.481601 0.001800 17.364353 -0.000015 
885 -3.552511 0.000000 5.764466 98.482745 0.003352 17.363909 -0.000036 
886 -1.207854 0.000000 -2.161675 98.467381 0.024850 17.352574 0.000306 
887 -1.989406 0.000000 -2.161675 98.473565 0.011134 17.360345 0.000158 
888 -1.207854 0.000000 -2.882233 98.470229 0.025505 17.355231 0.000241 
889 5.826119 0.000000 4.323349 98.491604 0.005663 17.307329 -0.000014 
890 7.389224 0.000000 4.323349 98.492198 0.002872 17.298459 0.000005 
891 5.826119 0.000000 5.764466 98.485562 0.002474 17.336719 0.000003 
892 3.481461 0.000000 -2.161675 98.504495 0.024125 17.260621 -0.000107 
893 3.481461 0.000000 -2.882233 98.497003 0.002543 17.305195 -0.000113 
894 4.263014 0.000000 -2.161675 98.499832 -0.006851 17.265632 -0.000032 
895 -1.207854 0.000000 2.161675 98.484933 -0.032417 17.360893 -0.000068 
896 -1.989406 0.000000 2.161675 98.482500 -0.014857 17.363507 -0.000029 
897 -1.207854 0.000000 2.882233 98.488237 -0.028876 17.361637 -0.000136 
898 -0.817078 0.000000 -1.080837 98.444655 0.007847 17.343741 0.000784 
899 -1.207854 0.000000 -1.080837 98.464703 0.011356 17.346140 0.000381 
900 -0.817078 0.000000 -1.441116 98.457525 -0.000629 17.335819 0.000559 
901 3.481461 0.000000 2.161675 98.498532 -0.015886 17.155660 0.000372 
902 4.263014 0.000000 2.161675 98.518095 0.014183 17.115554 0.000124 
903 3.481461 0.000000 2.882233 98.489729 0.002326 17.257767 0.000194 
904 -0.230913 0.000000 -0.540419 98.180219 0.007978 17.432846 0.005674 
905 -0.426301 0.000000 -0.540419 98.422482 0.084622 17.291838 0.001400 
906 -0.230913 0.000000 -0.720558 98.206351 -0.004621 17.349936 0.005449 
907 0.941416 0.000000 -0.540419 97.912958 0.042416 16.364683 0.014525 
908 0.941416 0.000000 -0.720558 98.206179 0.041467 16.740350 0.007531 
909 -0.817078 0.000000 1.080837 98.471766 -0.019024 17.360310 0.000193 
910 -1.207854 0.000000 1.080837 98.476379 -0.035161 17.359863 0.000104 
911 -0.817078 0.000000 1.441116 98.478266 -0.070823 17.357858 0.000073 
912 -0.230913 0.000000 0.540419 98.524324 0.007693 17.248112 -0.000454 
913 -0.426301 0.000000 0.540419 98.449781 0.092284 17.254700 0.000991 
914 -0.230913 0.000000 0.720558 98.360561 -0.110055 17.208239 0.002906 
915 -0.133219 0.000000 -0.270209 98.441018 -0.043367 18.004168 -0.001479 
916 -0.230913 0.000000 -0.270209 98.542556 0.199160 17.732957 -0.002513 
917 -0.133219 0.000000 -0.360279 97.769668 0.146242 17.743646 0.012623 
918 0.941416 0.000000 0.540419 99.005366 -0.021073 16.308768 -0.006804 
919 0.941416 0.000000 0.720558 98.591931 -0.000314 16.775878 -0.000180 
920 -0.133219 0.000000 0.270209 99.349081 -0.142253 16.695013 -0.014898 
921 -0.230913 0.000000 0.270209 98.955558 0.081984 17.043873 -0.008270 
922 -0.133219 0.000000 0.360279 98.589286 -0.026306 16.871522 -0.000450 
923 0.037745 0.000000 -0.112587 74.925846 0.041520 5.096648 0.436014 
924 0.013322 0.000000 -0.112587 64.388433 0.015305 17.267885 0.555595 
925 0.037745 0.000000 -0.135105 81.574721 0.099393 9.971487 0.324612 
926 0.648333 0.000000 -0.270209 102.578013 -0.023702 4.647569 -0.054385 
927 0.648333 0.000000 -0.360279 98.008968 -0.014453 15.938446 0.014021 
928 0.746027 0.000000 -0.270209 104.066946 0.038179 6.881683 -0.087729 
929 0.648333 0.000000 0.270209 103.284576 -0.052396 4.645470 -0.068929 
930 0.746027 0.000000 0.270209 105.458755 0.028507 6.843671 -0.116839 
931 0.648333 0.000000 0.360279 98.777563 -0.140490 15.428272 0.000494 
932 0.037745 0.000000 0.112587 86.169145 -0.253532 19.696594 0.218686 
933 0.013322 0.000000 0.112587 77.472467 -0.231817 11.621034 0.386291 
934 0.037745 0.000000 0.135105 90.542420 -0.229446 18.176570 0.147163 
935 0.098804 0.000000 -0.078811 87.991773 0.205248 -14.095626 0.205872 
936 0.098804 0.000000 -0.090070 87.492828 0.337626 -14.316832 0.213992 
937 0.098804 0.000000 -0.067552 88.017521 0.196908 -14.053671 0.205537 
938 0.098804 0.000000 0.078811 100.059927 0.257636 17.245113 -0.030945 
939 0.098804 0.000000 0.067552 100.090614 0.258335 17.278475 -0.031674 
940 0.098804 0.000000 0.090070 99.399809 0.242410 16.948466 -0.016763 
941 0.233134 0.000000 -0.067552 50.077995 0.049481 -4.014538 0.747608 
942 0.233134 0.000000 -0.045035 51.140570 -0.093687 -3.072579 0.737519 
943 0.233134 0.000000 0.067552 50.557124 -0.148845 4.419136 0.742443 
944 0.233134 0.000000 0.045035 51.145180 -0.144199 3.364629 0.737283 
945 0.501792 0.000000 -0.045035 99.810976 -0.015703 12.568700 -0.012020 
946 0.550639 0.000000 -0.045035 102.906997 -0.019493 15.897034 -0.084257 
947 0.501792 0.000000 0.000000 102.977549 -0.020947 16.451871 -0.087504 
948 0.501792 0.000000 0.045035 100.071837 -0.026217 12.564622 -0.017224 
949 0.550639 0.000000 0.045035 103.043253 -0.023981 15.900183 -0.087073 
950 0.428522 0.000000 -0.067552 95.936688 -0.011219 5.323790 0.076781 
951 0.452945 0.000000 -0.067552 96.373801 -0.008558 9.146828 0.062843 
952 0.428522 0.000000 -0.045035 96.430161 -0.014655 3.437055 0.068941 
953 0.367463 0.000000 -0.101329 103.455566 0.055303 -2.913787 -0.071155 
954 0.367463 0.000000 -0.112587 103.553084 0.044998 -2.394141 -0.072898 
955 0.367463 0.000000 -0.090070 103.862624 0.053818 -2.650346 -0.079447 
956 0.428522 0.000000 0.067552 96.603053 -0.037838 5.312594 0.063963 
957 0.428522 0.000000 0.045035 97.089949 -0.039410 3.430383 0.056177 
958 0.452945 0.000000 0.067552 97.026422 -0.034855 9.142174 0.050229 
959 0.367463 0.000000 0.101329 105.901844 0.000226 3.651106 -0.122853 
960 0.367463 0.000000 0.090070 106.282784 -0.001472 3.376398 -0.130743 
961 0.367463 0.000000 0.112587 105.715554 -0.002239 3.104319 -0.118542 
962 1.722968 0.000000 -0.540419 98.755933 0.051214 15.751433 -0.000084 
963 1.722968 0.000000 -0.720558 98.691912 0.010017 16.352653 -0.000750 
964 1.722968 0.000000 0.540419 98.610730 0.084611 14.823866 0.005617 
965 1.722968 0.000000 0.720558 98.349522 -0.060461 15.826634 0.007689 
966 1.429886 0.000000 -0.270209 104.658626 0.091636 3.256056 -0.096404 
967 1.429886 0.000000 -0.360279 98.980186 -0.086239 14.217982 0.000076 
968 1.527580 0.000000 -0.270209 104.465830 0.052889 2.773516 -0.092080 
969 1.429886 0.000000 0.270209 102.623545 0.144570 2.828998 -0.053962 
970 1.527580 0.000000 0.270209 103.653484 0.211751 2.338437 -0.074956 
971 1.429886 0.000000 0.360279 98.224356 -0.072051 13.196979 0.017781 
972 3.090685 0.000000 -1.080837 98.549849 0.002027 16.975527 -0.000024 
973 3.090685 0.000000 -1.441116 98.528187 0.019038 17.133671 -0.000137 
974 3.481461 0.000000 -1.080837 98.545497 0.006802 17.005044 -0.000039 
975 2.504521 0.000000 -0.540419 98.703648 0.005920 15.799779 0.000796 
976 2.504521 0.000000 -0.720558 98.610829 0.008156 16.436268 0.000575 
977 2.699909 0.000000 -0.540419 98.717067 0.002513 15.928689 0.000122 
978 3.090685 0.000000 1.080837 98.612799 -0.002497 16.290087 0.001015 
979 3.481461 0.000000 1.080837 98.680541 -0.000061 16.080251 0.000358 
980 3.090685 0.000000 1.441116 98.526903 -0.014980 16.849998 0.000853 
981 2.504521 0.000000 0.540419 99.031110 0.002657 13.001615 0.002380 
982 2.699909 0.000000 0.540419 99.274085 0.021524 12.219669 -0.000466 
983 2.504521 0.000000 0.720558 98.503502 0.017061 15.204884 0.006587 
984 2.406827 0.000000 -0.270209 99.493009 -0.075318 11.809251 -0.003832 
985 2.406827 0.000000 -0.360279 98.753435 -0.184761 13.753961 0.005855 
986 2.504521 0.000000 -0.270209 99.408854 -0.204943 12.593323 -0.004075 
987 2.406827 0.000000 0.270209 100.243171 -0.044356 6.546403 -0.009155 
988 2.504521 0.000000 0.270209 100.354646 -0.029198 5.837954 -0.010514 
989 2.406827 0.000000 0.360279 99.284786 -0.015865 9.258426 0.005681 
990 2.357979 0.000000 -0.135105 104.323015 -0.148864 4.243154 -0.090132 
991 2.357979 0.000000 -0.180140 101.262796 -0.020486 6.727792 -0.029942 
992 2.406827 0.000000 -0.135105 102.442111 -0.024482 6.690119 -0.053914 
993 2.284709 0.000000 -0.112587 88.814934 -0.049736 -14.915433 0.188943 
994 2.284709 0.000000 -0.135105 91.473322 -0.120160 -3.541120 0.162008 
995 2.309132 0.000000 -0.112587 108.389311 -0.072662 -7.095405 -0.179859 
996 2.357979 0.000000 0.135105 104.172150 -0.258660 8.307649 -0.092092 
997 2.406827 0.000000 0.135105 102.724255 -0.108903 6.118863 -0.058973 
998 2.357979 0.000000 0.180140 101.285581 -0.147058 6.781272 -0.030478 
999 2.284709 0.000000 0.112587 83.467859 0.001166 27.613665 0.227060 
1000 2.309132 0.000000 0.112587 106.722819 0.003490 20.034664 -0.179115 
1001 2.284709 0.000000 0.135105 87.899399 -0.023890 15.141421 0.204443 
1 11 62 60 61 
2 62 10 24 60 
3 60 24 14 63 
4 61 60 63 6 
5 24 66 64 65 
6 66 23 40 64 
7 64 40 27 67 
8 65 64 67 14 
9 40 70 68 69 
10 69 68 71 27 
11 6 63 92 93 
12 63 14 36 92 
13 92 36 19 94 
14 93 92 94 20 
15 14 67 95 96 
16 67 27 52 95 
17 95 52 35 97 
18 96 95 97 36 
19 27 71 98 99 
20 99 98 100 52 
21 68 112 110 111 
22 112 56 80 110 
23 110 80 43 113 
24 111 110 113 71 
25 80 116 114 115 
26 115 114 117 43 
27 71 113 133 134 
28 113 43 102 133 
29 133 102 76 135 
30 134 133 135 98 
31 43 117 136 137 
32 137 136 138 102 
33 114 141 139 140 
34 141 106 129 139 
35 139 129 83 142 
36 140 139 142 117 
37 129 149 147 148 
38 147 150 132 151 
39 148 147 151 83 
40 117 142 152 153 
41 142 83 144 152 
42 152 144 125 154 
43 153 152 154 136 
44 83 151 155 156 
45 151 132 157 155 
46 156 155 158 144 
47 12 161 159 160 
48 161 7 162 159 
49 159 162 13 25 
50 160 159 25 10 
51 25 165 163 164 
52 165 13 166 163 
53 163 166 26 41 
54 164 163 41 23 
55 41 169 167 168 
56 169 26 170 167 
57 167 170 42 57 
58 168 167 57 39 
59 39 173 171 172 
60 173 57 174 171 
61 171 174 55 81 
62 172 171 81 56 
63 81 177 175 176 
64 177 55 178 175 
65 175 178 82 107 
66 176 175 107 79 
67 79 181 179 180 
68 181 107 182 179 
69 179 182 105 130 
70 180 179 130 106 
71 106 185 183 184 
72 185 130 186 183 
73 184 183 149 129 
74 195 197 109 198 
75 150 195 198 132 
76 149 201 199 200 
77 201 128 202 199 
78 199 202 150 203 
79 200 199 203 147 
80 132 198 210 157 
81 198 109 211 210 
82 19 38 213 214 
83 38 21 215 213 
84 213 215 9 216 
85 214 213 216 22 
86 35 54 217 218 
87 54 37 219 217 
88 217 219 21 220 
89 218 217 220 38 
90 51 78 221 222 
91 78 53 223 221 
92 221 223 37 224 
93 222 221 224 54 
94 76 104 225 226 
95 104 75 227 225 
96 225 227 78 228 
97 226 225 228 51 
98 101 127 229 230 
99 127 103 231 229 
100 229 231 75 232 
101 230 229 232 104 
102 125 146 233 234 
103 146 124 235 233 
104 233 235 127 236 
105 234 233 236 101 
106 144 158 237 238 
107 237 239 146 240 
108 238 237 240 125 
109 155 243 241 242 
110 243 157 244 241 
111 241 244 143 245 
112 242 241 245 158 
113 130 247 246 186 
114 247 105 248 246 
115 249 251 195 252 
116 202 249 252 150 
117 186 255 253 254 
118 255 246 256 253 
119 253 256 196 250 
120 254 253 250 128 
121 128 259 257 258 
122 259 250 260 257 
123 257 260 249 261 
124 258 257 261 202 
125 262 263 124 264 
126 239 262 264 146 
127 157 266 265 244 
128 266 210 267 265 
129 143 268 269 270 
130 268 212 271 269 
131 269 271 262 272 
132 270 269 272 239 
133 244 275 273 274 
134 275 265 276 273 
135 273 276 268 277 
136 274 273 277 143 
137 278 280 194 281 
138 197 278 281 109 
139 283 131 284 282 
140 282 284 197 285 
141 251 282 285 195 
142 107 287 286 182 
143 287 82 288 286 
144 286 288 108 192 
145 182 286 192 105 
146 105 290 289 248 
147 290 192 291 289 
148 246 293 292 256 
149 293 248 294 292 
150 292 294 131 283 
151 256 292 283 196 
152 196 297 295 296 
153 297 283 298 295 
154 295 298 282 299 
155 296 295 299 251 
156 109 281 300 211 
157 281 194 301 300 
158 210 304 303 267 
159 304 211 305 303 
160 303 305 145 306 
161 124 209 307 235 
162 209 126 308 307 
163 307 308 103 309 
164 235 307 309 127 
165 310 311 209 312 
166 263 310 312 124 
167 212 306 313 271 
168 306 145 314 313 
169 313 314 263 315 
170 271 313 315 262 
171 267 318 316 317 
172 318 303 319 316 
173 316 319 306 320 
174 317 316 320 212 
175 248 322 321 294 
176 322 289 323 321 
177 294 321 324 131 
178 192 330 329 291 
179 330 108 331 329 
180 289 334 333 323 
181 334 291 335 333 
182 333 335 191 336 
183 323 333 336 279 
184 131 324 337 284 
185 324 279 338 337 
186 337 338 278 339 
187 284 337 339 197 
188 321 342 340 341 
189 342 323 343 340 
190 340 343 279 344 
191 341 340 344 324 
192 145 346 345 314 
193 345 347 310 348 
194 314 345 348 263 
195 211 350 349 305 
196 350 300 351 349 
197 349 351 302 346 
198 305 349 346 145 
199 355 357 126 358 
200 311 355 358 209 
201 302 360 359 347 
202 360 207 361 359 
203 359 361 311 362 
204 347 359 362 310 
205 346 365 363 364 
206 365 302 366 363 
207 363 366 347 367 
208 364 363 367 345 
209 368 369 59 370 
210 280 368 370 194 
211 291 372 371 335 
212 372 329 373 371 
213 371 373 332 374 
214 191 374 375 376 
215 374 332 377 375 
216 375 377 368 378 
217 376 375 378 280 
218 335 381 379 380 
219 381 371 382 379 
220 379 382 374 383 
221 380 379 383 191 
222 194 370 384 301 
223 370 59 385 384 
224 387 356 388 386 
225 386 388 355 389 
226 361 386 389 311 
227 301 392 390 391 
228 392 384 393 390 
229 390 393 356 387 
230 391 390 387 207 
231 207 396 394 395 
232 396 387 397 394 
233 394 397 386 398 
234 395 394 398 361 
235 57 400 399 174 
236 400 42 401 399 
237 399 401 58 89 
238 174 399 89 55 
239 55 403 402 178 
240 403 89 404 402 
241 402 404 88 188 
242 178 402 188 82 
243 82 406 405 288 
244 406 188 407 405 
245 405 407 187 326 
246 288 405 326 108 
247 108 409 408 331 
248 409 326 410 408 
249 329 413 412 373 
250 413 331 414 412 
251 373 412 415 332 
252 75 123 416 227 
253 123 77 417 416 
254 416 417 53 418 
255 227 416 418 78 
256 103 206 419 231 
257 206 121 420 419 
258 419 420 123 421 
259 231 419 421 75 
260 126 354 422 308 
261 354 204 423 422 
262 422 423 206 424 
263 308 422 424 103 
264 425 427 354 428 
265 357 425 428 126 
266 356 430 429 388 
267 429 431 357 432 
268 388 429 432 355 
269 433 434 328 435 
270 369 433 435 59 
271 331 437 436 414 
272 437 408 438 436 
273 332 415 440 377 
274 415 193 441 440 
275 440 441 369 442 
276 377 440 442 368 
277 412 445 443 444 
278 445 414 446 443 
279 443 446 193 447 
280 444 443 447 415 
281 59 435 448 385 
282 435 328 449 448 
283 384 451 450 393 
284 451 385 452 450 
285 450 452 208 430 
286 393 450 430 356 
287 453 455 425 456 
288 431 453 456 357 
289 430 459 457 458 
290 459 208 460 457 
291 457 460 431 461 
292 458 457 461 429 
293 88 467 466 189 
294 467 90 468 466 
295 466 468 5 469 
296 189 466 469 91 
297 187 471 470 327 
298 471 189 472 470 
299 470 472 91 473 
300 327 470 473 190 
301 326 475 474 410 
302 475 187 476 474 
303 474 476 327 477 
304 410 474 477 325 
305 408 479 478 438 
306 479 410 480 478 
307 478 480 325 481 
308 438 478 481 411 
309 193 439 482 441 
310 439 411 483 482 
311 482 483 433 484 
312 441 482 484 369 
313 436 487 485 486 
314 487 438 488 485 
315 485 488 411 489 
316 486 485 489 439 
317 385 491 490 452 
318 491 448 492 490 
319 490 492 426 454 
320 452 490 454 208 
321 91 469 496 205 
322 469 5 497 496 
323 496 497 122 498 
324 205 496 498 121 
325 190 473 499 353 
326 473 91 500 499 
327 499 500 205 501 
328 353 499 501 204 
329 352 503 502 427 
330 503 353 504 502 
331 502 504 204 505 
332 427 502 505 354 
333 426 507 506 455 
334 507 352 508 506 
335 506 508 427 509 
336 455 506 509 425 
337 454 512 510 511 
338 512 426 513 510 
339 510 513 455 514 
340 511 510 514 453 
341 468 524 522 523 
342 522 525 518 526 
343 523 522 526 5 
344 5 526 527 528 
345 526 518 529 527 
346 528 527 530 497 
347 7 532 531 162 
348 532 16 533 531 
349 531 533 15 32 
350 162 531 32 13 
351 13 535 534 166 
352 535 32 536 534 
353 534 536 31 48 
354 166 534 48 26 
355 26 538 537 170 
356 538 48 539 537 
357 537 539 47 85 
358 170 537 85 42 
359 42 541 540 401 
360 541 85 542 540 
361 540 542 84 463 
362 401 540 463 58 
363 58 545 543 544 
364 545 463 546 543 
365 543 546 462 516 
366 544 543 516 90 
367 90 549 547 548 
368 549 516 550 547 
369 547 550 515 524 
370 548 547 524 468 
371 15 552 551 33 
372 552 17 553 551 
373 551 553 8 554 
374 33 551 554 18 
375 31 556 555 49 
376 556 33 557 555 
377 555 557 18 558 
378 49 555 558 34 
379 560 49 561 559 
380 559 561 34 562 
381 462 568 567 517 
382 568 464 569 567 
383 567 569 87 570 
384 517 567 570 465 
385 515 572 571 525 
386 572 517 573 571 
387 571 573 465 574 
388 525 571 574 518 
389 524 577 575 576 
390 577 515 578 575 
391 575 578 525 579 
392 576 575 579 522 
393 18 554 580 45 
394 554 8 581 580 
395 580 581 29 582 
396 45 580 582 28 
397 34 558 583 73 
398 558 18 584 583 
399 583 584 45 585 
400 73 583 585 44 
401 562 34 587 586 
402 586 587 73 588 
403 465 570 592 520 
404 570 87 593 592 
405 592 593 494 594 
406 520 592 594 493 
407 518 574 595 529 
408 574 465 596 595 
409 595 596 520 597 
410 529 595 597 519 
411 21 46 598 215 
412 46 28 599 598 
413 598 599 30 600 
414 215 598 600 9 
415 37 74 601 219 
416 74 44 602 601 
417 601 602 46 603 
418 219 601 603 21 
419 53 120 604 223 
420 120 72 605 604 
421 604 605 74 606 
422 223 604 606 37 
423 77 495 607 417 
424 495 118 608 607 
425 607 608 120 609 
426 417 607 609 53 
427 122 521 610 611 
428 521 493 612 610 
429 610 612 495 613 
430 611 610 613 77 
431 497 530 614 615 
432 530 519 616 614 
433 614 616 521 617 
434 615 614 617 122 
435 527 620 618 619 
436 620 529 621 618 
437 618 621 519 622 
438 619 618 622 530 
439 569 632 630 631 
440 631 630 634 87 
441 87 634 635 636 
442 636 635 638 593 
443 85 640 639 542 
444 640 47 641 639 
445 639 641 86 564 
446 542 639 564 84 
447 84 644 642 643 
448 644 564 645 642 
449 642 645 563 624 
450 643 642 624 464 
451 464 648 646 647 
452 648 624 649 646 
453 646 649 623 632 
454 647 646 632 569 
455 86 651 650 565 
456 651 559 652 650 
457 650 652 562 653 
458 565 650 653 50 
459 655 565 656 654 
460 654 656 50 657 
461 632 664 662 663 
462 664 623 665 662 
463 663 662 666 630 
464 50 653 667 590 
465 653 562 668 667 
466 667 668 586 669 
467 590 667 669 119 
468 657 50 671 670 
469 670 671 590 672 
470 118 591 676 608 
471 591 119 677 676 
472 676 677 72 678 
473 608 676 678 120 
474 494 629 679 680 
475 629 589 681 679 
476 679 681 591 682 
477 680 679 682 118 
478 593 638 683 684 
479 638 627 685 683 
480 683 685 629 686 
481 684 683 686 494 
482 635 689 687 688 
483 687 690 627 691 
484 688 687 691 638 
485 624 693 692 649 
486 693 563 694 692 
487 692 694 625 659 
488 649 692 659 623 
489 623 696 695 665 
490 696 659 697 695 
491 630 666 699 700 
492 699 701 626 702 
493 700 699 702 634 
494 662 705 703 704 
495 705 665 706 703 
496 704 703 707 666 
497 634 702 708 709 
498 702 626 710 708 
499 709 708 689 635 
500 627 675 711 685 
501 675 628 712 711 
502 711 712 589 713 
503 685 711 713 629 
504 714 716 675 717 
505 690 714 717 627 
506 689 720 718 719 
507 718 721 690 722 
508 719 718 722 687 
509 723 724 661 725 
510 701 723 725 626 
511 665 727 726 706 
512 727 695 728 726 
513 666 707 730 731 
514 707 633 732 730 
515 730 732 701 733 
516 731 730 733 699 
517 703 736 734 735 
518 736 706 737 734 
519 734 737 633 738 
520 735 734 738 707 
521 626 725 739 710 
522 725 661 740 739 
523 708 743 741 742 
524 743 710 744 741 
525 741 744 637 720 
526 742 741 720 689 
527 745 747 714 748 
528 721 745 748 690 
529 720 751 749 750 
530 751 637 752 749 
531 749 752 721 753 
532 750 749 753 718 
533 633 729 754 732 
534 729 698 755 754 
535 754 755 723 756 
536 732 754 756 701 
537 706 758 757 737 
538 758 726 759 757 
539 757 759 729 760 
540 737 757 760 633 
541 710 762 761 744 
542 762 739 763 761 
543 761 763 715 746 
544 744 761 746 637 
545 637 765 764 752 
546 765 746 766 764 
547 764 766 745 767 
548 752 764 767 721 
549 769 654 770 768 
550 768 770 657 771 
551 659 773 772 697 
552 773 625 774 772 
553 695 777 776 728 
554 777 697 778 776 
555 776 778 658 779 
556 726 781 780 759 
557 781 728 782 780 
558 780 782 698 783 
559 759 780 783 729 
560 771 657 785 784 
561 784 785 670 786 
562 787 789 628 790 
563 716 787 790 675 
564 792 673 793 791 
565 791 793 716 794 
566 747 791 794 714 
567 746 796 795 766 
568 796 715 797 795 
569 795 797 747 798 
570 766 795 798 745 
571 799 800 566 801 
572 724 799 801 661 
573 698 779 802 755 
574 779 658 803 802 
575 802 803 724 804 
576 755 802 804 723 
577 728 806 805 782 
578 806 776 807 805 
579 805 807 779 808 
580 782 805 808 698 
581 661 801 809 740 
582 801 566 810 809 
583 739 812 811 763 
584 812 740 813 811 
585 811 813 673 792 
586 763 811 792 715 
587 715 815 814 797 
588 815 792 816 814 
589 814 816 791 817 
590 797 814 817 747 
591 818 820 799 821 
592 803 818 821 724 
593 697 823 822 778 
594 823 772 824 822 
595 822 824 775 819 
596 778 822 819 658 
597 658 827 825 826 
598 827 819 828 825 
599 825 828 818 829 
600 826 825 829 803 
601 740 831 830 813 
602 831 809 832 830 
603 673 833 834 793 
604 833 788 835 834 
605 834 835 787 836 
606 793 834 836 716 
607 813 839 837 838 
608 839 830 840 837 
609 837 840 833 841 
610 838 837 841 673 
611 660 843 842 800 
612 843 768 844 842 
613 842 844 771 845 
614 800 842 845 566 
615 775 847 846 820 
616 847 660 848 846 
617 846 848 800 849 
618 820 846 849 799 
619 819 851 850 828 
620 851 775 852 850 
621 850 852 820 853 
622 828 850 853 818 
623 566 845 854 810 
624 845 771 855 854 
625 854 855 784 856 
626 810 854 856 674 
627 809 858 857 832 
628 858 810 859 857 
629 857 859 674 860 
630 832 857 860 788 
631 830 862 861 840 
632 862 832 863 861 
633 861 863 788 864 
634 840 861 864 833 
635 1 867 865 866 
636 867 12 160 865 
637 865 160 10 62 
638 866 865 62 11 
639 16 869 868 533 
640 869 2 870 868 
641 868 870 17 552 
642 533 868 552 15 
643 20 94 871 872 
644 94 19 214 871 
645 871 214 22 873 
646 872 871 873 4 
647 10 876 874 875 
648 876 25 164 874 
649 874 164 23 66 
650 875 874 66 24 
651 28 582 877 599 
652 582 29 878 877 
653 877 878 3 879 
654 599 877 879 30 
655 32 881 880 536 
656 881 15 882 880 
657 880 882 33 556 
658 536 880 556 31 
659 36 97 883 884 
660 97 35 218 883 
661 883 218 38 885 
662 884 883 885 19 
663 23 888 886 887 
664 888 41 168 886 
665 886 168 39 70 
666 887 886 70 40 
667 44 585 889 602 
668 585 45 890 889 
669 889 890 28 891 
670 602 889 891 46 
671 48 893 892 539 
672 893 31 894 892 
673 892 894 49 560 
674 539 892 560 47 
675 52 100 895 896 
676 100 51 222 895 
677 895 222 54 897 
678 896 895 897 35 
679 70 900 898 899 
680 900 39 172 898 
681 898 172 56 112 
682 899 898 112 68 
683 72 588 901 605 
684 588 73 902 901 
685 901 902 44 903 
686 605 901 903 74 
687 56 906 904 905 
688 906 81 176 904 
689 904 176 79 116 
690 905 904 116 80 
691 89 908 907 404 
692 908 58 544 907 
693 907 544 90 467 
694 404 907 467 88 
695 98 135 909 910 
696 135 76 226 909 
697 909 226 51 911 
698 910 909 911 100 
699 102 138 912 913 
700 138 101 230 912 
701 912 230 104 914 
702 913 912 914 76 
703 116 917 915 916 
704 917 79 180 915 
705 915 180 106 141 
706 916 915 141 114 
707 121 498 918 420 
708 498 122 611 918 
709 918 611 77 919 
710 420 918 919 123 
711 136 154 920 921 
712 154 125 234 920 
713 920 234 101 922 
714 921 920 922 138 
715 183 925 923 924 
716 925 186 254 923 
717 923 254 128 201 
718 924 923 201 149 
719 188 927 926 407 
720 927 88 928 926 
721 926 928 189 471 
722 407 926 471 187 
723 204 501 929 423 
724 501 205 930 929 
725 929 930 121 931 
726 423 929 931 206 
727 158 245 932 933 
728 245 143 270 932 
729 932 270 239 934 
730 933 932 934 237 
731 250 936 935 260 
732 936 196 296 935 
733 935 296 251 937 
734 260 935 937 249 
735 265 939 938 276 
736 939 267 317 938 
737 938 317 212 940 
738 276 938 940 268 
739 279 336 941 338 
740 336 191 376 941 
741 941 376 280 942 
742 338 941 942 278 
743 300 944 943 351 
744 944 301 391 943 
745 943 391 207 360 
746 351 943 360 302 
747 325 477 945 434 
748 477 327 946 945 
749 945 946 190 947 
750 434 945 947 328 
751 328 947 948 449 
752 947 190 949 948 
753 948 949 353 503 
754 449 948 503 352 
755 411 481 950 483 
756 481 325 951 950 
757 950 951 434 952 
758 483 950 952 433 
759 414 954 953 446 
760 954 436 486 953 
761 953 486 439 955 
762 446 953 955 193 
763 448 957 956 492 
764 957 449 958 956 
765 956 958 352 507 
766 492 956 507 426 
767 208 960 959 460 
768 960 454 511 959 
769 959 511 453 961 
770 460 959 961 431 
771 463 963 962 546 
772 963 84 643 962 
773 962 643 464 568 
774 546 962 568 462 
775 493 594 964 612 
776 594 494 680 964 
777 964 680 118 965 
778 612 964 965 495 
779 516 967 966 550 
780 967 462 968 966 
781 966 968 517 572 
782 550 966 572 515 
783 519 597 969 616 
784 597 520 970 969 
785 969 970 493 971 
786 616 969 971 521 
787 47 973 972 641 
788 973 560 974 972 
789 972 974 559 651 
790 641 972 651 86 
791 564 976 975 645 
792 976 86 977 975 
793 975 977 565 655 
794 645 975 655 563 
795 119 669 978 677 
796 669 586 979 978 
797 978 979 588 980 
798 677 978 980 72 
799 589 672 981 681 
800 672 590 982 981 
801 981 982 119 983 
802 681 981 983 591 
803 563 985 984 694 
804 985 655 986 984 
805 984 986 654 769 
806 694 984 769 625 
807 628 786 987 712 
808 786 670 988 987 
809 987 988 672 989 
810 712 987 989 589 
811 625 991 990 774 
812 991 769 992 990 
813 990 992 768 843 
814 774 990 843 660 
815 772 994 993 824 
816 994 774 995 993 
817 993 995 660 847 
818 824 993 847 775 
819 674 856 996 789 
820 856 784 997 996 
821 996 997 786 998 
822 789 996 998 628 
823 788 860 999 835 
824 860 674 1000 999 
825 999 1000 789 1001 
826 835 999 1001 787 
