2 0.000000 100.000000 211.018442
991 820 
1 -11.368037 0.000000 -11.630765 98.480370 -0.001859 17.364863 0.000008 
2 13.641644 0.000000 -11.630765 98.481149 -0.031691 17.358972 0.000013 
3 13.641644 0.000000 11.630765 98.483255 0.048251 17.353140 -0.000009 
4 -11.368037 0.000000 11.630765 98.481310 0.002876 17.364856 -0.000011 
5 1.136804 0.000000 0.000000 102.831742 0.000805 16.423062 -0.084408 
6 -11.368037 0.000000 0.000000 98.480837 0.000528 17.365006 -0.000002 
7 1.136804 0.000000 -11.630765 98.477188 -0.016556 17.361570 0.000082 
8 13.641644 0.000000 0.000000 98.529763 -0.229804 17.085933 -0.000010 
9 1.136804 0.000000 11.630765 98.485667 0.020231 17.360963 -0.000083 
10 -5.115617 0.000000 -5.815382 98.479159 -0.004677 17.364794 0.000032 
11 -11.368037 0.000000 -5.815382 98.480527 -0.000829 17.364957 0.000004 
12 -5.115617 0.000000 -11.630765 98.479299 -0.005160 17.364541 0.000030 
13 1.136804 0.000000 -5.815382 98.475135 -0.027691 17.352130 0.000155 
14 -5.115617 0.000000 0.000000 98.480665 0.000251 17.365312 0.000000 
15 7.389224 0.000000 -5.815382 98.482209 -0.063755 17.341020 0.000054 
16 7.389224 0.000000 -11.630765 98.479727 -0.029339 17.358510 0.000042 
17 13.641644 0.000000 -5.815382 98.483409 -0.058744 17.346845 0.000010 
18 7.389224 0.000000 0.000000 98.731600 -0.476323 15.936167 -0.000212 
19 -5.115617 0.000000 5.815382 98.482586 0.005621 17.364935 -0.000036 
20 -11.368037 0.000000 5.815382 98.481152 0.001876 17.364957 -0.000008 
21 1.136804 0.000000 5.815382 98.501098 0.034310 17.350931 -0.000352 
22 -5.115617 0.000000 11.630765 98.482616 0.006799 17.364512 -0.000035 
23 -1.989406 0.000000 -2.907691 98.473309 -0.008735 17.363283 0.000152 
24 -5.115617 0.000000 -2.907691 98.479587 -0.002735 17.365156 0.000022 
25 -1.989406 0.000000 -5.815382 98.475508 -0.009480 17.363042 0.000110 
26 1.136804 0.000000 -2.907691 98.452514 -0.034160 17.322483 0.000703 
27 -1.989406 0.000000 0.000000 98.476560 -0.003224 17.366595 0.000077 
28 7.389224 0.000000 5.815382 98.490116 0.095732 17.320395 -0.000031 
29 13.641644 0.000000 5.815382 98.494011 0.128196 17.290912 -0.000006 
30 7.389224 0.000000 11.630765 98.484081 0.038441 17.355837 -0.000034 
31 4.263014 0.000000 -2.907691 98.486069 -0.122359 17.266571 0.000234 
32 4.263014 0.000000 -5.815382 98.476502 -0.056090 17.340238 0.000169 
33 7.389224 0.000000 -2.907691 98.491734 -0.118784 17.288903 0.000046 
34 4.263014 0.000000 0.000000 99.769388 -1.164613 10.011374 -0.005551 
35 -1.989406 0.000000 2.907691 98.486642 0.005695 17.365184 -0.000117 
36 -5.115617 0.000000 2.907691 98.481903 0.003282 17.365293 -0.000024 
37 1.136804 0.000000 2.907691 98.534530 0.052391 17.314613 -0.000885 
38 -1.989406 0.000000 5.815382 98.487086 0.011276 17.363648 -0.000120 
39 -0.426301 0.000000 -1.453846 98.419018 -0.021065 17.340059 0.001302 
40 -1.989406 0.000000 -1.453846 98.472752 -0.006201 17.364469 0.000159 
41 -0.426301 0.000000 -2.907691 98.460826 -0.015539 17.351250 0.000440 
42 1.136804 0.000000 -1.453846 98.383599 -0.035956 17.256702 0.002287 
43 -0.426301 0.000000 0.000000 98.630270 -0.054858 17.435951 -0.003195 
44 4.263014 0.000000 2.907691 98.512908 0.182792 17.203896 -0.000080 
45 7.389224 0.000000 2.907691 98.527954 0.248207 17.100286 -0.000024 
46 4.263014 0.000000 5.815382 98.492939 0.073912 17.331010 -0.000123 
47 2.699909 0.000000 -1.453846 98.464429 -0.256567 16.952986 0.001729 
48 2.699909 0.000000 -2.907691 98.464508 -0.096150 17.272679 0.000639 
49 4.263014 0.000000 -1.453846 98.527387 -0.238147 17.024445 0.000247 
50 2.699909 0.000000 0.000000 99.914360 -3.515423 7.456330 -0.005083 
51 -0.426301 0.000000 1.453846 98.502899 -0.003894 17.374383 -0.000469 
52 -1.989406 0.000000 1.453846 98.482711 0.001629 17.366792 -0.000045 
53 1.136804 0.000000 1.453846 98.640402 0.092406 17.213530 -0.002624 
54 -0.426301 0.000000 2.907691 98.504877 0.013619 17.360801 -0.000461 
55 0.355251 0.000000 -0.726923 98.677041 0.102598 16.853562 -0.002121 
56 -0.426301 0.000000 -0.726923 98.406200 0.076627 17.327615 0.001597 
57 0.355251 0.000000 -1.453846 98.424186 -0.017668 17.279835 0.001409 
58 1.136804 0.000000 -0.726923 98.363327 -0.080899 17.099533 0.003226 
59 0.355251 0.000000 0.000000 23.924175 -0.013896 0.137948 0.942761 
60 -8.241827 0.000000 -2.907691 98.480454 -0.000968 17.365009 0.000006 
61 -11.368037 0.000000 -2.907691 98.480668 -0.000175 17.364993 0.000002 
62 -8.241827 0.000000 -5.815382 98.480195 -0.001581 17.365011 0.000011 
63 -8.241827 0.000000 0.000000 98.480809 0.000385 17.365058 -0.000001 
64 -3.552511 0.000000 -1.453846 98.478870 -0.002856 17.365048 0.000037 
65 -5.115617 0.000000 -1.453846 98.480076 -0.000965 17.365223 0.000012 
66 -3.552511 0.000000 -2.907691 98.478095 -0.003758 17.365031 0.000052 
67 -3.552511 0.000000 0.000000 98.480125 -0.000902 17.365371 0.000011 
68 -1.207854 0.000000 -0.726923 98.461862 -0.011209 17.366764 0.000366 
69 -1.989406 0.000000 -0.726923 98.474051 -0.004919 17.365658 0.000130 
70 -1.207854 0.000000 -1.453846 98.460721 -0.011317 17.362362 0.000403 
71 -1.207854 0.000000 0.000000 98.469244 -0.009577 17.370165 0.000209 
72 2.699909 0.000000 1.453846 98.589062 0.352283 16.791654 -0.000189 
73 4.263014 0.000000 1.453846 98.631172 0.464042 16.499792 -0.000057 
74 2.699909 0.000000 2.907691 98.521281 0.132524 17.244561 -0.000384 
75 0.355251 0.000000 0.726923 98.784920 -0.002984 17.191296 -0.005400 
76 -0.426301 0.000000 0.726923 98.469925 -0.003132 17.319300 0.000372 
77 1.136804 0.000000 0.726923 98.600668 0.005546 17.011508 -0.001148 
78 0.355251 0.000000 1.453846 98.596024 0.020082 17.327803 -0.002143 
79 -0.035525 0.000000 -0.363461 96.607671 0.170200 17.414031 0.036368 
80 -0.426301 0.000000 -0.363461 98.475807 -0.004790 17.415007 -0.000077 
81 -0.035525 0.000000 -0.726923 98.030501 0.055191 17.186462 0.009464 
82 0.355251 0.000000 -0.363461 99.543778 0.256766 15.263740 -0.014201 
83 -0.035525 0.000000 0.000000 202.322788 -0.072441 18.442636 -3.127465 
84 1.918356 0.000000 -0.726923 98.209061 -0.163958 15.999264 0.009898 
85 1.918356 0.000000 -1.453846 98.350414 -0.169644 17.056329 0.003625 
86 2.699909 0.000000 -0.726923 98.623546 -0.512278 15.743416 0.002528 
87 1.918356 0.000000 0.000000 97.517334 0.060624 12.232621 0.034073 
88 0.746027 0.000000 -0.363461 98.306525 -0.047326 16.130105 0.007564 
89 0.746027 0.000000 -0.726923 98.398924 0.047705 17.128218 0.002427 
90 1.136804 0.000000 -0.363461 98.378558 0.019785 15.803357 0.007191 
91 0.746027 0.000000 0.000000 103.036152 -0.000873 16.316802 -0.088269 
92 -8.241827 0.000000 2.907691 98.481182 0.001770 17.365032 -0.000009 
93 -11.368037 0.000000 2.907691 98.481008 0.001229 17.364993 -0.000005 
94 -8.241827 0.000000 5.815382 98.481546 0.002884 17.365020 -0.000016 
95 -3.552511 0.000000 1.453846 98.481608 0.001569 17.365353 -0.000018 
96 -5.115617 0.000000 1.453846 98.481298 0.001524 17.365305 -0.000012 
97 -3.552511 0.000000 2.907691 98.483051 0.003951 17.365460 -0.000047 
98 -1.207854 0.000000 0.726923 98.479544 -0.005815 17.371142 0.000002 
99 -1.989406 0.000000 0.726923 98.479706 -0.001042 17.366947 0.000014 
100 -1.207854 0.000000 1.453846 98.486340 -0.000307 17.368980 -0.000124 
101 -0.035525 0.000000 0.363461 97.927889 -0.118116 16.762989 0.012912 
102 -0.426301 0.000000 0.363461 98.530728 -0.018782 17.251739 -0.000593 
103 0.355251 0.000000 0.363461 100.646533 -0.098448 16.418867 -0.039931 
104 -0.035525 0.000000 0.726923 98.307310 0.006604 17.246233 0.003824 
105 0.159863 0.000000 -0.181731 95.396986 -0.013765 7.334887 0.084561 
106 -0.035525 0.000000 -0.181731 93.725385 0.524963 22.213123 0.072185 
107 0.159863 0.000000 -0.363461 96.989502 0.400352 14.956389 0.036918 
108 0.355251 0.000000 -0.181731 100.601425 0.252868 10.499600 -0.023095 
109 0.159863 0.000000 0.000000 103.443745 0.242811 0.383441 -0.070081 
110 -0.817078 0.000000 -0.363461 98.467855 0.028335 17.339099 0.000344 
111 -1.207854 0.000000 -0.363461 98.464544 -0.010675 17.368803 0.000306 
112 -0.817078 0.000000 -0.726923 98.441446 -0.018252 17.368399 0.000762 
113 -0.817078 0.000000 0.000000 98.473457 0.021998 17.347402 0.000205 
114 -0.230913 0.000000 -0.181731 99.117196 0.048761 17.591835 -0.013369 
115 -0.426301 0.000000 -0.181731 98.568243 -0.061931 17.428410 -0.001945 
116 -0.230913 0.000000 -0.363461 98.190967 0.112729 17.735078 0.004399 
117 -0.230913 0.000000 0.000000 99.713283 0.018619 17.459475 -0.024757 
118 1.918356 0.000000 0.726923 99.112798 0.301065 15.936220 -0.007740 
119 2.699909 0.000000 0.726923 98.766974 0.727720 14.745814 0.002712 
120 1.918356 0.000000 1.453846 98.705911 0.176731 17.000492 -0.003190 
121 0.746027 0.000000 0.363461 98.297988 -0.028964 15.719008 0.009042 
122 1.136804 0.000000 0.363461 98.591411 0.021641 16.064847 0.002165 
123 0.746027 0.000000 0.726923 98.272740 0.020815 17.004965 0.005330 
124 0.159863 0.000000 0.181731 100.007566 -0.306501 19.240440 -0.037180 
125 -0.035525 0.000000 0.181731 97.447264 0.079504 12.230243 0.035445 
126 0.355251 0.000000 0.181731 102.373498 -0.074371 12.340373 -0.063262 
127 0.159863 0.000000 0.363461 98.776088 -0.379067 17.745803 -0.007177 
128 0.062169 0.000000 -0.090865 76.082098 0.103935 -4.235929 0.419356 
129 -0.035525 0.000000 -0.090865 110.872378 0.177657 40.522264 -0.393477 
130 0.062169 0.000000 -0.181731 89.334010 0.242978 11.333042 0.189094 
131 0.159863 0.000000 -0.090865 97.231181 0.242466 -12.806557 0.038203 
132 0.062169 0.000000 0.000000 276.470609 -0.025012 1.134420 -6.643729 
133 -0.817078 0.000000 0.363461 98.469992 0.035586 17.335186 0.000315 
134 -1.207854 0.000000 0.363461 98.474148 -0.007870 17.370647 0.000110 
135 -0.817078 0.000000 0.726923 98.466750 0.037847 17.335759 0.000377 
136 -0.230913 0.000000 0.181731 99.437245 0.005572 17.255332 -0.018551 
137 -0.426301 0.000000 0.181731 98.628186 -0.000808 17.372453 -0.002932 
138 -0.230913 0.000000 0.363461 98.604460 -0.034971 17.012247 -0.001226 
139 -0.133219 0.000000 -0.090865 102.626092 0.110849 19.193258 -0.090051 
140 -0.230913 0.000000 -0.090865 99.446540 0.012647 17.658538 -0.020144 
141 -0.133219 0.000000 -0.181731 99.272010 -0.057854 19.258230 -0.022581 
142 -0.133219 0.000000 0.000000 104.811423 0.164364 17.721629 -0.129952 
143 0.062169 0.000000 0.090865 88.108582 0.019880 19.944853 0.183908 
144 -0.035525 0.000000 0.090865 116.110227 0.016358 -3.884400 -0.349667 
145 0.159863 0.000000 0.090865 106.559116 0.126294 14.703089 -0.157104 
146 0.062169 0.000000 0.181731 94.902489 -0.346931 18.649884 0.064558 
147 0.013322 0.000000 -0.045433 64.058166 0.321637 -12.296832 0.574524 
148 -0.035525 0.000000 -0.045433 167.602950 -0.036331 47.346738 -2.033246 
149 0.013322 0.000000 -0.090865 39.051355 -0.026782 11.662264 0.833898 
150 0.062169 0.000000 -0.045433 271.030234 -0.004397 -19.588125 -6.384108 
151 0.013322 0.000000 0.000000 451.713236 -0.022115 7.350179 -19.409887 
152 -0.133219 0.000000 0.090865 103.350304 0.016753 16.134765 -0.094162 
153 -0.230913 0.000000 0.090865 99.627096 0.006669 17.225846 -0.022229 
154 -0.133219 0.000000 0.181731 100.204898 -0.077373 15.663263 -0.028637 
155 0.013322 0.000000 0.045433 83.656193 -0.340868 16.745173 0.272112 
156 -0.035525 0.000000 0.045433 168.659909 -0.099809 -9.349212 -1.853358 
157 0.062169 0.000000 0.045433 268.764516 -0.026805 21.438222 -6.269396 
158 0.013322 0.000000 0.090865 58.724102 -0.261481 12.719179 0.638963 
159 -1.989406 0.000000 -8.723074 98.477167 -0.011965 17.363241 0.000077 
160 -5.115617 0.000000 -8.723074 98.477838 -0.009113 17.365581 0.000055 
161 -1.989406 0.000000 -11.630765 98.478079 -0.009388 17.363641 0.000057 
162 1.136804 0.000000 -8.723074 98.475268 -0.023880 17.359122 0.000128 
163 -0.426301 0.000000 -4.361537 98.468927 -0.017605 17.356609 0.000262 
164 -1.989406 0.000000 -4.361537 98.475070 -0.007481 17.362458 0.000121 
165 -0.426301 0.000000 -5.815382 98.472085 -0.016073 17.359538 0.000189 
166 1.136804 0.000000 -4.361537 98.465273 -0.033791 17.343176 0.000380 
167 0.355251 0.000000 -2.180768 98.470590 -0.018369 17.317521 0.000365 
168 -0.426301 0.000000 -2.180768 98.449743 -0.016630 17.346138 0.000676 
169 0.355251 0.000000 -2.907691 98.458804 -0.021040 17.338852 0.000523 
170 1.136804 0.000000 -2.180768 98.460285 -0.019790 17.300085 0.000628 
171 -0.035525 0.000000 -1.090384 98.443779 0.037101 17.207259 0.001273 
172 -0.426301 0.000000 -1.090384 98.382740 -0.022834 17.352312 0.001973 
173 -0.035525 0.000000 -1.453846 98.404736 -0.024204 17.299408 0.001724 
174 0.355251 0.000000 -1.090384 98.697508 -0.027035 17.174436 -0.003616 
175 0.159863 0.000000 -0.545192 97.956115 0.194361 16.371846 0.013652 
176 -0.035525 0.000000 -0.545192 97.774305 0.157777 17.103042 0.014765 
177 0.159863 0.000000 -0.726923 98.176608 0.133051 16.874653 0.007658 
178 0.355251 0.000000 -0.545192 98.825527 0.254449 16.477006 -0.003804 
179 0.062169 0.000000 -0.272596 92.302143 0.551317 14.922380 0.125733 
180 -0.035525 0.000000 -0.272596 94.658585 0.207741 18.725674 0.068906 
181 0.062169 0.000000 -0.363461 95.693694 0.285199 16.174781 0.058101 
182 0.159863 0.000000 -0.272596 96.196451 0.527875 12.407928 0.059201 
183 0.013322 0.000000 -0.136298 78.523597 0.105216 17.781623 0.351785 
184 -0.035525 0.000000 -0.136298 96.602577 0.342707 27.009915 -0.006171 
185 0.013322 0.000000 -0.181731 87.410296 0.513475 17.614440 0.204891 
186 0.062169 0.000000 -0.136298 86.482719 0.104909 6.192070 0.248239 
187 0.550639 0.000000 -0.181731 102.138257 0.001346 12.631967 -0.059179 
188 0.550639 0.000000 -0.363461 98.644506 0.184911 16.423109 -0.000049 
189 0.746027 0.000000 -0.181731 103.186994 0.005323 12.715364 -0.080924 
190 0.550639 0.000000 0.000000 102.074079 -0.001229 16.276977 -0.068406 
191 0.257557 0.000000 -0.090865 100.124833 0.073976 -9.695103 -0.011898 
192 0.257557 0.000000 -0.181731 98.770444 0.320084 8.431757 0.017320 
193 0.355251 0.000000 -0.090865 103.382768 0.086447 -4.035181 -0.070429 
194 0.257557 0.000000 0.000000 44.386119 -0.085067 0.204469 0.802982 
195 0.111016 0.000000 -0.045433 160.529531 0.018261 -13.108597 -1.594157 
196 0.111016 0.000000 -0.090865 86.943030 0.310952 -14.225278 0.223845 
197 0.159863 0.000000 -0.045433 102.277765 0.295495 -7.063246 -0.051072 
198 0.111016 0.000000 0.000000 165.323520 0.015582 0.468848 -1.733209 
199 0.037745 0.000000 -0.068149 57.090766 0.295532 -10.615458 0.662787 
200 0.013322 0.000000 -0.068149 64.054074 0.330135 -11.593828 0.576255 
201 0.037745 0.000000 -0.090865 71.223221 0.020513 -3.316727 0.491625 
202 0.062169 0.000000 -0.068149 65.101554 0.241831 -12.038625 0.561680 
203 0.037745 0.000000 -0.045433 57.149581 0.280358 -10.935430 0.661426 
204 0.550639 0.000000 0.181731 102.006061 -0.007504 12.632786 -0.056482 
205 0.746027 0.000000 0.181731 103.150549 -0.008493 12.707842 -0.080153 
206 0.550639 0.000000 0.363461 98.645798 -0.112485 15.325681 0.003412 
207 0.257557 0.000000 0.090865 106.963439 -0.060880 11.014027 -0.156249 
208 0.355251 0.000000 0.090865 106.588742 0.050661 4.834577 -0.138454 
209 0.257557 0.000000 0.181731 102.179709 -0.212110 15.804642 -0.069052 
210 0.111016 0.000000 0.045433 160.552698 -0.010710 13.970120 -1.597233 
211 0.159863 0.000000 0.045433 102.234074 0.123701 7.582683 -0.050932 
212 0.111016 0.000000 0.090865 98.610636 0.186238 16.813979 -0.000680 
213 -1.989406 0.000000 8.723074 98.485419 0.014157 17.363310 -0.000086 
214 -5.115617 0.000000 8.723074 98.484066 0.008438 17.365623 -0.000068 
215 1.136804 0.000000 8.723074 98.488850 0.029171 17.358156 -0.000136 
216 -1.989406 0.000000 11.630765 98.484212 0.011705 17.363491 -0.000063 
217 -0.426301 0.000000 4.361537 98.496899 0.019188 17.358912 -0.000297 
218 -1.989406 0.000000 4.361537 98.488943 0.009673 17.365387 -0.000163 
219 1.136804 0.000000 4.361537 98.507644 0.044359 17.340494 -0.000445 
220 -0.426301 0.000000 5.815382 98.492714 0.020016 17.359945 -0.000218 
221 0.355251 0.000000 2.180768 98.565839 0.026138 17.343503 -0.001602 
222 -0.426301 0.000000 2.180768 98.508294 0.007574 17.364954 -0.000543 
223 1.136804 0.000000 2.180768 98.599369 0.051681 17.282552 -0.002052 
224 0.355251 0.000000 2.907691 98.524312 0.027137 17.344682 -0.000788 
225 -0.035525 0.000000 1.090384 98.409216 0.075015 17.335458 0.001510 
226 -0.426301 0.000000 1.090384 98.456797 0.051226 17.337323 0.000567 
227 0.355251 0.000000 1.090384 98.476931 0.072106 17.298905 0.000304 
228 -0.035525 0.000000 1.453846 98.546300 0.001433 17.379573 -0.001342 
229 0.159863 0.000000 0.545192 98.689190 -0.039370 17.439502 -0.004369 
230 -0.035525 0.000000 0.545192 98.287041 0.045422 17.249607 0.004211 
231 0.355251 0.000000 0.545192 99.036286 -0.127989 16.906579 -0.009403 
232 0.159863 0.000000 0.726923 98.588792 0.034414 17.361878 -0.002119 
233 0.062169 0.000000 0.272596 95.309039 -0.121379 17.780874 0.060001 
234 -0.035525 0.000000 0.272596 96.715978 -0.074292 15.527854 0.040490 
235 0.159863 0.000000 0.272596 98.860848 -0.147012 18.619375 -0.012017 
236 0.062169 0.000000 0.363461 97.514091 -0.289235 17.379453 0.018887 
237 0.013322 0.000000 0.136298 87.661449 -0.145790 13.045540 0.214526 
238 -0.035525 0.000000 0.136298 101.471823 0.115631 7.964756 -0.035998 
239 0.062169 0.000000 0.136298 94.539091 -0.298174 20.013687 0.066172 
240 0.013322 0.000000 0.181731 92.937520 -0.035026 14.768329 0.114451 
241 0.037745 0.000000 0.068149 76.027601 -0.166667 15.447981 0.398114 
242 0.013322 0.000000 0.068149 83.493915 -0.335838 17.131548 0.273516 
243 0.037745 0.000000 0.045433 76.511720 -0.177042 15.348102 0.391036 
244 0.062169 0.000000 0.068149 81.501893 -0.066143 16.189300 0.309534 
245 0.037745 0.000000 0.090865 84.953119 -0.091910 22.072823 0.229575 
246 0.111016 0.000000 -0.136298 93.580563 -0.002240 3.331024 0.123158 
247 0.111016 0.000000 -0.181731 93.096610 0.005447 8.442224 0.126175 
248 0.159863 0.000000 -0.136298 96.033760 -0.035474 2.455245 0.077149 
249 0.086592 0.000000 -0.068149 88.103792 -0.004359 -14.104856 0.203877 
250 0.086592 0.000000 -0.090865 88.787188 -0.032935 -14.544294 0.190530 
251 0.111016 0.000000 -0.068149 87.099257 0.270129 -13.764483 0.222419 
252 0.086592 0.000000 -0.045433 209.299022 -0.032429 -19.128006 -3.417196 
253 0.086592 0.000000 -0.113582 88.819488 0.149777 -1.616413 0.210846 
254 0.062169 0.000000 -0.113582 82.829004 0.170636 1.446610 0.313723 
255 0.086592 0.000000 -0.136298 90.517345 0.083445 4.036380 0.179031 
256 0.111016 0.000000 -0.113582 93.454116 0.243801 -1.730593 0.126327 
257 0.074381 0.000000 -0.079507 83.847257 -0.006100 -14.023525 0.277298 
258 0.062169 0.000000 -0.079507 67.085451 0.213953 -12.419745 0.534525 
259 0.074381 0.000000 -0.090865 75.354950 0.079787 -10.857008 0.420375 
260 0.086592 0.000000 -0.079507 88.128021 0.015330 -14.162274 0.203288 
261 0.074381 0.000000 -0.068149 78.589541 0.062433 -13.617776 0.363824 
262 0.111016 0.000000 0.136298 100.509564 -0.124182 20.068190 -0.050492 
263 0.159863 0.000000 0.136298 102.304715 -0.223375 18.393754 -0.080463 
264 0.111016 0.000000 0.181731 98.154332 -0.424228 19.641145 -0.002023 
265 0.086592 0.000000 0.068149 100.448650 0.218345 17.309703 -0.038960 
266 0.086592 0.000000 0.045433 208.491471 -0.070234 19.880483 -3.386393 
267 0.111016 0.000000 0.068149 98.745550 0.192639 17.132258 -0.004424 
268 0.086592 0.000000 0.090865 101.092526 0.239943 17.228215 -0.051657 
269 0.086592 0.000000 0.113582 97.676130 -0.050414 21.890042 -0.001980 
270 0.062169 0.000000 0.113582 92.685352 -0.165031 20.963965 0.096991 
271 0.111016 0.000000 0.113582 101.645572 0.111825 20.243555 -0.074164 
272 0.086592 0.000000 0.136298 97.937706 -0.117054 20.667201 -0.001894 
273 0.074381 0.000000 0.079507 97.232206 0.130499 16.960075 0.025824 
274 0.062169 0.000000 0.079507 83.226468 -0.047518 16.142457 0.281277 
275 0.074381 0.000000 0.068149 92.828938 0.070303 16.813389 0.110009 
276 0.086592 0.000000 0.079507 100.411605 0.220810 17.272249 -0.038087 
277 0.074381 0.000000 0.090865 87.243975 0.048808 24.469603 0.178972 
278 0.208710 0.000000 -0.045433 64.328856 -0.037178 -3.978035 0.584597 
279 0.208710 0.000000 -0.090865 96.743396 0.162541 -11.952611 0.049782 
280 0.257557 0.000000 -0.045433 43.950926 -0.008864 -3.020440 0.805919 
281 0.208710 0.000000 0.000000 65.784585 0.007483 0.328460 0.567228 
282 0.135439 0.000000 -0.068149 87.201686 0.416391 -14.264168 0.219223 
283 0.135439 0.000000 -0.090865 89.255627 0.379751 -14.021860 0.183668 
284 0.159863 0.000000 -0.068149 100.823808 0.141628 -10.562475 -0.027703 
285 0.135439 0.000000 -0.045433 127.703942 0.227315 -9.528312 -0.639914 
286 0.257557 0.000000 -0.272596 99.008781 0.345596 12.822042 0.003274 
287 0.257557 0.000000 -0.363461 98.675684 0.522568 14.738754 0.004561 
288 0.355251 0.000000 -0.272596 99.642463 0.237113 14.190395 -0.013004 
289 0.208710 0.000000 -0.136298 98.036018 0.159646 2.125273 0.038440 
290 0.208710 0.000000 -0.181731 97.127088 0.216014 7.388074 0.051170 
291 0.257557 0.000000 -0.136298 98.510396 0.412889 2.504534 0.028926 
292 0.135439 0.000000 -0.113582 94.604711 0.247599 -1.711064 0.104696 
293 0.135439 0.000000 -0.136298 95.096188 -0.007621 3.077318 0.094725 
294 0.159863 0.000000 -0.113582 95.762486 0.142052 -2.409895 0.082372 
295 0.123228 0.000000 -0.079507 86.611455 0.387304 -13.940428 0.230397 
296 0.111016 0.000000 -0.079507 87.012643 0.289497 -13.941023 0.223436 
297 0.123228 0.000000 -0.090865 86.575321 0.359587 -14.162690 0.230400 
298 0.135439 0.000000 -0.079507 89.153775 0.384757 -14.215179 0.184939 
299 0.123228 0.000000 -0.068149 86.643648 0.350550 -14.174320 0.229184 
300 0.208710 0.000000 0.045433 64.121860 -0.166058 4.542778 0.586772 
301 0.257557 0.000000 0.045433 43.995623 -0.103558 3.333662 0.805326 
302 0.208710 0.000000 0.090865 105.128528 -0.132847 13.665218 -0.123876 
303 0.135439 0.000000 0.068149 98.461068 0.143850 16.788833 0.002353 
304 0.135439 0.000000 0.045433 127.169843 0.016246 10.307637 -0.627842 
305 0.159863 0.000000 0.068149 101.143858 0.013794 10.956032 -0.035011 
306 0.135439 0.000000 0.090865 100.124644 0.164730 16.422517 -0.029467 
307 0.257557 0.000000 0.272596 100.992614 -0.176137 16.901898 -0.048521 
308 0.355251 0.000000 0.272596 101.047146 -0.369287 14.969660 -0.043475 
309 0.257557 0.000000 0.363461 100.304641 -0.273816 17.364315 -0.036262 
310 0.208710 0.000000 0.136298 103.773170 -0.298182 16.429957 -0.103890 
311 0.257557 0.000000 0.136298 103.146949 -0.062608 14.062355 -0.083705 
312 0.208710 0.000000 0.181731 101.259805 -0.148813 17.951658 -0.057583 
313 0.135439 0.000000 0.113582 102.726125 0.091071 18.572566 -0.089761 
314 0.159863 0.000000 0.113582 103.200804 -0.142164 17.259179 -0.094831 
315 0.135439 0.000000 0.136298 101.769698 -0.140513 19.078117 -0.072107 
316 0.123228 0.000000 0.079507 98.055886 0.149390 16.859764 0.010077 
317 0.111016 0.000000 0.079507 98.661582 0.188434 17.002117 -0.002322 
318 0.123228 0.000000 0.068149 98.243570 0.166200 16.752124 0.006754 
319 0.135439 0.000000 0.079507 100.053038 0.167345 16.643684 -0.028765 
320 0.123228 0.000000 0.090865 98.159796 0.161626 16.738007 0.008447 
321 0.184287 0.000000 -0.068149 80.251795 0.229953 -8.965342 0.347922 
322 0.184287 0.000000 -0.090865 96.089157 0.251176 -12.371196 0.061376 
323 0.208710 0.000000 -0.068149 60.904967 0.147381 -6.800474 0.624432 
324 0.184287 0.000000 -0.045433 81.475374 0.056395 -5.582154 0.333060 
325 0.184287 0.000000 0.068149 80.552559 0.026582 9.673372 0.341771 
326 0.184287 0.000000 0.045433 81.426187 0.026914 6.200446 0.333133 
327 0.208710 0.000000 0.068149 60.518875 -0.089070 7.406011 0.628261 
328 0.184287 0.000000 0.090865 105.257080 -0.039804 14.716651 -0.129563 
329 0.452945 0.000000 -0.090865 95.335810 0.012903 7.037829 0.086155 
330 0.452945 0.000000 -0.181731 97.532149 0.004011 2.959623 0.047872 
331 0.550639 0.000000 -0.090865 100.857108 0.002550 13.847851 -0.036392 
332 0.452945 0.000000 0.000000 102.074079 -0.001229 16.276976 -0.068406 
333 0.306404 0.000000 -0.136298 99.978392 0.206121 4.581346 -0.001671 
334 0.306404 0.000000 -0.181731 99.586931 0.343949 9.299406 -0.000415 
335 0.355251 0.000000 -0.136298 104.764287 0.203744 4.746869 -0.099813 
336 0.306404 0.000000 -0.090865 102.625012 0.057461 -6.052843 -0.056853 
337 0.233134 0.000000 -0.113582 98.477696 0.254662 -2.295471 0.029681 
338 0.208710 0.000000 -0.113582 100.438057 0.287196 -3.538665 -0.010041 
339 0.233134 0.000000 -0.136298 97.968215 0.272686 2.873830 0.039390 
340 0.257557 0.000000 -0.113582 100.232652 0.066121 -9.705799 -0.014079 
341 0.233134 0.000000 -0.090865 100.790001 0.017468 -9.761038 -0.025390 
342 0.452945 0.000000 0.090865 95.342109 -0.008845 7.020576 0.086059 
343 0.550639 0.000000 0.090865 100.804825 -0.003777 13.845292 -0.035330 
344 0.452945 0.000000 0.181731 97.487012 -0.009458 2.951624 0.048757 
345 0.306404 0.000000 0.136298 103.514909 -0.068471 10.466014 -0.082488 
346 0.306404 0.000000 0.090865 107.164461 -0.001064 6.977326 -0.153290 
347 0.355251 0.000000 0.136298 107.501615 -0.079460 9.204523 -0.164133 
348 0.306404 0.000000 0.181731 102.196335 -0.223521 14.017744 -0.064064 
349 0.233134 0.000000 0.113582 104.508068 -0.226283 12.427862 -0.107644 
350 0.208710 0.000000 0.113582 107.469280 -0.180455 15.413018 -0.178724 
351 0.233134 0.000000 0.090865 107.775907 -0.122355 11.095550 -0.173877 
352 0.257557 0.000000 0.113582 107.082288 -0.070389 11.026029 -0.158819 
353 0.233134 0.000000 0.136298 103.084175 -0.220544 14.490661 -0.083638 
354 0.306404 0.000000 -0.045433 30.999436 0.066960 -1.025039 0.903798 
355 0.355251 0.000000 -0.045433 22.939673 0.008633 -0.630524 0.947337 
356 0.306404 0.000000 0.000000 31.141769 0.030811 0.147009 0.903017 
357 0.281981 0.000000 -0.113582 100.936783 0.102001 -7.899397 -0.025064 
358 0.281981 0.000000 -0.136298 101.099288 0.271384 3.307612 -0.023208 
359 0.306404 0.000000 -0.113582 102.742456 0.052057 -6.061352 -0.059276 
360 0.281981 0.000000 -0.090865 100.708658 0.103714 -8.220700 -0.020982 
361 0.281981 0.000000 -0.068149 33.108121 0.138383 -3.465106 0.889183 
362 0.257557 0.000000 -0.068149 43.698200 0.035449 -5.038010 0.806508 
363 0.306404 0.000000 -0.068149 30.915498 0.065956 -1.408543 0.904224 
364 0.281981 0.000000 -0.045433 35.262287 0.050148 -2.162306 0.875189 
365 0.269769 0.000000 -0.102224 99.985934 0.100855 -9.417300 -0.008588 
366 0.257557 0.000000 -0.102224 100.116922 0.074553 -9.694319 -0.011738 
367 0.269769 0.000000 -0.113582 99.768383 0.115465 -9.659624 -0.004705 
368 0.281981 0.000000 -0.102224 100.468051 0.117001 -8.655579 -0.016876 
369 0.269769 0.000000 -0.090865 99.942918 0.095166 -9.676996 -0.008224 
370 0.306404 0.000000 0.045433 30.840566 0.028063 1.203636 0.904741 
371 0.355251 0.000000 0.045433 22.823428 -0.034232 0.895506 0.947829 
372 0.281981 0.000000 0.113582 106.586813 0.059057 9.016710 -0.144205 
373 0.281981 0.000000 0.090865 106.557275 0.048312 9.372809 -0.144230 
374 0.306404 0.000000 0.113582 107.221130 -0.014432 6.980707 -0.154510 
375 0.281981 0.000000 0.136298 105.228657 -0.209207 12.418500 -0.122733 
376 0.281981 0.000000 0.068149 32.778693 0.014390 3.727112 0.891167 
377 0.257557 0.000000 0.068149 43.782859 -0.106210 5.381762 0.805409 
378 0.281981 0.000000 0.045433 35.120923 0.034651 2.508600 0.876023 
379 0.306404 0.000000 0.068149 30.741351 -0.019048 1.553116 0.905256 
380 0.269769 0.000000 0.102224 106.584057 -0.003262 10.699655 -0.147464 
381 0.257557 0.000000 0.102224 106.954718 -0.060182 11.013146 -0.156060 
382 0.269769 0.000000 0.090865 106.684994 -0.018870 10.985772 -0.150238 
383 0.281981 0.000000 0.102224 106.430410 0.084235 9.838420 -0.142423 
384 0.269769 0.000000 0.113582 106.418152 0.021333 10.958696 -0.144492 
385 0.746027 0.000000 -1.090384 98.594142 -0.079047 17.278746 -0.001937 
386 0.746027 0.000000 -1.453846 98.405239 -0.010939 17.283607 0.001769 
387 1.136804 0.000000 -1.090384 98.408294 -0.068267 17.233554 0.001881 
388 0.550639 0.000000 -0.545192 98.610422 -0.031945 16.925585 -0.001049 
389 0.550639 0.000000 -0.726923 98.681358 0.024909 17.063348 -0.002917 
390 0.746027 0.000000 -0.545192 98.484084 -0.052107 16.917489 0.001468 
391 0.452945 0.000000 -0.272596 98.853990 0.143040 15.374769 -0.000852 
392 0.452945 0.000000 -0.363461 99.337851 0.150826 16.158533 -0.012913 
393 0.550639 0.000000 -0.272596 102.148485 -0.007381 2.688563 -0.044154 
394 0.404098 0.000000 -0.136298 92.883008 0.011947 1.142141 0.137144 
395 0.404098 0.000000 -0.181731 101.464161 0.038793 12.540153 -0.045223 
396 0.452945 0.000000 -0.136298 95.779213 0.012130 5.615565 0.079481 
397 0.404098 0.000000 -0.090865 96.727922 0.037643 -0.727607 0.064318 
398 0.330828 0.000000 -0.113582 102.542751 0.088004 -6.052710 -0.055166 
399 0.330828 0.000000 -0.136298 100.267688 0.141641 3.667078 -0.006708 
400 0.355251 0.000000 -0.113582 103.291831 0.091773 -4.278653 -0.068752 
401 0.330828 0.000000 -0.090865 102.540104 0.086608 -6.052553 -0.055111 
402 0.746027 0.000000 1.090384 98.508257 0.021377 17.216966 -0.000030 
403 1.136804 0.000000 1.090384 98.614906 0.050230 17.177927 -0.001998 
404 0.746027 0.000000 1.453846 98.596294 0.047161 17.261185 -0.001918 
405 0.550639 0.000000 0.545192 98.436539 -0.095595 16.583545 0.003522 
406 0.746027 0.000000 0.545192 98.484457 -0.077991 16.583155 0.002580 
407 0.550639 0.000000 0.726923 98.704500 0.008820 16.983042 -0.003100 
408 0.452945 0.000000 0.272596 99.492801 -0.338131 13.714144 -0.008701 
409 0.550639 0.000000 0.272596 101.968290 -0.018027 2.682187 -0.040473 
410 0.452945 0.000000 0.363461 99.845256 -0.093956 15.416665 -0.020676 
411 0.404098 0.000000 0.136298 92.962646 -0.005054 1.135682 0.135666 
412 0.404098 0.000000 0.090865 97.724114 0.060378 2.476907 0.044386 
413 0.452945 0.000000 0.136298 95.774947 -0.009133 5.600780 0.079579 
414 0.404098 0.000000 0.181731 102.608948 -0.108819 9.946369 -0.062754 
415 0.330828 0.000000 0.113582 107.007063 0.002185 6.968090 -0.149907 
416 0.330828 0.000000 0.090865 107.004979 0.000872 6.967950 -0.149862 
417 0.355251 0.000000 0.113582 106.649566 0.049571 5.092033 -0.140006 
418 0.330828 0.000000 0.136298 103.294759 -0.012060 10.821786 -0.078692 
419 0.404098 0.000000 -0.045433 23.998842 0.039540 1.316698 0.942232 
420 0.452945 0.000000 -0.045433 96.837238 0.011360 11.047352 0.050051 
421 0.404098 0.000000 0.000000 25.800991 0.014078 0.045613 0.933431 
422 0.379675 0.000000 -0.113582 102.841695 0.047491 -1.872030 -0.057992 
423 0.379675 0.000000 -0.136298 103.296131 0.135454 6.700055 -0.071500 
424 0.404098 0.000000 -0.113582 95.657991 0.041112 -1.112123 0.084831 
425 0.379675 0.000000 -0.090865 102.385531 0.045336 -1.862732 -0.048627 
426 0.330828 0.000000 -0.068149 27.266257 -0.016914 -2.451893 0.925054 
427 0.355251 0.000000 -0.068149 20.699461 0.014242 -1.278592 0.956990 
428 0.330828 0.000000 -0.045433 27.078066 -0.031329 -1.387396 0.926485 
429 0.343039 0.000000 -0.102224 102.754138 0.112168 -5.712696 -0.059106 
430 0.330828 0.000000 -0.102224 102.541241 0.087208 -6.052620 -0.055135 
431 0.343039 0.000000 -0.113582 102.807394 0.106076 -5.574383 -0.060045 
432 0.355251 0.000000 -0.102224 103.284330 0.090861 -4.373675 -0.068679 
433 0.343039 0.000000 -0.090865 102.604899 0.110996 -6.055341 -0.056444 
434 0.404098 0.000000 0.045433 23.910868 -0.013160 -1.239845 0.942673 
435 0.452945 0.000000 0.045433 96.818612 -0.008567 11.031480 0.050446 
436 0.330828 0.000000 0.068149 27.087585 -0.061511 2.694072 0.925900 
437 0.330828 0.000000 0.045433 26.883397 -0.039764 1.597926 0.927473 
438 0.355251 0.000000 0.068149 20.312648 -0.021830 1.451009 0.958529 
439 0.379675 0.000000 0.113582 104.531708 0.060142 2.551107 -0.093339 
440 0.379675 0.000000 0.090865 103.936710 0.066431 2.537848 -0.080928 
441 0.404098 0.000000 0.113582 96.711867 0.060159 2.423801 0.064094 
442 0.379675 0.000000 0.136298 105.355230 -0.021822 6.879949 -0.114706 
443 0.343039 0.000000 0.102224 106.943397 0.039207 6.605113 -0.148052 
444 0.330828 0.000000 0.102224 107.005874 0.001436 6.968010 -0.149881 
445 0.343039 0.000000 0.090865 106.960381 0.032052 6.965562 -0.148904 
446 0.355251 0.000000 0.102224 106.662223 0.052881 5.189687 -0.140377 
447 0.343039 0.000000 0.113582 106.901577 0.038476 6.458216 -0.146966 
448 1.527580 0.000000 -0.363461 97.396051 0.057391 15.740921 0.026623 
449 1.527580 0.000000 -0.726923 98.001719 0.011147 16.767177 0.011452 
450 1.918356 0.000000 -0.363461 97.015230 -0.162650 12.706803 0.042656 
451 1.527580 0.000000 0.000000 100.096281 0.134539 15.625378 -0.026344 
452 0.941416 0.000000 -0.181731 103.355680 0.002358 12.694113 -0.084354 
453 0.941416 0.000000 -0.363461 98.365559 -0.055209 15.972071 0.006911 
454 1.136804 0.000000 -0.181731 102.700500 -0.004565 11.143481 -0.067157 
455 0.941416 0.000000 0.000000 103.342120 0.000095 16.385373 -0.094807 
456 0.648333 0.000000 -0.090865 102.462385 0.000277 13.913210 -0.069212 
457 0.648333 0.000000 -0.181731 102.627658 0.003668 11.440494 -0.066332 
458 0.746027 0.000000 -0.090865 103.256348 0.002190 15.489331 -0.090179 
459 0.648333 0.000000 0.000000 102.674146 -0.001006 16.301817 -0.080773 
460 0.501792 0.000000 -0.136298 97.198523 0.010063 8.386079 0.048212 
461 0.501792 0.000000 -0.181731 100.766607 0.002337 7.925047 -0.021672 
462 0.550639 0.000000 -0.136298 102.128957 0.000821 14.579958 -0.064290 
463 0.501792 0.000000 -0.090865 97.214006 0.007000 8.635711 0.047486 
464 0.428522 0.000000 -0.113582 91.781590 0.027690 0.875179 0.157537 
465 0.428522 0.000000 -0.136298 95.692505 0.009994 3.188854 0.083278 
466 0.452945 0.000000 -0.113582 95.428351 0.012129 5.722625 0.086068 
467 0.428522 0.000000 -0.090865 92.422495 0.025967 1.686232 0.145524 
468 0.379675 0.000000 -0.068149 22.126916 0.062130 0.506280 0.951014 
469 0.404098 0.000000 -0.068149 92.892544 0.016517 2.660209 0.136390 
470 0.379675 0.000000 -0.045433 22.573212 0.016212 0.246448 0.949039 
471 0.391886 0.000000 -0.102224 99.931435 0.039674 -1.619260 0.001108 
472 0.379675 0.000000 -0.102224 102.871354 0.047579 -1.872686 -0.058602 
473 0.391886 0.000000 -0.113582 99.682697 0.039606 -1.548149 0.006096 
474 0.404098 0.000000 -0.102224 95.799110 0.041540 -1.177326 0.082114 
475 0.391886 0.000000 -0.090865 99.394099 0.039217 -1.449505 0.011871 
476 0.379675 0.000000 0.068149 21.775625 -0.008564 -0.464349 0.952561 
477 0.379675 0.000000 0.045433 22.515536 -0.033404 -0.112800 0.949304 
478 0.404098 0.000000 0.068149 92.954513 -0.009465 2.644580 0.135246 
479 1.527580 0.000000 0.363461 99.512526 0.190993 15.422305 -0.014063 
480 1.918356 0.000000 0.363461 100.677481 0.526673 13.185955 -0.031010 
481 1.527580 0.000000 0.726923 98.919242 0.139934 16.715947 -0.006446 
482 0.941416 0.000000 0.181731 103.481050 -0.002174 12.684548 -0.086923 
483 1.136804 0.000000 0.181731 102.953654 0.006231 11.135694 -0.072346 
484 0.941416 0.000000 0.363461 98.475285 -0.050189 15.916818 0.004927 
485 0.648333 0.000000 0.090865 102.415726 -0.005958 13.910196 -0.068247 
486 0.746027 0.000000 0.090865 103.224193 -0.004049 15.487952 -0.089511 
487 0.648333 0.000000 0.181731 102.542746 -0.009006 11.436466 -0.064581 
488 0.501792 0.000000 0.136298 97.170003 -0.008434 8.376005 0.048783 
489 0.501792 0.000000 0.090865 97.193085 -0.008212 8.624142 0.047913 
490 0.550639 0.000000 0.136298 102.013982 -0.006825 14.578727 -0.061939 
491 0.501792 0.000000 0.181731 100.655671 -0.007247 7.920759 -0.019430 
492 0.428522 0.000000 0.113582 92.230618 0.008626 2.638292 0.148655 
493 0.428522 0.000000 0.090865 92.813929 0.006617 3.230265 0.137514 
494 0.452945 0.000000 0.113582 95.438218 -0.007962 5.710340 0.085894 
495 0.428522 0.000000 0.136298 95.686198 -0.010357 3.175800 0.083407 
496 0.391886 0.000000 0.102224 101.229135 0.077022 2.400346 -0.025311 
497 0.379675 0.000000 0.102224 104.557173 0.059641 2.551660 -0.093872 
498 0.391886 0.000000 0.090865 100.631008 0.068592 2.322689 -0.013200 
499 0.404098 0.000000 0.102224 96.874128 0.061962 2.424658 0.060952 
500 0.391886 0.000000 0.113582 100.955617 0.073196 2.367346 -0.019765 
501 1.332192 0.000000 -0.181731 98.789310 0.145262 11.504576 0.010830 
502 1.332192 0.000000 -0.363461 98.238167 -0.012125 16.146589 0.008855 
503 1.527580 0.000000 -0.181731 97.302838 0.149158 11.805824 0.039276 
504 1.332192 0.000000 0.000000 99.733903 0.108303 17.121283 -0.024000 
505 1.332192 0.000000 0.181731 100.223986 0.186596 11.514776 -0.017747 
506 1.527580 0.000000 0.181731 102.710608 0.262677 12.066505 -0.069514 
507 1.332192 0.000000 0.363461 98.948292 0.050602 15.677601 -0.003655 
508 1.234498 0.000000 -0.090865 97.117398 0.070646 4.706169 0.054606 
509 1.136804 0.000000 -0.090865 101.176791 0.010386 13.170573 -0.041021 
510 1.234498 0.000000 -0.181731 100.731529 0.008678 1.955807 -0.015067 
511 1.332192 0.000000 -0.090865 97.536811 0.104122 9.213903 0.040166 
512 1.234498 0.000000 0.000000 71.130961 0.008130 0.087442 0.494038 
513 1.234498 0.000000 0.090865 97.705478 0.157577 4.704868 0.043148 
514 1.136804 0.000000 0.090865 101.402833 0.033147 13.165679 -0.045587 
515 1.332192 0.000000 0.090865 98.350550 0.247026 9.224629 0.024201 
516 1.234498 0.000000 0.181731 101.077729 0.050491 1.950164 -0.022051 
517 4.263014 0.000000 -8.723074 98.477458 -0.036111 17.354602 0.000101 
518 4.263014 0.000000 -11.630765 98.478118 -0.024439 17.359351 0.000071 
519 7.389224 0.000000 -8.723074 98.480307 -0.041498 17.353721 0.000048 
520 2.699909 0.000000 -4.361537 98.470198 -0.060507 17.326731 0.000340 
521 2.699909 0.000000 -5.815382 98.476581 -0.043596 17.345326 0.000150 
522 4.263014 0.000000 -4.361537 98.479087 -0.078543 17.320617 0.000186 
523 1.918356 0.000000 -2.180768 98.432409 -0.067806 17.236455 0.001396 
524 1.918356 0.000000 -2.907691 98.451561 -0.063170 17.294918 0.000817 
525 2.699909 0.000000 -2.180768 98.460748 -0.138143 17.193333 0.000985 
526 1.527580 0.000000 -1.090384 98.185498 -0.051964 17.060739 0.006854 
527 1.527580 0.000000 -1.453846 98.330412 -0.096912 17.175194 0.003613 
528 1.918356 0.000000 -1.090384 98.336459 -0.122711 16.782869 0.004826 
529 1.332192 0.000000 -0.545192 98.208669 -0.030469 16.777965 0.007356 
530 1.136804 0.000000 -0.545192 98.409628 -0.005124 16.818430 0.003269 
531 1.332192 0.000000 -0.726923 98.246198 -0.059888 16.994801 0.005886 
532 1.527580 0.000000 -0.545192 97.769784 0.013932 16.512579 0.016840 
533 1.234498 0.000000 -0.272596 98.775412 0.049519 14.797035 0.002446 
534 1.136804 0.000000 -0.272596 102.675546 -0.010845 2.716052 -0.054964 
535 1.234498 0.000000 -0.363461 98.516147 0.039063 16.041685 0.003723 
536 1.332192 0.000000 -0.272596 98.794312 0.184274 1.160613 0.023830 
537 10.515434 0.000000 -2.907691 98.490175 -0.106042 17.306907 0.000015 
538 10.515434 0.000000 -5.815382 98.483364 -0.061898 17.344151 0.000020 
539 13.641644 0.000000 -2.907691 98.488438 -0.095084 17.319173 0.000006 
540 10.515434 0.000000 0.000000 98.575161 -0.310684 16.827285 -0.000032 
541 5.826119 0.000000 -1.453846 98.522276 -0.215225 17.107411 0.000065 
542 5.826119 0.000000 -2.907691 98.491575 -0.123387 17.277919 0.000087 
543 7.389224 0.000000 -1.453846 98.514481 -0.194371 17.164656 0.000023 
544 5.826119 0.000000 0.000000 99.000589 -0.648315 14.402976 -0.000898 
545 3.481461 0.000000 -0.726923 98.666933 -0.447643 16.059453 0.000673 
546 3.481461 0.000000 -1.453846 98.517411 -0.241459 16.973836 0.000615 
547 4.263014 0.000000 -0.726923 98.644200 -0.398103 16.376507 0.000097 
548 3.481461 0.000000 0.000000 100.148825 -2.253565 7.740826 -0.009479 
549 2.309132 0.000000 -0.363461 98.415875 -0.817442 11.209525 0.018799 
550 2.309132 0.000000 -0.726923 98.603937 -0.500485 15.735645 0.002940 
551 2.699909 0.000000 -0.363461 99.098534 -0.912376 12.289272 0.002762 
552 2.309132 0.000000 0.000000 148.127496 -3.097231 8.357987 -1.202120 
553 1.722968 0.000000 -0.181731 96.660821 0.009438 10.298712 0.055062 
554 1.722968 0.000000 -0.363461 96.534665 0.096537 14.602894 0.046780 
555 1.918356 0.000000 -0.181731 96.644437 -0.256964 8.192441 0.059267 
556 1.722968 0.000000 0.000000 99.662058 0.038541 13.756464 -0.012177 
557 1.429886 0.000000 -0.090865 98.947905 0.136193 11.271594 0.008224 
558 1.429886 0.000000 -0.181731 98.698191 0.146443 10.914960 0.013951 
559 1.527580 0.000000 -0.090865 99.237654 0.127335 12.076563 0.000603 
560 1.429886 0.000000 0.000000 99.733895 0.108299 17.121260 -0.024000 
561 1.283345 0.000000 -0.136298 96.518038 0.124123 6.579504 0.064096 
562 1.234498 0.000000 -0.136298 97.549110 0.065302 4.071444 0.046759 
563 1.283345 0.000000 -0.181731 97.266721 0.143322 4.527939 0.051866 
564 1.332192 0.000000 -0.136298 97.614827 0.121451 10.373735 0.036372 
565 1.283345 0.000000 -0.090865 96.322539 0.114418 7.218695 0.066985 
566 10.515434 0.000000 2.907691 98.569127 0.348722 16.864141 -0.000039 
567 13.641644 0.000000 2.907691 98.708907 0.576230 16.071179 -0.000206 
568 10.515434 0.000000 5.815382 98.491171 0.110948 17.308356 -0.000010 
569 5.826119 0.000000 1.453846 98.751757 0.631645 15.824454 -0.000272 
570 7.389224 0.000000 1.453846 99.089627 0.953609 13.909933 -0.001315 
571 5.826119 0.000000 2.907691 98.517752 0.214786 17.160662 -0.000028 
572 3.481461 0.000000 0.726923 99.154474 1.015926 13.396389 -0.001211 
573 4.263014 0.000000 0.726923 99.705469 1.221124 10.391767 -0.005066 
574 3.481461 0.000000 1.453846 98.593849 0.396548 16.681735 0.000082 
575 2.309132 0.000000 0.363461 98.131423 1.197180 9.620716 0.027623 
576 2.699909 0.000000 0.363461 99.824673 1.181584 7.796068 -0.002714 
577 2.309132 0.000000 0.726923 98.608273 0.500565 15.107289 0.004793 
578 1.722968 0.000000 0.181731 103.264994 0.567216 10.843336 -0.078156 
579 1.918356 0.000000 0.181731 99.463229 0.929082 9.829651 0.000958 
580 1.722968 0.000000 0.363461 99.567914 0.429294 14.303136 -0.011853 
581 1.429886 0.000000 0.090865 100.436903 0.297467 11.337606 -0.021620 
582 1.527580 0.000000 0.090865 100.966589 0.480362 12.124529 -0.034149 
583 1.429886 0.000000 0.181731 100.699449 0.429289 10.959001 -0.026066 
584 4.263014 0.000000 8.723074 98.487528 0.045977 17.351429 -0.000087 
585 7.389224 0.000000 8.723074 98.485515 0.056904 17.347531 -0.000034 
586 4.263014 0.000000 11.630765 98.485247 0.030457 17.357888 -0.000064 
587 2.699909 0.000000 4.361537 98.503759 0.081313 17.315958 -0.000284 
588 4.263014 0.000000 4.361537 98.497416 0.109049 17.300604 -0.000106 
589 2.699909 0.000000 5.815382 98.499571 0.054837 17.338635 -0.000280 
590 1.918356 0.000000 2.180768 98.581763 0.109782 17.202534 -0.001430 
591 2.699909 0.000000 2.180768 98.537198 0.191609 17.135659 -0.000325 
592 1.918356 0.000000 2.907691 98.533576 0.091034 17.277116 -0.000737 
593 1.527580 0.000000 1.090384 98.766777 0.124658 17.023636 -0.004470 
594 1.918356 0.000000 1.090384 98.752898 0.183384 16.698211 -0.003100 
595 1.527580 0.000000 1.453846 98.680534 0.113712 17.136227 -0.003151 
596 1.332192 0.000000 0.545192 98.835427 0.059453 16.601320 -0.004405 
597 1.136804 0.000000 0.545192 98.591847 0.051345 16.741229 -0.000062 
598 1.527580 0.000000 0.545192 99.134557 0.136623 16.356218 -0.009520 
599 1.332192 0.000000 0.726923 98.746936 0.044346 16.886849 -0.003612 
600 1.234498 0.000000 0.272596 99.162187 0.088196 14.763534 -0.005111 
601 1.136804 0.000000 0.272596 102.957839 0.011204 2.708089 -0.060765 
602 1.332192 0.000000 0.272596 100.036322 0.647085 1.165552 -0.000904 
603 1.234498 0.000000 0.363461 98.911115 0.094796 15.910583 -0.003656 
604 1.283345 0.000000 0.136298 97.492969 0.197048 6.585420 0.045171 
605 1.234498 0.000000 0.136298 98.110398 0.156708 4.066704 0.035779 
606 1.283345 0.000000 0.090865 97.223373 0.178015 7.226840 0.049536 
607 1.332192 0.000000 0.136298 98.658804 0.184577 10.382654 0.015861 
608 1.283345 0.000000 0.181731 98.373087 0.293375 4.557287 0.030188 
609 2.113744 0.000000 -0.181731 104.016718 -0.974216 8.428681 -0.089147 
610 2.113744 0.000000 -0.363461 98.081639 -0.559823 11.547197 0.024634 
611 2.309132 0.000000 -0.181731 98.099517 -1.494535 4.228276 0.035637 
612 2.113744 0.000000 0.000000 64.982367 -0.568813 -0.377217 0.577683 
613 2.113744 0.000000 0.181731 103.033186 1.506172 0.001916 -0.061811 
614 2.309132 0.000000 0.181731 96.346421 1.841755 9.198484 0.062936 
615 2.113744 0.000000 0.363461 100.601839 0.778832 9.273804 -0.020734 
616 2.016050 0.000000 -0.090865 91.482388 -0.247858 5.175715 0.160412 
617 1.918356 0.000000 -0.090865 97.171813 -0.288375 10.201036 0.045349 
618 2.016050 0.000000 -0.181731 92.994852 -0.216159 2.141040 0.134733 
619 2.113744 0.000000 -0.090865 114.886633 -1.841875 12.165757 -0.335034 
620 2.016050 0.000000 0.000000 98.277800 -0.167774 11.288647 0.021401 
621 2.016050 0.000000 0.090865 97.502525 1.153834 5.931275 0.045675 
622 1.918356 0.000000 0.090865 98.522029 0.476446 10.987145 0.017247 
623 2.113744 0.000000 0.090865 108.653325 2.428347 -11.198681 -0.193685 
624 2.016050 0.000000 0.181731 98.710309 1.980740 2.761791 0.024472 
625 2.309132 0.000000 -1.090384 98.484154 -0.233389 16.661251 0.002322 
626 2.309132 0.000000 -1.453846 98.414414 -0.227484 16.978804 0.002627 
627 2.699909 0.000000 -1.090384 98.477897 -0.319764 16.617461 0.002586 
628 2.113744 0.000000 -0.545192 98.439022 -0.381713 14.499303 0.009938 
629 1.918356 0.000000 -0.545192 97.796439 0.043537 14.922507 0.021317 
630 2.113744 0.000000 -0.726923 98.579456 -0.313285 15.806431 0.003215 
631 2.309132 0.000000 -0.545192 98.559572 -0.681366 14.369580 0.007906 
632 2.016050 0.000000 -0.272596 97.029467 -0.293480 8.756318 0.050852 
633 1.918356 0.000000 -0.272596 96.043963 -0.329759 3.567554 0.076272 
634 2.016050 0.000000 -0.363461 97.799372 -0.399562 11.537082 0.030202 
635 2.113744 0.000000 -0.272596 99.011798 -0.756208 9.344247 0.010878 
636 3.090685 0.000000 -0.363461 99.057073 -0.778727 13.094466 0.001562 
637 3.090685 0.000000 -0.726923 98.635270 -0.467039 15.874365 0.001887 
638 3.481461 0.000000 -0.363461 99.046914 -0.688200 13.899631 -0.000396 
639 3.090685 0.000000 0.000000 100.174050 -3.117898 7.430189 -0.009977 
640 2.504521 0.000000 -0.181731 100.026631 -1.407503 7.544734 -0.006423 
641 2.504521 0.000000 -0.363461 99.083223 -0.864385 11.649421 0.004606 
642 2.699909 0.000000 -0.181731 99.655223 -1.456574 8.247565 -0.000131 
643 2.504521 0.000000 0.000000 100.563937 -3.312750 7.726476 -0.018378 
644 2.211438 0.000000 -0.090865 94.068611 -3.051991 17.147474 0.084775 
645 2.211438 0.000000 -0.181731 96.010458 -1.430984 10.217027 0.067556 
646 2.309132 0.000000 -0.090865 113.696865 -2.106326 -7.020843 -0.298071 
647 2.211438 0.000000 0.000000 160.694053 0.430850 1.847697 -1.582618 
648 2.064897 0.000000 -0.136298 91.569301 -0.202315 1.888325 0.161146 
649 2.016050 0.000000 -0.136298 91.768519 -0.275392 5.187409 0.155155 
650 2.064897 0.000000 -0.181731 102.952536 -0.559932 4.168877 -0.061692 
651 2.113744 0.000000 -0.136298 110.757870 -1.395420 9.318942 -0.235610 
652 2.064897 0.000000 -0.090865 93.277810 -0.482921 4.612989 0.127774 
653 3.090685 0.000000 0.363461 100.290715 1.102442 5.891537 -0.009415 
654 3.481461 0.000000 0.363461 100.669027 1.260733 4.819735 -0.015907 
655 3.090685 0.000000 0.726923 98.898956 0.886431 14.224569 0.001587 
656 2.504521 0.000000 0.181731 100.496062 2.220563 6.535882 -0.014711 
657 2.699909 0.000000 0.181731 100.289569 2.270054 6.553332 -0.010610 
658 2.504521 0.000000 0.363461 99.400458 1.064949 8.962966 0.003808 
659 2.211438 0.000000 0.090865 86.142330 2.098255 -15.339346 0.233980 
660 2.309132 0.000000 0.090865 111.677104 1.925935 24.618853 -0.308157 
661 2.211438 0.000000 0.181731 92.926771 1.713087 0.135817 0.136166 
662 2.309132 0.000000 1.090384 98.602906 0.323363 16.436768 0.000719 
663 2.699909 0.000000 1.090384 98.580655 0.446950 16.323931 0.001518 
664 2.309132 0.000000 1.453846 98.641909 0.254616 16.865888 -0.001475 
665 2.113744 0.000000 0.545192 99.082981 0.563789 13.643947 -0.000391 
666 1.918356 0.000000 0.545192 99.413140 0.548126 15.028215 -0.010912 
667 2.309132 0.000000 0.545192 98.499552 0.627042 13.264245 0.012150 
668 2.113744 0.000000 0.726923 98.920652 0.384814 15.367442 -0.002160 
669 2.016050 0.000000 0.272596 103.461164 0.695119 8.480381 -0.077661 
670 1.918356 0.000000 0.272596 100.662610 1.059723 4.545529 -0.015475 
671 2.113744 0.000000 0.272596 101.281382 0.903821 5.301607 -0.028684 
672 2.016050 0.000000 0.363461 101.915566 0.584102 11.295963 -0.051472 
673 2.064897 0.000000 0.136298 97.856644 2.143670 2.197095 0.041465 
674 2.016050 0.000000 0.136298 97.675155 0.306220 5.548851 0.042868 
675 2.064897 0.000000 0.090865 97.083867 1.706266 -0.113782 0.057180 
676 2.113744 0.000000 0.136298 107.712750 2.280920 -4.672049 -0.162907 
677 2.064897 0.000000 0.181731 104.672594 1.011736 3.075979 -0.096684 
678 2.211438 0.000000 -0.272596 97.025666 -0.950751 9.890289 0.048730 
679 2.211438 0.000000 -0.363461 98.736155 -0.755214 11.732165 0.011296 
680 2.309132 0.000000 -0.272596 97.950716 -0.961544 8.325836 0.033541 
681 2.162591 0.000000 -0.136298 102.267769 -1.694366 12.722860 -0.062344 
682 2.162591 0.000000 -0.181731 100.484474 -1.278735 10.654274 -0.021228 
683 2.211438 0.000000 -0.136298 94.733182 -1.930620 12.909773 0.085523 
684 2.162591 0.000000 -0.090865 105.158321 -2.572607 16.598609 -0.134040 
685 2.064897 0.000000 -0.045433 91.139448 -0.193444 1.705411 0.169066 
686 2.016050 0.000000 -0.045433 93.519749 -0.450672 9.363274 0.116618 
687 2.113744 0.000000 -0.045433 59.642835 -0.475594 2.871956 0.643426 
688 2.064897 0.000000 0.000000 58.059426 -0.669212 -1.048030 0.662756 
689 2.089321 0.000000 -0.113582 108.609510 -1.119274 6.205041 -0.183578 
690 2.064897 0.000000 -0.113582 97.686563 -0.685108 5.222288 0.042959 
691 2.089321 0.000000 -0.136298 89.742817 -0.093766 0.576332 0.194589 
692 2.113744 0.000000 -0.113582 114.977820 -1.836171 12.017186 -0.336768 
693 2.089321 0.000000 -0.090865 107.829570 -1.081517 6.030933 -0.166476 
694 2.064897 0.000000 0.045433 97.636433 2.219614 2.002267 0.045819 
695 2.016050 0.000000 0.045433 97.915358 0.414515 9.685426 0.031860 
696 2.113744 0.000000 0.045433 65.344546 0.393620 -3.290862 0.571911 
697 2.211438 0.000000 0.272596 96.321938 1.187415 5.346567 0.069209 
698 2.309132 0.000000 0.272596 97.245913 1.478135 7.936944 0.047805 
699 2.211438 0.000000 0.363461 98.358580 0.991596 8.975110 0.024405 
700 2.162591 0.000000 0.136298 99.874966 2.490359 -7.544442 -0.003813 
701 2.162591 0.000000 0.090865 100.546108 3.309468 -15.542920 -0.036205 
702 2.211438 0.000000 0.136298 89.851262 1.814056 -5.896099 0.188870 
703 2.162591 0.000000 0.181731 98.410769 1.789609 -1.456562 0.031000 
704 2.089321 0.000000 0.113582 104.092349 1.881561 -4.976260 -0.086352 
705 2.064897 0.000000 0.113582 98.608132 1.522426 -2.722607 0.026671 
706 2.089321 0.000000 0.090865 103.813684 1.890134 -4.682113 -0.080278 
707 2.113744 0.000000 0.113582 108.717669 2.423469 -11.055581 -0.194763 
708 2.089321 0.000000 0.136298 96.620856 2.990057 0.799579 0.065483 
709 2.162591 0.000000 -0.045433 96.211061 -0.372601 7.829691 0.068199 
710 2.211438 0.000000 -0.045433 158.249127 -0.245505 13.482844 -1.522463 
711 2.162591 0.000000 0.000000 99.930310 -0.251589 0.314414 0.001377 
712 2.138168 0.000000 -0.113582 109.500323 -2.230423 16.327966 -0.226190 
713 2.138168 0.000000 -0.136298 105.648824 -1.575613 11.878983 -0.130527 
714 2.162591 0.000000 -0.113582 104.867411 -2.169236 14.055844 -0.119945 
715 2.138168 0.000000 -0.090865 109.193153 -2.284847 16.282637 -0.219349 
716 2.089321 0.000000 -0.068149 89.742411 -0.093947 0.580170 0.194595 
717 2.064897 0.000000 -0.068149 91.180496 -0.338710 4.879898 0.166219 
718 2.113744 0.000000 -0.068149 54.680143 -0.339635 4.745897 0.698744 
719 2.089321 0.000000 -0.045433 50.851877 -0.504936 -0.221004 0.741378 
720 2.101533 0.000000 -0.102224 115.502296 -1.577376 8.653331 -0.341815 
721 2.089321 0.000000 -0.102224 111.454821 -1.267073 6.636077 -0.246782 
722 2.101533 0.000000 -0.113582 115.507018 -1.558769 8.149307 -0.341071 
723 2.113744 0.000000 -0.102224 114.832494 -1.853802 12.669234 -0.335045 
724 2.101533 0.000000 -0.090865 115.900051 -1.628803 8.751361 -0.351206 
725 2.162591 0.000000 0.045433 98.489778 0.724231 -7.694054 0.024004 
726 2.211438 0.000000 0.045433 162.583910 2.973542 -11.683962 -1.657888 
727 2.089321 0.000000 0.068149 96.621435 2.987345 0.804717 0.065473 
728 2.064897 0.000000 0.068149 97.664842 -0.167712 5.141199 0.043512 
729 2.089321 0.000000 0.045433 59.705720 0.094259 -1.214895 0.643374 
730 2.113744 0.000000 0.068149 62.847181 1.065673 -5.450368 0.601939 
731 2.138168 0.000000 0.113582 104.924113 2.796269 -15.326863 -0.125180 
732 2.138168 0.000000 0.090865 104.729692 2.880058 -15.298763 -0.121066 
733 2.162591 0.000000 0.113582 101.070095 3.470522 -12.082435 -0.037319 
734 2.138168 0.000000 0.136298 103.330584 2.498131 -6.960124 -0.073189 
735 2.101533 0.000000 0.102224 108.547395 2.192675 -7.807010 -0.184829 
736 2.089321 0.000000 0.102224 105.751169 1.945456 -5.609603 -0.121856 
737 2.101533 0.000000 0.090865 108.986927 2.220761 -7.909019 -0.194563 
738 2.113744 0.000000 0.102224 108.639160 2.441391 -11.675655 -0.194475 
739 2.101533 0.000000 0.113582 108.739781 2.215643 -7.327378 -0.188294 
740 2.138168 0.000000 -0.068149 73.181402 -0.359183 8.573168 0.457085 
741 2.162591 0.000000 -0.068149 92.706988 -0.331100 11.326359 0.127702 
742 2.138168 0.000000 -0.045433 75.502082 -0.435791 5.607024 0.426781 
743 2.125956 0.000000 -0.102224 110.797155 -2.085948 16.197763 -0.254273 
744 2.125956 0.000000 -0.113582 111.935909 -2.037945 15.445412 -0.277236 
745 2.138168 0.000000 -0.102224 109.318112 -2.262335 16.300997 -0.222129 
746 2.125956 0.000000 -0.090865 111.780990 -2.047737 15.536244 -0.274056 
747 2.138168 0.000000 0.068149 77.450451 1.008731 -9.285969 0.391418 
748 2.138168 0.000000 0.045433 78.928680 0.606935 -5.646344 0.373801 
749 2.162591 0.000000 0.068149 95.717382 0.745785 -12.442600 0.068281 
750 2.125956 0.000000 0.102224 105.771805 2.632392 -15.144800 -0.142397 
751 2.125956 0.000000 0.090865 106.504579 2.610606 -14.489030 -0.155997 
752 2.138168 0.000000 0.102224 104.809026 2.844838 -15.310166 -0.122743 
753 2.125956 0.000000 0.113582 106.616192 2.601677 -14.397772 -0.158108 
754 2.406827 0.000000 -0.090865 102.503075 -2.129899 5.874181 -0.054592 
755 2.406827 0.000000 -0.181731 100.662209 -1.275728 6.682314 -0.017916 
756 2.504521 0.000000 -0.090865 100.459328 -2.048134 6.745483 -0.014177 
757 2.406827 0.000000 0.000000 103.636288 -3.265415 8.141348 -0.081742 
758 2.260285 0.000000 -0.136298 87.235211 -1.909557 5.296162 0.235832 
759 2.260285 0.000000 -0.181731 93.673854 -1.566921 6.563148 0.117968 
760 2.309132 0.000000 -0.136298 100.341932 -1.770794 -0.142624 -0.007166 
761 2.260285 0.000000 -0.090865 74.804004 -3.086902 12.469208 0.423935 
762 2.187015 0.000000 -0.113582 99.705680 -2.388314 15.894618 -0.019957 
763 2.187015 0.000000 -0.136298 98.668419 -1.847745 13.482372 0.007935 
764 2.211438 0.000000 -0.113582 92.313863 -2.453883 15.968597 0.121713 
765 2.187015 0.000000 -0.090865 97.756910 -2.876552 17.979811 0.011204 
766 2.150380 0.000000 -0.102224 108.273705 -2.419934 16.147715 -0.198980 
767 2.150380 0.000000 -0.113582 108.692773 -2.375958 16.209325 -0.208251 
768 2.162591 0.000000 -0.102224 105.237145 -2.559371 16.760989 -0.136234 
769 2.150380 0.000000 -0.090865 107.380452 -2.462309 16.318443 -0.180292 
770 2.406827 0.000000 0.090865 102.058470 1.766556 11.492071 -0.055112 
771 2.504521 0.000000 0.090865 100.406480 1.275182 10.999603 -0.020408 
772 2.406827 0.000000 0.181731 100.565467 2.168383 7.439286 -0.017346 
773 2.260285 0.000000 0.136298 81.017807 1.757403 5.324107 0.340468 
774 2.260285 0.000000 0.090865 64.056800 -0.839444 -10.267457 0.579060 
775 2.309132 0.000000 0.136298 97.725265 2.300341 14.429135 0.023628 
776 2.260285 0.000000 0.181731 90.435214 1.668037 5.490229 0.178855 
777 2.187015 0.000000 0.113582 95.330833 3.207687 -13.166308 0.072839 
778 2.187015 0.000000 0.090865 91.074432 3.036361 -16.422396 0.142653 
779 2.211438 0.000000 0.113582 86.455727 2.108158 -12.026852 0.237632 
780 2.187015 0.000000 0.136298 95.255930 2.239095 -7.567671 0.086402 
781 2.150380 0.000000 0.102224 104.027875 3.105743 -15.197342 -0.106240 
782 2.150380 0.000000 0.090865 103.033976 3.169305 -15.337169 -0.086127 
783 2.162591 0.000000 0.102224 100.568452 3.270105 -15.687580 -0.037081 
784 2.150380 0.000000 0.113582 104.411383 3.024042 -15.253172 -0.114354 
785 2.260285 0.000000 -0.045433 233.783646 -1.179959 9.512393 -4.474667 
786 2.309132 0.000000 -0.045433 138.810437 -2.854656 -4.670726 -0.929830 
787 2.260285 0.000000 0.000000 219.325592 -0.608584 5.193605 -3.813106 
788 2.187015 0.000000 -0.068149 119.579266 -0.220964 15.764699 -0.454778 
789 2.211438 0.000000 -0.068149 156.700072 -0.262131 20.894274 -1.499155 
790 2.187015 0.000000 -0.045433 123.430455 -0.247967 10.799871 -0.535178 
791 2.174803 0.000000 -0.102224 101.124951 -2.714559 17.525759 -0.054078 
792 2.174803 0.000000 -0.113582 102.698131 -2.322673 15.571310 -0.079477 
793 2.187015 0.000000 -0.102224 97.655392 -2.870076 17.961408 0.013257 
794 2.174803 0.000000 -0.090865 100.581020 -2.730160 17.631588 -0.043487 
795 2.260285 0.000000 0.045433 245.353111 2.526746 -2.391311 -5.021025 
796 2.309132 0.000000 0.045433 139.237493 -1.045903 23.122034 -0.992280 
797 2.187015 0.000000 0.068149 123.029038 0.937386 -17.121804 -0.543018 
798 2.187015 0.000000 0.045433 126.301369 1.308944 -10.352754 -0.606093 
799 2.211438 0.000000 0.068149 162.026538 3.025758 -22.533812 -1.676953 
800 2.174803 0.000000 0.102224 95.559541 3.274212 -16.226386 0.059436 
801 2.174803 0.000000 0.090865 94.881864 3.262559 -16.299374 0.072112 
802 2.187015 0.000000 0.102224 90.978922 3.064799 -16.407011 0.144425 
803 2.174803 0.000000 0.113582 98.717212 3.435395 -13.081856 0.007198 
804 2.235862 0.000000 -0.068149 77.266690 -3.100514 12.880065 0.385435 
805 2.235862 0.000000 -0.090865 78.556116 -3.099508 13.094546 0.364786 
806 2.260285 0.000000 -0.068149 73.927595 -3.054736 12.324437 0.437349 
807 2.235862 0.000000 -0.045433 194.611771 -0.410614 14.266442 -2.807744 
808 2.235862 0.000000 -0.113582 86.922738 -2.363500 12.357146 0.228615 
809 2.235862 0.000000 -0.136298 90.382380 -1.941093 10.348852 0.172016 
810 2.260285 0.000000 -0.113582 77.640367 -2.280862 5.553442 0.393593 
811 2.223650 0.000000 -0.079507 85.819048 -3.094075 14.899434 0.240352 
812 2.211438 0.000000 -0.079507 93.530658 -3.056837 17.005678 0.095348 
813 2.223650 0.000000 -0.090865 85.822749 -3.093882 14.796444 0.240595 
814 2.235862 0.000000 -0.079507 78.382077 -3.099642 13.065682 0.367593 
815 2.223650 0.000000 -0.068149 177.868694 -0.308960 18.504207 -2.197977 
816 2.235862 0.000000 0.068149 66.620950 -0.324304 -10.691270 0.544724 
817 2.235862 0.000000 0.045433 199.652329 3.958043 -10.818211 -2.999375 
818 2.260285 0.000000 0.068149 63.190005 -0.950519 -10.124705 0.590361 
819 2.235862 0.000000 0.090865 68.130903 -0.171169 -10.941022 0.523844 
820 2.235862 0.000000 0.113582 79.714394 1.657261 -6.597356 0.359934 
821 2.260285 0.000000 0.113582 67.627672 1.693369 3.437681 0.541181 
822 2.235862 0.000000 0.136298 84.860885 1.587561 -1.929781 0.279239 
823 2.223650 0.000000 0.079507 76.524782 0.766292 -12.892506 0.397715 
824 2.211438 0.000000 0.079507 85.507809 1.988802 -15.180064 0.245402 
825 2.223650 0.000000 0.068149 183.770472 3.869002 -19.629961 -2.417189 
826 2.235862 0.000000 0.079507 67.925037 -0.190434 -10.906913 0.526719 
827 2.223650 0.000000 0.090865 76.568862 0.741534 -12.803555 0.397273 
828 2.357979 0.000000 -0.045433 109.908500 -2.709297 5.292574 -0.211523 
829 2.357979 0.000000 -0.090865 106.355155 -2.189993 4.064207 -0.133273 
830 2.406827 0.000000 -0.045433 103.488692 -2.759103 6.616925 -0.076131 
831 2.357979 0.000000 0.000000 110.956240 -3.262965 8.208725 -0.238932 
832 2.284709 0.000000 -0.068149 174.870182 -2.407465 -43.264406 -2.245719 
833 2.284709 0.000000 -0.090865 97.102062 -2.358734 -30.865743 -0.038707 
834 2.309132 0.000000 -0.068149 126.520798 -2.519851 -8.210434 -0.608127 
835 2.284709 0.000000 -0.045433 196.710050 -2.456263 -15.526434 -2.894195 
836 2.248074 0.000000 -0.079507 75.942439 -3.097196 12.658422 0.406292 
837 2.248074 0.000000 -0.090865 76.187702 -3.097436 12.699539 0.402456 
838 2.260285 0.000000 -0.079507 74.257849 -3.072526 12.378854 0.432310 
839 2.248074 0.000000 -0.068149 75.501544 -3.094808 12.584857 0.413156 
840 2.357979 0.000000 0.045433 109.068974 -1.515562 12.734003 -0.206049 
841 2.406827 0.000000 0.045433 103.068305 -1.950699 11.050285 -0.074899 
842 2.357979 0.000000 0.090865 105.410387 1.960983 13.003459 -0.128429 
843 2.284709 0.000000 0.068149 182.263428 1.240148 67.414958 -2.776627 
844 2.284709 0.000000 0.045433 204.631041 -0.078753 33.519090 -3.299740 
845 2.309132 0.000000 0.068149 125.991120 0.794969 27.030053 -0.660502 
846 2.284709 0.000000 0.090865 88.601674 1.881522 51.591357 -0.051546 
847 2.248074 0.000000 0.079507 65.185142 -0.561246 -10.454570 0.564128 
848 2.248074 0.000000 0.068149 64.725381 -0.652980 -10.378587 0.570248 
849 2.260285 0.000000 0.079507 63.523463 -0.940078 -10.179295 0.586027 
850 2.248074 0.000000 0.090865 65.456398 -0.521110 -10.499233 0.560495 
851 -8.241827 0.000000 -8.723074 98.480052 -0.002407 17.364897 0.000014 
852 -11.368037 0.000000 -8.723074 98.480427 -0.001397 17.364911 0.000007 
853 -8.241827 0.000000 -11.630765 98.480018 -0.002994 17.364802 0.000015 
854 10.515434 0.000000 -8.723074 98.481410 -0.042253 17.354325 0.000024 
855 10.515434 0.000000 -11.630765 98.480703 -0.031291 17.358603 0.000023 
856 13.641644 0.000000 -8.723074 98.481829 -0.041653 17.355297 0.000012 
857 -8.241827 0.000000 8.723074 98.481701 0.003694 17.364897 -0.000019 
858 -11.368037 0.000000 8.723074 98.481254 0.002431 17.364907 -0.000010 
859 -8.241827 0.000000 11.630765 98.481734 0.004253 17.364791 -0.000019 
860 -3.552511 0.000000 -4.361537 98.477844 -0.004949 17.364616 0.000058 
861 -5.115617 0.000000 -4.361537 98.479294 -0.003839 17.364968 0.000029 
862 -3.552511 0.000000 -5.815382 98.477819 -0.007541 17.364423 0.000060 
863 10.515434 0.000000 8.723074 98.485144 0.063916 17.344380 -0.000016 
864 13.641644 0.000000 8.723074 98.485336 0.070922 17.340880 -0.000007 
865 10.515434 0.000000 11.630765 98.483437 0.043945 17.354448 -0.000017 
866 5.826119 0.000000 -4.361537 98.483148 -0.083689 17.321822 0.000102 
867 5.826119 0.000000 -5.815382 98.480278 -0.062929 17.339806 0.000096 
868 7.389224 0.000000 -4.361537 98.484971 -0.083982 17.325471 0.000053 
869 -3.552511 0.000000 4.361537 98.483756 0.005718 17.365029 -0.000059 
870 -5.115617 0.000000 4.361537 98.482332 0.004586 17.365123 -0.000032 
871 -3.552511 0.000000 5.815382 98.484089 0.008554 17.364733 -0.000065 
872 -1.207854 0.000000 -2.180768 98.463930 -0.010999 17.360143 0.000348 
873 -1.989406 0.000000 -2.180768 98.472517 -0.007278 17.363616 0.000167 
874 -1.207854 0.000000 -2.907691 98.467405 -0.011932 17.359602 0.000281 
875 5.826119 0.000000 4.361537 98.497594 0.123851 17.287530 -0.000065 
876 7.389224 0.000000 4.361537 98.497717 0.139686 17.275279 -0.000026 
877 5.826119 0.000000 5.815382 98.490813 0.087534 17.325443 -0.000062 
878 3.481461 0.000000 -2.180768 98.483959 -0.161703 17.185711 0.000553 
879 3.481461 0.000000 -2.907691 98.477538 -0.114836 17.264707 0.000409 
880 4.263014 0.000000 -2.180768 98.496666 -0.165167 17.196655 0.000265 
881 -1.207854 0.000000 2.180768 98.490485 0.004387 17.366790 -0.000198 
882 -1.989406 0.000000 2.180768 98.484976 0.004112 17.366145 -0.000087 
883 -1.207854 0.000000 2.907691 98.492097 0.008942 17.364848 -0.000223 
884 -0.817078 0.000000 -1.090384 98.440463 -0.016946 17.361540 0.000805 
885 -1.207854 0.000000 -1.090384 98.460391 -0.011363 17.364403 0.000403 
886 -0.817078 0.000000 -1.453846 98.448975 -0.015592 17.353452 0.000666 
887 3.481461 0.000000 2.180768 98.532943 0.239585 17.094210 -0.000101 
888 4.263014 0.000000 2.180768 98.537508 0.266248 17.049757 -0.000041 
889 3.481461 0.000000 2.907691 98.514389 0.163327 17.222642 -0.000173 
890 -0.230913 0.000000 -0.545192 98.196932 0.037121 17.448380 0.005292 
891 -0.426301 0.000000 -0.545192 98.413782 0.065729 17.352762 0.001360 
892 -0.230913 0.000000 -0.726923 98.275631 0.065301 17.292372 0.004287 
893 0.941416 0.000000 -0.545192 98.334294 0.026609 16.795331 0.004828 
894 0.941416 0.000000 -0.726923 98.333056 0.014864 17.064750 0.003940 
895 -0.817078 0.000000 1.090384 98.486010 -0.006640 17.372676 -0.000130 
896 -1.207854 0.000000 1.090384 98.483126 -0.003114 17.369779 -0.000064 
897 -0.817078 0.000000 1.453846 98.494817 -0.002290 17.374889 -0.000312 
898 -0.230913 0.000000 0.545192 98.443785 0.041312 17.173806 0.001388 
899 -0.426301 0.000000 0.545192 98.494434 0.055344 17.301820 -0.000051 
900 -0.230913 0.000000 0.726923 98.412273 0.029965 17.273814 0.001664 
901 -0.133219 0.000000 -0.272596 98.409312 0.103178 18.052572 -0.001030 
902 -0.230913 0.000000 -0.272596 98.563870 0.234482 17.756545 -0.003019 
903 -0.133219 0.000000 -0.363461 97.791067 0.184763 17.767550 0.012119 
904 0.941416 0.000000 0.545192 98.514725 0.000454 16.687715 0.001637 
905 0.941416 0.000000 0.726923 98.413618 0.045600 17.022517 0.002499 
906 -0.133219 0.000000 0.272596 99.348933 -0.072871 16.685819 -0.014863 
907 -0.230913 0.000000 0.272596 98.969044 0.115132 17.042815 -0.008534 
908 -0.133219 0.000000 0.363461 98.588145 0.010141 16.874443 -0.000437 
909 0.037745 0.000000 -0.113582 74.991320 0.062090 5.379259 0.434736 
910 0.013322 0.000000 -0.113582 64.829990 0.030069 17.473233 0.549176 
911 0.037745 0.000000 -0.136298 81.759530 0.125615 10.136299 0.321262 
912 0.648333 0.000000 -0.272596 102.149672 -0.004005 4.691450 -0.045657 
913 0.648333 0.000000 -0.363461 98.318817 0.062657 16.132228 0.007316 
914 0.746027 0.000000 -0.272596 103.807564 0.011864 7.073538 -0.082605 
915 0.648333 0.000000 0.272596 101.980087 -0.014016 4.682030 -0.042186 
916 0.746027 0.000000 0.272596 103.841517 -0.012558 7.057701 -0.083287 
917 0.648333 0.000000 0.363461 98.477303 -0.150818 15.518925 0.006136 
918 0.037745 0.000000 0.113582 85.999796 -0.264643 19.522250 0.222285 
919 0.013322 0.000000 0.113582 77.588596 -0.241132 11.428990 0.384933 
920 0.037745 0.000000 0.136298 90.503778 -0.240750 18.034568 0.148376 
921 0.098804 0.000000 -0.079507 87.876510 0.138574 -14.075579 0.207958 
922 0.098804 0.000000 -0.090865 87.362557 0.255462 -14.296687 0.216332 
923 0.098804 0.000000 -0.068149 87.908088 0.130687 -14.044951 0.207489 
924 0.098804 0.000000 0.079507 99.798756 0.220976 17.200995 -0.025571 
925 0.098804 0.000000 0.068149 99.838171 0.221243 17.229448 -0.026456 
926 0.098804 0.000000 0.090865 99.125011 0.214318 16.900657 -0.011145 
927 0.233134 0.000000 -0.068149 52.108611 0.070661 -4.110928 0.726779 
928 0.233134 0.000000 -0.045433 53.177846 -0.063405 -3.106886 0.716246 
929 0.184287 0.000000 -0.113582 96.989679 0.078289 -3.274786 0.058227 
930 0.184287 0.000000 -0.136298 96.510758 0.079676 1.807137 0.068240 
931 0.233134 0.000000 0.068149 52.123520 -0.080344 4.369517 0.726404 
932 0.233134 0.000000 0.045433 53.072153 -0.089213 3.533261 0.717085 
933 0.184287 0.000000 0.113582 103.963683 -0.255227 16.753188 -0.108918 
934 0.184287 0.000000 0.136298 102.345257 -0.188401 17.790075 -0.079107 
935 0.501792 0.000000 -0.045433 99.169405 0.005245 12.443307 0.001059 
936 0.550639 0.000000 -0.045433 102.087385 -0.000638 15.727503 -0.066919 
937 0.501792 0.000000 0.000000 102.074079 -0.001229 16.276977 -0.068406 
938 0.501792 0.000000 0.045433 99.174757 -0.004755 12.435757 0.000972 
939 0.550639 0.000000 0.045433 102.060017 -0.002458 15.727024 -0.066359 
940 0.428522 0.000000 -0.068149 95.686919 0.012565 5.341051 0.081549 
941 0.452945 0.000000 -0.068149 96.087468 0.012430 9.094654 0.068449 
942 0.428522 0.000000 -0.045433 96.161784 0.009432 3.454604 0.074098 
943 0.367463 0.000000 -0.102224 103.422534 0.066917 -2.892408 -0.070459 
944 0.367463 0.000000 -0.113582 103.501519 0.058418 -2.401213 -0.071833 
945 0.367463 0.000000 -0.090865 103.822940 0.063594 -2.642854 -0.078619 
946 0.428522 0.000000 0.068149 95.677899 -0.010555 5.322651 0.081741 
947 0.428522 0.000000 0.045433 96.142201 -0.010978 3.440980 0.074484 
948 0.452945 0.000000 0.068149 96.078561 -0.009023 9.077712 0.068651 
949 0.367463 0.000000 0.102224 105.866417 0.051022 3.629084 -0.122087 
950 0.367463 0.000000 0.090865 106.244668 0.047281 3.369093 -0.129928 
951 0.367463 0.000000 0.113582 105.673206 0.051388 3.112107 -0.117651 
952 1.722968 0.000000 -0.545192 97.540981 0.144291 15.757834 0.023743 
953 1.722968 0.000000 -0.726923 97.893269 -0.030336 16.380327 0.014859 
954 1.722968 0.000000 0.545192 99.340364 0.342854 15.824497 -0.011904 
955 1.722968 0.000000 0.726923 99.018705 0.218781 16.420903 -0.007440 
956 1.429886 0.000000 -0.272596 98.744928 0.168609 4.690079 0.022741 
957 1.429886 0.000000 -0.363461 97.760845 0.021981 16.017891 0.018624 
958 1.527580 0.000000 -0.272596 97.763505 0.174559 3.303384 0.043135 
959 1.429886 0.000000 0.272596 100.114944 0.442681 4.736999 -0.004564 
960 1.527580 0.000000 0.272596 102.440028 1.142816 3.601145 -0.050823 
961 1.429886 0.000000 0.363461 99.032189 0.088939 15.652631 -0.005239 
962 3.090685 0.000000 -1.090384 98.532524 -0.339558 16.648726 0.001405 
963 3.090685 0.000000 -1.453846 98.495758 -0.238488 16.951580 0.001117 
964 3.481461 0.000000 -1.090384 98.560363 -0.314502 16.707548 0.000661 
965 2.504521 0.000000 -0.545192 98.774966 -0.708133 14.496580 0.003285 
966 2.504521 0.000000 -0.726923 98.607206 -0.531143 15.707709 0.002960 
967 2.699909 0.000000 -0.545192 98.779375 -0.676386 14.646506 0.002766 
968 3.090685 0.000000 1.090384 98.651480 0.535841 16.169340 0.000615 
969 3.481461 0.000000 1.090384 98.706839 0.581010 15.994831 0.000079 
970 3.090685 0.000000 1.453846 98.579940 0.360845 16.743520 0.000152 
971 2.504521 0.000000 0.545192 98.823687 0.823499 12.990969 0.006444 
972 2.699909 0.000000 0.545192 99.067758 0.976801 12.419918 0.003037 
973 2.504521 0.000000 0.726923 98.647801 0.620956 14.975529 0.004396 
974 2.406827 0.000000 -0.272596 99.545930 -0.968962 8.983638 0.000896 
975 2.406827 0.000000 -0.363461 98.969777 -0.870632 11.326579 0.007593 
976 2.504521 0.000000 -0.272596 99.534892 -1.138998 9.559029 0.000013 
977 2.406827 0.000000 0.272596 99.648167 1.532520 7.529678 0.001120 
978 2.504521 0.000000 0.272596 100.110129 1.480145 6.761499 -0.006995 
979 2.406827 0.000000 0.363461 99.110362 1.250488 9.434752 0.008656 
980 2.357979 0.000000 -0.136298 102.666989 -1.766014 4.192648 -0.056121 
981 2.357979 0.000000 -0.181731 100.593668 -1.389128 5.432180 -0.015052 
982 2.406827 0.000000 -0.136298 101.532335 -1.639205 5.976796 -0.034722 
983 2.284709 0.000000 -0.113582 90.416351 -2.001137 -8.475568 0.174904 
984 2.284709 0.000000 -0.136298 92.798706 -1.836779 -0.709820 0.138452 
985 2.309132 0.000000 -0.113582 104.927330 -1.917665 -3.408220 -0.102504 
986 2.357979 0.000000 0.136298 101.934170 2.461738 10.318186 -0.050310 
987 2.406827 0.000000 0.136298 101.320614 2.563853 8.889819 -0.035147 
988 2.357979 0.000000 0.181731 100.004261 2.101687 8.456449 -0.007678 
989 2.284709 0.000000 0.113582 83.108971 2.055771 23.600213 0.253170 
990 2.309132 0.000000 0.113582 102.044922 2.431343 19.239094 -0.078922 
991 2.284709 0.000000 0.136298 87.660446 2.072984 14.243392 0.210847 
1 11 62 60 61 
2 62 10 24 60 
3 60 24 14 63 
4 61 60 63 6 
5 24 66 64 65 
6 66 23 40 64 
7 64 40 27 67 
8 65 64 67 14 
9 40 70 68 69 
10 69 68 71 27 
11 6 63 92 93 
12 63 14 36 92 
13 92 36 19 94 
14 93 92 94 20 
15 14 67 95 96 
16 67 27 52 95 
17 95 52 35 97 
18 96 95 97 36 
19 27 71 98 99 
20 99 98 100 52 
21 68 112 110 111 
22 112 56 80 110 
23 110 80 43 113 
24 111 110 113 71 
25 80 116 114 115 
26 115 114 117 43 
27 71 113 133 134 
28 113 43 102 133 
29 133 102 76 135 
30 134 133 135 98 
31 43 117 136 137 
32 137 136 138 102 
33 114 141 139 140 
34 141 106 129 139 
35 139 129 83 142 
36 140 139 142 117 
37 129 149 147 148 
38 147 150 132 151 
39 148 147 151 83 
40 117 142 152 153 
41 142 83 144 152 
42 152 144 125 154 
43 153 152 154 136 
44 83 151 155 156 
45 151 132 157 155 
46 156 155 158 144 
47 12 161 159 160 
48 161 7 162 159 
49 159 162 13 25 
50 160 159 25 10 
51 25 165 163 164 
52 165 13 166 163 
53 163 166 26 41 
54 164 163 41 23 
55 41 169 167 168 
56 169 26 170 167 
57 167 170 42 57 
58 168 167 57 39 
59 39 173 171 172 
60 173 57 174 171 
61 171 174 55 81 
62 172 171 81 56 
63 81 177 175 176 
64 177 55 178 175 
65 175 178 82 107 
66 176 175 107 79 
67 79 181 179 180 
68 181 107 182 179 
69 179 182 105 130 
70 180 179 130 106 
71 106 185 183 184 
72 185 130 186 183 
73 184 183 149 129 
74 195 197 109 198 
75 150 195 198 132 
76 149 201 199 200 
77 201 128 202 199 
78 199 202 150 203 
79 200 199 203 147 
80 132 198 210 157 
81 198 109 211 210 
82 19 38 213 214 
83 38 21 215 213 
84 213 215 9 216 
85 214 213 216 22 
86 35 54 217 218 
87 54 37 219 217 
88 217 219 21 220 
89 218 217 220 38 
90 51 78 221 222 
91 78 53 223 221 
92 221 223 37 224 
93 222 221 224 54 
94 76 104 225 226 
95 104 75 227 225 
96 225 227 78 228 
97 226 225 228 51 
98 101 127 229 230 
99 127 103 231 229 
100 229 231 75 232 
101 230 229 232 104 
102 125 146 233 234 
103 146 124 235 233 
104 233 235 127 236 
105 234 233 236 101 
106 144 158 237 238 
107 237 239 146 240 
108 238 237 240 125 
109 155 243 241 242 
110 243 157 244 241 
111 241 244 143 245 
112 242 241 245 158 
113 130 247 246 186 
114 247 105 248 246 
115 249 251 195 252 
116 202 249 252 150 
117 186 255 253 254 
118 255 246 256 253 
119 253 256 196 250 
120 254 253 250 128 
121 128 259 257 258 
122 259 250 260 257 
123 257 260 249 261 
124 258 257 261 202 
125 262 263 124 264 
126 239 262 264 146 
127 157 266 265 244 
128 266 210 267 265 
129 143 268 269 270 
130 268 212 271 269 
131 269 271 262 272 
132 270 269 272 239 
133 244 275 273 274 
134 275 265 276 273 
135 273 276 268 277 
136 274 273 277 143 
137 278 280 194 281 
138 197 278 281 109 
139 283 131 284 282 
140 282 284 197 285 
141 251 282 285 195 
142 107 287 286 182 
143 287 82 288 286 
144 286 288 108 192 
145 182 286 192 105 
146 105 290 289 248 
147 290 192 291 289 
148 246 293 292 256 
149 293 248 294 292 
150 292 294 131 283 
151 256 292 283 196 
152 196 297 295 296 
153 297 283 298 295 
154 295 298 282 299 
155 296 295 299 251 
156 109 281 300 211 
157 281 194 301 300 
158 210 304 303 267 
159 304 211 305 303 
160 303 305 145 306 
161 124 209 307 235 
162 209 126 308 307 
163 307 308 103 309 
164 235 307 309 127 
165 310 311 209 312 
166 263 310 312 124 
167 212 306 313 271 
168 306 145 314 313 
169 313 314 263 315 
170 271 313 315 262 
171 267 318 316 317 
172 318 303 319 316 
173 316 319 306 320 
174 317 316 320 212 
175 131 322 321 284 
176 322 279 323 321 
177 321 323 278 324 
178 284 321 324 197 
179 211 326 325 305 
180 326 300 327 325 
181 325 327 302 328 
182 305 325 328 145 
183 192 334 333 291 
184 334 108 335 333 
185 289 339 337 338 
186 339 291 340 337 
187 337 340 191 341 
188 338 337 341 279 
189 345 347 126 348 
190 311 345 348 209 
191 302 351 349 350 
192 351 207 352 349 
193 349 352 311 353 
194 350 349 353 310 
195 354 355 59 356 
196 280 354 356 194 
197 291 358 357 340 
198 358 333 359 357 
199 357 359 336 360 
200 191 360 361 362 
201 360 336 363 361 
202 361 363 354 364 
203 362 361 364 280 
204 340 367 365 366 
205 367 357 368 365 
206 365 368 360 369 
207 366 365 369 191 
208 194 356 370 301 
209 356 59 371 370 
210 373 346 374 372 
211 372 374 345 375 
212 352 372 375 311 
213 301 378 376 377 
214 378 370 379 376 
215 376 379 346 373 
216 377 376 373 207 
217 207 382 380 381 
218 382 373 383 380 
219 380 383 372 384 
220 381 380 384 352 
221 57 386 385 174 
222 386 42 387 385 
223 385 387 58 89 
224 174 385 89 55 
225 55 389 388 178 
226 389 89 390 388 
227 388 390 88 188 
228 178 388 188 82 
229 82 392 391 288 
230 392 188 393 391 
231 391 393 187 330 
232 288 391 330 108 
233 108 395 394 335 
234 395 330 396 394 
235 333 399 398 359 
236 399 335 400 398 
237 359 398 401 336 
238 75 123 402 227 
239 123 77 403 402 
240 402 403 53 404 
241 227 402 404 78 
242 103 206 405 231 
243 206 121 406 405 
244 405 406 123 407 
245 231 405 407 75 
246 126 344 408 308 
247 344 204 409 408 
248 408 409 206 410 
249 308 408 410 103 
250 411 413 344 414 
251 347 411 414 126 
252 346 416 415 374 
253 415 417 347 418 
254 374 415 418 345 
255 419 420 332 421 
256 355 419 421 59 
257 335 423 422 400 
258 423 394 424 422 
259 336 401 426 363 
260 401 193 427 426 
261 426 427 355 428 
262 363 426 428 354 
263 398 431 429 430 
264 431 400 432 429 
265 429 432 193 433 
266 430 429 433 401 
267 59 421 434 371 
268 421 332 435 434 
269 370 437 436 379 
270 437 371 438 436 
271 436 438 208 416 
272 379 436 416 346 
273 439 441 411 442 
274 417 439 442 347 
275 416 445 443 444 
276 445 208 446 443 
277 443 446 417 447 
278 444 443 447 415 
279 88 453 452 189 
280 453 90 454 452 
281 452 454 5 455 
282 189 452 455 91 
283 187 457 456 331 
284 457 189 458 456 
285 456 458 91 459 
286 331 456 459 190 
287 330 461 460 396 
288 461 187 462 460 
289 460 462 331 463 
290 396 460 463 329 
291 394 465 464 424 
292 465 396 466 464 
293 464 466 329 467 
294 424 464 467 397 
295 193 425 468 427 
296 425 397 469 468 
297 468 469 419 470 
298 427 468 470 355 
299 422 473 471 472 
300 473 424 474 471 
301 471 474 397 475 
302 472 471 475 425 
303 371 477 476 438 
304 477 434 478 476 
305 476 478 412 440 
306 438 476 440 208 
307 91 455 482 205 
308 455 5 483 482 
309 482 483 122 484 
310 205 482 484 121 
311 190 459 485 343 
312 459 91 486 485 
313 485 486 205 487 
314 343 485 487 204 
315 342 489 488 413 
316 489 343 490 488 
317 488 490 204 491 
318 413 488 491 344 
319 412 493 492 441 
320 493 342 494 492 
321 492 494 413 495 
322 441 492 495 411 
323 440 498 496 497 
324 498 412 499 496 
325 496 499 441 500 
326 497 496 500 439 
327 454 510 508 509 
328 508 511 504 512 
329 509 508 512 5 
330 5 512 513 514 
331 512 504 515 513 
332 514 513 516 483 
333 7 518 517 162 
334 518 16 519 517 
335 517 519 15 32 
336 162 517 32 13 
337 13 521 520 166 
338 521 32 522 520 
339 520 522 31 48 
340 166 520 48 26 
341 26 524 523 170 
342 524 48 525 523 
343 523 525 47 85 
344 170 523 85 42 
345 42 527 526 387 
346 527 85 528 526 
347 526 528 84 449 
348 387 526 449 58 
349 58 531 529 530 
350 531 449 532 529 
351 529 532 448 502 
352 530 529 502 90 
353 90 535 533 534 
354 535 502 536 533 
355 533 536 501 510 
356 534 533 510 454 
357 15 538 537 33 
358 538 17 539 537 
359 537 539 8 540 
360 33 537 540 18 
361 31 542 541 49 
362 542 33 543 541 
363 541 543 18 544 
364 49 541 544 34 
365 546 49 547 545 
366 545 547 34 548 
367 448 554 553 503 
368 554 450 555 553 
369 553 555 87 556 
370 503 553 556 451 
371 501 558 557 511 
372 558 503 559 557 
373 557 559 451 560 
374 511 557 560 504 
375 510 563 561 562 
376 563 501 564 561 
377 561 564 511 565 
378 562 561 565 508 
379 18 540 566 45 
380 540 8 567 566 
381 566 567 29 568 
382 45 566 568 28 
383 34 544 569 73 
384 544 18 570 569 
385 569 570 45 571 
386 73 569 571 44 
387 548 34 573 572 
388 572 573 73 574 
389 451 556 578 506 
390 556 87 579 578 
391 578 579 480 580 
392 506 578 580 479 
393 504 560 581 515 
394 560 451 582 581 
395 581 582 506 583 
396 515 581 583 505 
397 21 46 584 215 
398 46 28 585 584 
399 584 585 30 586 
400 215 584 586 9 
401 37 74 587 219 
402 74 44 588 587 
403 587 588 46 589 
404 219 587 589 21 
405 53 120 590 223 
406 120 72 591 590 
407 590 591 74 592 
408 223 590 592 37 
409 77 481 593 403 
410 481 118 594 593 
411 593 594 120 595 
412 403 593 595 53 
413 122 507 596 597 
414 507 479 598 596 
415 596 598 481 599 
416 597 596 599 77 
417 483 516 600 601 
418 516 505 602 600 
419 600 602 507 603 
420 601 600 603 122 
421 513 606 604 605 
422 606 515 607 604 
423 604 607 505 608 
424 605 604 608 516 
425 555 618 616 617 
426 617 616 620 87 
427 87 620 621 622 
428 622 621 624 579 
429 85 626 625 528 
430 626 47 627 625 
431 625 627 86 550 
432 528 625 550 84 
433 84 630 628 629 
434 630 550 631 628 
435 628 631 549 610 
436 629 628 610 450 
437 450 634 632 633 
438 634 610 635 632 
439 632 635 609 618 
440 633 632 618 555 
441 86 637 636 551 
442 637 545 638 636 
443 636 638 548 639 
444 551 636 639 50 
445 641 551 642 640 
446 640 642 50 643 
447 618 650 648 649 
448 650 609 651 648 
449 649 648 652 616 
450 50 639 653 576 
451 639 548 654 653 
452 653 654 572 655 
453 576 653 655 119 
454 643 50 657 656 
455 656 657 576 658 
456 118 577 662 594 
457 577 119 663 662 
458 662 663 72 664 
459 594 662 664 120 
460 480 615 665 666 
461 615 575 667 665 
462 665 667 577 668 
463 666 665 668 118 
464 579 624 669 670 
465 624 613 671 669 
466 669 671 615 672 
467 670 669 672 480 
468 621 675 673 674 
469 673 676 613 677 
470 674 673 677 624 
471 610 679 678 635 
472 679 549 680 678 
473 678 680 611 645 
474 635 678 645 609 
475 609 682 681 651 
476 682 645 683 681 
477 616 652 685 686 
478 685 687 612 688 
479 686 685 688 620 
480 648 691 689 690 
481 691 651 692 689 
482 690 689 693 652 
483 620 688 694 695 
484 688 612 696 694 
485 695 694 675 621 
486 613 661 697 671 
487 661 614 698 697 
488 697 698 575 699 
489 671 697 699 615 
490 700 702 661 703 
491 676 700 703 613 
492 675 706 704 705 
493 704 707 676 708 
494 705 704 708 673 
495 709 710 647 711 
496 687 709 711 612 
497 651 713 712 692 
498 713 681 714 712 
499 652 693 716 717 
500 693 619 718 716 
501 716 718 687 719 
502 717 716 719 685 
503 689 722 720 721 
504 722 692 723 720 
505 720 723 619 724 
506 721 720 724 693 
507 612 711 725 696 
508 711 647 726 725 
509 694 729 727 728 
510 729 696 730 727 
511 727 730 623 706 
512 728 727 706 675 
513 731 733 700 734 
514 707 731 734 676 
515 706 737 735 736 
516 737 623 738 735 
517 735 738 707 739 
518 736 735 739 704 
519 619 715 740 718 
520 715 684 741 740 
521 740 741 709 742 
522 718 740 742 687 
523 692 744 743 723 
524 744 712 745 743 
525 743 745 715 746 
526 723 743 746 619 
527 696 748 747 730 
528 748 725 749 747 
529 747 749 701 732 
530 730 747 732 623 
531 623 751 750 738 
532 751 732 752 750 
533 750 752 731 753 
534 738 750 753 707 
535 755 640 756 754 
536 754 756 643 757 
537 645 759 758 683 
538 759 611 760 758 
539 681 763 762 714 
540 763 683 764 762 
541 762 764 644 765 
542 712 767 766 745 
543 767 714 768 766 
544 766 768 684 769 
545 745 766 769 715 
546 757 643 771 770 
547 770 771 656 772 
548 773 775 614 776 
549 702 773 776 661 
550 778 659 779 777 
551 777 779 702 780 
552 733 777 780 700 
553 732 782 781 752 
554 782 701 783 781 
555 781 783 733 784 
556 752 781 784 731 
557 785 786 552 787 
558 710 785 787 647 
559 684 765 788 741 
560 765 644 789 788 
561 788 789 710 790 
562 741 788 790 709 
563 714 792 791 768 
564 792 762 793 791 
565 791 793 765 794 
566 768 791 794 684 
567 647 787 795 726 
568 787 552 796 795 
569 725 798 797 749 
570 798 726 799 797 
571 797 799 659 778 
572 749 797 778 701 
573 701 801 800 783 
574 801 778 802 800 
575 800 802 777 803 
576 783 800 803 733 
577 804 806 785 807 
578 789 804 807 710 
579 683 809 808 764 
580 809 758 810 808 
581 808 810 761 805 
582 764 808 805 644 
583 644 813 811 812 
584 813 805 814 811 
585 811 814 804 815 
586 812 811 815 789 
587 726 817 816 799 
588 817 795 818 816 
589 659 819 820 779 
590 819 774 821 820 
591 820 821 773 822 
592 779 820 822 702 
593 799 825 823 824 
594 825 816 826 823 
595 823 826 819 827 
596 824 823 827 659 
597 646 829 828 786 
598 829 754 830 828 
599 828 830 757 831 
600 786 828 831 552 
601 761 833 832 806 
602 833 646 834 832 
603 832 834 786 835 
604 806 832 835 785 
605 805 837 836 814 
606 837 761 838 836 
607 836 838 806 839 
608 814 836 839 804 
609 552 831 840 796 
610 831 757 841 840 
611 840 841 770 842 
612 796 840 842 660 
613 795 844 843 818 
614 844 796 845 843 
615 843 845 660 846 
616 818 843 846 774 
617 816 848 847 826 
618 848 818 849 847 
619 847 849 774 850 
620 826 847 850 819 
621 1 853 851 852 
622 853 12 160 851 
623 851 160 10 62 
624 852 851 62 11 
625 16 855 854 519 
626 855 2 856 854 
627 854 856 17 538 
628 519 854 538 15 
629 20 94 857 858 
630 94 19 214 857 
631 857 214 22 859 
632 858 857 859 4 
633 10 862 860 861 
634 862 25 164 860 
635 860 164 23 66 
636 861 860 66 24 
637 28 568 863 585 
638 568 29 864 863 
639 863 864 3 865 
640 585 863 865 30 
641 32 867 866 522 
642 867 15 868 866 
643 866 868 33 542 
644 522 866 542 31 
645 36 97 869 870 
646 97 35 218 869 
647 869 218 38 871 
648 870 869 871 19 
649 23 874 872 873 
650 874 41 168 872 
651 872 168 39 70 
652 873 872 70 40 
653 44 571 875 588 
654 571 45 876 875 
655 875 876 28 877 
656 588 875 877 46 
657 48 879 878 525 
658 879 31 880 878 
659 878 880 49 546 
660 525 878 546 47 
661 52 100 881 882 
662 100 51 222 881 
663 881 222 54 883 
664 882 881 883 35 
665 70 886 884 885 
666 886 39 172 884 
667 884 172 56 112 
668 885 884 112 68 
669 72 574 887 591 
670 574 73 888 887 
671 887 888 44 889 
672 591 887 889 74 
673 56 892 890 891 
674 892 81 176 890 
675 890 176 79 116 
676 891 890 116 80 
677 89 894 893 390 
678 894 58 530 893 
679 893 530 90 453 
680 390 893 453 88 
681 98 135 895 896 
682 135 76 226 895 
683 895 226 51 897 
684 896 895 897 100 
685 102 138 898 899 
686 138 101 230 898 
687 898 230 104 900 
688 899 898 900 76 
689 116 903 901 902 
690 903 79 180 901 
691 901 180 106 141 
692 902 901 141 114 
693 121 484 904 406 
694 484 122 597 904 
695 904 597 77 905 
696 406 904 905 123 
697 136 154 906 907 
698 154 125 234 906 
699 906 234 101 908 
700 907 906 908 138 
701 183 911 909 910 
702 911 186 254 909 
703 909 254 128 201 
704 910 909 201 149 
705 188 913 912 393 
706 913 88 914 912 
707 912 914 189 457 
708 393 912 457 187 
709 204 487 915 409 
710 487 205 916 915 
711 915 916 121 917 
712 409 915 917 206 
713 158 245 918 919 
714 245 143 270 918 
715 918 270 239 920 
716 919 918 920 237 
717 250 922 921 260 
718 922 196 296 921 
719 921 296 251 923 
720 260 921 923 249 
721 265 925 924 276 
722 925 267 317 924 
723 924 317 212 926 
724 276 924 926 268 
725 279 341 927 323 
726 341 191 362 927 
727 927 362 280 928 
728 323 927 928 278 
729 248 930 929 294 
730 930 289 338 929 
731 929 338 279 322 
732 294 929 322 131 
733 300 932 931 327 
734 932 301 377 931 
735 931 377 207 351 
736 327 931 351 302 
737 145 328 933 314 
738 328 302 350 933 
739 933 350 310 934 
740 314 933 934 263 
741 329 463 935 420 
742 463 331 936 935 
743 935 936 190 937 
744 420 935 937 332 
745 332 937 938 435 
746 937 190 939 938 
747 938 939 343 489 
748 435 938 489 342 
749 397 467 940 469 
750 467 329 941 940 
751 940 941 420 942 
752 469 940 942 419 
753 400 944 943 432 
754 944 422 472 943 
755 943 472 425 945 
756 432 943 945 193 
757 434 947 946 478 
758 947 435 948 946 
759 946 948 342 493 
760 478 946 493 412 
761 208 950 949 446 
762 950 440 497 949 
763 949 497 439 951 
764 446 949 951 417 
765 449 953 952 532 
766 953 84 629 952 
767 952 629 450 554 
768 532 952 554 448 
769 479 580 954 598 
770 580 480 666 954 
771 954 666 118 955 
772 598 954 955 481 
773 502 957 956 536 
774 957 448 958 956 
775 956 958 503 558 
776 536 956 558 501 
777 505 583 959 602 
778 583 506 960 959 
779 959 960 479 961 
780 602 959 961 507 
781 47 963 962 627 
782 963 546 964 962 
783 962 964 545 637 
784 627 962 637 86 
785 550 966 965 631 
786 966 86 967 965 
787 965 967 551 641 
788 631 965 641 549 
789 119 655 968 663 
790 655 572 969 968 
791 968 969 574 970 
792 663 968 970 72 
793 575 658 971 667 
794 658 576 972 971 
795 971 972 119 973 
796 667 971 973 577 
797 549 975 974 680 
798 975 641 976 974 
799 974 976 640 755 
800 680 974 755 611 
801 614 772 977 698 
802 772 656 978 977 
803 977 978 658 979 
804 698 977 979 575 
805 611 981 980 760 
806 981 755 982 980 
807 980 982 754 829 
808 760 980 829 646 
809 758 984 983 810 
810 984 760 985 983 
811 983 985 646 833 
812 810 983 833 761 
813 660 842 986 775 
814 842 770 987 986 
815 986 987 772 988 
816 775 986 988 614 
817 774 846 989 821 
818 846 660 990 989 
819 989 990 775 991 
820 821 989 991 773 
