2 0.000000 100.000000 262.180540
991 820 
1 -11.368037 0.000000 -11.623629 99.756121 -0.000025 6.975614 0.000006 
2 13.641644 0.000000 -11.623629 99.756257 -0.000230 6.972828 0.000007 
3 13.641644 0.000000 11.623629 99.756949 0.000277 6.971878 -0.000006 
4 -11.368037 0.000000 11.623629 99.756722 0.000031 6.975621 -0.000006 
5 1.136804 0.000000 0.000000 101.678616 -0.000195 6.272744 -0.037789 
6 -11.368037 0.000000 0.000000 99.756403 0.000004 6.975815 -0.000000 
7 1.136804 0.000000 -11.623629 99.755309 -0.000118 6.974138 0.000024 
8 13.641644 0.000000 0.000000 99.806796 -0.004691 6.253795 -0.000051 
9 1.136804 0.000000 11.623629 99.757776 0.000134 6.973972 -0.000025 
10 -5.115617 0.000000 -5.811815 99.755238 -0.000042 6.975476 0.000024 
11 -11.368037 0.000000 -5.811815 99.756159 -0.000014 6.975724 0.000005 
12 -5.115617 0.000000 -11.623629 99.755711 -0.000053 6.975295 0.000014 
13 1.136804 0.000000 -5.811815 99.751955 -0.000197 6.969726 0.000097 
14 -5.115617 0.000000 0.000000 99.756248 0.000009 6.976364 0.000002 
15 7.389224 0.000000 -5.811815 99.755742 -0.000451 6.964298 0.000029 
16 7.389224 0.000000 -11.623629 99.755785 -0.000195 6.973008 0.000016 
17 13.641644 0.000000 -5.811815 99.756788 -0.000480 6.965414 0.000007 
18 7.389224 0.000000 0.000000 99.964021 -0.009511 3.999518 -0.000880 
19 -5.115617 0.000000 5.811815 99.757633 0.000055 6.975599 -0.000024 
20 -11.368037 0.000000 5.811815 99.756666 0.000021 6.975740 -0.000005 
21 1.136804 0.000000 5.811815 99.762174 0.000228 6.969128 -0.000106 
22 -5.115617 0.000000 11.623629 99.757204 0.000063 6.975300 -0.000015 
23 -1.989406 0.000000 -2.905907 99.751048 -0.000051 6.974778 0.000108 
24 -5.115617 0.000000 -2.905907 99.755304 -0.000021 6.975926 0.000022 
25 -1.989406 0.000000 -5.811815 99.753652 -0.000086 6.974137 0.000057 
26 1.136804 0.000000 -2.905907 99.742388 -0.000346 6.952341 0.000312 
27 -1.989406 0.000000 0.000000 99.753645 0.000345 6.979254 0.000050 
28 7.389224 0.000000 5.811815 99.758561 0.000536 6.960762 -0.000022 
29 13.641644 0.000000 5.811815 99.757852 0.000650 6.957865 -0.000004 
30 7.389224 0.000000 11.623629 99.757367 0.000223 6.972485 -0.000015 
31 4.263014 0.000000 -2.905907 99.752984 -0.000882 6.930812 0.000131 
32 4.263014 0.000000 -5.811815 99.753835 -0.000361 6.965205 0.000066 
33 7.389224 0.000000 -2.905907 99.757841 -0.000970 6.933717 0.000030 
34 4.263014 0.000000 0.000000 100.074604 -0.011945 2.347139 -0.002044 
35 -1.989406 0.000000 2.905907 99.761343 0.000091 6.976012 -0.000099 
36 -5.115617 0.000000 2.905907 99.757362 0.000038 6.976093 -0.000020 
37 1.136804 0.000000 2.905907 99.779817 0.000410 6.949426 -0.000431 
38 -1.989406 0.000000 5.811815 99.759571 0.000108 6.974391 -0.000061 
39 -0.426301 0.000000 -1.452954 99.725821 0.000173 6.955236 0.000639 
40 -1.989406 0.000000 -1.452954 99.750088 -0.001628 6.976537 0.000125 
41 -0.426301 0.000000 -2.905907 99.740010 0.012405 6.969527 0.000336 
42 1.136804 0.000000 -1.452954 99.695890 -0.002442 6.882250 0.001336 
43 -0.426301 0.000000 0.000000 99.977123 -0.065229 7.045110 -0.004506 
44 4.263014 0.000000 2.905907 99.763519 0.001020 6.917282 -0.000061 
45 7.389224 0.000000 2.905907 99.762021 0.001276 6.906397 -0.000016 
46 4.263014 0.000000 5.811815 99.760253 0.000410 6.963184 -0.000059 
47 2.699909 0.000000 -1.452954 99.733470 0.001246 6.797086 0.000703 
48 2.699909 0.000000 -2.905907 99.745794 0.015011 6.935228 0.000268 
49 4.263014 0.000000 -1.452954 99.760134 -0.002003 6.800389 0.000167 
50 2.699909 0.000000 0.000000 100.140399 -0.008682 2.912035 -0.003658 
51 -0.426301 0.000000 1.452954 99.774913 0.000119 6.985065 -0.000382 
52 -1.989406 0.000000 1.452954 99.759581 -0.010237 6.978097 -0.000067 
53 1.136804 0.000000 1.452954 99.820640 -0.003748 6.881862 -0.001152 
54 -0.426301 0.000000 2.905907 99.769266 -0.011216 6.971110 -0.000250 
55 0.355251 0.000000 -0.726477 99.683640 0.024492 6.726080 0.001793 
56 -0.426301 0.000000 -0.726477 99.669104 0.016261 6.990760 0.001720 
57 0.355251 0.000000 -1.452954 99.724790 0.001350 6.923512 0.000703 
58 1.136804 0.000000 -0.726477 99.628180 0.023614 6.661568 0.002985 
59 0.355251 0.000000 0.000000 69.166694 -0.008066 0.043373 0.521597 
60 -8.241827 0.000000 -2.905907 99.756052 -0.000011 6.975856 0.000007 
61 -11.368037 0.000000 -2.905907 99.756256 -0.000006 6.975785 0.000003 
62 -8.241827 0.000000 -5.811815 99.755900 -0.000023 6.975701 0.000010 
63 -8.241827 0.000000 0.000000 99.756378 0.000005 6.975951 0.000000 
64 -3.552511 0.000000 -1.452954 99.754585 -0.000010 6.976684 0.000035 
65 -5.115617 0.000000 -1.452954 99.755661 -0.000007 6.976203 0.000014 
66 -3.552511 0.000000 -2.905907 99.754056 -0.000031 6.975911 0.000046 
67 -3.552511 0.000000 0.000000 99.755989 0.000014 6.977202 0.000006 
68 -1.207854 0.000000 -0.726477 99.742824 0.002937 6.981848 0.000262 
69 -1.989406 0.000000 -0.726477 99.752360 0.004954 6.973431 0.000084 
70 -1.207854 0.000000 -1.452954 99.741979 0.000444 6.973945 0.000290 
71 -1.207854 0.000000 0.000000 99.751856 -0.000149 6.983403 0.000080 
72 2.699909 0.000000 1.452954 99.786841 -0.000970 6.744161 -0.000290 
73 4.263014 0.000000 1.452954 99.775505 0.002950 6.711722 -0.000020 
74 2.699909 0.000000 2.905907 99.771923 -0.001320 6.925088 -0.000239 
75 0.355251 0.000000 0.726477 99.948181 -0.021524 6.979309 -0.003835 
76 -0.426301 0.000000 0.726477 99.771092 -0.040910 6.979600 -0.000299 
77 1.136804 0.000000 0.726477 99.998110 -0.006187 6.615592 -0.004339 
78 0.355251 0.000000 1.452954 99.814677 0.000151 6.957301 -0.001137 
79 -0.035525 0.000000 -0.363238 98.890726 0.008390 6.964591 0.017212 
80 -0.426301 0.000000 -0.363238 99.736865 0.002367 7.061874 0.000269 
81 -0.035525 0.000000 -0.726477 99.564640 0.025275 6.872230 0.003965 
82 0.355251 0.000000 -0.363238 100.195649 0.108395 5.786408 -0.007266 
83 -0.035525 0.000000 0.000000 166.872672 -0.074202 7.319745 -1.790007 
84 1.918356 0.000000 -0.726477 99.567309 0.003826 6.366014 0.004582 
85 1.918356 0.000000 -1.452954 99.715665 0.003754 6.836940 0.001004 
86 2.699909 0.000000 -0.726477 99.723140 0.020948 6.197549 0.001689 
87 1.918356 0.000000 0.000000 101.800536 -0.125789 4.203582 -0.038104 
88 0.746027 0.000000 -0.363238 99.528263 0.034773 6.432136 0.005275 
89 0.746027 0.000000 -0.726477 99.625041 0.029593 6.804264 0.002855 
90 1.136804 0.000000 -0.363238 99.428941 -0.004263 5.764947 0.008065 
91 0.746027 0.000000 0.000000 101.973860 0.001566 6.713301 -0.044374 
92 -8.241827 0.000000 2.905907 99.756731 0.000020 6.975894 -0.000007 
93 -11.368037 0.000000 2.905907 99.756555 0.000013 6.975796 -0.000003 
94 -8.241827 0.000000 5.811815 99.756929 0.000032 6.975744 -0.000011 
95 -3.552511 0.000000 1.452954 99.757558 0.000036 6.976992 -0.000025 
96 -5.115617 0.000000 1.452954 99.756886 0.000024 6.976313 -0.000011 
97 -3.552511 0.000000 2.905907 99.758466 0.000056 6.976330 -0.000042 
98 -1.207854 0.000000 0.726477 99.759555 -0.002365 6.979645 -0.000068 
99 -1.989406 0.000000 0.726477 99.759034 -0.001028 6.986415 -0.000067 
100 -1.207854 0.000000 1.452954 99.762483 0.000378 6.979598 -0.000127 
101 -0.035525 0.000000 0.363238 99.405107 -0.135030 6.802441 0.007233 
102 -0.426301 0.000000 0.363238 99.809991 -0.015036 6.910589 -0.000979 
103 0.355251 0.000000 0.363238 100.744784 -0.044966 7.080133 -0.019964 
104 -0.035525 0.000000 0.726477 99.781100 -0.015581 7.016108 -0.000549 
105 0.159863 0.000000 -0.181619 97.447451 -0.074263 0.523998 0.050371 
106 -0.035525 0.000000 -0.181619 96.918215 0.264328 9.907910 0.050862 
107 0.159863 0.000000 -0.363238 98.989372 0.083450 5.766881 0.016784 
108 0.355251 0.000000 -0.181619 101.383018 0.143591 3.106865 -0.028819 
109 0.159863 0.000000 0.000000 117.577216 0.133977 0.154097 -0.382444 
110 -0.817078 0.000000 -0.363238 99.743109 -0.007119 6.996785 0.000236 
111 -1.207854 0.000000 -0.363238 99.746076 -0.000084 6.982704 0.000196 
112 -0.817078 0.000000 -0.726477 99.729680 0.000960 6.984011 0.000521 
113 -0.817078 0.000000 0.000000 99.765255 -0.014901 7.001072 -0.000212 
114 -0.230913 0.000000 -0.181619 100.230097 -0.010665 7.467583 -0.010184 
115 -0.426301 0.000000 -0.181619 99.866258 -0.057700 7.098355 -0.002366 
116 -0.230913 0.000000 -0.363238 99.458654 0.054074 7.303125 0.005464 
117 -0.230913 0.000000 0.000000 101.236654 -0.080110 7.090737 -0.029915 
118 1.918356 0.000000 0.726477 100.011696 0.008753 6.156742 -0.004024 
119 2.699909 0.000000 0.726477 99.812579 0.016745 5.989914 0.000157 
120 1.918356 0.000000 1.452954 99.824487 -0.001434 6.786240 -0.001098 
121 0.746027 0.000000 0.363238 100.004423 -0.037328 6.228493 -0.003968 
122 1.136804 0.000000 0.363238 100.374398 -0.019454 5.850856 -0.010925 
123 0.746027 0.000000 0.726477 99.937647 -0.031916 6.754029 -0.003315 
124 0.159863 0.000000 0.181619 99.209817 -0.255258 10.327674 0.005069 
125 -0.035525 0.000000 0.181619 98.290298 0.075017 3.860441 0.032411 
126 0.355251 0.000000 0.181619 102.291509 -0.062755 6.151877 -0.050140 
127 0.159863 0.000000 0.363238 99.662941 -0.099012 7.491391 0.001117 
128 0.062169 0.000000 -0.090810 83.471583 0.074726 -4.975611 0.300773 
129 -0.035525 0.000000 -0.090810 102.604690 0.115891 26.264561 -0.121756 
130 0.062169 0.000000 -0.181619 94.973754 0.105713 4.354237 0.096102 
131 0.159863 0.000000 -0.090810 97.474239 -0.040529 -13.028526 0.032903 
132 0.062169 0.000000 0.000000 198.213375 0.011660 0.782495 -2.928915 
133 -0.817078 0.000000 0.363238 99.767822 -0.010536 6.985339 -0.000241 
134 -1.207854 0.000000 0.363238 99.755761 -0.000240 6.982426 0.000003 
135 -0.817078 0.000000 0.726477 99.763026 -0.000045 6.982146 -0.000141 
136 -0.230913 0.000000 0.181619 100.458023 -0.069247 6.621253 -0.013566 
137 -0.426301 0.000000 0.181619 99.917744 0.000702 6.935450 -0.003166 
138 -0.230913 0.000000 0.363238 99.706921 -0.043029 6.694252 0.001371 
139 -0.133219 0.000000 -0.090810 103.226981 -0.027290 9.800014 -0.075185 
140 -0.230913 0.000000 -0.090810 100.798386 -0.057365 7.553831 -0.021738 
141 -0.133219 0.000000 -0.181619 99.819916 -0.145457 8.997336 -0.004499 
142 -0.133219 0.000000 0.000000 106.565063 0.056239 7.286216 -0.140920 
143 0.062169 0.000000 0.090810 88.268025 -0.007694 11.581680 0.207462 
144 -0.035525 0.000000 0.090810 104.976329 0.037004 -11.255502 -0.114672 
145 0.159863 0.000000 0.090810 101.209065 -0.024277 13.788051 -0.043339 
146 0.062169 0.000000 0.181619 96.935698 -0.101439 7.906911 0.054094 
147 0.013322 0.000000 -0.045405 69.643846 0.171163 -13.573831 0.496546 
148 -0.035525 0.000000 -0.045405 145.076611 -0.028293 37.607540 -1.246155 
149 0.013322 0.000000 -0.090810 72.843620 0.005005 11.361651 0.456472 
150 0.062169 0.000000 -0.045405 195.728169 0.056911 -18.963305 -2.866913 
151 0.013322 0.000000 0.000000 248.473847 0.003525 3.665237 -5.175269 
152 -0.133219 0.000000 0.090810 103.694058 -0.100548 4.647332 -0.077407 
153 -0.230913 0.000000 0.090810 100.939055 -0.091813 6.594909 -0.023219 
154 -0.133219 0.000000 0.181619 100.343629 -0.172056 5.142988 -0.009532 
155 0.013322 0.000000 0.045405 77.602812 -0.154237 15.376194 0.374135 
156 -0.035525 0.000000 0.045405 144.870442 -0.083832 -21.507622 -1.145003 
157 0.062169 0.000000 0.045405 194.087386 -0.002708 19.817716 -2.806266 
158 0.013322 0.000000 0.090810 79.301502 -0.142948 -0.633319 0.371085 
159 -1.989406 0.000000 -8.717722 99.754853 -0.000088 6.974526 0.000033 
160 -5.115617 0.000000 -8.717722 99.755476 -0.000051 6.975312 0.000019 
161 -1.989406 0.000000 -11.623629 99.755436 -0.000081 6.974837 0.000020 
162 1.136804 0.000000 -8.717722 99.754483 -0.000150 6.972987 0.000042 
163 -0.426301 0.000000 -4.358861 99.750153 -0.000134 6.970994 0.000131 
164 -1.989406 0.000000 -4.358861 99.752436 -0.000075 6.974203 0.000081 
165 -0.426301 0.000000 -5.811815 99.752678 -0.000129 6.972315 0.000079 
166 1.136804 0.000000 -4.358861 99.748611 0.003898 6.965268 0.000170 
167 0.355251 0.000000 -2.179431 99.744785 0.015472 6.945774 0.000273 
168 -0.426301 0.000000 -2.179431 99.739484 -0.001022 6.963322 0.000355 
169 0.355251 0.000000 -2.905907 99.743499 -0.000080 6.960232 0.000279 
170 1.136804 0.000000 -2.179431 99.742375 0.001640 6.932899 0.000339 
171 -0.035525 0.000000 -1.089715 99.691932 0.012909 6.916886 0.001368 
172 -0.426301 0.000000 -1.089715 99.714952 0.002079 6.954251 0.000857 
173 -0.035525 0.000000 -1.452954 99.707111 -0.001682 6.947602 0.001022 
174 0.355251 0.000000 -1.089715 99.709023 0.018769 6.878655 0.001079 
175 0.159863 0.000000 -0.544858 99.454538 0.033792 6.549629 0.006590 
176 -0.035525 0.000000 -0.544858 99.438974 0.042154 6.829569 0.006525 
177 0.159863 0.000000 -0.726477 99.596719 0.027945 6.760412 0.003479 
178 0.355251 0.000000 -0.544858 99.682908 0.043581 6.515417 0.002087 
179 0.062169 0.000000 -0.272429 97.086622 0.162816 5.824066 0.054024 
180 -0.035525 0.000000 -0.272429 97.814457 0.026561 7.669203 0.037351 
181 0.062169 0.000000 -0.363238 98.627132 0.036754 6.370256 0.023211 
182 0.159863 0.000000 -0.272429 98.286388 0.239012 4.186940 0.032220 
183 0.013322 0.000000 -0.136214 91.394370 0.071110 8.935337 0.156722 
184 -0.035525 0.000000 -0.136214 97.526935 0.211026 13.381674 0.030938 
185 0.013322 0.000000 -0.181619 95.031419 0.213469 7.593958 0.091132 
186 0.062169 0.000000 -0.136214 92.174917 0.099193 1.865819 0.150029 
187 0.550639 0.000000 -0.181619 101.295234 -0.000608 5.109507 -0.028683 
188 0.550639 0.000000 -0.363238 99.879377 0.058629 6.513911 -0.001832 
189 0.746027 0.000000 -0.181619 101.856631 0.010901 5.221961 -0.040204 
190 0.550639 0.000000 0.000000 101.434851 -0.007469 6.617647 -0.033282 
191 0.257557 0.000000 -0.090810 101.409825 0.025145 -10.011247 -0.038418 
192 0.257557 0.000000 -0.181619 100.011064 0.034232 1.126294 -0.000348 
193 0.355251 0.000000 -0.090810 104.604031 0.099656 -4.282939 -0.096036 
194 0.257557 0.000000 0.000000 83.329801 -0.036661 0.064802 0.305614 
195 0.111016 0.000000 -0.045405 146.366403 -0.004792 -13.505001 -1.160551 
196 0.111016 0.000000 -0.090810 90.145456 0.016068 -14.950092 0.165029 
197 0.159863 0.000000 -0.045405 116.435995 0.117895 -8.396548 -0.362786 
198 0.111016 0.000000 0.000000 149.486105 -0.020303 0.212796 -1.234614 
199 0.037745 0.000000 -0.068107 70.683096 0.170185 -13.615430 0.481849 
200 0.013322 0.000000 -0.068107 69.635683 0.176840 -13.207565 0.497640 
201 0.037745 0.000000 -0.090810 80.612541 0.051591 -0.957998 0.350070 
202 0.062169 0.000000 -0.068107 76.115257 0.118025 -14.484734 0.399665 
203 0.037745 0.000000 -0.045405 70.244202 0.171115 -13.691234 0.487827 
204 0.550639 0.000000 0.181619 101.571966 -0.017815 5.123973 -0.034312 
205 0.746027 0.000000 0.181619 102.239692 -0.006704 5.241524 -0.048043 
206 0.550639 0.000000 0.363238 100.282186 -0.067464 6.223787 -0.009526 
207 0.257557 0.000000 0.090810 104.110866 -0.038268 10.535237 -0.095007 
208 0.355251 0.000000 0.090810 106.123344 0.006726 4.608024 -0.128340 
209 0.257557 0.000000 0.181619 101.377112 -0.183894 8.722302 -0.035343 
210 0.111016 0.000000 0.045405 146.107505 -0.040774 13.775108 -1.153716 
211 0.159863 0.000000 0.045405 116.388304 0.076241 8.586085 -0.361996 
212 0.111016 0.000000 0.090810 94.820960 -0.091931 15.985776 0.075343 
213 -1.989406 0.000000 8.717722 99.758250 0.000103 6.974528 -0.000035 
214 -5.115617 0.000000 8.717722 99.757447 0.000062 6.975358 -0.000020 
215 1.136804 0.000000 8.717722 99.758844 0.000170 6.972704 -0.000045 
216 -1.989406 0.000000 11.623629 99.757562 0.000093 6.974795 -0.000022 
217 -0.426301 0.000000 4.358861 99.764101 0.000171 6.971624 -0.000148 
218 -1.989406 0.000000 4.358861 99.760689 0.000101 6.974836 -0.000084 
219 1.136804 0.000000 4.358861 99.770406 -0.000974 6.964624 -0.000264 
220 -0.426301 0.000000 5.811815 99.761035 0.000156 6.972379 -0.000088 
221 0.355251 0.000000 2.179431 99.791579 -0.003001 6.964070 -0.000686 
222 -0.426301 0.000000 2.179431 99.772930 0.001501 6.974612 -0.000328 
223 1.136804 0.000000 2.179431 99.803344 -0.003204 6.932769 -0.000877 
224 0.355251 0.000000 2.905907 99.776477 0.000347 6.964098 -0.000384 
225 -0.035525 0.000000 1.089715 99.794575 -0.020938 6.991994 -0.000785 
226 -0.426301 0.000000 1.089715 99.773229 -0.001675 6.987099 -0.000352 
227 0.355251 0.000000 1.089715 99.849796 -0.020546 6.965381 -0.001850 
228 -0.035525 0.000000 1.452954 99.776178 -0.003952 6.968506 -0.000385 
229 0.159863 0.000000 0.544858 99.806276 -0.081447 7.118831 -0.001198 
230 -0.035525 0.000000 0.544858 99.678133 -0.014226 7.011630 0.001511 
231 0.355251 0.000000 0.544858 100.050419 -0.074182 6.996107 -0.005904 
232 0.159863 0.000000 0.726477 99.852505 -0.018719 7.037824 -0.002005 
233 0.062169 0.000000 0.272429 98.095558 -0.028988 7.410308 0.032235 
234 -0.035525 0.000000 0.272429 98.577873 -0.044328 6.097365 0.024522 
235 0.159863 0.000000 0.272429 99.313710 -0.062907 8.436120 0.006561 
236 0.062169 0.000000 0.363238 99.251671 -0.122548 7.165414 0.009775 
237 0.013322 0.000000 0.136214 94.313586 -0.043683 3.653736 0.109160 
238 -0.035525 0.000000 0.136214 99.429896 0.107870 0.606244 0.011332 
239 0.062169 0.000000 0.136214 95.145035 -0.116682 8.946704 0.086737 
240 0.013322 0.000000 0.181619 96.850463 0.023840 5.511907 0.058961 
241 0.037745 0.000000 0.068107 78.312989 -0.069902 15.555411 0.362510 
242 0.013322 0.000000 0.068107 77.533777 -0.150823 15.441729 0.375004 
243 0.037745 0.000000 0.045405 78.020678 -0.061546 15.461884 0.367370 
244 0.062169 0.000000 0.068107 82.847575 -0.084182 16.175197 0.287464 
245 0.037745 0.000000 0.090810 85.986588 -0.011338 9.090689 0.252367 
246 0.111016 0.000000 -0.136214 95.239116 0.011565 -1.622794 0.092688 
247 0.111016 0.000000 -0.181619 96.126055 0.037454 1.950096 0.075598 
248 0.159863 0.000000 -0.136214 97.489350 -0.194055 -3.205447 0.048551 
249 0.086592 0.000000 -0.068107 89.326535 -0.090843 -14.649602 0.180615 
250 0.086592 0.000000 -0.090810 89.768831 -0.112622 -14.892158 0.171977 
251 0.111016 0.000000 -0.068107 90.147984 0.001185 -14.697508 0.165732 
252 0.086592 0.000000 -0.045405 169.012802 0.016166 -17.263809 -1.886337 
253 0.086592 0.000000 -0.113512 91.662316 0.104662 -3.865103 0.158307 
254 0.062169 0.000000 -0.113512 88.968591 0.115728 -0.877546 0.208381 
255 0.086592 0.000000 -0.136214 93.649336 0.092806 -0.275330 0.122972 
256 0.111016 0.000000 -0.113512 94.310368 0.036080 -5.139939 0.107913 
257 0.074381 0.000000 -0.079458 86.108768 -0.042214 -14.627291 0.237132 
258 0.062169 0.000000 -0.079458 77.130660 0.102260 -14.575568 0.383840 
259 0.074381 0.000000 -0.090810 84.408254 0.067134 -9.162803 0.279129 
260 0.086592 0.000000 -0.079458 89.463328 -0.086282 -14.700858 0.178019 
261 0.074381 0.000000 -0.068107 83.208886 0.005697 -14.695179 0.286033 
262 0.111016 0.000000 0.136214 97.918119 -0.093084 11.203214 0.028652 
263 0.159863 0.000000 0.136214 99.926767 -0.334860 11.699427 -0.012235 
264 0.111016 0.000000 0.181619 98.017739 -0.185015 9.530458 0.030166 
265 0.086592 0.000000 0.068107 94.334051 -0.031799 15.942264 0.084693 
266 0.086592 0.000000 0.045405 168.260688 -0.009210 17.604829 -1.862159 
267 0.111016 0.000000 0.068107 94.820151 -0.082144 16.044283 0.075171 
268 0.086592 0.000000 0.090810 94.751952 -0.032373 15.974705 0.076688 
269 0.086592 0.000000 0.113512 95.143636 -0.059370 12.242984 0.079779 
270 0.062169 0.000000 0.113512 92.737246 -0.059624 10.213098 0.129549 
271 0.111016 0.000000 0.113512 97.571136 -0.060421 12.744417 0.031745 
272 0.086592 0.000000 0.136214 96.482971 -0.073964 10.433549 0.058217 
273 0.074381 0.000000 0.079458 91.609298 -0.033990 15.826615 0.135725 
274 0.062169 0.000000 0.079458 83.759989 -0.078151 16.096199 0.272517 
275 0.074381 0.000000 0.068107 89.069466 -0.049608 16.002332 0.181055 
276 0.086592 0.000000 0.079458 94.440420 -0.034959 15.953761 0.082648 
277 0.074381 0.000000 0.090810 89.087436 -0.047090 14.893073 0.184162 
278 0.208710 0.000000 -0.045405 95.872429 -0.027573 -5.211462 0.078132 
279 0.208710 0.000000 -0.090810 98.840940 -0.060374 -12.407894 0.007651 
280 0.257557 0.000000 -0.045405 82.462422 0.015071 -4.035682 0.318366 
281 0.208710 0.000000 0.000000 96.985974 0.070810 0.120268 0.059370 
282 0.135439 0.000000 -0.068107 90.839126 0.059489 -15.061807 0.152139 
283 0.135439 0.000000 -0.090810 92.114441 0.039629 -14.686196 0.129924 
284 0.159863 0.000000 -0.068107 114.986912 0.004775 -12.615637 -0.338114 
285 0.135439 0.000000 -0.045405 129.847573 0.102332 -10.592597 -0.697261 
286 0.257557 0.000000 -0.272429 99.804186 0.133316 4.243789 0.002110 
287 0.257557 0.000000 -0.363238 99.746522 0.095007 5.567781 0.001962 
288 0.355251 0.000000 -0.272429 100.371649 0.093246 5.158627 -0.010109 
289 0.208710 0.000000 -0.136214 99.140837 -0.145232 -3.546238 0.015850 
290 0.208710 0.000000 -0.181619 98.592084 0.023932 0.271064 0.027953 
291 0.257557 0.000000 -0.136214 100.393214 0.153874 -2.963508 -0.008760 
292 0.135439 0.000000 -0.113512 95.589985 -0.009391 -5.819008 0.082869 
293 0.135439 0.000000 -0.136214 96.471367 -0.114367 -2.433845 0.068734 
294 0.159863 0.000000 -0.113512 96.969179 -0.146044 -6.732179 0.055163 
295 0.123228 0.000000 -0.079458 90.307310 0.048627 -14.857497 0.162384 
296 0.111016 0.000000 -0.079458 90.145943 0.008419 -14.796729 0.165477 
297 0.123228 0.000000 -0.090810 90.129780 0.036668 -14.946427 0.165323 
298 0.135439 0.000000 -0.079458 92.054700 0.042685 -14.886843 0.130431 
299 0.123228 0.000000 -0.068107 90.132726 0.032797 -14.947116 0.165267 
300 0.208710 0.000000 0.045405 95.880899 -0.047037 5.402351 0.077767 
301 0.257557 0.000000 0.045405 82.479377 -0.049527 4.130736 0.318009 
302 0.208710 0.000000 0.090810 102.208148 -0.100295 13.094371 -0.061798 
303 0.135439 0.000000 0.068107 95.353566 -0.122822 16.073968 0.064931 
304 0.135439 0.000000 0.045405 129.523097 -0.076295 10.829618 -0.689352 
305 0.159863 0.000000 0.068107 114.993093 -0.056382 12.672218 -0.338400 
306 0.135439 0.000000 0.090810 96.492526 -0.093876 15.652214 0.044419 
307 0.257557 0.000000 0.272429 100.704567 -0.148975 7.942546 -0.020452 
308 0.355251 0.000000 0.272429 101.089308 -0.175707 6.716344 -0.026419 
309 0.257557 0.000000 0.363238 100.363130 -0.080783 7.469017 -0.012855 
310 0.208710 0.000000 0.136214 101.349438 -0.292990 11.057779 -0.039407 
311 0.257557 0.000000 0.136214 102.295872 0.046224 9.706461 -0.055866 
312 0.208710 0.000000 0.181619 100.192553 -0.175047 9.998183 -0.013854 
313 0.135439 0.000000 0.113512 98.745479 -0.122966 12.666680 0.008887 
314 0.159863 0.000000 0.113512 99.914628 -0.268189 12.822064 -0.014741 
315 0.135439 0.000000 0.136214 99.032439 -0.231656 11.456169 0.006128 
316 0.123228 0.000000 0.079458 94.886409 -0.120409 16.023985 0.073979 
317 0.111016 0.000000 0.079458 94.816626 -0.087426 16.020546 0.075314 
318 0.123228 0.000000 0.068107 94.774151 -0.109318 15.977286 0.076257 
319 0.135439 0.000000 0.079458 96.450582 -0.092291 15.865771 0.044555 
320 0.123228 0.000000 0.090810 94.763320 -0.113341 15.975322 0.076469 
321 0.184287 0.000000 -0.068107 103.619867 0.005053 -10.353661 -0.084428 
322 0.184287 0.000000 -0.090810 97.458318 -0.040512 -12.885336 0.033584 
323 0.208710 0.000000 -0.068107 93.806444 0.040682 -8.233706 0.113256 
324 0.184287 0.000000 -0.045405 105.030093 -0.042184 -6.778410 -0.107727 
325 0.184287 0.000000 0.068107 103.739298 -0.099956 10.503838 -0.087218 
326 0.184287 0.000000 0.045405 105.054658 -0.092773 6.962777 -0.108497 
327 0.208710 0.000000 0.068107 93.802090 -0.040810 8.400906 0.113059 
328 0.184287 0.000000 0.090810 101.113030 -0.083899 13.821423 -0.041488 
329 0.452945 0.000000 -0.090810 98.855351 0.002714 2.826464 0.021963 
330 0.452945 0.000000 -0.181619 99.632345 -0.002974 1.184370 0.007199 
331 0.550639 0.000000 -0.090810 100.905919 -0.003596 5.624594 -0.021364 
332 0.452945 0.000000 0.000000 101.434851 -0.007469 6.617649 -0.033282 
333 0.306404 0.000000 -0.136214 101.668775 0.126745 -1.228344 -0.033806 
334 0.306404 0.000000 -0.181619 100.785727 0.124700 1.898641 -0.016138 
335 0.355251 0.000000 -0.136214 103.849826 0.172782 0.092968 -0.078482 
336 0.306404 0.000000 -0.090810 103.481614 0.112064 -6.293752 -0.074807 
337 0.233134 0.000000 -0.113512 100.237060 -0.008538 -6.394230 -0.008835 
338 0.208710 0.000000 -0.113512 99.909163 -0.079038 -7.080637 -0.003198 
339 0.233134 0.000000 -0.136214 99.660959 -0.014225 -3.221769 0.005731 
340 0.257557 0.000000 -0.113512 101.436036 0.011583 -10.014084 -0.038955 
341 0.233134 0.000000 -0.090810 101.586172 -0.064989 -10.030360 -0.042036 
342 0.452945 0.000000 0.090810 99.179605 -0.029818 2.822888 0.015544 
343 0.550639 0.000000 0.090810 101.069734 -0.015050 5.626572 -0.024675 
344 0.452945 0.000000 0.181619 99.950835 -0.029457 1.183447 0.000843 
345 0.306404 0.000000 0.136214 103.237390 0.003885 7.355211 -0.071206 
346 0.306404 0.000000 0.090810 105.429918 -0.005787 6.670606 -0.115996 
347 0.355251 0.000000 0.136214 105.098440 -0.058088 5.556592 -0.107656 
348 0.306404 0.000000 0.181619 101.914604 -0.110665 7.593149 -0.044425 
349 0.233134 0.000000 0.113512 102.707921 -0.111296 10.525835 -0.065972 
350 0.208710 0.000000 0.113512 102.631948 -0.149164 11.933177 -0.067574 
351 0.233134 0.000000 0.090810 104.346567 -0.066711 10.559275 -0.099971 
352 0.257557 0.000000 0.113512 104.137333 -0.049307 10.538111 -0.095564 
353 0.233134 0.000000 0.136214 101.743385 -0.131282 10.312968 -0.045809 
354 0.306404 0.000000 -0.045405 73.575476 0.193033 -2.144322 0.458201 
355 0.355251 0.000000 -0.045405 68.417527 0.006771 -1.063392 0.531791 
356 0.306404 0.000000 0.000000 74.179438 0.064855 0.031977 0.449741 
357 0.281981 0.000000 -0.113512 102.638698 0.134967 -8.233136 -0.060251 
358 0.281981 0.000000 -0.136214 101.416988 0.121502 -2.003352 -0.028943 
359 0.306404 0.000000 -0.113512 103.478424 0.101568 -6.294610 -0.074742 
360 0.281981 0.000000 -0.090810 102.416491 0.127067 -8.558403 -0.056240 
361 0.281981 0.000000 -0.068107 76.100297 0.217107 -4.600645 0.418753 
362 0.257557 0.000000 -0.068107 81.524660 0.028953 -6.206716 0.331521 
363 0.306404 0.000000 -0.068107 72.944306 0.154834 -3.157290 0.466914 
364 0.281981 0.000000 -0.045405 77.196848 0.154863 -3.145656 0.403073 
365 0.269769 0.000000 -0.102161 101.614933 0.081898 -9.765521 -0.042097 
366 0.257557 0.000000 -0.102161 101.407993 0.026092 -10.011049 -0.038380 
367 0.269769 0.000000 -0.113512 101.570958 0.102729 -10.026908 -0.041721 
368 0.281981 0.000000 -0.102161 102.412323 0.141897 -9.041101 -0.057005 
369 0.269769 0.000000 -0.090810 101.492681 0.064741 -10.019303 -0.040115 
370 0.306404 0.000000 0.045405 73.706671 0.032525 2.179430 0.456258 
371 0.355251 0.000000 0.045405 68.392699 -0.024134 1.149913 0.532112 
372 0.281981 0.000000 0.113512 104.974503 0.079727 8.685049 -0.109508 
373 0.281981 0.000000 0.090810 104.816761 0.070299 9.023192 -0.106798 
374 0.306404 0.000000 0.113512 105.408986 -0.027223 6.669518 -0.115554 
375 0.281981 0.000000 0.136214 103.160002 -0.060079 8.440485 -0.071323 
376 0.281981 0.000000 0.068107 76.091744 0.149410 4.650304 0.418840 
377 0.257557 0.000000 0.068107 81.581408 -0.042946 6.306334 0.330470 
378 0.281981 0.000000 0.045405 77.247333 0.083869 3.265109 0.402218 
379 0.306404 0.000000 0.068107 73.051260 -0.010641 3.187936 0.465335 
380 0.269769 0.000000 0.102161 104.255421 0.021895 10.278171 -0.097483 
381 0.257557 0.000000 0.102161 104.109017 -0.037496 10.535036 -0.094968 
382 0.269769 0.000000 0.090810 104.176847 0.005477 10.541270 -0.096393 
383 0.281981 0.000000 0.102161 104.869218 0.106014 9.519711 -0.108819 
384 0.269769 0.000000 0.113512 104.239058 0.047359 10.546949 -0.097702 
385 0.746027 0.000000 -1.089715 99.708560 0.018501 6.861430 0.001112 
386 0.746027 0.000000 -1.452954 99.721770 0.001250 6.908880 0.000784 
387 1.136804 0.000000 -1.089715 99.699556 -0.000122 6.828732 0.001337 
388 0.550639 0.000000 -0.544858 99.686263 0.041105 6.693860 0.001784 
389 0.550639 0.000000 -0.726477 99.685299 0.027716 6.760533 0.001714 
390 0.746027 0.000000 -0.544858 99.627133 0.046437 6.690844 0.002966 
391 0.452945 0.000000 -0.272429 100.197856 0.108764 5.960223 -0.007515 
392 0.452945 0.000000 -0.363238 100.151955 0.100508 6.316454 -0.007032 
393 0.550639 0.000000 -0.272429 101.277464 -0.007962 1.077950 -0.025829 
394 0.404098 0.000000 -0.136214 97.976093 -0.000595 0.456122 0.040048 
395 0.404098 0.000000 -0.181619 101.538625 0.107525 4.716598 -0.033235 
396 0.452945 0.000000 -0.136214 99.010755 0.001755 2.249500 0.019181 
397 0.404098 0.000000 -0.090810 100.825283 0.032048 -1.305856 -0.016744 
398 0.330828 0.000000 -0.113512 103.451415 0.106421 -6.297220 -0.074186 
399 0.330828 0.000000 -0.136214 102.171542 0.138203 -1.046940 -0.044014 
400 0.355251 0.000000 -0.113512 104.486962 0.105116 -4.527124 -0.093803 
401 0.330828 0.000000 -0.090810 103.445495 0.105161 -6.296818 -0.074063 
402 0.746027 0.000000 1.089715 99.883798 -0.011203 6.892263 -0.002428 
403 1.136804 0.000000 1.089715 99.892110 0.001358 6.807636 -0.002478 
404 0.746027 0.000000 1.452954 99.831470 0.000172 6.921360 -0.001423 
405 0.550639 0.000000 0.544858 100.019560 -0.058823 6.712121 -0.004897 
406 0.746027 0.000000 0.544858 100.044558 -0.019426 6.641704 -0.005303 
407 0.550639 0.000000 0.726477 99.973422 -0.021631 6.885662 -0.004210 
408 0.452945 0.000000 0.272429 100.731701 -0.070286 5.792135 -0.018043 
409 0.550639 0.000000 0.272429 101.574362 -0.019353 1.077616 -0.031851 
410 0.452945 0.000000 0.363238 100.597064 -0.040162 6.451556 -0.016139 
411 0.404098 0.000000 0.136214 98.311621 -0.038617 0.453223 0.033462 
412 0.404098 0.000000 0.090810 101.493751 0.015212 2.008639 -0.030502 
413 0.452945 0.000000 0.136214 99.336204 -0.029985 2.246352 0.012727 
414 0.404098 0.000000 0.181619 102.251103 -0.109780 4.333095 -0.047408 
415 0.330828 0.000000 0.113512 105.418515 -0.042744 6.672924 -0.115759 
416 0.330828 0.000000 0.090810 105.412072 -0.043740 6.672500 -0.115623 
417 0.355251 0.000000 0.113512 106.063020 0.004354 4.858425 -0.127297 
418 0.330828 0.000000 0.136214 103.562508 0.009794 6.928003 -0.077319 
419 0.404098 0.000000 -0.045405 67.652810 0.035147 0.775979 0.542249 
420 0.452945 0.000000 -0.045405 99.405182 0.003250 4.466475 0.009866 
421 0.404098 0.000000 0.000000 68.703086 0.017685 0.002073 0.527989 
422 0.379675 0.000000 -0.113512 104.193191 0.071751 -2.092887 -0.086061 
423 0.379675 0.000000 -0.136214 103.687709 0.131089 1.689497 -0.075401 
424 0.404098 0.000000 -0.113512 100.510957 0.035816 -1.586476 -0.010497 
425 0.379675 0.000000 -0.090810 103.900847 0.067354 -2.086680 -0.079974 
426 0.330828 0.000000 -0.068107 70.072724 0.074977 -2.984479 0.508090 
427 0.355251 0.000000 -0.068107 67.163373 0.029261 -1.793081 0.548587 
428 0.330828 0.000000 -0.045405 70.626974 0.001503 -1.904415 0.500820 
429 0.343039 0.000000 -0.102161 103.877823 0.123714 -5.966911 -0.082622 
430 0.330828 0.000000 -0.102161 103.447997 0.105694 -6.296988 -0.074115 
431 0.343039 0.000000 -0.113512 103.966532 0.116974 -5.832020 -0.084307 
432 0.355251 0.000000 -0.102161 104.589619 0.100190 -4.625595 -0.096039 
433 0.343039 0.000000 -0.090810 103.698275 0.122851 -6.312609 -0.079320 
434 0.404098 0.000000 0.045405 67.692238 -0.004162 -0.819785 0.541709 
435 0.452945 0.000000 0.045405 99.700550 -0.024840 4.466687 0.003985 
436 0.330828 0.000000 0.068107 70.206979 -0.071925 3.062156 0.506160 
437 0.330828 0.000000 0.045405 70.689419 -0.064891 1.967272 0.499913 
438 0.355251 0.000000 0.068107 67.189367 -0.033092 1.853094 0.548215 
439 0.379675 0.000000 0.113512 105.134394 0.026178 2.367359 -0.105885 
440 0.379675 0.000000 0.090810 104.785893 0.029679 2.359985 -0.098565 
441 0.404098 0.000000 0.113512 101.207232 0.016418 2.113223 -0.024737 
442 0.379675 0.000000 0.136214 104.759640 -0.059126 3.764636 -0.098876 
443 0.343039 0.000000 0.102161 105.759685 -0.012742 6.332917 -0.122522 
444 0.330828 0.000000 0.102161 105.414796 -0.043319 6.672679 -0.115681 
445 0.343039 0.000000 0.090810 105.638545 -0.020091 6.686427 -0.120421 
446 0.355251 0.000000 0.102161 106.172846 0.005766 4.957714 -0.129725 
447 0.343039 0.000000 0.113512 105.812321 -0.012524 6.194168 -0.123462 
448 1.527580 0.000000 -0.363238 99.604373 -0.028952 5.693194 0.004656 
449 1.527580 0.000000 -0.726477 99.625899 -0.011625 6.548749 0.003179 
450 1.918356 0.000000 -0.363238 99.014631 0.017412 4.580671 0.017512 
451 1.527580 0.000000 0.000000 101.213776 -0.075593 4.023074 -0.026042 
452 0.941416 0.000000 -0.181619 101.612387 0.014068 4.996354 -0.035004 
453 0.941416 0.000000 -0.363238 99.367374 0.036247 6.175628 0.008799 
454 1.136804 0.000000 -0.181619 100.644606 0.007639 3.932340 -0.014480 
455 0.941416 0.000000 0.000000 102.120559 0.004640 6.250278 -0.046767 
456 0.648333 0.000000 -0.090810 101.546767 -0.000866 5.682731 -0.034404 
457 0.648333 0.000000 -0.181619 101.545921 0.006200 4.608653 -0.033281 
458 0.746027 0.000000 -0.090810 102.004398 0.008202 6.376589 -0.044556 
459 0.648333 0.000000 0.000000 101.771044 -0.001834 6.677310 -0.040193 
460 0.501792 0.000000 -0.136214 99.525381 0.001779 3.382211 0.008326 
461 0.501792 0.000000 -0.181619 100.789476 -0.002005 3.182829 -0.016865 
462 0.550639 0.000000 -0.136214 101.315607 -0.001113 5.927319 -0.029999 
463 0.501792 0.000000 -0.090810 99.545015 -0.000121 3.500341 0.007854 
464 0.428522 0.000000 -0.113512 98.199256 0.020122 -0.267863 0.035683 
465 0.428522 0.000000 -0.136214 98.979106 0.000008 1.275228 0.020151 
466 0.452945 0.000000 -0.113512 98.887742 0.001649 2.297957 0.021593 
467 0.428522 0.000000 -0.090810 98.354545 0.017979 0.136818 0.032636 
468 0.379675 0.000000 -0.068107 66.411538 0.060965 -0.314781 0.558940 
469 0.404098 0.000000 -0.068107 97.982890 0.002710 1.062763 0.039822 
470 0.379675 0.000000 -0.045405 67.334059 0.039257 -0.235957 0.546607 
471 0.391886 0.000000 -0.102161 102.600900 0.045850 -1.891986 -0.053053 
472 0.379675 0.000000 -0.102161 104.202035 0.072321 -2.093134 -0.086245 
473 0.391886 0.000000 -0.113512 102.456582 0.045646 -1.834437 -0.050072 
474 0.404098 0.000000 -0.102161 100.591385 0.036344 -1.630801 -0.012129 
475 0.391886 0.000000 -0.090810 102.271555 0.045037 -1.749561 -0.046253 
476 0.379675 0.000000 0.068107 66.437492 0.005885 0.338322 0.558595 
477 0.379675 0.000000 0.045405 67.391798 -0.014629 0.245649 0.545829 
478 0.404098 0.000000 0.068107 98.317931 -0.034596 1.056840 0.033247 
479 1.527580 0.000000 0.363238 100.104087 -0.002268 5.202781 -0.004790 
480 1.918356 0.000000 0.363238 100.670332 -0.001767 4.098412 -0.015131 
481 1.527580 0.000000 0.726477 99.983104 -0.024864 6.426513 -0.003792 
482 0.941416 0.000000 0.181619 102.742899 -0.002878 5.019101 -0.058129 
483 1.136804 0.000000 0.181619 103.018764 -0.008418 3.995955 -0.062883 
484 0.941416 0.000000 0.363238 100.168192 -0.007502 6.221101 -0.007237 
485 0.648333 0.000000 0.090810 101.732305 -0.009496 5.691644 -0.038186 
486 0.746027 0.000000 0.090810 102.171179 -0.000661 6.384211 -0.047971 
487 0.648333 0.000000 0.181619 101.892042 -0.012106 4.619747 -0.040333 
488 0.501792 0.000000 0.136214 99.832924 -0.026372 3.385515 0.002192 
489 0.501792 0.000000 0.090810 99.823549 -0.025632 3.497593 0.002303 
490 0.550639 0.000000 0.136214 101.550944 -0.015428 5.935661 -0.034783 
491 0.501792 0.000000 0.181619 101.095638 -0.023643 3.187437 -0.023049 
492 0.428522 0.000000 0.113512 98.697435 -0.018120 1.672867 0.025602 
493 0.428522 0.000000 0.090810 98.831349 -0.019241 1.834563 0.022900 
494 0.452945 0.000000 0.113512 99.211438 -0.030803 2.296628 0.015182 
495 0.428522 0.000000 0.136214 99.304088 -0.030636 1.271665 0.013708 
496 0.391886 0.000000 0.102161 103.381131 0.029779 2.208192 -0.069254 
497 0.379675 0.000000 0.102161 105.141957 0.026085 2.367565 -0.106044 
498 0.391886 0.000000 0.090810 103.031249 0.023873 2.101981 -0.061986 
499 0.404098 0.000000 0.102161 101.294550 0.017582 2.132887 -0.026514 
500 0.391886 0.000000 0.113512 103.228839 0.027220 2.165113 -0.066088 
501 1.332192 0.000000 -0.181619 101.232152 -0.039904 2.842135 -0.025603 
502 1.332192 0.000000 -0.363238 99.713875 -0.011404 5.725556 0.002436 
503 1.527580 0.000000 -0.181619 101.337332 -0.040084 3.470408 -0.028130 
504 1.332192 0.000000 0.000000 100.802039 -0.055178 3.860378 -0.017596 
505 1.332192 0.000000 0.181619 100.920857 -0.102926 2.509365 -0.019133 
506 1.527580 0.000000 0.181619 101.421584 -0.139851 2.988055 -0.029529 
507 1.332192 0.000000 0.363238 100.153123 -0.026119 5.361167 -0.005939 
508 1.234498 0.000000 -0.090810 98.689030 -0.018772 1.213223 0.025900 
509 1.136804 0.000000 -0.090810 100.422939 -0.001771 4.399651 -0.010412 
510 1.234498 0.000000 -0.181619 100.141124 -0.000264 0.664795 -0.002869 
511 1.332192 0.000000 -0.090810 99.728170 -0.030715 2.075161 0.004998 
512 1.234498 0.000000 0.000000 79.150941 -0.017797 0.635946 0.373472 
513 1.234498 0.000000 0.090810 99.733031 -0.034390 1.186261 0.005191 
514 1.136804 0.000000 0.090810 101.469811 -0.009127 4.403433 -0.031551 
515 1.332192 0.000000 0.090810 100.011051 -0.070690 2.015758 -0.000628 
516 1.234498 0.000000 0.181619 101.493427 -0.014147 0.662653 -0.030135 
517 4.263014 0.000000 -8.717722 99.754910 -0.000223 6.971437 0.000036 
518 4.263014 0.000000 -11.623629 99.755467 -0.000160 6.973440 0.000022 
519 7.389224 0.000000 -8.717722 99.755639 -0.000278 6.970724 0.000022 
520 2.699909 0.000000 -4.358861 99.752178 0.001361 6.959795 0.000106 
521 2.699909 0.000000 -5.811815 99.752445 -0.000295 6.966958 0.000091 
522 4.263014 0.000000 -4.358861 99.752800 -0.000538 6.955829 0.000100 
523 1.918356 0.000000 -2.179431 99.740239 -0.000136 6.917778 0.000403 
524 1.918356 0.000000 -2.905907 99.742801 0.005177 6.943771 0.000316 
525 2.699909 0.000000 -2.179431 99.741972 -0.000603 6.901711 0.000391 
526 1.527580 0.000000 -1.089715 99.677829 0.001273 6.777647 0.001839 
527 1.527580 0.000000 -1.452954 99.714744 0.000119 6.864816 0.000984 
528 1.918356 0.000000 -1.089715 99.666445 -0.003460 6.721772 0.002142 
529 1.332192 0.000000 -0.544858 99.621973 0.004043 6.329914 0.003539 
530 1.136804 0.000000 -0.544858 99.550777 0.014142 6.413337 0.004851 
531 1.332192 0.000000 -0.726477 99.640302 -0.007908 6.606712 0.002816 
532 1.527580 0.000000 -0.544858 99.567305 0.000519 6.304949 0.004660 
533 1.234498 0.000000 -0.272429 99.825012 -0.024963 4.894448 0.001101 
534 1.136804 0.000000 -0.272429 101.013050 0.009167 0.936857 -0.020451 
535 1.234498 0.000000 -0.363238 99.625576 -0.013959 5.677026 0.004252 
536 1.332192 0.000000 -0.272429 101.242593 -0.046009 0.325222 -0.025017 
537 10.515434 0.000000 -2.905907 99.758459 -0.000938 6.938791 0.000010 
538 10.515434 0.000000 -5.811815 99.756510 -0.000478 6.964756 0.000013 
539 13.641644 0.000000 -2.905907 99.758444 -0.000893 6.943058 0.000005 
540 10.515434 0.000000 0.000000 99.851573 -0.006797 5.612179 -0.000183 
541 5.826119 0.000000 -1.452954 99.764399 -0.009476 6.820432 0.000055 
542 5.826119 0.000000 -2.905907 99.756386 -0.000963 6.930827 0.000063 
543 7.389224 0.000000 -1.452954 99.764797 -0.001853 6.838596 0.000022 
544 5.826119 0.000000 0.000000 100.041416 -0.018012 2.880497 -0.001658 
545 3.481461 0.000000 -0.726477 99.783198 -0.004921 6.282390 0.000384 
546 3.481461 0.000000 -1.452954 99.751398 -0.003712 6.790859 0.000354 
547 4.263014 0.000000 -0.726477 99.791200 -0.000923 6.366951 0.000118 
548 3.481461 0.000000 0.000000 100.052646 -0.024044 2.558945 -0.001708 
549 2.309132 0.000000 -0.363238 99.331256 -0.018429 4.105946 0.011644 
550 2.309132 0.000000 -0.726477 99.648666 -0.006197 6.229721 0.003133 
551 2.699909 0.000000 -0.363238 99.855458 -0.019730 4.350177 0.000996 
552 2.309132 0.000000 0.000000 133.504585 0.063310 3.166529 -0.783351 
553 1.722968 0.000000 -0.181619 101.095439 -0.058571 3.795942 -0.023470 
554 1.722968 0.000000 -0.363238 99.056919 -0.004189 5.505264 0.015742 
555 1.918356 0.000000 -0.181619 100.710147 -0.107223 3.858786 -0.015744 
556 1.722968 0.000000 0.000000 101.726903 -0.108489 4.198905 -0.036601 
557 1.429886 0.000000 -0.090810 101.033711 -0.047584 2.805960 -0.021569 
558 1.429886 0.000000 -0.181619 101.193827 -0.037335 2.684733 -0.024740 
559 1.527580 0.000000 -0.090810 101.274487 -0.051819 3.209512 -0.026683 
560 1.429886 0.000000 0.000000 100.801677 -0.055169 3.861242 -0.017589 
561 1.283345 0.000000 -0.136214 99.213395 -0.030721 1.539548 0.015433 
562 1.234498 0.000000 -0.136214 98.887613 -0.016929 1.099275 0.022003 
563 1.283345 0.000000 -0.181619 99.900394 -0.038283 1.192399 0.001849 
564 1.332192 0.000000 -0.136214 99.870886 -0.031487 2.440737 0.001985 
565 1.283345 0.000000 -0.090810 98.942232 -0.027929 1.597258 0.020788 
566 10.515434 0.000000 2.905907 99.762403 0.001435 6.892945 -0.000005 
567 13.641644 0.000000 2.905907 99.763525 0.001600 6.874949 -0.000003 
568 10.515434 0.000000 5.811815 99.757992 0.000604 6.959314 -0.000009 
569 5.826119 0.000000 1.452954 99.779122 -0.003126 6.661190 -0.000024 
570 7.389224 0.000000 1.452954 99.783233 0.003132 6.595717 -0.000020 
571 5.826119 0.000000 2.905907 99.762754 0.001174 6.911724 -0.000038 
572 3.481461 0.000000 0.726477 99.830638 0.005236 5.853276 -0.000042 
573 4.263014 0.000000 0.726477 99.848078 0.007102 5.640722 -0.000146 
574 3.481461 0.000000 1.452954 99.776801 -0.000179 6.730216 -0.000071 
575 2.309132 0.000000 0.363238 99.331944 -0.041376 3.844254 0.011838 
576 2.699909 0.000000 0.363238 99.960598 0.009756 3.658153 -0.000550 
577 2.309132 0.000000 0.726477 99.833130 0.002798 5.998342 -0.000263 
578 1.722968 0.000000 0.181619 102.259821 -0.167092 3.403699 -0.046868 
579 1.918356 0.000000 0.181619 102.746456 -0.177631 3.668731 -0.057033 
580 1.722968 0.000000 0.363238 100.299971 -0.034357 4.881599 -0.008392 
581 1.429886 0.000000 0.090810 100.997223 -0.106830 2.673939 -0.020760 
582 1.527580 0.000000 0.090810 101.374172 -0.102244 3.123414 -0.028649 
583 1.429886 0.000000 0.181619 101.058300 -0.103214 2.452330 -0.021880 
584 4.263014 0.000000 8.717722 99.758478 0.000253 6.970729 -0.000034 
585 7.389224 0.000000 8.717722 99.757795 0.000321 6.969582 -0.000019 
586 4.263014 0.000000 11.623629 99.757660 0.000181 6.973102 -0.000021 
587 2.699909 0.000000 4.358861 99.768501 -0.002875 6.955253 -0.000213 
588 4.263014 0.000000 4.358861 99.762200 0.000600 6.951628 -0.000082 
589 2.699909 0.000000 5.811815 99.761692 0.000320 6.965551 -0.000091 
590 1.918356 0.000000 2.179431 99.795218 0.002280 6.897632 -0.000666 
591 2.699909 0.000000 2.179431 99.780396 0.000813 6.878179 -0.000344 
592 1.918356 0.000000 2.905907 99.785366 -0.006612 6.931662 -0.000517 
593 1.527580 0.000000 1.089715 99.888778 0.000379 6.717389 -0.002289 
594 1.918356 0.000000 1.089715 99.872149 0.003326 6.620694 -0.001828 
595 1.527580 0.000000 1.452954 99.839818 -0.000263 6.827814 -0.001461 
596 1.332192 0.000000 0.544858 100.070386 -0.029115 6.178823 -0.005226 
597 1.136804 0.000000 0.544858 100.110196 -0.010753 6.382644 -0.006279 
598 1.527580 0.000000 0.544858 100.039308 -0.019966 6.049191 -0.004446 
599 1.332192 0.000000 0.726477 99.980412 -0.005652 6.513749 -0.003851 
600 1.234498 0.000000 0.272429 100.578464 -0.030659 4.786076 -0.013893 
601 1.136804 0.000000 0.272429 102.641148 -0.010885 0.934379 -0.053608 
602 1.332192 0.000000 0.272429 101.099698 -0.142169 0.315313 -0.022127 
603 1.234498 0.000000 0.363238 100.311435 -0.024235 5.571124 -0.009342 
604 1.283345 0.000000 0.136214 99.652334 -0.065388 1.402073 0.006744 
605 1.234498 0.000000 0.136214 99.935734 -0.033387 1.078352 0.001169 
606 1.283345 0.000000 0.090810 99.464204 -0.056016 1.487245 0.010466 
607 1.332192 0.000000 0.136214 100.007491 -0.071574 2.275871 -0.000668 
608 1.283345 0.000000 0.181619 100.122829 -0.094174 1.101569 -0.002580 
609 2.113744 0.000000 -0.181619 101.696520 0.008541 4.814471 -0.036536 
610 2.113744 0.000000 -0.363238 99.561113 0.015089 4.482851 0.006749 
611 2.309132 0.000000 -0.181619 98.325916 -0.047336 0.396002 0.033186 
612 2.113744 0.000000 0.000000 94.608883 -0.115677 -0.553770 0.104884 
613 2.113744 0.000000 0.181619 100.940733 0.006646 -1.772509 -0.019217 
614 2.309132 0.000000 0.181619 97.496350 -0.011024 4.854224 0.047090 
615 2.113744 0.000000 0.363238 100.023939 -0.020831 3.304879 -0.001571 
616 2.016050 0.000000 -0.090810 100.307482 -0.175689 2.722863 -0.006904 
617 1.918356 0.000000 -0.090810 101.186480 -0.116893 3.849238 -0.025353 
618 2.016050 0.000000 -0.181619 100.071076 -0.069212 1.548465 -0.001662 
619 2.113744 0.000000 -0.090810 108.975218 -0.029913 11.474793 -0.200727 
620 2.016050 0.000000 0.000000 101.800550 -0.125786 4.203463 -0.038104 
621 2.016050 0.000000 0.090810 101.398306 -0.057626 2.317557 -0.028699 
622 1.918356 0.000000 0.090810 102.351217 -0.147344 3.797535 -0.049021 
623 2.113744 0.000000 0.090810 106.022358 0.216957 -11.022197 -0.136228 
624 2.016050 0.000000 0.181619 102.456844 -0.107156 1.500661 -0.049967 
625 2.309132 0.000000 -1.089715 99.686925 0.005462 6.665273 0.001809 
626 2.309132 0.000000 -1.452954 99.723283 -0.001280 6.811035 0.000888 
627 2.699909 0.000000 -1.089715 99.724731 -0.002263 6.643667 0.001084 
628 2.113744 0.000000 -0.544858 99.429916 0.029109 5.671526 0.008152 
629 1.918356 0.000000 -0.544858 99.313615 -0.010342 5.839629 0.010270 
630 2.113744 0.000000 -0.726477 99.609665 0.015140 6.280213 0.003847 
631 2.309132 0.000000 -0.544858 99.586547 0.033560 5.606825 0.005108 
632 2.016050 0.000000 -0.272429 99.593245 0.016286 3.168196 0.007115 
633 1.918356 0.000000 -0.272429 99.920531 -0.131362 2.694286 0.000861 
634 2.016050 0.000000 -0.363238 99.396450 0.013970 4.340663 0.010150 
635 2.113744 0.000000 -0.272429 99.695083 0.031084 3.882906 0.004581 
636 3.090685 0.000000 -0.363238 99.871031 0.011345 4.597314 0.000464 
637 3.090685 0.000000 -0.726477 99.767343 -0.003749 6.240558 0.000753 
638 3.481461 0.000000 -0.363238 99.886847 -0.008287 4.826663 -0.000068 
639 3.090685 0.000000 0.000000 100.054722 -0.017522 2.776706 -0.001866 
640 2.504521 0.000000 -0.181619 100.289304 -0.030002 2.013144 -0.006200 
641 2.504521 0.000000 -0.363238 99.741540 0.046407 4.118334 0.003466 
642 2.699909 0.000000 -0.181619 100.052617 0.027700 2.506532 -0.001681 
643 2.504521 0.000000 0.000000 101.081427 -0.027862 3.032922 -0.022665 
644 2.211438 0.000000 -0.090810 90.973580 -0.066185 16.495812 0.145169 
645 2.211438 0.000000 -0.181619 97.265982 0.066194 4.550379 0.051862 
646 2.309132 0.000000 -0.090810 106.688132 0.061522 -13.260474 -0.155820 
647 2.211438 0.000000 0.000000 140.151910 -0.076289 0.206525 -0.964261 
648 2.064897 0.000000 -0.136214 100.091141 -0.075002 1.042526 -0.001933 
649 2.016050 0.000000 -0.136214 100.171151 -0.204113 3.051045 -0.004361 
650 2.064897 0.000000 -0.181619 101.976199 -0.006927 2.769218 -0.040681 
651 2.113744 0.000000 -0.136214 105.326038 0.056261 7.169707 -0.114498 
652 2.064897 0.000000 -0.090810 101.240470 -0.089396 4.041144 -0.026597 
653 3.090685 0.000000 0.363238 99.998349 0.027783 3.273249 -0.001038 
654 3.481461 0.000000 0.363238 100.028180 0.013124 2.978258 -0.001451 
655 3.090685 0.000000 0.726477 99.818606 0.002981 5.936508 0.000100 
656 2.504521 0.000000 0.181619 100.269135 0.008460 3.736348 -0.006786 
657 2.699909 0.000000 0.181619 100.123058 0.081360 3.430574 -0.003640 
658 2.504521 0.000000 0.363238 99.784998 0.042240 3.937251 0.002745 
659 2.211438 0.000000 0.090810 87.137670 0.432996 -15.653542 0.216181 
660 2.309132 0.000000 0.090810 105.337370 0.241199 23.204369 -0.163446 
661 2.211438 0.000000 0.181619 96.171491 0.081727 -0.642688 0.075062 
662 2.309132 0.000000 1.089715 99.823839 -0.003185 6.562363 -0.000786 
663 2.699909 0.000000 1.089715 99.790803 0.002303 6.552250 -0.000114 
664 2.309132 0.000000 1.452954 99.804156 -0.000356 6.758453 -0.000655 
665 2.113744 0.000000 0.544858 99.848202 0.014590 5.274519 0.000252 
666 1.918356 0.000000 0.544858 100.039592 -0.023700 5.559626 -0.003883 
667 2.309132 0.000000 0.544858 99.776566 0.019514 5.243321 0.001714 
668 2.113744 0.000000 0.726477 99.929409 0.018462 6.029013 -0.002224 
669 2.016050 0.000000 0.272429 100.885596 -0.028076 2.249813 -0.018297 
670 1.918356 0.000000 0.272429 103.273914 -0.210061 2.632025 -0.067247 
671 2.113744 0.000000 0.272429 99.948253 -0.004747 1.478410 0.000816 
672 2.016050 0.000000 0.363238 100.470941 -0.011938 3.672759 -0.010790 
673 2.064897 0.000000 0.136214 102.050223 -0.047431 0.889972 -0.041504 
674 2.016050 0.000000 0.136214 101.406635 -0.076084 2.595025 -0.029005 
675 2.064897 0.000000 0.090810 101.640529 0.042093 -1.722550 -0.033377 
676 2.113744 0.000000 0.136214 103.371833 0.117948 -5.330086 -0.071416 
677 2.064897 0.000000 0.181619 101.724126 -0.020520 -0.224774 -0.034785 
678 2.211438 0.000000 -0.272429 98.716604 0.043072 3.836164 0.024031 
679 2.211438 0.000000 -0.363238 99.408795 0.009260 4.430274 0.009826 
680 2.309132 0.000000 -0.272429 98.964267 0.014544 2.813689 0.019816 
681 2.162591 0.000000 -0.136214 99.952134 0.047712 9.206357 -0.007519 
682 2.162591 0.000000 -0.181619 99.514513 0.051789 5.677859 0.006462 
683 2.211438 0.000000 -0.136214 95.019051 0.026988 7.262295 0.091864 
684 2.162591 0.000000 -0.090810 100.588528 -0.085004 15.804127 -0.036783 
685 2.064897 0.000000 -0.045405 100.093794 -0.073141 0.972117 -0.001972 
686 2.016050 0.000000 -0.045405 100.607444 -0.211012 4.001073 -0.013791 
687 2.113744 0.000000 -0.045405 91.905064 -0.035426 3.470428 0.154141 
688 2.064897 0.000000 0.000000 88.037755 0.006323 -0.431854 0.224917 
689 2.089321 0.000000 -0.113512 107.082176 -0.000700 5.820597 -0.150047 
690 2.064897 0.000000 -0.113512 102.909027 -0.035440 4.897447 -0.061425 
691 2.089321 0.000000 -0.136214 100.235292 -0.001743 0.283227 -0.004719 
692 2.113744 0.000000 -0.113512 109.042312 -0.029713 11.332150 -0.201864 
693 2.089321 0.000000 -0.090810 106.790849 -0.004123 5.626229 -0.143594 
694 2.064897 0.000000 0.045405 101.947605 -0.040397 0.830535 -0.039401 
695 2.016050 0.000000 0.045405 101.535649 -0.082136 3.615281 -0.032256 
696 2.113744 0.000000 0.045405 93.242919 -0.223932 -4.537351 0.128512 
697 2.211438 0.000000 0.272429 98.456076 0.029079 1.829417 0.030305 
698 2.309132 0.000000 0.272429 98.678597 0.001274 3.266864 0.025186 
699 2.211438 0.000000 0.363238 99.499131 -0.033870 3.412686 0.008828 
700 2.162591 0.000000 0.136214 98.224205 0.098415 -6.794565 0.030583 
701 2.162591 0.000000 0.090810 97.747893 0.328175 -15.223312 0.021349 
702 2.211438 0.000000 0.136214 92.957229 0.126767 -4.049988 0.134254 
703 2.162591 0.000000 0.181619 98.586466 0.045716 -2.232815 0.027572 
704 2.089321 0.000000 0.113512 105.073976 0.157189 -5.257928 -0.106821 
705 2.064897 0.000000 0.113512 102.448772 0.097402 -3.523815 -0.050818 
706 2.089321 0.000000 0.090810 104.934745 0.149668 -4.998357 -0.103631 
707 2.113744 0.000000 0.113512 106.089395 0.216693 -10.883387 -0.137345 
708 2.089321 0.000000 0.136214 101.583895 0.004752 0.249800 -0.031935 
709 2.162591 0.000000 -0.045405 110.400354 -0.088541 7.840698 -0.224972 
710 2.211438 0.000000 -0.045405 139.669208 -0.022364 11.018107 -0.962889 
711 2.162591 0.000000 0.000000 112.778309 -0.206150 -0.426420 -0.271917 
712 2.138168 0.000000 -0.113512 104.565112 -0.060108 15.509710 -0.117442 
713 2.138168 0.000000 -0.136214 102.665804 0.068277 8.925403 -0.061993 
714 2.162591 0.000000 -0.113512 100.448127 -0.024058 12.419653 -0.024407 
715 2.138168 0.000000 -0.090810 104.172597 -0.067533 15.451228 -0.109067 
716 2.089321 0.000000 -0.068107 100.234875 -0.001894 0.285229 -0.004711 
717 2.064897 0.000000 -0.068107 99.880767 -0.281147 3.127706 0.001397 
718 2.113744 0.000000 -0.068107 88.750141 0.035132 5.562384 0.209247 
719 2.089321 0.000000 -0.045405 87.214978 0.076617 1.283272 0.239189 
720 2.101533 0.000000 -0.102161 109.673349 -0.014465 8.133656 -0.209440 
721 2.089321 0.000000 -0.102161 108.215779 -0.001802 6.229355 -0.174946 
722 2.101533 0.000000 -0.113512 109.825974 -0.014935 7.633041 -0.212001 
723 2.113744 0.000000 -0.102161 108.949428 -0.031202 11.947454 -0.201272 
724 2.101533 0.000000 -0.090810 109.932816 -0.017339 8.214338 -0.215270 
725 2.162591 0.000000 0.045405 111.550896 -0.253424 -8.526244 -0.251636 
726 2.211438 0.000000 0.045405 141.435532 -0.196969 -10.849143 -1.012175 
727 2.089321 0.000000 0.068107 101.583861 0.004709 0.251540 -0.031934 
728 2.064897 0.000000 0.068107 101.215421 -0.076369 2.544552 -0.025104 
729 2.089321 0.000000 0.045405 88.784234 -0.051068 -2.426005 0.211147 
730 2.113744 0.000000 0.068107 90.978403 -0.208722 -6.474620 0.168097 
731 2.138168 0.000000 0.113512 101.837808 0.261213 -14.975511 -0.059527 
732 2.138168 0.000000 0.090810 101.467562 0.275159 -14.920465 -0.051836 
733 2.162591 0.000000 0.113512 98.099942 0.154212 -10.958655 0.025629 
734 2.138168 0.000000 0.136214 100.912897 0.138391 -6.775680 -0.022934 
735 2.101533 0.000000 0.102161 106.810639 0.195656 -7.773210 -0.146897 
736 2.089321 0.000000 0.102161 105.844938 0.172947 -5.775118 -0.123653 
737 2.101533 0.000000 0.090810 107.021394 0.204291 -7.851583 -0.151527 
738 2.113744 0.000000 0.102161 105.980708 0.218392 -11.480253 -0.136375 
739 2.101533 0.000000 0.113512 107.015741 0.194975 -7.286552 -0.150550 
740 2.138168 0.000000 -0.068107 97.350552 -0.045557 9.073620 0.044054 
741 2.162591 0.000000 -0.068107 107.866988 -0.052823 11.957340 -0.177827 
742 2.138168 0.000000 -0.045405 99.699321 -0.076499 5.822937 0.002613 
743 2.125956 0.000000 -0.102161 105.838688 -0.036467 15.400582 -0.143901 
744 2.125956 0.000000 -0.113512 106.695941 -0.038951 14.650796 -0.159867 
745 2.138168 0.000000 -0.102161 104.332608 -0.064613 15.475021 -0.112477 
746 2.125956 0.000000 -0.090810 106.571251 -0.039631 14.737146 -0.157462 
747 2.138168 0.000000 0.068107 99.087899 -0.309530 -9.794907 0.008555 
748 2.138168 0.000000 0.045405 100.928921 -0.274301 -6.758286 -0.023240 
749 2.162591 0.000000 0.068107 109.568238 -0.397142 -12.510929 -0.216188 
750 2.125956 0.000000 0.102161 103.000183 0.228728 -14.856328 -0.082980 
751 2.125956 0.000000 0.090810 103.697789 0.231891 -14.206447 -0.095511 
752 2.138168 0.000000 0.102161 101.619183 0.269456 -14.942968 -0.054982 
753 2.125956 0.000000 0.113512 103.815169 0.230873 -14.121554 -0.097706 
754 2.406827 0.000000 -0.090810 102.594904 -0.113239 0.186905 -0.052576 
755 2.406827 0.000000 -0.181619 100.325847 0.035583 1.102981 -0.006649 
756 2.504521 0.000000 -0.090810 100.825892 0.000390 1.826324 -0.016920 
757 2.406827 0.000000 0.000000 104.817349 -0.199819 3.168451 -0.099676 
758 2.260285 0.000000 -0.136214 92.683442 0.060971 0.601341 0.140941 
759 2.260285 0.000000 -0.181619 96.633762 0.011738 2.030118 0.065779 
760 2.309132 0.000000 -0.136214 98.458388 -0.018680 -3.384135 0.029449 
761 2.260285 0.000000 -0.090810 76.435865 0.053174 12.660336 0.399727 
762 2.187015 0.000000 -0.113512 97.120332 -0.030988 12.228245 0.041811 
763 2.187015 0.000000 -0.136214 97.406908 0.025308 8.709029 0.043605 
764 2.211438 0.000000 -0.113512 92.474549 -0.016312 10.570451 0.133672 
765 2.187015 0.000000 -0.090810 94.645738 -0.083218 17.323539 0.074207 
766 2.150380 0.000000 -0.102161 103.092708 -0.082335 15.290685 -0.086192 
767 2.150380 0.000000 -0.113512 103.519265 -0.079356 15.354123 -0.095199 
768 2.162591 0.000000 -0.102161 100.677971 -0.083850 15.961031 -0.039082 
769 2.150380 0.000000 -0.090810 102.379452 -0.082995 15.478137 -0.072113 
770 2.406827 0.000000 0.090810 102.136022 -0.028515 8.618533 -0.050605 
771 2.504521 0.000000 0.090810 100.658611 0.068823 6.836660 -0.017890 
772 2.406827 0.000000 0.181619 100.053186 0.037650 4.555604 -0.003139 
773 2.260285 0.000000 0.136214 90.208448 0.182373 4.313106 0.184380 
774 2.260285 0.000000 0.090810 70.062255 0.266710 -11.443540 0.496025 
775 2.309132 0.000000 0.136214 97.053005 0.094368 9.881231 0.048307 
776 2.260285 0.000000 0.181619 95.486514 0.028975 2.598967 0.087557 
777 2.187015 0.000000 0.113512 94.700414 0.174620 -10.260573 0.092652 
778 2.187015 0.000000 0.090810 91.294902 0.359319 -16.569784 0.139055 
779 2.211438 0.000000 0.113512 89.661316 0.198458 -8.076889 0.189557 
780 2.187015 0.000000 0.136214 95.552454 0.088980 -5.939796 0.083444 
781 2.150380 0.000000 0.102161 100.413032 0.308142 -14.763818 -0.030084 
782 2.150380 0.000000 0.090810 99.651355 0.314096 -14.934438 -0.015353 
783 2.162591 0.000000 0.102161 97.832681 0.324551 -15.374710 0.019228 
784 2.150380 0.000000 0.113512 100.847847 0.298459 -14.828524 -0.039026 
785 2.260285 0.000000 -0.045405 170.036494 0.028784 2.452384 -1.891842 
786 2.309132 0.000000 -0.045405 128.805934 0.079079 -9.860307 -0.668820 
787 2.260285 0.000000 0.000000 159.196387 -0.054399 1.694169 -1.534636 
788 2.187015 0.000000 -0.068107 121.178970 -0.023255 15.180340 -0.491479 
789 2.211438 0.000000 -0.068107 139.361682 0.032372 18.157258 -0.975137 
790 2.187015 0.000000 -0.045405 123.754935 -0.093226 9.794978 -0.541123 
791 2.174803 0.000000 -0.102161 97.506424 -0.081815 16.826736 0.020935 
792 2.174803 0.000000 -0.113512 98.878563 -0.026321 12.453832 0.006793 
793 2.187015 0.000000 -0.102161 94.662742 -0.083083 17.326589 0.073875 
794 2.174803 0.000000 -0.090810 97.112002 -0.080916 16.947986 0.028202 
795 2.260285 0.000000 0.045405 174.840003 -0.117890 1.119516 -2.057029 
796 2.309132 0.000000 0.045405 129.587928 0.050930 18.282469 -0.712728 
797 2.187015 0.000000 0.068107 122.836006 -0.289915 -15.506457 -0.532922 
798 2.187015 0.000000 0.045405 124.955936 -0.258881 -10.164950 -0.571738 
799 2.211438 0.000000 0.068107 141.748251 -0.220946 -18.374832 -1.043025 
800 2.174803 0.000000 0.102161 94.412949 0.332619 -16.154035 0.082513 
801 2.174803 0.000000 0.090810 93.986954 0.331232 -16.263883 0.090183 
802 2.187015 0.000000 0.102161 91.325485 0.348457 -16.575626 0.138478 
803 2.174803 0.000000 0.113512 96.518429 0.162072 -10.687510 0.056994 
804 2.235862 0.000000 -0.068107 79.517376 -0.003389 13.169829 0.350354 
805 2.235862 0.000000 -0.090810 80.518449 -0.007352 13.334884 0.333896 
806 2.260285 0.000000 -0.068107 75.165226 0.089425 12.449638 0.419519 
807 2.235862 0.000000 -0.045405 156.127439 0.010913 10.093555 -1.447766 
808 2.235862 0.000000 -0.113512 89.281721 0.022400 6.392602 0.198791 
809 2.235862 0.000000 -0.136214 93.099568 0.031119 4.505119 0.131217 
810 2.260285 0.000000 -0.113512 86.708361 0.074501 -0.404836 0.248149 
811 2.223650 0.000000 -0.079458 85.393303 -0.029652 14.720880 0.249128 
812 2.211438 0.000000 -0.079458 90.583748 -0.062582 16.380053 0.152627 
813 2.223650 0.000000 -0.090810 85.395609 -0.027664 14.619843 0.249385 
814 2.235862 0.000000 -0.079458 80.396549 -0.007017 13.314773 0.335911 
815 2.223650 0.000000 -0.068107 149.001442 0.022451 16.954213 -1.248888 
816 2.235862 0.000000 0.068107 73.639372 0.308812 -12.044709 0.443207 
817 2.235862 0.000000 0.045405 158.998726 -0.165260 -8.920033 -1.536019 
818 2.260285 0.000000 0.068107 68.597906 0.246196 -11.198583 0.516886 
819 2.235862 0.000000 0.090810 74.848755 0.314979 -12.245322 0.424762 
820 2.235862 0.000000 0.113512 85.831739 0.254708 -2.886905 0.262451 
821 2.260285 0.000000 0.113512 82.600063 0.281899 5.641474 0.314532 
822 2.235862 0.000000 0.136214 90.759515 0.141738 -0.594140 0.176234 
823 2.223650 0.000000 0.079458 80.635643 0.369575 -13.757476 0.330849 
824 2.211438 0.000000 0.079458 86.689194 0.427161 -15.529225 0.224364 
825 2.223650 0.000000 0.068107 152.029992 -0.202927 -16.784244 -1.339487 
826 2.235862 0.000000 0.079458 74.700026 0.314040 -12.220760 0.427046 
827 2.223650 0.000000 0.090810 80.671032 0.367274 -13.665926 0.330529 
828 2.357979 0.000000 -0.045405 109.849580 0.021452 -0.885411 -0.206771 
829 2.357979 0.000000 -0.090810 105.012144 -0.057167 -2.277846 -0.103274 
830 2.406827 0.000000 -0.045405 104.266764 -0.146672 1.200320 -0.087302 
831 2.357979 0.000000 0.000000 111.698614 -0.009364 3.292231 -0.248742 
832 2.284709 0.000000 -0.068107 151.235841 0.094502 -42.329331 -1.466406 
833 2.284709 0.000000 -0.090810 91.603065 0.095041 -28.921753 0.077240 
834 2.309132 0.000000 -0.068107 119.074423 0.096269 -15.293579 -0.441262 
835 2.284709 0.000000 -0.045405 155.128778 0.093124 -13.299126 -1.424181 
836 2.248074 0.000000 -0.079458 77.995124 0.017116 12.918599 0.374987 
837 2.248074 0.000000 -0.090810 78.266516 0.014155 12.963346 0.370630 
838 2.260285 0.000000 -0.079458 75.643680 0.074893 12.528983 0.412105 
839 2.248074 0.000000 -0.068107 77.447972 0.027009 12.828142 0.383725 
840 2.357979 0.000000 0.045405 109.576532 -0.042258 8.731279 -0.208325 
841 2.406827 0.000000 0.045405 104.048938 -0.216549 6.199980 -0.086467 
842 2.357979 0.000000 0.090810 104.330685 0.113546 11.322051 -0.101309 
843 2.284709 0.000000 0.068107 155.688989 0.174192 55.806615 -1.735347 
844 2.284709 0.000000 0.045405 158.669587 0.055948 21.050373 -1.561916 
845 2.309132 0.000000 0.068107 119.056689 0.143961 25.507539 -0.482515 
846 2.284709 0.000000 0.090810 87.144961 0.307369 40.367608 0.077612 
847 2.248074 0.000000 0.079458 71.860301 0.295244 -11.745986 0.469804 
848 2.248074 0.000000 0.068107 71.224907 0.287914 -11.639208 0.479146 
849 2.260285 0.000000 0.079458 69.150521 0.252338 -11.290642 0.509066 
850 2.248074 0.000000 0.090810 72.178600 0.296987 -11.799407 0.465094 
851 -8.241827 0.000000 -8.717722 99.755896 -0.000031 6.975582 0.000010 
852 -11.368037 0.000000 -8.717722 99.756119 -0.000020 6.975661 0.000006 
853 -8.241827 0.000000 -11.623629 99.755956 -0.000036 6.975519 0.000009 
854 10.515434 0.000000 -8.717722 99.756131 -0.000306 6.970625 0.000012 
855 10.515434 0.000000 -11.623629 99.756068 -0.000218 6.972843 0.000011 
856 13.641644 0.000000 -8.717722 99.756387 -0.000317 6.970750 0.000007 
857 -8.241827 0.000000 8.717722 99.756962 0.000040 6.975610 -0.000011 
858 -11.368037 0.000000 8.717722 99.756717 0.000027 6.975675 -0.000006 
859 -8.241827 0.000000 11.623629 99.756910 0.000043 6.975530 -0.000010 
860 -3.552511 0.000000 -4.358861 99.754266 -0.000049 6.975289 0.000043 
861 -5.115617 0.000000 -4.358861 99.755197 -0.000034 6.975662 0.000024 
862 -3.552511 0.000000 -5.811815 99.754581 -0.000059 6.975022 0.000037 
863 10.515434 0.000000 8.717722 99.757370 0.000365 6.968975 -0.000010 
864 13.641644 0.000000 8.717722 99.757169 0.000395 6.968533 -0.000005 
865 10.515434 0.000000 11.623629 99.757111 0.000254 6.972117 -0.000009 
866 5.826119 0.000000 -4.358861 99.754972 -0.000603 6.955216 0.000057 
867 5.826119 0.000000 -5.811815 99.754956 -0.000418 6.964424 0.000045 
868 7.389224 0.000000 -4.358861 99.756230 -0.000627 6.955799 0.000031 
869 -3.552511 0.000000 4.358861 99.758561 0.000068 6.975620 -0.000043 
870 -5.115617 0.000000 4.358861 99.757592 0.000048 6.975823 -0.000024 
871 -3.552511 0.000000 5.811815 99.758383 0.000076 6.975224 -0.000039 
872 -1.207854 0.000000 -2.179431 99.749642 0.007709 6.968688 0.000145 
873 -1.989406 0.000000 -2.179431 99.750170 0.005784 6.975717 0.000124 
874 -1.207854 0.000000 -2.905907 99.753015 0.001796 6.967394 0.000079 
875 5.826119 0.000000 4.358861 99.760367 0.000705 6.949239 -0.000042 
876 7.389224 0.000000 4.358861 99.759410 0.000768 6.947677 -0.000021 
877 5.826119 0.000000 5.811815 99.759221 0.000483 6.961712 -0.000037 
878 3.481461 0.000000 -2.179431 99.745265 0.000847 6.890192 0.000341 
879 3.481461 0.000000 -2.905907 99.751020 -0.000774 6.932590 0.000167 
880 4.263014 0.000000 -2.179431 99.754335 -0.001259 6.895501 0.000152 
881 -1.207854 0.000000 2.179431 99.772284 0.000852 6.983502 -0.000328 
882 -1.989406 0.000000 2.179431 99.762504 0.003015 6.979561 -0.000127 
883 -1.207854 0.000000 2.905907 99.767392 0.004223 6.978492 -0.000223 
884 -0.817078 0.000000 -1.089715 99.729045 0.000048 6.972368 0.000550 
885 -1.207854 0.000000 -1.089715 99.738996 -0.000817 6.982990 0.000337 
886 -0.817078 0.000000 -1.452954 99.742046 0.006167 6.961158 0.000307 
887 3.481461 0.000000 2.179431 99.769620 -0.005083 6.871979 -0.000120 
888 4.263014 0.000000 2.179431 99.766833 0.001465 6.867097 -0.000058 
889 3.481461 0.000000 2.905907 99.765918 0.000906 6.920822 -0.000114 
890 -0.230913 0.000000 -0.544858 99.556644 0.025935 7.018339 0.003922 
891 -0.426301 0.000000 -0.544858 99.670658 0.015428 7.027629 0.001637 
892 -0.230913 0.000000 -0.726477 99.604480 0.011382 6.964123 0.003045 
893 0.941416 0.000000 -0.544858 99.540161 0.024993 6.579787 0.004846 
894 0.941416 0.000000 -0.726477 99.601047 0.027735 6.728491 0.003436 
895 -0.817078 0.000000 1.089715 99.763369 -0.001743 6.983736 -0.000150 
896 -1.207854 0.000000 1.089715 99.761077 -0.009233 6.978643 -0.000097 
897 -0.817078 0.000000 1.452954 99.772510 -0.005449 6.986912 -0.000337 
898 -0.230913 0.000000 0.544858 99.743134 0.000279 6.940856 0.000313 
899 -0.426301 0.000000 0.544858 99.785124 -0.009107 6.967734 -0.000562 
900 -0.230913 0.000000 0.726477 99.765197 -0.027609 6.984472 -0.000188 
901 -0.133219 0.000000 -0.272429 99.447309 -0.005580 7.564158 0.005302 
902 -0.230913 0.000000 -0.272429 99.693023 0.128735 7.454632 0.000571 
903 -0.133219 0.000000 -0.363238 99.267951 0.062446 7.219360 0.009375 
904 0.941416 0.000000 0.544858 100.082638 -0.009972 6.547859 -0.005941 
905 0.941416 0.000000 0.726477 99.952471 -0.009219 6.706148 -0.003547 
906 -0.133219 0.000000 0.272429 99.917269 -0.142421 6.409729 -0.002457 
907 -0.230913 0.000000 0.272429 99.954415 0.065929 6.593937 -0.003437 
908 -0.133219 0.000000 0.363238 99.648134 -0.057667 6.717287 0.002512 
909 0.037745 0.000000 -0.113512 86.470662 0.048703 3.433912 0.251103 
910 0.013322 0.000000 -0.113512 85.608440 0.019087 10.459285 0.256180 
911 0.037745 0.000000 -0.136214 91.106400 0.071540 5.021068 0.167441 
912 0.648333 0.000000 -0.272429 101.279021 -0.005421 1.879029 -0.026097 
913 0.648333 0.000000 -0.363238 99.628136 0.035429 6.468443 0.003239 
914 0.746027 0.000000 -0.272429 102.151808 0.025542 2.797493 -0.044282 
915 0.648333 0.000000 0.272429 101.580380 -0.020315 1.880012 -0.032211 
916 0.746027 0.000000 0.272429 102.667843 0.002645 2.795720 -0.054850 
917 0.648333 0.000000 0.363238 100.041690 -0.050158 6.227280 -0.004712 
918 0.037745 0.000000 0.113512 90.465742 -0.099103 7.066079 0.176601 
919 0.013322 0.000000 0.113512 89.674617 -0.118268 1.565690 0.195600 
920 0.037745 0.000000 0.136214 94.137863 -0.084828 6.635316 0.109403 
921 0.098804 0.000000 -0.079458 90.018282 -0.049279 -14.770332 0.167854 
922 0.098804 0.000000 -0.090810 90.163291 -0.007371 -14.954262 0.164695 
923 0.098804 0.000000 -0.068107 90.009316 -0.052053 -14.749777 0.168076 
924 0.098804 0.000000 0.079458 94.821926 -0.054408 16.023749 0.075204 
925 0.098804 0.000000 0.068107 94.817068 -0.053582 16.027329 0.075285 
926 0.098804 0.000000 0.090810 94.886542 -0.067570 15.997670 0.074061 
927 0.233134 0.000000 -0.068107 87.223005 0.015981 -6.468806 0.235030 
928 0.233134 0.000000 -0.045405 88.708133 -0.018680 -4.803318 0.210779 
929 0.184287 0.000000 -0.113512 98.357379 -0.208393 -7.161356 0.027450 
930 0.184287 0.000000 -0.136214 98.126592 -0.169287 -3.715764 0.035734 
931 0.233134 0.000000 0.068107 87.262612 -0.041787 6.542167 0.234243 
932 0.233134 0.000000 0.045405 88.712191 -0.041274 4.942766 0.210571 
933 0.184287 0.000000 0.113512 101.113067 -0.328682 12.623751 -0.038332 
934 0.184287 0.000000 0.136214 100.449973 -0.283400 11.714269 -0.022750 
935 0.501792 0.000000 -0.045405 100.328427 -0.003083 5.048217 -0.009128 
936 0.550639 0.000000 -0.045405 101.406964 -0.006064 6.391497 -0.032422 
937 0.501792 0.000000 0.000000 101.434851 -0.007469 6.617648 -0.033282 
938 0.501792 0.000000 0.045405 100.459417 -0.016423 5.046331 -0.011756 
939 0.550639 0.000000 0.045405 101.462272 -0.009403 6.393319 -0.033547 
940 0.428522 0.000000 -0.068107 98.977901 0.001970 2.137557 0.019881 
941 0.452945 0.000000 -0.068107 99.128621 0.003280 3.663786 0.016009 
942 0.428522 0.000000 -0.045405 99.147215 -0.000053 1.381927 0.016792 
943 0.367463 0.000000 -0.102161 104.561168 0.088817 -3.124668 -0.094281 
944 0.367463 0.000000 -0.113512 104.640936 0.082383 -2.625739 -0.095663 
945 0.367463 0.000000 -0.090810 104.876222 0.086873 -2.870570 -0.100727 
946 0.428522 0.000000 0.068107 99.304866 -0.029663 2.132466 0.013400 
947 0.428522 0.000000 0.045405 99.470514 -0.029534 1.378462 0.010372 
948 0.452945 0.000000 0.068107 99.442184 -0.027254 3.662875 0.009783 
949 0.367463 0.000000 0.102161 105.792763 0.015215 3.423163 -0.120383 
950 0.367463 0.000000 0.090810 106.102378 0.014463 3.163962 -0.126773 
951 0.367463 0.000000 0.113512 105.769656 0.018409 2.913002 -0.119571 
952 1.722968 0.000000 -0.544858 99.464434 -0.016568 6.127979 0.006927 
953 1.722968 0.000000 -0.726477 99.521356 -0.000289 6.451607 0.005388 
954 1.722968 0.000000 0.544858 100.147167 0.005622 5.897857 -0.006424 
955 1.722968 0.000000 0.726477 99.935924 -0.013250 6.335871 -0.002733 
956 1.429886 0.000000 -0.272429 101.217759 -0.049153 1.300298 -0.024673 
957 1.429886 0.000000 -0.363238 99.669308 0.015148 5.703246 0.003350 
958 1.527580 0.000000 -0.272429 101.306552 -0.049544 1.392836 -0.026496 
959 1.429886 0.000000 0.272429 101.020209 -0.137417 1.229184 -0.020661 
960 1.527580 0.000000 0.272429 101.878097 -0.166782 1.252281 -0.038074 
961 1.429886 0.000000 0.363238 100.074263 0.005437 5.268470 -0.004261 
962 3.090685 0.000000 -1.089715 99.748045 -0.003438 6.643538 0.000619 
963 3.090685 0.000000 -1.452954 99.742973 -0.002641 6.790530 0.000523 
964 3.481461 0.000000 -1.089715 99.760282 -0.001709 6.654288 0.000361 
965 2.504521 0.000000 -0.544858 99.694525 -0.015155 5.583744 0.002982 
966 2.504521 0.000000 -0.726477 99.669082 0.004516 6.187321 0.002779 
967 2.699909 0.000000 -0.544858 99.758299 -0.014785 5.616012 0.001674 
968 3.090685 0.000000 1.089715 99.787028 0.003187 6.539621 -0.000022 
969 3.481461 0.000000 1.089715 99.789731 0.002726 6.516367 -0.000045 
970 3.090685 0.000000 1.452954 99.778993 0.002520 6.738010 -0.000125 
971 2.504521 0.000000 0.544858 99.774907 0.001637 5.305129 0.001682 
972 2.699909 0.000000 0.544858 99.845168 0.002406 5.239444 0.000349 
973 2.504521 0.000000 0.726477 99.781017 0.009936 6.017102 0.000754 
974 2.406827 0.000000 -0.272429 99.781705 -0.017041 2.777677 0.003590 
975 2.406827 0.000000 -0.363238 99.559993 0.014706 3.992888 0.007186 
976 2.504521 0.000000 -0.272429 99.926920 -0.018582 2.977225 0.000575 
977 2.406827 0.000000 0.272429 99.682587 -0.009509 3.459727 0.005141 
978 2.504521 0.000000 0.272429 99.958915 -0.009822 3.287226 -0.000259 
979 2.406827 0.000000 0.363238 99.572800 0.001014 4.032320 0.006900 
980 2.357979 0.000000 -0.136214 101.219266 -0.085490 -1.176566 -0.024673 
981 2.357979 0.000000 -0.181619 99.834042 -0.040455 0.442325 0.003297 
982 2.406827 0.000000 -0.136214 101.207494 -0.043144 0.379968 -0.024310 
983 2.284709 0.000000 -0.113512 92.614917 0.081704 -8.741571 0.134606 
984 2.284709 0.000000 -0.136214 95.109079 0.028145 -2.878188 0.094598 
985 2.309132 0.000000 -0.113512 100.399062 0.034662 -7.433688 -0.013523 
986 2.357979 0.000000 0.136214 100.550254 -0.011057 7.894448 -0.017268 
987 2.406827 0.000000 0.136214 100.797067 0.016188 6.504960 -0.020236 
988 2.357979 0.000000 0.181619 99.320416 -0.021280 5.130888 0.010913 
989 2.284709 0.000000 0.113512 89.407229 0.264677 16.235024 0.174270 
990 2.309132 0.000000 0.113512 98.732601 0.232249 15.493862 0.001176 
991 2.284709 0.000000 0.136214 93.032577 0.155604 8.826863 0.126700 
1 11 62 60 61 
2 62 10 24 60 
3 60 24 14 63 
4 61 60 63 6 
5 24 66 64 65 
6 66 23 40 64 
7 64 40 27 67 
8 65 64 67 14 
9 40 70 68 69 
10 69 68 71 27 
11 6 63 92 93 
12 63 14 36 92 
13 92 36 19 94 
14 93 92 94 20 
15 14 67 95 96 
16 67 27 52 95 
17 95 52 35 97 
18 96 95 97 36 
19 27 71 98 99 
20 99 98 100 52 
21 68 112 110 111 
22 112 56 80 110 
23 110 80 43 113 
24 111 110 113 71 
25 80 116 114 115 
26 115 114 117 43 
27 71 113 133 134 
28 113 43 102 133 
29 133 102 76 135 
30 134 133 135 98 
31 43 117 136 137 
32 137 136 138 102 
33 114 141 139 140 
34 141 106 129 139 
35 139 129 83 142 
36 140 139 142 117 
37 129 149 147 148 
38 147 150 132 151 
39 148 147 151 83 
40 117 142 152 153 
41 142 83 144 152 
42 152 144 125 154 
43 153 152 154 136 
44 83 151 155 156 
45 151 132 157 155 
46 156 155 158 144 
47 12 161 159 160 
48 161 7 162 159 
49 159 162 13 25 
50 160 159 25 10 
51 25 165 163 164 
52 165 13 166 163 
53 163 166 26 41 
54 164 163 41 23 
55 41 169 167 168 
56 169 26 170 167 
57 167 170 42 57 
58 168 167 57 39 
59 39 173 171 172 
60 173 57 174 171 
61 171 174 55 81 
62 172 171 81 56 
63 81 177 175 176 
64 177 55 178 175 
65 175 178 82 107 
66 176 175 107 79 
67 79 181 179 180 
68 181 107 182 179 
69 179 182 105 130 
70 180 179 130 106 
71 106 185 183 184 
72 185 130 186 183 
73 184 183 149 129 
74 195 197 109 198 
75 150 195 198 132 
76 149 201 199 200 
77 201 128 202 199 
78 199 202 150 203 
79 200 199 203 147 
80 132 198 210 157 
81 198 109 211 210 
82 19 38 213 214 
83 38 21 215 213 
84 213 215 9 216 
85 214 213 216 22 
86 35 54 217 218 
87 54 37 219 217 
88 217 219 21 220 
89 218 217 220 38 
90 51 78 221 222 
91 78 53 223 221 
92 221 223 37 224 
93 222 221 224 54 
94 76 104 225 226 
95 104 75 227 225 
96 225 227 78 228 
97 226 225 228 51 
98 101 127 229 230 
99 127 103 231 229 
100 229 231 75 232 
101 230 229 232 104 
102 125 146 233 234 
103 146 124 235 233 
104 233 235 127 236 
105 234 233 236 101 
106 144 158 237 238 
107 237 239 146 240 
108 238 237 240 125 
109 155 243 241 242 
110 243 157 244 241 
111 241 244 143 245 
112 242 241 245 158 
113 130 247 246 186 
114 247 105 248 246 
115 249 251 195 252 
116 202 249 252 150 
117 186 255 253 254 
118 255 246 256 253 
119 253 256 196 250 
120 254 253 250 128 
121 128 259 257 258 
122 259 250 260 257 
123 257 260 249 261 
124 258 257 261 202 
125 262 263 124 264 
126 239 262 264 146 
127 157 266 265 244 
128 266 210 267 265 
129 143 268 269 270 
130 268 212 271 269 
131 269 271 262 272 
132 270 269 272 239 
133 244 275 273 274 
134 275 265 276 273 
135 273 276 268 277 
136 274 273 277 143 
137 278 280 194 281 
138 197 278 281 109 
139 283 131 284 282 
140 282 284 197 285 
141 251 282 285 195 
142 107 287 286 182 
143 287 82 288 286 
144 286 288 108 192 
145 182 286 192 105 
146 105 290 289 248 
147 290 192 291 289 
148 246 293 292 256 
149 293 248 294 292 
150 292 294 131 283 
151 256 292 283 196 
152 196 297 295 296 
153 297 283 298 295 
154 295 298 282 299 
155 296 295 299 251 
156 109 281 300 211 
157 281 194 301 300 
158 210 304 303 267 
159 304 211 305 303 
160 303 305 145 306 
161 124 209 307 235 
162 209 126 308 307 
163 307 308 103 309 
164 235 307 309 127 
165 310 311 209 312 
166 263 310 312 124 
167 212 306 313 271 
168 306 145 314 313 
169 313 314 263 315 
170 271 313 315 262 
171 267 318 316 317 
172 318 303 319 316 
173 316 319 306 320 
174 317 316 320 212 
175 131 322 321 284 
176 322 279 323 321 
177 321 323 278 324 
178 284 321 324 197 
179 211 326 325 305 
180 326 300 327 325 
181 325 327 302 328 
182 305 325 328 145 
183 192 334 333 291 
184 334 108 335 333 
185 289 339 337 338 
186 339 291 340 337 
187 337 340 191 341 
188 338 337 341 279 
189 345 347 126 348 
190 311 345 348 209 
191 302 351 349 350 
192 351 207 352 349 
193 349 352 311 353 
194 350 349 353 310 
195 354 355 59 356 
196 280 354 356 194 
197 291 358 357 340 
198 358 333 359 357 
199 357 359 336 360 
200 191 360 361 362 
201 360 336 363 361 
202 361 363 354 364 
203 362 361 364 280 
204 340 367 365 366 
205 367 357 368 365 
206 365 368 360 369 
207 366 365 369 191 
208 194 356 370 301 
209 356 59 371 370 
210 373 346 374 372 
211 372 374 345 375 
212 352 372 375 311 
213 301 378 376 377 
214 378 370 379 376 
215 376 379 346 373 
216 377 376 373 207 
217 207 382 380 381 
218 382 373 383 380 
219 380 383 372 384 
220 381 380 384 352 
221 57 386 385 174 
222 386 42 387 385 
223 385 387 58 89 
224 174 385 89 55 
225 55 389 388 178 
226 389 89 390 388 
227 388 390 88 188 
228 178 388 188 82 
229 82 392 391 288 
230 392 188 393 391 
231 391 393 187 330 
232 288 391 330 108 
233 108 395 394 335 
234 395 330 396 394 
235 333 399 398 359 
236 399 335 400 398 
237 359 398 401 336 
238 75 123 402 227 
239 123 77 403 402 
240 402 403 53 404 
241 227 402 404 78 
242 103 206 405 231 
243 206 121 406 405 
244 405 406 123 407 
245 231 405 407 75 
246 126 344 408 308 
247 344 204 409 408 
248 408 409 206 410 
249 308 408 410 103 
250 411 413 344 414 
251 347 411 414 126 
252 346 416 415 374 
253 415 417 347 418 
254 374 415 418 345 
255 419 420 332 421 
256 355 419 421 59 
257 335 423 422 400 
258 423 394 424 422 
259 336 401 426 363 
260 401 193 427 426 
261 426 427 355 428 
262 363 426 428 354 
263 398 431 429 430 
264 431 400 432 429 
265 429 432 193 433 
266 430 429 433 401 
267 59 421 434 371 
268 421 332 435 434 
269 370 437 436 379 
270 437 371 438 436 
271 436 438 208 416 
272 379 436 416 346 
273 439 441 411 442 
274 417 439 442 347 
275 416 445 443 444 
276 445 208 446 443 
277 443 446 417 447 
278 444 443 447 415 
279 88 453 452 189 
280 453 90 454 452 
281 452 454 5 455 
282 189 452 455 91 
283 187 457 456 331 
284 457 189 458 456 
285 456 458 91 459 
286 331 456 459 190 
287 330 461 460 396 
288 461 187 462 460 
289 460 462 331 463 
290 396 460 463 329 
291 394 465 464 424 
292 465 396 466 464 
293 464 466 329 467 
294 424 464 467 397 
295 193 425 468 427 
296 425 397 469 468 
297 468 469 419 470 
298 427 468 470 355 
299 422 473 471 472 
300 473 424 474 471 
301 471 474 397 475 
302 472 471 475 425 
303 371 477 476 438 
304 477 434 478 476 
305 476 478 412 440 
306 438 476 440 208 
307 91 455 482 205 
308 455 5 483 482 
309 482 483 122 484 
310 205 482 484 121 
311 190 459 485 343 
312 459 91 486 485 
313 485 486 205 487 
314 343 485 487 204 
315 342 489 488 413 
316 489 343 490 488 
317 488 490 204 491 
318 413 488 491 344 
319 412 493 492 441 
320 493 342 494 492 
321 492 494 413 495 
322 441 492 495 411 
323 440 498 496 497 
324 498 412 499 496 
325 496 499 441 500 
326 497 496 500 439 
327 454 510 508 509 
328 508 511 504 512 
329 509 508 512 5 
330 5 512 513 514 
331 512 504 515 513 
332 514 513 516 483 
333 7 518 517 162 
334 518 16 519 517 
335 517 519 15 32 
336 162 517 32 13 
337 13 521 520 166 
338 521 32 522 520 
339 520 522 31 48 
340 166 520 48 26 
341 26 524 523 170 
342 524 48 525 523 
343 523 525 47 85 
344 170 523 85 42 
345 42 527 526 387 
346 527 85 528 526 
347 526 528 84 449 
348 387 526 449 58 
349 58 531 529 530 
350 531 449 532 529 
351 529 532 448 502 
352 530 529 502 90 
353 90 535 533 534 
354 535 502 536 533 
355 533 536 501 510 
356 534 533 510 454 
357 15 538 537 33 
358 538 17 539 537 
359 537 539 8 540 
360 33 537 540 18 
361 31 542 541 49 
362 542 33 543 541 
363 541 543 18 544 
364 49 541 544 34 
365 546 49 547 545 
366 545 547 34 548 
367 448 554 553 503 
368 554 450 555 553 
369 553 555 87 556 
370 503 553 556 451 
371 501 558 557 511 
372 558 503 559 557 
373 557 559 451 560 
374 511 557 560 504 
375 510 563 561 562 
376 563 501 564 561 
377 561 564 511 565 
378 562 561 565 508 
379 18 540 566 45 
380 540 8 567 566 
381 566 567 29 568 
382 45 566 568 28 
383 34 544 569 73 
384 544 18 570 569 
385 569 570 45 571 
386 73 569 571 44 
387 548 34 573 572 
388 572 573 73 574 
389 451 556 578 506 
390 556 87 579 578 
391 578 579 480 580 
392 506 578 580 479 
393 504 560 581 515 
394 560 451 582 581 
395 581 582 506 583 
396 515 581 583 505 
397 21 46 584 215 
398 46 28 585 584 
399 584 585 30 586 
400 215 584 586 9 
401 37 74 587 219 
402 74 44 588 587 
403 587 588 46 589 
404 219 587 589 21 
405 53 120 590 223 
406 120 72 591 590 
407 590 591 74 592 
408 223 590 592 37 
409 77 481 593 403 
410 481 118 594 593 
411 593 594 120 595 
412 403 593 595 53 
413 122 507 596 597 
414 507 479 598 596 
415 596 598 481 599 
416 597 596 599 77 
417 483 516 600 601 
418 516 505 602 600 
419 600 602 507 603 
420 601 600 603 122 
421 513 606 604 605 
422 606 515 607 604 
423 604 607 505 608 
424 605 604 608 516 
425 555 618 616 617 
426 617 616 620 87 
427 87 620 621 622 
428 622 621 624 579 
429 85 626 625 528 
430 626 47 627 625 
431 625 627 86 550 
432 528 625 550 84 
433 84 630 628 629 
434 630 550 631 628 
435 628 631 549 610 
436 629 628 610 450 
437 450 634 632 633 
438 634 610 635 632 
439 632 635 609 618 
440 633 632 618 555 
441 86 637 636 551 
442 637 545 638 636 
443 636 638 548 639 
444 551 636 639 50 
445 641 551 642 640 
446 640 642 50 643 
447 618 650 648 649 
448 650 609 651 648 
449 649 648 652 616 
450 50 639 653 576 
451 639 548 654 653 
452 653 654 572 655 
453 576 653 655 119 
454 643 50 657 656 
455 656 657 576 658 
456 118 577 662 594 
457 577 119 663 662 
458 662 663 72 664 
459 594 662 664 120 
460 480 615 665 666 
461 615 575 667 665 
462 665 667 577 668 
463 666 665 668 118 
464 579 624 669 670 
465 624 613 671 669 
466 669 671 615 672 
467 670 669 672 480 
468 621 675 673 674 
469 673 676 613 677 
470 674 673 677 624 
471 610 679 678 635 
472 679 549 680 678 
473 678 680 611 645 
474 635 678 645 609 
475 609 682 681 651 
476 682 645 683 681 
477 616 652 685 686 
478 685 687 612 688 
479 686 685 688 620 
480 648 691 689 690 
481 691 651 692 689 
482 690 689 693 652 
483 620 688 694 695 
484 688 612 696 694 
485 695 694 675 621 
486 613 661 697 671 
487 661 614 698 697 
488 697 698 575 699 
489 671 697 699 615 
490 700 702 661 703 
491 676 700 703 613 
492 675 706 704 705 
493 704 707 676 708 
494 705 704 708 673 
495 709 710 647 711 
496 687 709 711 612 
497 651 713 712 692 
498 713 681 714 712 
499 652 693 716 717 
500 693 619 718 716 
501 716 718 687 719 
502 717 716 719 685 
503 689 722 720 721 
504 722 692 723 720 
505 720 723 619 724 
506 721 720 724 693 
507 612 711 725 696 
508 711 647 726 725 
509 694 729 727 728 
510 729 696 730 727 
511 727 730 623 706 
512 728 727 706 675 
513 731 733 700 734 
514 707 731 734 676 
515 706 737 735 736 
516 737 623 738 735 
517 735 738 707 739 
518 736 735 739 704 
519 619 715 740 718 
520 715 684 741 740 
521 740 741 709 742 
522 718 740 742 687 
523 692 744 743 723 
524 744 712 745 743 
525 743 745 715 746 
526 723 743 746 619 
527 696 748 747 730 
528 748 725 749 747 
529 747 749 701 732 
530 730 747 732 623 
531 623 751 750 738 
532 751 732 752 750 
533 750 752 731 753 
534 738 750 753 707 
535 755 640 756 754 
536 754 756 643 757 
537 645 759 758 683 
538 759 611 760 758 
539 681 763 762 714 
540 763 683 764 762 
541 762 764 644 765 
542 712 767 766 745 
543 767 714 768 766 
544 766 768 684 769 
545 745 766 769 715 
546 757 643 771 770 
547 770 771 656 772 
548 773 775 614 776 
549 702 773 776 661 
550 778 659 779 777 
551 777 779 702 780 
552 733 777 780 700 
553 732 782 781 752 
554 782 701 783 781 
555 781 783 733 784 
556 752 781 784 731 
557 785 786 552 787 
558 710 785 787 647 
559 684 765 788 741 
560 765 644 789 788 
561 788 789 710 790 
562 741 788 790 709 
563 714 792 791 768 
564 792 762 793 791 
565 791 793 765 794 
566 768 791 794 684 
567 647 787 795 726 
568 787 552 796 795 
569 725 798 797 749 
570 798 726 799 797 
571 797 799 659 778 
572 749 797 778 701 
573 701 801 800 783 
574 801 778 802 800 
575 800 802 777 803 
576 783 800 803 733 
577 804 806 785 807 
578 789 804 807 710 
579 683 809 808 764 
580 809 758 810 808 
581 808 810 761 805 
582 764 808 805 644 
583 644 813 811 812 
584 813 805 814 811 
585 811 814 804 815 
586 812 811 815 789 
587 726 817 816 799 
588 817 795 818 816 
589 659 819 820 779 
590 819 774 821 820 
591 820 821 773 822 
592 779 820 822 702 
593 799 825 823 824 
594 825 816 826 823 
595 823 826 819 827 
596 824 823 827 659 
597 646 829 828 786 
598 829 754 830 828 
599 828 830 757 831 
600 786 828 831 552 
601 761 833 832 806 
602 833 646 834 832 
603 832 834 786 835 
604 806 832 835 785 
605 805 837 836 814 
606 837 761 838 836 
607 836 838 806 839 
608 814 836 839 804 
609 552 831 840 796 
610 831 757 841 840 
611 840 841 770 842 
612 796 840 842 660 
613 795 844 843 818 
614 844 796 845 843 
615 843 845 660 846 
616 818 843 846 774 
617 816 848 847 826 
618 848 818 849 847 
619 847 849 774 850 
620 826 847 850 819 
621 1 853 851 852 
622 853 12 160 851 
623 851 160 10 62 
624 852 851 62 11 
625 16 855 854 519 
626 855 2 856 854 
627 854 856 17 538 
628 519 854 538 15 
629 20 94 857 858 
630 94 19 214 857 
631 857 214 22 859 
632 858 857 859 4 
633 10 862 860 861 
634 862 25 164 860 
635 860 164 23 66 
636 861 860 66 24 
637 28 568 863 585 
638 568 29 864 863 
639 863 864 3 865 
640 585 863 865 30 
641 32 867 866 522 
642 867 15 868 866 
643 866 868 33 542 
644 522 866 542 31 
645 36 97 869 870 
646 97 35 218 869 
647 869 218 38 871 
648 870 869 871 19 
649 23 874 872 873 
650 874 41 168 872 
651 872 168 39 70 
652 873 872 70 40 
653 44 571 875 588 
654 571 45 876 875 
655 875 876 28 877 
656 588 875 877 46 
657 48 879 878 525 
658 879 31 880 878 
659 878 880 49 546 
660 525 878 546 47 
661 52 100 881 882 
662 100 51 222 881 
663 881 222 54 883 
664 882 881 883 35 
665 70 886 884 885 
666 886 39 172 884 
667 884 172 56 112 
668 885 884 112 68 
669 72 574 887 591 
670 574 73 888 887 
671 887 888 44 889 
672 591 887 889 74 
673 56 892 890 891 
674 892 81 176 890 
675 890 176 79 116 
676 891 890 116 80 
677 89 894 893 390 
678 894 58 530 893 
679 893 530 90 453 
680 390 893 453 88 
681 98 135 895 896 
682 135 76 226 895 
683 895 226 51 897 
684 896 895 897 100 
685 102 138 898 899 
686 138 101 230 898 
687 898 230 104 900 
688 899 898 900 76 
689 116 903 901 902 
690 903 79 180 901 
691 901 180 106 141 
692 902 901 141 114 
693 121 484 904 406 
694 484 122 597 904 
695 904 597 77 905 
696 406 904 905 123 
697 136 154 906 907 
698 154 125 234 906 
699 906 234 101 908 
700 907 906 908 138 
701 183 911 909 910 
702 911 186 254 909 
703 909 254 128 201 
704 910 909 201 149 
705 188 913 912 393 
706 913 88 914 912 
707 912 914 189 457 
708 393 912 457 187 
709 204 487 915 409 
710 487 205 916 915 
711 915 916 121 917 
712 409 915 917 206 
713 158 245 918 919 
714 245 143 270 918 
715 918 270 239 920 
716 919 918 920 237 
717 250 922 921 260 
718 922 196 296 921 
719 921 296 251 923 
720 260 921 923 249 
721 265 925 924 276 
722 925 267 317 924 
723 924 317 212 926 
724 276 924 926 268 
725 279 341 927 323 
726 341 191 362 927 
727 927 362 280 928 
728 323 927 928 278 
729 248 930 929 294 
730 930 289 338 929 
731 929 338 279 322 
732 294 929 322 131 
733 300 932 931 327 
734 932 301 377 931 
735 931 377 207 351 
736 327 931 351 302 
737 145 328 933 314 
738 328 302 350 933 
739 933 350 310 934 
740 314 933 934 263 
741 329 463 935 420 
742 463 331 936 935 
743 935 936 190 937 
744 420 935 937 332 
745 332 937 938 435 
746 937 190 939 938 
747 938 939 343 489 
748 435 938 489 342 
749 397 467 940 469 
750 467 329 941 940 
751 940 941 420 942 
752 469 940 942 419 
753 400 944 943 432 
754 944 422 472 943 
755 943 472 425 945 
756 432 943 945 193 
757 434 947 946 478 
758 947 435 948 946 
759 946 948 342 493 
760 478 946 493 412 
761 208 950 949 446 
762 950 440 497 949 
763 949 497 439 951 
764 446 949 951 417 
765 449 953 952 532 
766 953 84 629 952 
767 952 629 450 554 
768 532 952 554 448 
769 479 580 954 598 
770 580 480 666 954 
771 954 666 118 955 
772 598 954 955 481 
773 502 957 956 536 
774 957 448 958 956 
775 956 958 503 558 
776 536 956 558 501 
777 505 583 959 602 
778 583 506 960 959 
779 959 960 479 961 
780 602 959 961 507 
781 47 963 962 627 
782 963 546 964 962 
783 962 964 545 637 
784 627 962 637 86 
785 550 966 965 631 
786 966 86 967 965 
787 965 967 551 641 
788 631 965 641 549 
789 119 655 968 663 
790 655 572 969 968 
791 968 969 574 970 
792 663 968 970 72 
793 575 658 971 667 
794 658 576 972 971 
795 971 972 119 973 
796 667 971 973 577 
797 549 975 974 680 
798 975 641 976 974 
799 974 976 640 755 
800 680 974 755 611 
801 614 772 977 698 
802 772 656 978 977 
803 977 978 658 979 
804 698 977 979 575 
805 611 981 980 760 
806 981 755 982 980 
807 980 982 754 829 
808 760 980 829 646 
809 758 984 983 810 
810 984 760 985 983 
811 983 985 646 833 
812 810 983 833 761 
813 660 842 986 775 
814 842 770 987 986 
815 986 987 772 988 
816 775 986 988 614 
817 774 846 989 821 
818 846 660 990 989 
819 989 990 775 991 
820 821 989 991 773 
