2 0.000000 100.000000 262.180540
991 820 
1 -11.368037 0.000000 -11.615184 99.756135 0.000187 6.975590 0.000005 
2 13.641644 0.000000 -11.615184 99.756276 0.001701 6.972767 0.000007 
3 13.641644 0.000000 11.615184 99.756944 -0.002083 6.971774 -0.000005 
4 -11.368037 0.000000 11.615184 99.756709 -0.000228 6.975597 -0.000006 
5 1.136804 0.000000 0.000000 101.518469 -0.002733 6.263025 -0.034522 
6 -11.368037 0.000000 0.000000 99.756405 -0.000022 6.975772 -0.000000 
7 1.136804 0.000000 -11.615184 99.755367 0.000877 6.974096 0.000023 
8 13.641644 0.000000 0.000000 99.806838 0.027197 6.253197 -0.000051 
9 1.136804 0.000000 11.615184 99.757726 -0.001006 6.973924 -0.000024 
10 -5.115617 0.000000 -5.807592 99.755294 0.000329 6.975394 0.000023 
11 -11.368037 0.000000 -5.807592 99.756172 0.000109 6.975689 0.000005 
12 -5.115617 0.000000 -11.615184 99.755745 0.000399 6.975259 0.000014 
13 1.136804 0.000000 -5.807592 99.752211 0.001515 6.969565 0.000092 
14 -5.115617 0.000000 0.000000 99.756279 -0.000035 6.976208 0.000002 
15 7.389224 0.000000 -5.807592 99.755821 0.003295 6.964081 0.000028 
16 7.389224 0.000000 -11.615184 99.755824 0.001435 6.972960 0.000015 
17 13.641644 0.000000 -5.807592 99.756818 0.003518 6.965154 0.000006 
18 7.389224 0.000000 0.000000 99.963885 0.047219 4.001215 -0.000879 
19 -5.115617 0.000000 5.807592 99.757583 -0.000401 6.975504 -0.000023 
20 -11.368037 0.000000 5.807592 99.756656 -0.000152 6.975703 -0.000005 
21 1.136804 0.000000 5.807592 99.761953 -0.001752 6.968970 -0.000101 
22 -5.115617 0.000000 11.615184 99.757171 -0.000465 6.975261 -0.000015 
23 -1.989406 0.000000 -2.903796 99.751270 0.000567 6.974540 0.000104 
24 -5.115617 0.000000 -2.903796 99.755362 0.000189 6.975805 0.000021 
25 -1.989406 0.000000 -5.807592 99.753773 0.000685 6.974009 0.000055 
26 1.136804 0.000000 -2.903796 99.743783 0.002467 6.951337 0.000286 
27 -1.989406 0.000000 0.000000 99.754274 0.000255 6.978517 0.000039 
28 7.389224 0.000000 5.807592 99.758539 -0.004079 6.960340 -0.000021 
29 13.641644 0.000000 5.807592 99.757884 -0.004926 6.957260 -0.000004 
30 7.389224 0.000000 11.615184 99.757341 -0.001679 6.972412 -0.000014 
31 4.263014 0.000000 -2.903796 99.753745 0.006228 6.930631 0.000116 
32 4.263014 0.000000 -5.807592 99.754012 0.002646 6.965052 0.000063 
33 7.389224 0.000000 -2.903796 99.757953 0.006931 6.932822 0.000029 
34 4.263014 0.000000 0.000000 100.109725 0.077557 1.835897 -0.002533 
35 -1.989406 0.000000 2.903796 99.761151 -0.000672 6.975596 -0.000095 
36 -5.115617 0.000000 2.903796 99.757335 -0.000260 6.975949 -0.000019 
37 1.136804 0.000000 2.903796 99.778385 -0.002899 6.949098 -0.000402 
38 -1.989406 0.000000 5.807592 99.759440 -0.000800 6.974243 -0.000059 
39 -0.426301 0.000000 -1.451898 99.725318 0.003130 6.957362 0.000646 
40 -1.989406 0.000000 -1.451898 99.750601 -0.000986 6.975847 0.000116 
41 -0.426301 0.000000 -2.903796 99.741113 0.012527 6.968612 0.000315 
42 1.136804 0.000000 -1.451898 99.701614 0.001318 6.877994 0.001228 
43 -0.426301 0.000000 0.000000 100.002954 -0.067628 7.043409 -0.005020 
44 4.263014 0.000000 2.903796 99.763108 -0.007869 6.915787 -0.000051 
45 7.389224 0.000000 2.903796 99.762141 -0.009794 6.903887 -0.000015 
46 4.263014 0.000000 5.807592 99.760155 -0.003140 6.962903 -0.000057 
47 2.699909 0.000000 -1.451898 99.737930 0.013209 6.799370 0.000611 
48 2.699909 0.000000 -2.903796 99.747696 0.020077 6.935274 0.000230 
49 4.263014 0.000000 -1.451898 99.760777 0.013349 6.799216 0.000156 
50 2.699909 0.000000 0.000000 100.137970 0.144302 1.217111 -0.002912 
51 -0.426301 0.000000 1.451898 99.771929 -0.001205 6.979216 -0.000315 
52 -1.989406 0.000000 1.451898 99.759457 -0.010408 6.977028 -0.000063 
53 1.136804 0.000000 1.451898 99.815837 -0.008879 6.881572 -0.001056 
54 -0.426301 0.000000 2.903796 99.768020 -0.012132 6.970150 -0.000224 
55 0.355251 0.000000 -0.725949 99.680576 0.025621 6.724115 0.001857 
56 -0.426301 0.000000 -0.725949 99.672548 0.017310 6.993903 0.001647 
57 0.355251 0.000000 -1.451898 99.725241 0.003133 6.921467 0.000697 
58 1.136804 0.000000 -0.725949 99.627908 0.025673 6.646869 0.003010 
59 0.355251 0.000000 0.000000 71.079020 -0.006250 0.043292 0.494777 
60 -8.241827 0.000000 -2.903796 99.756072 0.000089 6.975790 0.000006 
61 -11.368037 0.000000 -2.903796 99.756265 0.000049 6.975744 0.000003 
62 -8.241827 0.000000 -5.807592 99.755926 0.000180 6.975648 0.000010 
63 -8.241827 0.000000 0.000000 99.756385 -0.000027 6.975876 0.000000 
64 -3.552511 0.000000 -1.451898 99.754713 0.000151 6.976458 0.000033 
65 -5.115617 0.000000 -1.451898 99.755712 0.000084 6.976062 0.000013 
66 -3.552511 0.000000 -2.903796 99.754178 0.000303 6.975731 0.000044 
67 -3.552511 0.000000 0.000000 99.756085 -0.000038 6.976923 0.000005 
68 -1.207854 0.000000 -0.725949 99.744459 0.003058 6.981295 0.000230 
69 -1.989406 0.000000 -0.725949 99.752809 0.004604 6.973433 0.000075 
70 -1.207854 0.000000 -1.451898 99.742777 0.000958 6.973651 0.000275 
71 -1.207854 0.000000 0.000000 99.754227 -0.000273 6.982355 0.000034 
72 2.699909 0.000000 1.451898 99.787258 -0.016928 6.737623 -0.000289 
73 4.263014 0.000000 1.451898 99.775113 -0.019271 6.702396 0.000000 
74 2.699909 0.000000 2.903796 99.770669 -0.007331 6.924450 -0.000213 
75 0.355251 0.000000 0.725949 99.939228 -0.022865 6.973263 -0.003648 
76 -0.426301 0.000000 0.725949 99.772879 -0.041422 6.972258 -0.000324 
77 1.136804 0.000000 0.725949 99.976526 -0.009903 6.613624 -0.003905 
78 0.355251 0.000000 1.451898 99.810982 -0.001694 6.954825 -0.001060 
79 -0.035525 0.000000 -0.362975 98.889722 0.012508 6.997931 0.017185 
80 -0.426301 0.000000 -0.362975 99.749965 0.002080 7.067217 -0.000000 
81 -0.035525 0.000000 -0.725949 99.563249 0.026040 6.877343 0.003986 
82 0.355251 0.000000 -0.362975 100.168622 0.108161 5.775324 -0.006712 
83 -0.035525 0.000000 0.000000 169.472907 -0.079322 7.313708 -1.877456 
84 1.918356 0.000000 -0.725949 99.629216 0.017154 6.367257 0.003348 
85 1.918356 0.000000 -1.451898 99.728680 0.010773 6.834343 0.000748 
86 2.699909 0.000000 -0.725949 99.724171 0.052853 6.222828 0.001636 
87 1.918356 0.000000 0.000000 101.275784 0.487726 4.554297 -0.027776 
88 0.746027 0.000000 -0.362975 99.536684 0.034598 6.423346 0.005119 
89 0.746027 0.000000 -0.725949 99.630553 0.032108 6.791525 0.002763 
90 1.136804 0.000000 -0.362975 99.412085 -0.006953 5.764539 0.008401 
91 0.746027 0.000000 0.000000 101.757770 0.000950 6.709580 -0.039966 
92 -8.241827 0.000000 2.903796 99.756721 -0.000143 6.975823 -0.000007 
93 -11.368037 0.000000 2.903796 99.756551 -0.000092 6.975754 -0.000003 
94 -8.241827 0.000000 5.807592 99.756909 -0.000234 6.975687 -0.000010 
95 -3.552511 0.000000 1.451898 99.757567 -0.000230 6.976701 -0.000025 
96 -5.115617 0.000000 1.451898 99.756887 -0.000154 6.976155 -0.000010 
97 -3.552511 0.000000 2.903796 99.758399 -0.000387 6.976085 -0.000040 
98 -1.207854 0.000000 0.725949 99.760635 -0.002692 6.977883 -0.000088 
99 -1.989406 0.000000 0.725949 99.759149 -0.001251 6.984641 -0.000067 
100 -1.207854 0.000000 1.451898 99.762446 -0.000355 6.977996 -0.000124 
101 -0.035525 0.000000 0.362975 99.401527 -0.132418 6.761814 0.007360 
102 -0.426301 0.000000 0.362975 99.820273 -0.016064 6.897625 -0.001166 
103 0.355251 0.000000 0.362975 100.713357 -0.044991 7.080831 -0.019332 
104 -0.035525 0.000000 0.725949 99.776699 -0.016338 7.004999 -0.000446 
105 0.159863 0.000000 -0.181487 97.388578 -0.074202 0.518809 0.051519 
106 -0.035525 0.000000 -0.181487 96.914681 0.270280 10.110698 0.050525 
107 0.159863 0.000000 -0.362975 98.972121 0.083760 5.775711 0.017115 
108 0.355251 0.000000 -0.181487 101.376512 0.141585 3.061814 -0.028659 
109 0.159863 0.000000 0.000000 120.774303 0.143849 0.157148 -0.458648 
110 -0.817078 0.000000 -0.362975 99.748045 -0.007014 6.997375 0.000136 
111 -1.207854 0.000000 -0.362975 99.748267 -0.000030 6.982241 0.000153 
112 -0.817078 0.000000 -0.725949 99.732775 0.002676 6.983175 0.000461 
113 -0.817078 0.000000 0.000000 99.771387 -0.014209 6.999541 -0.000332 
114 -0.230913 0.000000 -0.181487 100.287408 -0.008493 7.494619 -0.011373 
115 -0.426301 0.000000 -0.181487 99.887936 -0.060542 7.101946 -0.002804 
116 -0.230913 0.000000 -0.362975 99.470351 0.054023 7.327287 0.005196 
117 -0.230913 0.000000 0.000000 101.336682 -0.079666 7.086463 -0.031935 
118 1.918356 0.000000 0.725949 100.006439 -0.018185 6.180430 -0.003949 
119 2.699909 0.000000 0.725949 99.809601 -0.018894 5.935447 0.000281 
120 1.918356 0.000000 1.451898 99.825515 -0.011454 6.788068 -0.001121 
121 0.746027 0.000000 0.362975 100.004791 -0.039924 6.224754 -0.003971 
122 1.136804 0.000000 0.362975 100.336345 -0.024157 5.828832 -0.010136 
123 0.746027 0.000000 0.725949 99.933240 -0.030703 6.754112 -0.003227 
124 0.159863 0.000000 0.181487 99.151352 -0.254605 10.322364 0.006239 
125 -0.035525 0.000000 0.181487 98.285718 0.079363 3.649885 0.032659 
126 0.355251 0.000000 0.181487 102.283117 -0.063255 6.183243 -0.050007 
127 0.159863 0.000000 0.362975 99.642293 -0.100574 7.473074 0.001556 
128 0.062169 0.000000 -0.090744 83.091848 0.074597 -4.815736 0.307255 
129 -0.035525 0.000000 -0.090744 102.982170 0.122285 27.032548 -0.133610 
130 0.062169 0.000000 -0.181487 94.889546 0.107751 4.448319 0.097617 
131 0.159863 0.000000 -0.090744 97.440221 -0.034346 -13.024004 0.033578 
132 0.062169 0.000000 0.000000 203.224905 0.009284 0.782869 -3.130098 
133 -0.817078 0.000000 0.362975 99.772416 -0.010420 6.982246 -0.000329 
134 -1.207854 0.000000 0.362975 99.757722 -0.000523 6.980799 -0.000033 
135 -0.817078 0.000000 0.725949 99.764451 0.000570 6.977220 -0.000163 
136 -0.230913 0.000000 0.181487 100.513510 -0.067738 6.586686 -0.014635 
137 -0.426301 0.000000 0.181487 99.937856 0.000628 6.925942 -0.003554 
138 -0.230913 0.000000 0.362975 99.717697 -0.043653 6.664772 0.001196 
139 -0.133219 0.000000 -0.090744 103.447612 -0.026041 9.915521 -0.079973 
140 -0.230913 0.000000 -0.090744 100.882883 -0.056416 7.575688 -0.023475 
141 -0.133219 0.000000 -0.181487 99.889695 -0.149832 9.099655 -0.006078 
142 -0.133219 0.000000 0.000000 106.908282 0.062848 7.281735 -0.148241 
143 0.062169 0.000000 0.090744 87.880521 -0.007102 11.407065 0.214689 
144 -0.035525 0.000000 0.090744 105.350055 0.041921 -12.031762 -0.124340 
145 0.159863 0.000000 0.090744 101.164946 -0.013832 13.782044 -0.042429 
146 0.062169 0.000000 0.181487 96.851261 -0.100465 7.802356 0.055895 
147 0.013322 0.000000 -0.045372 68.914660 0.172759 -13.430846 0.507035 
148 -0.035525 0.000000 -0.045372 146.940231 -0.030223 38.656047 -1.308572 
149 0.013322 0.000000 -0.090744 72.264920 0.004898 11.853781 0.463727 
150 0.062169 0.000000 -0.045372 200.725662 0.053488 -19.338251 -3.066476 
151 0.013322 0.000000 0.000000 254.353467 0.004548 3.662732 -5.470910 
152 -0.133219 0.000000 0.090744 103.913956 -0.100724 4.524388 -0.081859 
153 -0.230913 0.000000 0.090744 101.022429 -0.091281 6.564814 -0.024864 
154 -0.133219 0.000000 0.181487 100.410488 -0.173795 5.033455 -0.010763 
155 0.013322 0.000000 0.045372 76.865518 -0.155919 15.231369 0.385967 
156 -0.035525 0.000000 0.045372 146.731497 -0.087311 -22.569995 -1.203954 
157 0.062169 0.000000 0.045372 199.085290 -0.004786 20.193481 -3.004273 
158 0.013322 0.000000 0.090744 78.727068 -0.147018 -1.141000 0.380073 
159 -1.989406 0.000000 -8.711388 99.754929 0.000662 6.974458 0.000031 
160 -5.115617 0.000000 -8.711388 99.755521 0.000387 6.975258 0.000018 
161 -1.989406 0.000000 -11.615184 99.755485 0.000600 6.974796 0.000020 
162 1.136804 0.000000 -8.711388 99.754587 0.001113 6.972916 0.000040 
163 -0.426301 0.000000 -4.355694 99.750430 0.001142 6.970740 0.000126 
164 -1.989406 0.000000 -4.355694 99.752606 0.000649 6.974018 0.000078 
165 -0.426301 0.000000 -5.807592 99.752852 0.001026 6.972161 0.000076 
166 1.136804 0.000000 -4.355694 99.749333 0.006384 6.964932 0.000156 
167 0.355251 0.000000 -2.177847 99.742426 0.019902 6.946934 0.000319 
168 -0.426301 0.000000 -2.177847 99.739977 0.000111 6.962764 0.000346 
169 0.355251 0.000000 -2.903796 99.744290 0.001799 6.959384 0.000264 
170 1.136804 0.000000 -2.177847 99.747828 0.003507 6.930345 0.000234 
171 -0.035525 0.000000 -1.088924 99.691489 0.014194 6.917628 0.001375 
172 -0.426301 0.000000 -1.088924 99.717517 0.002549 6.952862 0.000807 
173 -0.035525 0.000000 -1.451898 99.708660 -0.000420 6.946372 0.000993 
174 0.355251 0.000000 -1.088924 99.707892 0.020441 6.876781 0.001105 
175 0.159863 0.000000 -0.544462 99.444796 0.035563 6.554362 0.006777 
176 -0.035525 0.000000 -0.544462 99.438592 0.042957 6.841798 0.006515 
177 0.159863 0.000000 -0.725949 99.592554 0.028926 6.762491 0.003559 
178 0.355251 0.000000 -0.544462 99.676224 0.045409 6.510773 0.002226 
179 0.062169 0.000000 -0.272231 97.007279 0.160719 5.880208 0.055499 
180 -0.035525 0.000000 -0.272231 97.793031 0.027352 7.746027 0.037652 
181 0.062169 0.000000 -0.362975 98.612924 0.038259 6.393071 0.023462 
182 0.159863 0.000000 -0.272231 98.215719 0.238573 4.199778 0.033598 
183 0.013322 0.000000 -0.136115 91.290439 0.074707 9.213393 0.158116 
184 -0.035525 0.000000 -0.136115 97.623074 0.217985 13.710475 0.028171 
185 0.013322 0.000000 -0.181487 94.964134 0.220212 7.761883 0.092152 
186 0.062169 0.000000 -0.136115 92.073387 0.101448 1.969981 0.151860 
187 0.550639 0.000000 -0.181487 101.115445 -0.001325 5.106605 -0.025041 
188 0.550639 0.000000 -0.362975 99.882169 0.059931 6.484636 -0.001850 
189 0.746027 0.000000 -0.181487 101.640151 0.009782 5.217974 -0.035795 
190 0.550639 0.000000 0.000000 101.252669 -0.008003 6.615262 -0.029586 
191 0.257557 0.000000 -0.090744 101.460827 0.017697 -10.016418 -0.039463 
192 0.257557 0.000000 -0.181487 100.003224 0.034566 1.089203 -0.000183 
193 0.355251 0.000000 -0.090744 104.562526 0.098510 -4.280837 -0.095166 
194 0.257557 0.000000 0.000000 85.595487 -0.046933 0.065162 0.267341 
195 0.111016 0.000000 -0.045372 150.184407 -0.005599 -13.794049 -1.274563 
196 0.111016 0.000000 -0.090744 89.983579 0.022138 -14.923119 0.168026 
197 0.159863 0.000000 -0.045372 119.625594 0.125310 -8.605254 -0.438435 
198 0.111016 0.000000 0.000000 153.400393 -0.021216 0.212769 -1.353173 
199 0.037745 0.000000 -0.068058 70.054553 0.168424 -13.492971 0.491027 
200 0.013322 0.000000 -0.068058 68.904709 0.178894 -13.065952 0.508139 
201 0.037745 0.000000 -0.090744 80.270643 0.050711 -0.758498 0.355605 
202 0.062169 0.000000 -0.068058 75.663578 0.118168 -14.396806 0.406774 
203 0.037745 0.000000 -0.045372 69.600749 0.168903 -13.564655 0.497171 
204 0.550639 0.000000 0.181487 101.386368 -0.018454 5.121478 -0.030543 
205 0.746027 0.000000 0.181487 102.013120 -0.007132 5.238620 -0.043412 
206 0.550639 0.000000 0.362975 100.275563 -0.067526 6.233174 -0.009405 
207 0.257557 0.000000 0.090744 104.157947 -0.045392 10.539956 -0.095997 
208 0.355251 0.000000 0.090744 106.074305 0.006979 4.605597 -0.127297 
209 0.257557 0.000000 0.181487 101.363002 -0.154021 8.762180 -0.035126 
210 0.111016 0.000000 0.045372 149.925647 -0.042006 14.063996 -1.267550 
211 0.159863 0.000000 0.045372 119.574760 0.087237 8.799601 -0.437556 
212 0.111016 0.000000 0.090744 94.647875 -0.086424 15.956930 0.078715 
213 -1.989406 0.000000 8.711388 99.758174 -0.000766 6.974455 -0.000034 
214 -5.115617 0.000000 8.711388 99.757404 -0.000458 6.975298 -0.000019 
215 1.136804 0.000000 8.711388 99.758755 -0.001281 6.972625 -0.000043 
216 -1.989406 0.000000 11.615184 99.757517 -0.000691 6.974750 -0.000021 
217 -0.426301 0.000000 4.355694 99.763754 -0.001314 6.971359 -0.000141 
218 -1.989406 0.000000 4.355694 99.760503 -0.000761 6.974593 -0.000080 
219 1.136804 0.000000 4.355694 99.769738 -0.003637 6.964393 -0.000250 
220 -0.426301 0.000000 5.807592 99.760847 -0.001185 6.972223 -0.000084 
221 0.355251 0.000000 2.177847 99.785441 -0.005016 6.960723 -0.000559 
222 -0.426301 0.000000 2.177847 99.771775 0.000130 6.973199 -0.000303 
223 1.136804 0.000000 2.177847 99.804196 -0.007337 6.932957 -0.000894 
224 0.355251 0.000000 2.903796 99.775109 -0.001880 6.963432 -0.000356 
225 -0.035525 0.000000 1.088924 99.791349 -0.021807 6.986609 -0.000713 
226 -0.426301 0.000000 1.088924 99.774392 -0.002493 6.985614 -0.000373 
227 0.355251 0.000000 1.088924 99.843804 -0.021918 6.961087 -0.001724 
228 -0.035525 0.000000 1.451898 99.775125 -0.005299 6.966220 -0.000360 
229 0.159863 0.000000 0.544462 99.793945 -0.081375 7.106387 -0.000934 
230 -0.035525 0.000000 0.544462 99.673726 -0.015354 6.992714 0.001625 
231 0.355251 0.000000 0.544462 100.038607 -0.074527 6.991578 -0.005661 
232 0.159863 0.000000 0.725949 99.844110 -0.019545 7.028705 -0.001825 
233 0.062169 0.000000 0.272231 98.012789 -0.032411 7.345772 0.033953 
234 -0.035525 0.000000 0.272231 98.552897 -0.044849 6.012142 0.025118 
235 0.159863 0.000000 0.272231 99.231648 -0.057438 8.409607 0.008236 
236 0.062169 0.000000 0.362975 99.233833 -0.122708 7.134227 0.010173 
237 0.013322 0.000000 0.136115 94.207663 -0.042437 3.364967 0.111359 
238 -0.035525 0.000000 0.136115 99.524071 0.113260 0.269435 0.009487 
239 0.062169 0.000000 0.136115 95.040434 -0.115597 8.831020 0.088932 
240 0.013322 0.000000 0.181487 96.783244 0.027919 5.334638 0.060454 
241 0.037745 0.000000 0.068058 77.676145 -0.070934 15.430537 0.372831 
242 0.013322 0.000000 0.068058 76.795627 -0.152646 15.297428 0.386840 
243 0.037745 0.000000 0.045372 77.368499 -0.062992 15.333545 0.377899 
244 0.062169 0.000000 0.068058 82.385490 -0.083563 16.085464 0.295388 
245 0.037745 0.000000 0.090744 85.638630 -0.011274 8.874849 0.258726 
246 0.111016 0.000000 -0.136115 95.198418 0.012726 -1.588502 0.093474 
247 0.111016 0.000000 -0.181487 96.053438 0.035186 1.986343 0.076979 
248 0.159863 0.000000 -0.136115 97.475316 -0.197712 -3.219212 0.048816 
249 0.086592 0.000000 -0.068058 89.159839 -0.088442 -14.621665 0.183672 
250 0.086592 0.000000 -0.090744 89.611908 -0.110248 -14.866033 0.174869 
251 0.111016 0.000000 -0.068058 89.985518 0.006336 -14.670245 0.168739 
252 0.086592 0.000000 -0.045372 173.394238 0.013968 -17.684812 -2.037831 
253 0.086592 0.000000 -0.113430 91.543721 0.107524 -3.844375 0.160496 
254 0.062169 0.000000 -0.113430 88.791160 0.114917 -0.776761 0.211551 
255 0.086592 0.000000 -0.136115 93.577050 0.093331 -0.222240 0.124328 
256 0.111016 0.000000 -0.113430 94.256608 0.041996 -5.109933 0.108958 
257 0.074381 0.000000 -0.079401 85.885566 -0.040647 -14.588338 0.241085 
258 0.062169 0.000000 -0.079401 76.701962 0.102571 -14.493140 0.390675 
259 0.074381 0.000000 -0.090744 84.001603 0.066894 -9.207255 0.285895 
260 0.086592 0.000000 -0.079401 89.299558 -0.083809 -14.674170 0.181025 
261 0.074381 0.000000 -0.068058 82.917965 0.007037 -14.643864 0.291017 
262 0.111016 0.000000 0.136115 97.872822 -0.092937 11.156991 0.029642 
263 0.159863 0.000000 0.136115 99.907286 -0.338849 11.701818 -0.011851 
264 0.111016 0.000000 0.181487 97.944945 -0.186825 9.484063 0.031681 
265 0.086592 0.000000 0.068058 94.156893 -0.026986 15.912869 0.088126 
266 0.086592 0.000000 0.045372 172.642538 -0.011519 18.027409 -2.013043 
267 0.111016 0.000000 0.068058 94.646641 -0.076943 16.015517 0.078551 
268 0.086592 0.000000 0.090744 94.584662 -0.026862 15.946782 0.079944 
269 0.086592 0.000000 0.113430 95.019301 -0.055849 12.208806 0.082227 
270 0.062169 0.000000 0.113430 92.554485 -0.059212 10.099499 0.133166 
271 0.111016 0.000000 0.113430 97.512236 -0.053284 12.701665 0.033003 
272 0.086592 0.000000 0.136115 96.406673 -0.073063 10.368501 0.059824 
273 0.074381 0.000000 0.079401 91.375632 -0.031047 15.785815 0.140130 
274 0.062169 0.000000 0.079401 83.321013 -0.077388 16.011832 0.280122 
275 0.074381 0.000000 0.068058 88.768674 -0.047509 15.949387 0.186574 
276 0.086592 0.000000 0.079401 94.266165 -0.030048 15.924654 0.086029 
277 0.074381 0.000000 0.090744 88.674127 -0.046557 14.920963 0.191426 
278 0.208710 0.000000 -0.045372 98.541165 -0.035097 -5.360930 0.026090 
279 0.208710 0.000000 -0.090744 98.822261 -0.068378 -12.399979 0.008040 
280 0.257557 0.000000 -0.045372 84.690561 0.009690 -4.142086 0.281035 
281 0.208710 0.000000 0.000000 99.628176 0.068283 0.122631 0.007421 
282 0.135439 0.000000 -0.068058 90.686390 0.069316 -15.036405 0.154988 
283 0.135439 0.000000 -0.090744 91.984747 0.049643 -14.665408 0.132373 
284 0.159863 0.000000 -0.068058 118.132323 0.009914 -12.957110 -0.412313 
285 0.135439 0.000000 -0.045372 133.352860 0.110937 -10.797841 -0.789959 
286 0.257557 0.000000 -0.272231 99.762657 0.136010 4.235626 0.002945 
287 0.257557 0.000000 -0.362975 99.721988 0.095335 5.568557 0.002451 
288 0.355251 0.000000 -0.272231 100.359413 0.096779 5.130252 -0.009834 
289 0.208710 0.000000 -0.136115 99.133899 -0.144982 -3.626045 0.015930 
290 0.208710 0.000000 -0.181487 98.552308 0.033014 0.220312 0.028739 
291 0.257557 0.000000 -0.136115 100.430374 0.154508 -3.026147 -0.009544 
292 0.135439 0.000000 -0.113430 95.511989 -0.004303 -5.798138 0.084384 
293 0.135439 0.000000 -0.136115 96.438999 -0.114883 -2.416355 0.069367 
294 0.159863 0.000000 -0.113430 96.938015 -0.145143 -6.779804 0.055703 
295 0.123228 0.000000 -0.079401 90.146994 0.057004 -14.830485 0.165357 
296 0.111016 0.000000 -0.079401 89.983674 0.014001 -14.769967 0.168479 
297 0.123228 0.000000 -0.090744 89.966807 0.044208 -14.919284 0.168339 
298 0.135439 0.000000 -0.079401 91.923205 0.052760 -14.864537 0.132917 
299 0.123228 0.000000 -0.068058 89.970000 0.040006 -14.920014 0.168279 
300 0.208710 0.000000 0.045372 98.549653 -0.054623 5.556836 0.025708 
301 0.257557 0.000000 0.045372 84.700865 -0.059553 4.239327 0.280779 
302 0.208710 0.000000 0.090744 102.179572 -0.107749 13.084894 -0.061189 
303 0.135439 0.000000 0.068058 95.191234 -0.115264 16.047034 0.068111 
304 0.135439 0.000000 0.045372 133.023701 -0.075659 11.055197 -0.781753 
305 0.159863 0.000000 0.068058 118.136299 -0.048313 13.017849 -0.412565 
306 0.135439 0.000000 0.090744 96.353798 -0.085364 15.630026 0.047164 
307 0.257557 0.000000 0.272231 100.659164 -0.146484 7.939732 -0.019533 
308 0.355251 0.000000 0.272231 101.070391 -0.173211 6.733654 -0.026060 
309 0.257557 0.000000 0.362975 100.334887 -0.081268 7.458840 -0.012273 
310 0.208710 0.000000 0.136115 101.339810 -0.293618 11.125506 -0.039362 
311 0.257557 0.000000 0.136115 102.331976 0.047020 9.755113 -0.056700 
312 0.208710 0.000000 0.181487 100.153616 -0.166667 10.036981 -0.013152 
313 0.135439 0.000000 0.113430 98.661704 -0.117338 12.632652 0.010627 
314 0.159863 0.000000 0.113430 99.877557 -0.268368 12.856324 -0.014088 
315 0.135439 0.000000 0.136115 98.994757 -0.231996 11.427158 0.006940 
316 0.123228 0.000000 0.079401 94.715967 -0.113558 15.995706 0.077301 
317 0.111016 0.000000 0.079401 94.643385 -0.082029 15.991679 0.078689 
318 0.123228 0.000000 0.068058 94.600686 -0.103288 15.948398 0.079635 
319 0.135439 0.000000 0.079401 96.309918 -0.083868 15.842010 0.047342 
320 0.123228 0.000000 0.090744 94.589590 -0.107253 15.946392 0.079851 
321 0.184287 0.000000 -0.068058 106.462648 0.007000 -10.577249 -0.144617 
322 0.184287 0.000000 -0.090744 97.410199 -0.041277 -12.878825 0.034539 
323 0.208710 0.000000 -0.068058 96.511892 0.034143 -8.452002 0.061402 
324 0.184287 0.000000 -0.045372 107.925692 -0.039203 -6.958961 -0.169638 
325 0.184287 0.000000 0.068058 106.578359 -0.095456 10.731928 -0.147413 
326 0.184287 0.000000 0.045372 107.949849 -0.087957 7.148819 -0.170428 
327 0.208710 0.000000 0.068058 96.503868 -0.047305 8.624645 0.061262 
328 0.184287 0.000000 0.090744 101.054397 -0.081121 13.813252 -0.040280 
329 0.452945 0.000000 -0.090744 98.844988 0.002462 2.826903 0.022168 
330 0.452945 0.000000 -0.181487 99.566700 -0.003502 1.183536 0.008507 
331 0.550639 0.000000 -0.090744 100.756806 -0.004093 5.623299 -0.018356 
332 0.452945 0.000000 0.000000 101.252669 -0.008003 6.615264 -0.029586 
333 0.306404 0.000000 -0.136115 101.688700 0.126474 -1.266711 -0.034221 
334 0.306404 0.000000 -0.181487 100.783609 0.125254 1.860365 -0.016081 
335 0.355251 0.000000 -0.136115 103.799865 0.168591 0.065041 -0.077444 
336 0.306404 0.000000 -0.090744 103.481591 0.112696 -6.293802 -0.074806 
337 0.233134 0.000000 -0.113430 100.299716 -0.016401 -6.572589 -0.010323 
338 0.208710 0.000000 -0.113430 99.815591 -0.085220 -7.165044 -0.001450 
339 0.233134 0.000000 -0.136115 99.693742 -0.016205 -3.321954 0.005012 
340 0.257557 0.000000 -0.113430 101.488988 0.003604 -10.019448 -0.040040 
341 0.233134 0.000000 -0.090744 101.655022 -0.075499 -10.037228 -0.043450 
342 0.452945 0.000000 0.090744 99.164262 -0.030047 2.823446 0.015848 
343 0.550639 0.000000 0.090744 100.917091 -0.015478 5.625414 -0.021590 
344 0.452945 0.000000 0.181487 99.878934 -0.029901 1.182723 0.002280 
345 0.306404 0.000000 0.136115 103.255433 0.003223 7.376787 -0.071610 
346 0.306404 0.000000 0.090744 105.424983 -0.001888 6.670171 -0.115892 
347 0.355251 0.000000 0.136115 105.041626 -0.059737 5.554591 -0.106460 
348 0.306404 0.000000 0.181487 101.911245 -0.111446 7.618535 -0.044396 
349 0.233134 0.000000 0.113430 102.767958 -0.119258 10.692376 -0.067559 
350 0.208710 0.000000 0.113430 102.533715 -0.155126 12.005067 -0.065731 
351 0.233134 0.000000 0.090744 104.408888 -0.075405 10.565392 -0.101285 
352 0.257557 0.000000 0.113430 104.185970 -0.057086 10.542973 -0.096587 
353 0.233134 0.000000 0.136115 101.774371 -0.132473 10.400566 -0.046621 
354 0.306404 0.000000 -0.045372 75.606661 0.196345 -2.186587 0.427881 
355 0.355251 0.000000 -0.045372 70.333757 0.008442 -1.095090 0.505196 
356 0.306404 0.000000 0.000000 76.210154 0.073370 0.033542 0.419201 
357 0.281981 0.000000 -0.113430 102.658102 0.135264 -8.235545 -0.060653 
358 0.281981 0.000000 -0.136115 101.440837 0.119381 -2.040120 -0.029442 
359 0.306404 0.000000 -0.113430 103.475605 0.101421 -6.294505 -0.074683 
360 0.281981 0.000000 -0.090744 102.440060 0.126456 -8.560319 -0.056726 
361 0.281981 0.000000 -0.068058 78.208983 0.221047 -4.685951 0.386135 
362 0.257557 0.000000 -0.068058 83.678980 0.024463 -6.353738 0.295746 
363 0.306404 0.000000 -0.068058 74.950277 0.156007 -3.239784 0.437194 
364 0.281981 0.000000 -0.045372 79.306366 0.155661 -3.217862 0.370012 
365 0.269769 0.000000 -0.102087 101.651438 0.077296 -9.772199 -0.042852 
366 0.257557 0.000000 -0.102087 101.458976 0.018623 -10.016219 -0.039425 
367 0.269769 0.000000 -0.113430 101.607676 0.098752 -10.030713 -0.042474 
368 0.281981 0.000000 -0.102087 102.429555 0.141993 -9.065916 -0.057402 
369 0.269769 0.000000 -0.090744 101.536822 0.059026 -10.023822 -0.041021 
370 0.306404 0.000000 0.045372 75.730450 0.040761 2.223053 0.425996 
371 0.355251 0.000000 0.045372 70.308500 -0.022287 1.181312 0.505532 
372 0.281981 0.000000 0.113430 104.991655 0.082400 8.687062 -0.109872 
373 0.281981 0.000000 0.090744 104.837959 0.071816 9.024706 -0.107245 
374 0.306404 0.000000 0.113430 105.400576 -0.023897 6.668916 -0.115376 
375 0.281981 0.000000 0.136115 103.180823 -0.066190 8.461924 -0.071789 
376 0.281981 0.000000 0.068058 78.199413 0.153861 4.736400 0.386239 
377 0.257557 0.000000 0.068058 83.729092 -0.050061 6.456474 0.294775 
378 0.281981 0.000000 0.045372 79.349475 0.083042 3.339188 0.369250 
379 0.306404 0.000000 0.068058 75.050195 -0.005386 3.271448 0.435677 
380 0.269769 0.000000 0.102087 104.289976 0.018271 10.284627 -0.098217 
381 0.257557 0.000000 0.102087 104.156104 -0.044623 10.539758 -0.095958 
382 0.269769 0.000000 0.090744 104.218005 0.000691 10.545412 -0.097260 
383 0.281981 0.000000 0.102087 104.887502 0.109131 9.544808 -0.109250 
384 0.269769 0.000000 0.113430 104.273768 0.044823 10.550459 -0.098433 
385 0.746027 0.000000 -1.088924 99.710568 0.019800 6.856243 0.001079 
386 0.746027 0.000000 -1.451898 99.723380 0.003705 6.905332 0.000756 
387 1.136804 0.000000 -1.088924 99.703439 0.003223 6.819207 0.001272 
388 0.550639 0.000000 -0.544462 99.689571 0.043155 6.678370 0.001739 
389 0.550639 0.000000 -0.725949 99.684497 0.029031 6.753767 0.001739 
390 0.746027 0.000000 -0.544462 99.627858 0.047027 6.680756 0.002966 
391 0.452945 0.000000 -0.272231 100.198091 0.111457 5.919381 -0.007471 
392 0.452945 0.000000 -0.362975 100.139319 0.101441 6.289198 -0.006745 
393 0.550639 0.000000 -0.272231 101.098615 -0.009256 1.077454 -0.022209 
394 0.404098 0.000000 -0.136115 98.026673 -0.000620 0.456166 0.039056 
395 0.404098 0.000000 -0.181487 101.528905 0.106209 4.637729 -0.032964 
396 0.452945 0.000000 -0.136115 98.988132 0.001484 2.247559 0.019630 
397 0.404098 0.000000 -0.090744 100.873580 0.031394 -1.305014 -0.017718 
398 0.330828 0.000000 -0.113430 103.433842 0.104769 -6.296200 -0.073821 
399 0.330828 0.000000 -0.136115 102.185392 0.136208 -1.063886 -0.044300 
400 0.355251 0.000000 -0.113430 104.447530 0.104014 -4.525429 -0.092978 
401 0.330828 0.000000 -0.090744 103.428153 0.103477 -6.295812 -0.073703 
402 0.746027 0.000000 1.088924 99.875243 -0.014067 6.889607 -0.002253 
403 1.136804 0.000000 1.088924 99.881006 -0.003784 6.808607 -0.002257 
404 0.746027 0.000000 1.451898 99.826568 -0.002511 6.919758 -0.001323 
405 0.550639 0.000000 0.544462 100.015853 -0.057225 6.717024 -0.004829 
406 0.746027 0.000000 0.544462 100.035480 -0.022526 6.638674 -0.005117 
407 0.550639 0.000000 0.725949 99.965158 -0.023208 6.883444 -0.004042 
408 0.452945 0.000000 0.272231 100.728905 -0.070746 5.817877 -0.018016 
409 0.550639 0.000000 0.272231 101.387188 -0.020445 1.077358 -0.028052 
410 0.452945 0.000000 0.362975 100.579751 -0.041072 6.467982 -0.015812 
411 0.404098 0.000000 0.136115 98.357545 -0.038509 0.453204 0.032559 
412 0.404098 0.000000 0.090744 101.536988 0.012487 2.008650 -0.031379 
413 0.452945 0.000000 0.136115 99.308375 -0.030217 2.244500 0.013281 
414 0.404098 0.000000 0.181487 102.237918 -0.111685 4.397388 -0.047194 
415 0.330828 0.000000 0.113430 105.393493 -0.040621 6.671334 -0.115230 
416 0.330828 0.000000 0.090744 105.387296 -0.041655 6.670924 -0.115099 
417 0.355251 0.000000 0.113430 106.016075 0.004970 4.856379 -0.126299 
418 0.330828 0.000000 0.136115 103.573898 0.007449 6.928504 -0.077556 
419 0.404098 0.000000 -0.045372 69.459938 0.034668 0.706862 0.517482 
420 0.452945 0.000000 -0.045372 99.357257 0.002942 4.465558 0.010819 
421 0.404098 0.000000 0.000000 70.477683 0.015728 0.004033 0.503290 
422 0.379675 0.000000 -0.113430 104.176816 0.071442 -2.092440 -0.085719 
423 0.379675 0.000000 -0.136115 103.627455 0.127965 1.631642 -0.074133 
424 0.404098 0.000000 -0.113430 100.581928 0.035014 -1.588954 -0.011925 
425 0.379675 0.000000 -0.090744 103.892533 0.067255 -2.086415 -0.079802 
426 0.330828 0.000000 -0.068058 72.017055 0.073080 -3.032554 0.480434 
427 0.355251 0.000000 -0.068058 69.107262 0.030857 -1.823023 0.522086 
428 0.330828 0.000000 -0.045372 72.589437 0.002428 -1.944316 0.472699 
429 0.343039 0.000000 -0.102087 103.849188 0.122548 -5.963294 -0.082023 
430 0.330828 0.000000 -0.102087 103.430512 0.104013 -6.295973 -0.073752 
431 0.343039 0.000000 -0.113430 103.934228 0.115863 -5.831209 -0.083634 
432 0.355251 0.000000 -0.102087 104.546594 0.098968 -4.619275 -0.095134 
433 0.343039 0.000000 -0.090744 103.671643 0.121761 -6.310959 -0.078765 
434 0.404098 0.000000 0.045372 69.495476 -0.005871 -0.746559 0.516982 
435 0.452945 0.000000 0.045372 99.647973 -0.025152 4.465946 0.005034 
436 0.330828 0.000000 0.068058 72.143466 -0.070186 3.111160 0.478564 
437 0.330828 0.000000 0.045372 72.647545 -0.062885 2.009478 0.471829 
438 0.355251 0.000000 0.068058 69.129762 -0.031297 1.882534 0.521753 
439 0.379675 0.000000 0.113430 105.110463 0.024168 2.366760 -0.105381 
440 0.379675 0.000000 0.090744 104.770187 0.027370 2.359578 -0.098236 
441 0.404098 0.000000 0.113430 101.273443 0.013742 2.114891 -0.026078 
442 0.379675 0.000000 0.136115 104.693683 -0.061845 3.804441 -0.097524 
443 0.343039 0.000000 0.102087 105.722890 -0.010546 6.328728 -0.121738 
444 0.330828 0.000000 0.102087 105.389866 -0.041226 6.671094 -0.115153 
445 0.343039 0.000000 0.090744 105.604277 -0.017668 6.684231 -0.119694 
446 0.355251 0.000000 0.102087 106.121953 0.006134 4.950986 -0.128638 
447 0.343039 0.000000 0.113430 105.772736 -0.010667 6.192897 -0.122622 
448 1.527580 0.000000 -0.362975 99.599628 -0.028038 5.612351 0.004841 
449 1.527580 0.000000 -0.725949 99.645249 -0.008752 6.522442 0.002828 
450 1.918356 0.000000 -0.362975 99.172324 0.030627 4.616986 0.014353 
451 1.527580 0.000000 0.000000 101.487931 0.059030 4.137610 -0.031692 
452 0.941416 0.000000 -0.181487 101.404325 0.010565 4.991363 -0.030775 
453 0.941416 0.000000 -0.362975 99.366992 0.036666 6.176323 0.008805 
454 1.136804 0.000000 -0.181487 100.482203 0.001426 3.927911 -0.011210 
455 0.941416 0.000000 0.000000 101.910904 0.002986 6.249011 -0.042488 
456 0.648333 0.000000 -0.090744 101.353951 -0.001663 5.680988 -0.030490 
457 0.648333 0.000000 -0.181487 101.348103 0.005178 4.605046 -0.029264 
458 0.746027 0.000000 -0.090744 101.782878 0.007404 6.372981 -0.040037 
459 0.648333 0.000000 0.000000 101.567712 -0.002419 6.674091 -0.036054 
460 0.501792 0.000000 -0.136115 99.467676 0.001448 3.380047 0.009476 
461 0.501792 0.000000 -0.181487 100.643667 -0.002746 3.180783 -0.013927 
462 0.550639 0.000000 -0.136115 101.136021 -0.001769 5.924785 -0.026360 
463 0.501792 0.000000 -0.090744 99.487977 -0.000564 3.501544 0.008988 
464 0.428522 0.000000 -0.113430 98.282074 0.019438 -0.271445 0.034056 
465 0.428522 0.000000 -0.136115 98.959213 -0.000268 1.274739 0.020545 
466 0.452945 0.000000 -0.113430 98.874240 0.001422 2.296353 0.021861 
467 0.428522 0.000000 -0.090744 98.422323 0.017314 0.137442 0.031303 
468 0.379675 0.000000 -0.068058 68.307204 0.061856 -0.374025 0.533398 
469 0.404098 0.000000 -0.068058 98.032778 0.002771 1.062761 0.038844 
470 0.379675 0.000000 -0.045372 69.213024 0.042154 -0.275071 0.520948 
471 0.391886 0.000000 -0.102087 102.618151 0.045469 -1.890803 -0.053406 
472 0.379675 0.000000 -0.102087 104.185165 0.072023 -2.092674 -0.085893 
473 0.391886 0.000000 -0.113430 102.481681 0.045256 -1.835913 -0.050587 
474 0.404098 0.000000 -0.102087 100.658645 0.035510 -1.631266 -0.013483 
475 0.391886 0.000000 -0.090744 102.293656 0.044636 -1.749140 -0.046705 
476 0.379675 0.000000 0.068058 68.328664 0.004969 0.397001 0.533104 
477 0.379675 0.000000 0.045372 69.265558 -0.013430 0.282907 0.520220 
478 0.404098 0.000000 0.068058 98.363392 -0.034476 1.056751 0.032353 
479 1.527580 0.000000 0.362975 99.999598 -0.001383 5.262505 -0.002761 
480 1.918356 0.000000 0.362975 100.707814 -0.012225 4.248329 -0.016011 
481 1.527580 0.000000 0.725949 99.957255 -0.036172 6.444013 -0.003298 
482 0.941416 0.000000 0.181487 102.511664 -0.003366 5.013656 -0.053378 
483 1.136804 0.000000 0.181487 102.817522 -0.009193 3.987307 -0.058734 
484 0.941416 0.000000 0.362975 100.156838 -0.009643 6.204886 -0.006989 
485 0.648333 0.000000 0.090744 101.534719 -0.010041 5.690375 -0.034168 
486 0.746027 0.000000 0.090744 101.945405 -0.001216 6.380905 -0.043358 
487 0.648333 0.000000 0.181487 101.685489 -0.012676 4.616734 -0.036125 
488 0.501792 0.000000 0.136115 99.770180 -0.026663 3.383496 0.003446 
489 0.501792 0.000000 0.090744 99.761447 -0.025978 3.498902 0.003541 
490 0.550639 0.000000 0.136115 101.366216 -0.016010 5.933487 -0.031032 
491 0.501792 0.000000 0.181487 100.943344 -0.024285 3.185765 -0.019971 
492 0.428522 0.000000 0.113430 98.774832 -0.018872 1.674045 0.024073 
493 0.428522 0.000000 0.090744 98.893453 -0.019958 1.836033 0.021671 
494 0.452945 0.000000 0.113430 99.192953 -0.030977 2.295095 0.015549 
495 0.428522 0.000000 0.136115 99.278715 -0.030855 1.271202 0.014212 
496 0.391886 0.000000 0.102087 103.392271 0.026502 2.207286 -0.069483 
497 0.379675 0.000000 0.102087 105.117554 0.024117 2.366955 -0.105530 
498 0.391886 0.000000 0.090744 103.047298 0.021045 2.101648 -0.062316 
499 0.404098 0.000000 0.102087 101.356756 0.014791 2.133712 -0.027774 
500 0.391886 0.000000 0.113430 103.248161 0.024239 2.166195 -0.066488 
501 1.332192 0.000000 -0.181487 101.593935 -0.015811 2.863690 -0.032953 
502 1.332192 0.000000 -0.362975 99.689798 -0.015583 5.685753 0.002962 
503 1.527580 0.000000 -0.181487 101.704774 -0.010151 3.402263 -0.035544 
504 1.332192 0.000000 0.000000 101.109307 0.012307 3.896054 -0.023827 
505 1.332192 0.000000 0.181487 101.157941 0.042816 2.676730 -0.024010 
506 1.527580 0.000000 0.181487 101.604997 0.143743 3.380740 -0.033503 
507 1.332192 0.000000 0.362975 100.081956 -0.031935 5.370209 -0.004524 
508 1.234498 0.000000 -0.090744 98.880059 -0.014995 1.216184 0.022125 
509 1.136804 0.000000 -0.090744 100.357436 -0.005031 4.402574 -0.009100 
510 1.234498 0.000000 -0.181487 100.085958 -0.006332 0.664027 -0.001764 
511 1.332192 0.000000 -0.090744 100.047949 -0.012566 2.075347 -0.001390 
512 1.234498 0.000000 0.000000 81.471725 -0.019343 0.644658 0.336194 
513 1.234498 0.000000 0.090744 99.847333 -0.008780 1.180619 0.002912 
514 1.136804 0.000000 0.090744 101.370860 -0.008362 4.403507 -0.029544 
515 1.332192 0.000000 0.090744 100.230698 0.007196 2.035345 -0.005034 
516 1.234498 0.000000 0.181487 101.387224 -0.014362 0.659971 -0.027980 
517 4.263014 0.000000 -8.711388 99.755000 0.001642 6.971366 0.000034 
518 4.263014 0.000000 -11.615184 99.755520 0.001181 6.973398 0.000021 
519 7.389224 0.000000 -8.711388 99.755694 0.002037 6.970637 0.000021 
520 2.699909 0.000000 -4.355694 99.752784 0.004878 6.959577 0.000095 
521 2.699909 0.000000 -5.807592 99.752709 0.002094 6.966817 0.000086 
522 4.263014 0.000000 -4.355694 99.753086 0.003817 6.955590 0.000094 
523 1.918356 0.000000 -2.177847 99.747551 0.003632 6.917159 0.000258 
524 1.918356 0.000000 -2.903796 99.744395 0.009065 6.943029 0.000285 
525 2.699909 0.000000 -2.177847 99.743418 0.006145 6.900951 0.000363 
526 1.527580 0.000000 -1.088924 99.692451 0.007317 6.765885 0.001564 
527 1.527580 0.000000 -1.451898 99.725695 0.004983 6.858675 0.000774 
528 1.918356 0.000000 -1.088924 99.688205 0.008131 6.718505 0.001712 
529 1.332192 0.000000 -0.544462 99.617119 0.004482 6.301240 0.003672 
530 1.136804 0.000000 -0.544462 99.545635 0.019130 6.398011 0.004973 
531 1.332192 0.000000 -0.725949 99.640543 -0.006858 6.588777 0.002835 
532 1.527580 0.000000 -0.544462 99.586380 0.001158 6.258610 0.004338 
533 1.234498 0.000000 -0.272231 99.771990 -0.028260 4.886413 0.002167 
534 1.136804 0.000000 -0.272231 100.845264 0.000734 0.936035 -0.017064 
535 1.234498 0.000000 -0.362975 99.598355 -0.016729 5.660351 0.004813 
536 1.332192 0.000000 -0.272231 101.523132 -0.021223 0.336326 -0.030706 
537 10.515434 0.000000 -2.903796 99.758536 0.006755 6.937898 0.000010 
538 10.515434 0.000000 -5.807592 99.756553 0.003497 6.964505 0.000013 
539 13.641644 0.000000 -2.903796 99.758509 0.006457 6.942226 0.000005 
540 10.515434 0.000000 0.000000 99.850902 0.034819 5.621742 -0.000181 
541 5.826119 0.000000 -1.451898 99.764490 0.008302 6.817373 0.000057 
542 5.826119 0.000000 -2.903796 99.756564 0.006792 6.930041 0.000060 
543 7.389224 0.000000 -1.451898 99.764998 0.012747 6.836093 0.000021 
544 5.826119 0.000000 0.000000 100.049192 0.048676 2.767727 -0.001750 
545 3.481461 0.000000 -0.725949 99.782553 0.024337 6.286155 0.000393 
546 3.481461 0.000000 -1.451898 99.752850 0.011960 6.790610 0.000326 
547 4.263014 0.000000 -0.725949 99.791125 0.028009 6.366856 0.000119 
548 3.481461 0.000000 0.000000 100.120938 0.097613 1.518637 -0.002652 
549 2.309132 0.000000 -0.362975 99.378294 0.018542 4.285493 0.010559 
550 2.309132 0.000000 -0.725949 99.676058 0.023065 6.266686 0.002541 
551 2.699909 0.000000 -0.362975 99.821935 0.035302 4.396963 0.001625 
552 2.309132 0.000000 0.000000 127.751590 0.245051 1.167740 -0.632189 
553 1.722968 0.000000 -0.181487 101.268532 -0.005796 3.667291 -0.026876 
554 1.722968 0.000000 -0.362975 99.176891 0.001562 5.438608 0.013437 
555 1.918356 0.000000 -0.181487 100.339169 -0.015397 3.498505 -0.008019 
556 1.722968 0.000000 0.000000 101.674307 0.254096 4.463914 -0.035766 
557 1.429886 0.000000 -0.090744 101.370023 -0.004776 2.827528 -0.028388 
558 1.429886 0.000000 -0.181487 101.522792 -0.012444 2.681620 -0.031407 
559 1.527580 0.000000 -0.090744 101.554303 0.032057 3.265009 -0.032394 
560 1.429886 0.000000 0.000000 101.108955 0.012305 3.896875 -0.023821 
561 1.283345 0.000000 -0.136115 99.543465 -0.015830 1.549573 0.008870 
562 1.234498 0.000000 -0.136115 99.048911 -0.014126 1.100121 0.018810 
563 1.283345 0.000000 -0.181487 100.240769 -0.018094 1.244444 -0.004976 
564 1.332192 0.000000 -0.136115 100.204811 -0.014783 2.422586 -0.004687 
565 1.283345 0.000000 -0.090744 99.264751 -0.015364 1.596741 0.014396 
566 10.515434 0.000000 2.903796 99.762611 -0.011010 6.889753 -0.000005 
567 13.641644 0.000000 2.903796 99.763800 -0.012286 6.870930 -0.000003 
568 10.515434 0.000000 5.807592 99.758007 -0.004582 6.958792 -0.000008 
569 5.826119 0.000000 1.451898 99.779834 -0.028238 6.648246 -0.000022 
570 7.389224 0.000000 1.451898 99.784336 -0.024320 6.579281 -0.000020 
571 5.826119 0.000000 2.903796 99.762784 -0.009049 6.909572 -0.000036 
572 3.481461 0.000000 0.725949 99.830136 -0.041392 5.800549 0.000030 
573 4.263014 0.000000 0.725949 99.851232 -0.045609 5.575380 -0.000136 
574 3.481461 0.000000 1.451898 99.776092 -0.020199 6.721624 -0.000045 
575 2.309132 0.000000 0.362975 99.463368 -0.109314 3.494376 0.009482 
576 2.699909 0.000000 0.362975 99.949313 -0.070436 3.236216 -0.000034 
577 2.309132 0.000000 0.725949 99.852560 -0.038235 5.965840 -0.000613 
578 1.722968 0.000000 0.181487 102.192573 0.435073 3.952466 -0.045913 
579 1.918356 0.000000 0.181487 102.122520 1.048498 4.721107 -0.045240 
580 1.722968 0.000000 0.362975 100.213452 -0.037703 5.012732 -0.006786 
581 1.429886 0.000000 0.090744 101.226975 0.046895 2.805694 -0.025477 
582 1.527580 0.000000 0.090744 101.540189 0.070196 3.248665 -0.032097 
583 1.429886 0.000000 0.181487 101.236417 0.047033 2.569261 -0.025542 
584 4.263014 0.000000 8.711388 99.758416 -0.001912 6.970624 -0.000033 
585 7.389224 0.000000 8.711388 99.757765 -0.002425 6.969434 -0.000018 
586 4.263014 0.000000 11.615184 99.757619 -0.001362 6.973045 -0.000021 
587 2.699909 0.000000 4.355694 99.768003 -0.007172 6.954971 -0.000203 
588 4.263014 0.000000 4.355694 99.762073 -0.004642 6.951038 -0.000079 
589 2.699909 0.000000 5.807592 99.761513 -0.002525 6.965355 -0.000088 
590 1.918356 0.000000 2.177847 99.797143 -0.004635 6.896701 -0.000703 
591 2.699909 0.000000 2.177847 99.777046 -0.008473 6.878213 -0.000277 
592 1.918356 0.000000 2.903796 99.783035 -0.010922 6.931659 -0.000470 
593 1.527580 0.000000 1.088924 99.876548 -0.007898 6.722285 -0.002051 
594 1.918356 0.000000 1.088924 99.871006 -0.011682 6.624631 -0.001810 
595 1.527580 0.000000 1.451898 99.835359 -0.005285 6.831173 -0.001376 
596 1.332192 0.000000 0.544462 100.029639 -0.037555 6.186886 -0.004421 
597 1.136804 0.000000 0.544462 100.084316 -0.015389 6.378240 -0.005755 
598 1.527580 0.000000 0.544462 99.984435 -0.033562 6.076846 -0.003382 
599 1.332192 0.000000 0.725949 99.958522 -0.012109 6.522992 -0.003426 
600 1.234498 0.000000 0.272231 100.488658 -0.034450 4.764289 -0.012067 
601 1.136804 0.000000 0.272231 102.431905 -0.012986 0.931328 -0.049316 
602 1.332192 0.000000 0.272231 101.208568 -0.012363 0.310221 -0.024327 
603 1.234498 0.000000 0.362975 100.253005 -0.028801 5.560892 -0.008159 
604 1.283345 0.000000 0.136115 99.877961 0.012781 1.458808 0.002226 
605 1.234498 0.000000 0.136115 100.021088 -0.010695 1.069862 -0.000536 
606 1.283345 0.000000 0.090744 99.692727 0.008510 1.528742 0.005902 
607 1.332192 0.000000 0.136115 100.242762 0.018607 2.341478 -0.005409 
608 1.283345 0.000000 0.181487 100.330513 0.020674 1.190958 -0.006763 
609 2.113744 0.000000 -0.181487 102.042825 0.086259 4.776600 -0.043556 
610 2.113744 0.000000 -0.362975 99.718278 0.037577 4.615762 0.003496 
611 2.309132 0.000000 -0.181487 98.232429 0.037240 0.887873 0.034960 
612 2.113744 0.000000 0.000000 87.691000 -0.044954 -0.642122 0.230987 
613 2.113744 0.000000 0.181487 101.086699 0.000790 -2.137744 -0.022309 
614 2.309132 0.000000 0.181487 97.977634 -0.079196 2.613575 0.039355 
615 2.113744 0.000000 0.362975 100.164471 -0.055101 3.218022 -0.004328 
616 2.016050 0.000000 -0.090744 99.455216 0.042707 2.240149 0.010364 
617 1.918356 0.000000 -0.090744 100.737390 0.279010 3.959475 -0.016378 
618 2.016050 0.000000 -0.181487 99.429419 0.028691 1.444576 0.011170 
619 2.113744 0.000000 -0.090744 109.594894 0.071573 11.542398 -0.214427 
620 2.016050 0.000000 0.000000 101.275798 0.487701 4.554155 -0.027777 
621 2.016050 0.000000 0.090744 100.795630 0.404197 2.488708 -0.016612 
622 1.918356 0.000000 0.090744 101.785249 0.691300 4.349128 -0.037963 
623 2.113744 0.000000 0.090744 105.770766 0.050921 -11.048255 -0.130952 
624 2.016050 0.000000 0.181487 101.644580 0.766953 1.887030 -0.033577 
625 2.309132 0.000000 -1.088924 99.706986 0.022304 6.674875 0.001396 
626 2.309132 0.000000 -1.451898 99.735792 0.009014 6.813735 0.000634 
627 2.699909 0.000000 -1.088924 99.731300 0.014596 6.652131 0.000942 
628 2.113744 0.000000 -0.544462 99.496628 0.058916 5.735113 0.006753 
629 1.918356 0.000000 -0.544462 99.399312 0.004269 5.861637 0.008542 
630 2.113744 0.000000 -0.725949 99.658239 0.037009 6.305044 0.002848 
631 2.309132 0.000000 -0.544462 99.625826 0.072918 5.695951 0.004225 
632 2.016050 0.000000 -0.272231 99.718297 0.042020 3.177196 0.004616 
633 1.918356 0.000000 -0.272231 99.653178 -0.014751 2.507018 0.006296 
634 2.016050 0.000000 -0.362975 99.548331 0.036848 4.409396 0.007069 
635 2.113744 0.000000 -0.272231 99.889305 0.066306 3.956596 0.000647 
636 3.090685 0.000000 -0.362975 99.860923 0.063789 4.621579 0.000643 
637 3.090685 0.000000 -0.725949 99.765450 0.025220 6.251055 0.000778 
638 3.481461 0.000000 -0.362975 99.882518 0.040969 4.845036 0.000001 
639 3.090685 0.000000 0.000000 100.105971 0.125694 1.364646 -0.002308 
640 2.504521 0.000000 -0.181487 100.123559 0.037720 1.919584 -0.002841 
641 2.504521 0.000000 -0.362975 99.699785 0.103959 4.228632 0.004206 
642 2.699909 0.000000 -0.181487 100.001355 0.101969 2.348171 -0.000580 
643 2.504521 0.000000 0.000000 100.851017 0.116662 1.156418 -0.017228 
644 2.211438 0.000000 -0.090744 91.886540 0.059084 16.663091 0.127920 
645 2.211438 0.000000 -0.181487 97.560252 0.157676 4.830633 0.045864 
646 2.309132 0.000000 -0.090744 104.907014 0.177935 -11.470584 -0.113709 
647 2.211438 0.000000 0.000000 129.773806 0.007490 -0.080561 -0.684125 
648 2.064897 0.000000 -0.136115 99.249558 0.052111 0.925527 0.014867 
649 2.016050 0.000000 -0.136115 99.344452 0.039772 2.495483 0.012445 
650 2.064897 0.000000 -0.181487 102.215499 0.038234 2.545850 -0.045449 
651 2.113744 0.000000 -0.136115 105.832990 0.117709 7.140331 -0.125162 
652 2.064897 0.000000 -0.090744 100.356138 0.081707 3.752120 -0.008544 
653 3.090685 0.000000 0.362975 100.000315 -0.048115 2.816532 -0.000800 
654 3.481461 0.000000 0.362975 100.061920 -0.067833 2.416679 -0.001823 
655 3.090685 0.000000 0.725949 99.812485 -0.041370 5.885641 0.000283 
656 2.504521 0.000000 0.181487 100.236430 -0.093364 1.513141 -0.004964 
657 2.699909 0.000000 0.181487 100.149480 -0.025380 1.071361 -0.003107 
658 2.504521 0.000000 0.362975 99.801467 -0.023641 3.508138 0.002736 
659 2.211438 0.000000 0.090744 89.852422 0.005374 -16.226674 0.166324 
660 2.309132 0.000000 0.090744 104.582296 0.114292 14.420753 -0.114543 
661 2.211438 0.000000 0.181487 96.905959 0.022656 -1.690024 0.060638 
662 2.309132 0.000000 1.088924 99.823693 -0.023367 6.554491 -0.000773 
663 2.699909 0.000000 1.088924 99.789215 -0.022209 6.535874 -0.000061 
664 2.309132 0.000000 1.451898 99.808374 -0.011975 6.754826 -0.000734 
665 2.113744 0.000000 0.544462 99.901435 -0.015712 5.260771 -0.000797 
666 1.918356 0.000000 0.544462 100.053289 -0.045138 5.607572 -0.004211 
667 2.309132 0.000000 0.544462 99.816995 -0.020580 5.152637 0.001002 
668 2.113744 0.000000 0.725949 99.951751 -0.013840 6.026080 -0.002667 
669 2.016050 0.000000 0.272231 101.020761 -0.019131 2.259263 -0.021030 
670 1.918356 0.000000 0.272231 102.701267 1.127171 3.418952 -0.056051 
671 2.113744 0.000000 0.272231 100.151535 -0.031180 1.298307 -0.003202 
672 2.016050 0.000000 0.362975 100.578509 -0.032856 3.709462 -0.012980 
673 2.064897 0.000000 0.136115 101.103728 0.357976 0.803141 -0.022274 
674 2.016050 0.000000 0.136115 100.854752 0.479644 2.838837 -0.017997 
675 2.064897 0.000000 0.090744 100.845627 0.326410 -1.703076 -0.017285 
676 2.113744 0.000000 0.136115 103.290127 0.034122 -5.698307 -0.070132 
677 2.064897 0.000000 0.181487 101.739063 0.009892 -0.382375 -0.035098 
678 2.211438 0.000000 -0.272231 98.937675 0.090356 4.059278 0.019485 
679 2.211438 0.000000 -0.362975 99.510443 0.044521 4.602611 0.007649 
680 2.309132 0.000000 -0.272231 99.012022 0.055040 3.091723 0.018706 
681 2.162591 0.000000 -0.136115 100.332259 0.106147 9.295195 -0.015297 
682 2.162591 0.000000 -0.181487 99.832726 0.114431 5.782691 -0.000003 
683 2.211438 0.000000 -0.136115 95.378625 0.121880 7.572082 0.084557 
684 2.162591 0.000000 -0.090744 101.190216 0.028178 15.905789 -0.049245 
685 2.064897 0.000000 -0.045372 99.211153 0.055737 0.847868 0.015643 
686 2.016050 0.000000 -0.045372 99.862955 0.147221 3.663196 0.001395 
687 2.113744 0.000000 -0.045372 84.708403 -0.037061 3.138238 0.281464 
688 2.064897 0.000000 0.000000 82.363624 0.005548 -0.542603 0.321594 
689 2.089321 0.000000 -0.113430 106.976136 0.089949 5.803095 -0.147758 
690 2.064897 0.000000 -0.113430 102.218770 0.092307 4.733603 -0.047109 
691 2.089321 0.000000 -0.136115 99.190977 0.075549 0.273411 0.016107 
692 2.113744 0.000000 -0.113430 109.661324 0.071661 11.399486 -0.215556 
693 2.089321 0.000000 -0.090744 106.637733 0.089040 5.596917 -0.140294 
694 2.064897 0.000000 0.045372 100.971846 0.336177 0.715932 -0.019594 
695 2.016050 0.000000 0.045372 101.088528 0.394984 3.807656 -0.023354 
696 2.113744 0.000000 0.045372 86.998973 -0.042214 -4.450755 0.241137 
697 2.211438 0.000000 0.272231 98.845349 -0.026578 1.344269 0.022779 
698 2.309132 0.000000 0.272231 98.954387 -0.074858 2.417889 0.020218 
699 2.211438 0.000000 0.362975 99.662982 -0.084520 3.179120 0.005718 
700 2.162591 0.000000 0.136115 98.732072 -0.062089 -7.481900 0.019600 
701 2.162591 0.000000 0.090744 98.859837 -0.040513 -15.457016 -0.001219 
702 2.211438 0.000000 0.136115 94.188256 -0.025441 -5.461503 0.109874 
703 2.162591 0.000000 0.181487 99.010847 -0.007407 -2.832985 0.018883 
704 2.089321 0.000000 0.113430 104.054716 0.212685 -5.263104 -0.085513 
705 2.064897 0.000000 0.113430 101.543578 0.299378 -3.509239 -0.032350 
706 2.089321 0.000000 0.090744 103.911649 0.217548 -5.002305 -0.082270 
707 2.113744 0.000000 0.113430 105.823932 0.052539 -10.908940 -0.131771 
708 2.089321 0.000000 0.136115 100.515296 0.366404 0.193621 -0.010350 
709 2.162591 0.000000 -0.045372 101.874580 -0.076370 7.285182 -0.043151 
710 2.211438 0.000000 -0.045372 129.386086 0.004830 10.281844 -0.684648 
711 2.162591 0.000000 0.000000 104.253658 -0.097106 -0.458827 -0.086905 
712 2.138168 0.000000 -0.113430 105.034003 0.051091 15.581530 -0.127493 
713 2.138168 0.000000 -0.136115 103.048624 0.129439 8.990399 -0.069986 
714 2.162591 0.000000 -0.113430 101.008875 0.066266 12.387012 -0.035624 
715 2.138168 0.000000 -0.090744 104.631467 0.044835 15.521709 -0.118867 
716 2.089321 0.000000 -0.068058 99.190563 0.075547 0.275294 0.016115 
717 2.064897 0.000000 -0.068058 99.046763 0.041712 2.451950 0.018373 
718 2.113744 0.000000 -0.068058 81.473685 -0.003802 5.155801 0.333546 
719 2.089321 0.000000 -0.045372 80.533726 0.052993 0.949227 0.351342 
720 2.101533 0.000000 -0.102087 110.081838 0.079804 8.185734 -0.218502 
721 2.089321 0.000000 -0.102087 108.279059 0.088002 6.223496 -0.176309 
722 2.101533 0.000000 -0.113430 110.249909 0.079063 7.666440 -0.221382 
723 2.113744 0.000000 -0.102087 109.587728 0.070637 12.011507 -0.215375 
724 2.101533 0.000000 -0.090744 110.416110 0.077947 8.254410 -0.225986 
725 2.162591 0.000000 0.045372 103.300937 0.009753 -8.125805 -0.073711 
726 2.211438 0.000000 0.045372 130.520028 0.007123 -10.557302 -0.714693 
727 2.089321 0.000000 0.068058 100.515424 0.366275 0.195007 -0.010352 
728 2.064897 0.000000 0.068058 100.855534 0.345098 2.565561 -0.017854 
729 2.089321 0.000000 0.045372 83.291250 0.020200 -2.452812 0.305655 
730 2.113744 0.000000 0.068058 85.199403 -0.012944 -6.362322 0.270058 
731 2.138168 0.000000 0.113430 102.196970 -0.023059 -15.068554 -0.067128 
732 2.138168 0.000000 0.090744 101.888497 -0.024761 -15.023680 -0.060698 
733 2.162591 0.000000 0.113430 98.905418 -0.087423 -11.412892 0.008746 
734 2.138168 0.000000 0.136115 101.059064 0.001999 -7.280338 -0.026594 
735 2.101533 0.000000 0.102087 106.084397 0.112217 -7.784511 -0.131451 
736 2.089321 0.000000 0.102087 104.870109 0.184213 -5.765077 -0.103101 
737 2.101533 0.000000 0.090744 106.364466 0.105959 -7.849429 -0.137502 
738 2.113744 0.000000 0.102087 105.766347 0.048555 -11.499903 -0.131877 
739 2.101533 0.000000 0.113430 106.279756 0.118121 -7.278816 -0.134838 
740 2.138168 0.000000 -0.068058 89.643907 -0.060515 8.460081 0.189239 
741 2.162591 0.000000 -0.068058 99.393494 -0.053975 11.126506 -0.000287 
742 2.138168 0.000000 -0.045372 91.917568 -0.078682 5.379863 0.152221 
743 2.125956 0.000000 -0.102087 106.385708 0.069640 15.489414 -0.155785 
744 2.125956 0.000000 -0.113430 107.281583 0.066659 14.733822 -0.172643 
745 2.138168 0.000000 -0.102087 104.792483 0.047264 15.545588 -0.122313 
746 2.125956 0.000000 -0.090744 107.153888 0.066206 14.817160 -0.170151 
747 2.138168 0.000000 0.068058 92.327890 -0.029475 -9.417295 0.138687 
748 2.138168 0.000000 0.045372 93.775401 -0.033484 -6.472109 0.116428 
749 2.162591 0.000000 0.068058 101.473391 -0.088497 -11.929799 -0.043918 
750 2.125956 0.000000 0.102087 103.231382 -0.017088 -14.937094 -0.087984 
751 2.125956 0.000000 0.090744 103.846951 0.000150 -14.269337 -0.098780 
752 2.138168 0.000000 0.102087 102.012132 -0.023972 -15.041613 -0.063273 
753 2.125956 0.000000 0.113430 103.947669 0.002018 -14.185473 -0.100635 
754 2.406827 0.000000 -0.090744 101.928139 -0.019218 -0.027560 -0.038935 
755 2.406827 0.000000 -0.181487 100.078214 0.088460 1.227871 -0.001716 
756 2.504521 0.000000 -0.090744 100.586186 0.085704 1.327127 -0.011935 
757 2.406827 0.000000 0.000000 103.837497 -0.024876 1.139385 -0.078352 
758 2.260285 0.000000 -0.136115 92.966630 0.168843 1.362935 0.135532 
759 2.260285 0.000000 -0.181487 96.786012 0.106179 2.482139 0.062630 
760 2.309132 0.000000 -0.136115 98.094819 0.086619 -2.498180 0.037116 
761 2.260285 0.000000 -0.090744 78.330782 0.176371 12.976132 0.369588 
762 2.187015 0.000000 -0.113430 97.592751 0.069930 12.463886 0.032030 
763 2.187015 0.000000 -0.136115 97.767540 0.097689 8.904927 0.036220 
764 2.211438 0.000000 -0.113430 93.068624 0.086302 10.804246 0.122149 
765 2.187015 0.000000 -0.090744 95.478781 0.035967 17.478650 0.057830 
766 2.150380 0.000000 -0.102087 103.557017 0.031596 15.362188 -0.096005 
767 2.150380 0.000000 -0.113430 103.964690 0.034756 15.422808 -0.104652 
768 2.162591 0.000000 -0.102087 101.272570 0.029792 16.060279 -0.051407 
769 2.150380 0.000000 -0.090744 102.884479 0.030659 15.558758 -0.082729 
770 2.406827 0.000000 0.090744 101.944860 -0.102767 2.423316 -0.039864 
771 2.504521 0.000000 0.090744 100.659867 0.022363 1.054409 -0.013352 
772 2.406827 0.000000 0.181487 100.091372 -0.072677 2.244534 -0.002333 
773 2.260285 0.000000 0.136115 92.007410 0.058227 1.230555 0.153312 
774 2.260285 0.000000 0.090744 75.998607 -0.038226 -12.534756 0.406709 
775 2.309132 0.000000 0.136115 97.671833 -0.013727 5.465656 0.043034 
776 2.260285 0.000000 0.181487 96.302998 -0.031212 0.873956 0.072497 
777 2.187015 0.000000 0.113430 95.813600 -0.080789 -11.218740 0.069389 
778 2.187015 0.000000 0.090744 93.354052 -0.046264 -17.016834 0.099545 
779 2.211438 0.000000 0.113430 91.470428 -0.065392 -9.375329 0.154526 
780 2.187015 0.000000 0.136115 96.393503 -0.077036 -6.933877 0.066021 
781 2.150380 0.000000 0.102087 101.035851 -0.030433 -14.899844 -0.043025 
782 2.150380 0.000000 0.090744 100.415923 -0.032842 -15.099079 -0.031134 
783 2.162591 0.000000 0.102087 98.915490 -0.040343 -15.603917 -0.002776 
784 2.150380 0.000000 0.113430 101.376590 -0.027998 -14.949411 -0.050070 
785 2.260285 0.000000 -0.045372 158.748420 0.085189 2.544023 -1.520754 
786 2.309132 0.000000 -0.045372 123.993266 0.222040 -9.031174 -0.545594 
787 2.260285 0.000000 0.000000 148.597439 0.054351 0.560554 -1.208152 
788 2.187015 0.000000 -0.068058 111.975951 -0.025107 14.255567 -0.274184 
789 2.211438 0.000000 -0.068058 128.971776 0.030439 16.943472 -0.692080 
790 2.187015 0.000000 -0.045372 114.398977 -0.059660 9.147345 -0.317080 
791 2.174803 0.000000 -0.102087 98.246765 0.032968 16.961021 0.005990 
792 2.174803 0.000000 -0.113430 99.436959 0.064925 12.660050 -0.004799 
793 2.187015 0.000000 -0.102087 95.498976 0.035575 17.482444 0.057431 
794 2.174803 0.000000 -0.090744 97.874443 0.034033 17.084481 0.012871 
795 2.260285 0.000000 0.045372 160.616940 0.044773 -1.516895 -1.580010 
796 2.309132 0.000000 0.045372 124.381855 0.224707 11.629308 -0.560614 
797 2.187015 0.000000 0.068058 113.613705 -0.017628 -14.813575 -0.312752 
798 2.187015 0.000000 0.045372 115.495307 -0.025046 -9.737502 -0.343399 
799 2.211438 0.000000 0.068058 130.559390 0.006315 -17.370848 -0.734750 
800 2.174803 0.000000 0.102087 96.029903 -0.052631 -16.501127 0.050597 
801 2.174803 0.000000 0.090744 95.669283 -0.055096 -16.622999 0.057106 
802 2.187015 0.000000 0.102087 93.372017 -0.054235 -17.020017 0.099198 
803 2.174803 0.000000 0.113430 97.513023 -0.088477 -11.501921 0.035891 
804 2.235862 0.000000 -0.068058 81.103599 0.123089 13.436112 0.324166 
805 2.235862 0.000000 -0.090744 82.026363 0.118936 13.588223 0.308702 
806 2.260285 0.000000 -0.068058 77.184358 0.212200 12.785600 0.387906 
807 2.235862 0.000000 -0.045372 145.109807 0.047730 9.477660 -1.114668 
808 2.235862 0.000000 -0.113430 89.922845 0.132974 6.960996 0.186541 
809 2.235862 0.000000 -0.136115 93.493089 0.130378 5.010066 0.123392 
810 2.260285 0.000000 -0.113430 87.374136 0.195687 0.642848 0.236531 
811 2.223650 0.000000 -0.079401 86.588594 0.095583 14.927906 0.227956 
812 2.211438 0.000000 -0.079401 91.510195 0.062434 16.548638 0.135202 
813 2.223650 0.000000 -0.090744 86.577095 0.096792 14.822076 0.228470 
814 2.235862 0.000000 -0.079401 81.913654 0.119381 13.569635 0.310600 
815 2.223650 0.000000 -0.068058 137.984114 0.038385 16.079984 -0.929818 
816 2.235862 0.000000 0.068058 78.854828 -0.026100 -13.003634 0.361282 
817 2.235862 0.000000 0.045372 146.476835 0.017098 -9.317293 -1.154228 
818 2.260285 0.000000 0.068058 74.803902 -0.051347 -12.336310 0.425219 
819 2.235862 0.000000 0.090744 79.804083 -0.027889 -13.158908 0.345815 
820 2.235862 0.000000 0.113430 88.390253 0.016398 -5.230275 0.215981 
821 2.260285 0.000000 0.113430 85.863324 0.092168 1.570250 0.262502 
822 2.235862 0.000000 0.136115 92.418272 -0.000856 -2.701102 0.145157 
823 2.223650 0.000000 0.079401 84.480128 -0.015422 -14.500665 0.265284 
824 2.211438 0.000000 0.079401 89.473233 0.002668 -16.112860 0.173492 
825 2.223650 0.000000 0.068058 139.699166 0.005278 -16.301404 -0.978159 
826 2.235862 0.000000 0.079401 79.687623 -0.027889 -13.139829 0.347723 
827 2.223650 0.000000 0.090744 84.476940 -0.016672 -14.398354 0.265633 
828 2.357979 0.000000 -0.045372 107.919654 0.161875 -1.437474 -0.164874 
829 2.357979 0.000000 -0.090744 103.817385 0.058777 -2.098227 -0.078246 
830 2.406827 0.000000 -0.045372 103.332667 -0.013458 0.348432 -0.067776 
831 2.357979 0.000000 0.000000 109.537846 0.177259 1.191238 -0.199999 
832 2.284709 0.000000 -0.068058 143.708628 0.215977 -37.007918 -1.202180 
833 2.284709 0.000000 -0.090744 91.295029 0.213921 -25.099603 0.103518 
834 2.309132 0.000000 -0.068058 115.632113 0.223143 -13.482462 -0.355261 
835 2.284709 0.000000 -0.045372 146.625170 0.212876 -11.832714 -1.163900 
836 2.248074 0.000000 -0.079401 79.718791 0.141883 13.207126 0.347047 
837 2.248074 0.000000 -0.090744 79.969178 0.139130 13.248468 0.342939 
838 2.260285 0.000000 -0.079401 77.620887 0.197643 12.857990 0.380963 
839 2.248074 0.000000 -0.068058 79.229089 0.151062 13.125912 0.355044 
840 2.357979 0.000000 0.045372 107.902793 0.141204 3.842710 -0.165780 
841 2.406827 0.000000 0.045372 103.339870 -0.038864 1.927716 -0.068285 
842 2.357979 0.000000 0.090744 103.767326 0.030436 4.626799 -0.078907 
843 2.284709 0.000000 0.068058 145.353726 0.192960 41.074538 -1.281486 
844 2.284709 0.000000 0.045372 147.984219 0.217790 14.243714 -1.210226 
845 2.309132 0.000000 0.068058 115.760299 0.183344 16.387002 -0.366901 
846 2.284709 0.000000 0.090744 89.906772 0.137971 28.691970 0.109352 
847 2.248074 0.000000 0.079401 77.436132 -0.025498 -12.771490 0.384053 
848 2.248074 0.000000 0.068058 76.931929 -0.027443 -12.688741 0.392047 
849 2.260285 0.000000 0.079401 75.259746 -0.046517 -12.412372 0.418190 
850 2.248074 0.000000 0.090744 77.692004 -0.026156 -12.813296 0.379977 
851 -8.241827 0.000000 -8.711388 99.755921 0.000238 6.975542 0.000010 
852 -11.368037 0.000000 -8.711388 99.756134 0.000155 6.975632 0.000005 
853 -8.241827 0.000000 -11.615184 99.755978 0.000269 6.975490 0.000009 
854 10.515434 0.000000 -8.711388 99.756165 0.002246 6.970520 0.000012 
855 10.515434 0.000000 -11.615184 99.756095 0.001604 6.972788 0.000010 
856 13.641644 0.000000 -8.711388 99.756410 0.002335 6.970635 0.000007 
857 -8.241827 0.000000 8.711388 99.756939 -0.000291 6.975567 -0.000011 
858 -11.368037 0.000000 8.711388 99.756705 -0.000198 6.975644 -0.000006 
859 -8.241827 0.000000 11.615184 99.756890 -0.000319 6.975499 -0.000009 
860 -3.552511 0.000000 -4.355694 99.754361 0.000406 6.975158 0.000041 
861 -5.115617 0.000000 -4.355694 99.755258 0.000270 6.975561 0.000023 
862 -3.552511 0.000000 -5.807592 99.754659 0.000467 6.974923 0.000036 
863 10.515434 0.000000 8.711388 99.757361 -0.002760 6.968790 -0.000010 
864 13.641644 0.000000 8.711388 99.757172 -0.002982 6.968317 -0.000005 
865 10.515434 0.000000 11.615184 99.757098 -0.001915 6.972028 -0.000009 
866 5.826119 0.000000 -4.355694 99.755136 0.004334 6.954889 0.000054 
867 5.826119 0.000000 -5.807592 99.755074 0.003048 6.964240 0.000042 
868 7.389224 0.000000 -4.355694 99.756320 0.004546 6.955396 0.000030 
869 -3.552511 0.000000 4.355694 99.758478 -0.000494 6.975450 -0.000041 
870 -5.115617 0.000000 4.355694 99.757547 -0.000343 6.975704 -0.000023 
871 -3.552511 0.000000 5.807592 99.758307 -0.000555 6.975104 -0.000037 
872 -1.207854 0.000000 -2.177847 99.749594 0.007689 6.968736 0.000146 
873 -1.989406 0.000000 -2.177847 99.750545 0.006656 6.975275 0.000117 
874 -1.207854 0.000000 -2.903796 99.753501 0.003259 6.966819 0.000070 
875 5.826119 0.000000 4.355694 99.760312 -0.005392 6.948497 -0.000040 
876 7.389224 0.000000 4.355694 99.759417 -0.005873 6.946791 -0.000020 
877 5.826119 0.000000 5.807592 99.759166 -0.003686 6.961353 -0.000035 
878 3.481461 0.000000 -2.177847 99.746984 0.009870 6.890614 0.000306 
879 3.481461 0.000000 -2.903796 99.752185 0.005613 6.932631 0.000144 
880 4.263014 0.000000 -2.177847 99.755117 0.008611 6.895238 0.000137 
881 -1.207854 0.000000 2.177847 99.770910 -0.000348 6.981589 -0.000298 
882 -1.989406 0.000000 2.177847 99.762209 0.002583 6.978772 -0.000120 
883 -1.207854 0.000000 2.903796 99.766794 0.003025 6.977794 -0.000210 
884 -0.817078 0.000000 -1.088924 99.730444 0.000522 6.972854 0.000522 
885 -1.207854 0.000000 -1.088924 99.740402 -0.000221 6.982046 0.000310 
886 -0.817078 0.000000 -1.451898 99.742310 0.006707 6.961672 0.000301 
887 3.481461 0.000000 2.177847 99.768492 -0.015540 6.869724 -0.000095 
888 4.263014 0.000000 2.177847 99.766043 -0.011439 6.863928 -0.000038 
889 3.481461 0.000000 2.903796 99.765233 -0.006906 6.919699 -0.000098 
890 -0.230913 0.000000 -0.544462 99.561725 0.026360 7.028532 0.003806 
891 -0.426301 0.000000 -0.544462 99.677005 0.015778 7.032637 0.001504 
892 -0.230913 0.000000 -0.725949 99.606752 0.012196 6.968974 0.002993 
893 0.941416 0.000000 -0.544462 99.537662 0.028023 6.571893 0.004906 
894 0.941416 0.000000 -0.725949 99.603880 0.029918 6.717603 0.003394 
895 -0.817078 0.000000 1.088924 99.763340 -0.001236 6.979509 -0.000144 
896 -1.207854 0.000000 1.088924 99.761506 -0.009399 6.976929 -0.000104 
897 -0.817078 0.000000 1.451898 99.771580 -0.006456 6.984057 -0.000315 
898 -0.230913 0.000000 0.544462 99.746498 -0.000131 6.925507 0.000267 
899 -0.426301 0.000000 0.544462 99.789991 -0.009616 6.958127 -0.000646 
900 -0.230913 0.000000 0.725949 99.765224 -0.027815 6.974496 -0.000174 
901 -0.133219 0.000000 -0.272231 99.480252 -0.001779 7.613241 0.004572 
902 -0.230913 0.000000 -0.272231 99.720912 0.134232 7.484833 -0.000030 
903 -0.133219 0.000000 -0.362975 99.276373 0.065779 7.252147 0.009160 
904 0.941416 0.000000 0.544462 100.068728 -0.013073 6.541683 -0.005654 
905 0.941416 0.000000 0.725949 99.942779 -0.013012 6.704511 -0.003351 
906 -0.133219 0.000000 0.272231 99.948348 -0.140657 6.353498 -0.003006 
907 -0.230913 0.000000 0.272231 99.981701 0.069538 6.558463 -0.003936 
908 -0.133219 0.000000 0.362975 99.655248 -0.055086 6.678430 0.002423 
909 0.037745 0.000000 -0.113430 86.245382 0.050167 3.637429 0.254850 
910 0.013322 0.000000 -0.113430 85.371419 0.018096 10.834887 0.259433 
911 0.037745 0.000000 -0.136115 90.983223 0.074698 5.201908 0.169499 
912 0.648333 0.000000 -0.272231 101.099763 -0.006464 1.878142 -0.022469 
913 0.648333 0.000000 -0.362975 99.635837 0.037212 6.453853 0.003105 
914 0.746027 0.000000 -0.272231 101.910716 0.023664 2.794221 -0.039360 
915 0.648333 0.000000 0.272231 101.393235 -0.021298 1.879409 -0.028412 
916 0.746027 0.000000 0.272231 102.410094 0.002196 2.792755 -0.049563 
917 0.648333 0.000000 0.362975 100.041729 -0.051037 6.226920 -0.004712 
918 0.037745 0.000000 0.113430 90.237698 -0.100521 6.848484 0.181025 
919 0.013322 0.000000 0.113430 89.436507 -0.122103 1.177651 0.199971 
920 0.037745 0.000000 0.136115 94.012161 -0.084527 6.442158 0.112021 
921 0.098804 0.000000 -0.079401 89.858228 -0.045786 -14.743962 0.170811 
922 0.098804 0.000000 -0.090744 90.002600 -0.002890 -14.927467 0.167670 
923 0.098804 0.000000 -0.068058 89.849365 -0.048614 -14.722988 0.171032 
924 0.098804 0.000000 0.079401 94.650906 -0.049378 15.995219 0.078536 
925 0.098804 0.000000 0.068058 94.646111 -0.048545 15.998919 0.078615 
926 0.098804 0.000000 0.090744 94.713975 -0.062802 15.968882 0.077425 
927 0.233134 0.000000 -0.068058 89.599542 0.009909 -6.729300 0.192664 
928 0.233134 0.000000 -0.045372 91.127350 -0.026755 -4.955864 0.167124 
929 0.184287 0.000000 -0.113430 98.355569 -0.212397 -7.198955 0.027431 
930 0.184287 0.000000 -0.136115 98.117339 -0.169178 -3.762840 0.035880 
931 0.233134 0.000000 0.068058 89.632867 -0.049410 6.807702 0.191960 
932 0.233134 0.000000 0.045372 91.130496 -0.050074 5.099027 0.166923 
933 0.184287 0.000000 0.113430 101.105160 -0.334230 12.648896 -0.038236 
934 0.184287 0.000000 0.136115 100.437321 -0.283666 11.749117 -0.022578 
935 0.501792 0.000000 -0.045372 100.220288 -0.003470 5.046978 -0.006958 
936 0.550639 0.000000 -0.045372 101.225354 -0.006628 6.389451 -0.028740 
937 0.501792 0.000000 0.000000 101.252669 -0.008003 6.615263 -0.029586 
938 0.501792 0.000000 0.045372 100.349266 -0.016800 5.045101 -0.009543 
939 0.550639 0.000000 0.045372 101.279398 -0.009949 6.391353 -0.029837 
940 0.428522 0.000000 -0.068058 98.958710 0.001682 2.137238 0.020261 
941 0.452945 0.000000 -0.068058 99.099464 0.002994 3.663526 0.016587 
942 0.428522 0.000000 -0.045372 99.116340 -0.000373 1.381696 0.017404 
943 0.367463 0.000000 -0.102087 104.527483 0.088133 -3.125071 -0.093577 
944 0.367463 0.000000 -0.113430 104.608586 0.081689 -2.623974 -0.094985 
945 0.367463 0.000000 -0.090744 104.835473 0.085898 -2.869710 -0.099872 
946 0.428522 0.000000 0.068058 99.280314 -0.029930 2.132210 0.013887 
947 0.428522 0.000000 0.045372 99.434006 -0.029800 1.378277 0.011098 
948 0.452945 0.000000 0.068058 99.408168 -0.027536 3.662767 0.010460 
949 0.367463 0.000000 0.102087 105.751724 0.014546 3.423369 -0.119515 
950 0.367463 0.000000 0.090744 106.054025 0.013647 3.162902 -0.125746 
951 0.367463 0.000000 0.113430 105.729438 0.017242 2.911028 -0.118719 
952 1.722968 0.000000 -0.544462 99.507088 -0.007879 6.094503 0.006120 
953 1.722968 0.000000 -0.725949 99.562666 0.003319 6.436203 0.004585 
954 1.722968 0.000000 0.544462 100.126722 -0.010729 5.956169 -0.006084 
955 1.722968 0.000000 0.725949 99.925267 -0.032134 6.356813 -0.002547 
956 1.429886 0.000000 -0.272231 101.561249 -0.019927 1.360561 -0.031654 
957 1.429886 0.000000 -0.362975 99.655381 0.016585 5.644085 0.003695 
958 1.527580 0.000000 -0.272231 101.619917 -0.007714 1.417325 -0.032862 
959 1.429886 0.000000 0.272231 101.197673 0.025345 1.297250 -0.024265 
960 1.527580 0.000000 0.272231 101.890891 0.139622 1.421175 -0.038379 
961 1.429886 0.000000 0.362975 99.986624 -0.000028 5.290388 -0.002531 
962 3.090685 0.000000 -1.088924 99.748502 0.015650 6.646028 0.000607 
963 3.090685 0.000000 -1.451898 99.745666 0.011199 6.792104 0.000467 
964 3.481461 0.000000 -1.088924 99.762552 0.017641 6.657152 0.000312 
965 2.504521 0.000000 -0.544462 99.691815 0.028281 5.650179 0.002962 
966 2.504521 0.000000 -0.725949 99.673120 0.033218 6.217636 0.002661 
967 2.699909 0.000000 -0.544462 99.746801 0.028281 5.656458 0.001858 
968 3.090685 0.000000 1.088924 99.786066 -0.022314 6.521152 0.000022 
969 3.481461 0.000000 1.088924 99.790036 -0.025968 6.495753 -0.000025 
970 3.090685 0.000000 1.451898 99.777565 -0.015797 6.730250 -0.000086 
971 2.504521 0.000000 0.544462 99.791144 -0.056003 5.178377 0.001491 
972 2.699909 0.000000 0.544462 99.839522 -0.058470 5.115369 0.000590 
973 2.504521 0.000000 0.725949 99.785679 -0.036486 5.969708 0.000718 
974 2.406827 0.000000 -0.272231 99.680811 0.031708 2.922683 0.005519 
975 2.406827 0.000000 -0.362975 99.524759 0.062068 4.131306 0.007775 
976 2.504521 0.000000 -0.272231 99.832006 0.048780 3.036060 0.002435 
977 2.406827 0.000000 0.272231 99.735021 -0.091184 2.559788 0.004636 
978 2.504521 0.000000 0.272231 99.945991 -0.082804 2.406778 0.000500 
979 2.406827 0.000000 0.362975 99.616550 -0.062568 3.628524 0.006337 
980 2.357979 0.000000 -0.136115 100.674535 0.013614 -0.813026 -0.013602 
981 2.357979 0.000000 -0.181487 99.593951 0.024758 0.761466 0.008046 
982 2.406827 0.000000 -0.136115 100.784749 0.031841 0.420723 -0.015774 
983 2.284709 0.000000 -0.113430 92.568597 0.199916 -7.130137 0.138018 
984 2.284709 0.000000 -0.136115 95.070190 0.142786 -1.921135 0.095795 
985 2.309132 0.000000 -0.113430 99.572687 0.149610 -6.182273 0.004704 
986 2.357979 0.000000 0.136115 100.564682 -0.123450 3.702847 -0.012698 
987 2.406827 0.000000 0.136115 100.781095 -0.117672 2.398351 -0.016259 
988 2.357979 0.000000 0.181487 99.485264 -0.113440 2.776707 0.009496 
989 2.284709 0.000000 0.113430 91.503335 0.103558 9.951455 0.152810 
990 2.309132 0.000000 0.113430 99.114846 0.086909 9.064485 0.009407 
991 2.284709 0.000000 0.136115 94.354651 0.046854 4.788520 0.107427 
1 11 62 60 61 
2 62 10 24 60 
3 60 24 14 63 
4 61 60 63 6 
5 24 66 64 65 
6 66 23 40 64 
7 64 40 27 67 
8 65 64 67 14 
9 40 70 68 69 
10 69 68 71 27 
11 6 63 92 93 
12 63 14 36 92 
13 92 36 19 94 
14 93 92 94 20 
15 14 67 95 96 
16 67 27 52 95 
17 95 52 35 97 
18 96 95 97 36 
19 27 71 98 99 
20 99 98 100 52 
21 68 112 110 111 
22 112 56 80 110 
23 110 80 43 113 
24 111 110 113 71 
25 80 116 114 115 
26 115 114 117 43 
27 71 113 133 134 
28 113 43 102 133 
29 133 102 76 135 
30 134 133 135 98 
31 43 117 136 137 
32 137 136 138 102 
33 114 141 139 140 
34 141 106 129 139 
35 139 129 83 142 
36 140 139 142 117 
37 129 149 147 148 
38 147 150 132 151 
39 148 147 151 83 
40 117 142 152 153 
41 142 83 144 152 
42 152 144 125 154 
43 153 152 154 136 
44 83 151 155 156 
45 151 132 157 155 
46 156 155 158 144 
47 12 161 159 160 
48 161 7 162 159 
49 159 162 13 25 
50 160 159 25 10 
51 25 165 163 164 
52 165 13 166 163 
53 163 166 26 41 
54 164 163 41 23 
55 41 169 167 168 
56 169 26 170 167 
57 167 170 42 57 
58 168 167 57 39 
59 39 173 171 172 
60 173 57 174 171 
61 171 174 55 81 
62 172 171 81 56 
63 81 177 175 176 
64 177 55 178 175 
65 175 178 82 107 
66 176 175 107 79 
67 79 181 179 180 
68 181 107 182 179 
69 179 182 105 130 
70 180 179 130 106 
71 106 185 183 184 
72 185 130 186 183 
73 184 183 149 129 
74 195 197 109 198 
75 150 195 198 132 
76 149 201 199 200 
77 201 128 202 199 
78 199 202 150 203 
79 200 199 203 147 
80 132 198 210 157 
81 198 109 211 210 
82 19 38 213 214 
83 38 21 215 213 
84 213 215 9 216 
85 214 213 216 22 
86 35 54 217 218 
87 54 37 219 217 
88 217 219 21 220 
89 218 217 220 38 
90 51 78 221 222 
91 78 53 223 221 
92 221 223 37 224 
93 222 221 224 54 
94 76 104 225 226 
95 104 75 227 225 
96 225 227 78 228 
97 226 225 228 51 
98 101 127 229 230 
99 127 103 231 229 
100 229 231 75 232 
101 230 229 232 104 
102 125 146 233 234 
103 146 124 235 233 
104 233 235 127 236 
105 234 233 236 101 
106 144 158 237 238 
107 237 239 146 240 
108 238 237 240 125 
109 155 243 241 242 
110 243 157 244 241 
111 241 244 143 245 
112 242 241 245 158 
113 130 247 246 186 
114 247 105 248 246 
115 249 251 195 252 
116 202 249 252 150 
117 186 255 253 254 
118 255 246 256 253 
119 253 256 196 250 
120 254 253 250 128 
121 128 259 257 258 
122 259 250 260 257 
123 257 260 249 261 
124 258 257 261 202 
125 262 263 124 264 
126 239 262 264 146 
127 157 266 265 244 
128 266 210 267 265 
129 143 268 269 270 
130 268 212 271 269 
131 269 271 262 272 
132 270 269 272 239 
133 244 275 273 274 
134 275 265 276 273 
135 273 276 268 277 
136 274 273 277 143 
137 278 280 194 281 
138 197 278 281 109 
139 283 131 284 282 
140 282 284 197 285 
141 251 282 285 195 
142 107 287 286 182 
143 287 82 288 286 
144 286 288 108 192 
145 182 286 192 105 
146 105 290 289 248 
147 290 192 291 289 
148 246 293 292 256 
149 293 248 294 292 
150 292 294 131 283 
151 256 292 283 196 
152 196 297 295 296 
153 297 283 298 295 
154 295 298 282 299 
155 296 295 299 251 
156 109 281 300 211 
157 281 194 301 300 
158 210 304 303 267 
159 304 211 305 303 
160 303 305 145 306 
161 124 209 307 235 
162 209 126 308 307 
163 307 308 103 309 
164 235 307 309 127 
165 310 311 209 312 
166 263 310 312 124 
167 212 306 313 271 
168 306 145 314 313 
169 313 314 263 315 
170 271 313 315 262 
171 267 318 316 317 
172 318 303 319 316 
173 316 319 306 320 
174 317 316 320 212 
175 131 322 321 284 
176 322 279 323 321 
177 321 323 278 324 
178 284 321 324 197 
179 211 326 325 305 
180 326 300 327 325 
181 325 327 302 328 
182 305 325 328 145 
183 192 334 333 291 
184 334 108 335 333 
185 289 339 337 338 
186 339 291 340 337 
187 337 340 191 341 
188 338 337 341 279 
189 345 347 126 348 
190 311 345 348 209 
191 302 351 349 350 
192 351 207 352 349 
193 349 352 311 353 
194 350 349 353 310 
195 354 355 59 356 
196 280 354 356 194 
197 291 358 357 340 
198 358 333 359 357 
199 357 359 336 360 
200 191 360 361 362 
201 360 336 363 361 
202 361 363 354 364 
203 362 361 364 280 
204 340 367 365 366 
205 367 357 368 365 
206 365 368 360 369 
207 366 365 369 191 
208 194 356 370 301 
209 356 59 371 370 
210 373 346 374 372 
211 372 374 345 375 
212 352 372 375 311 
213 301 378 376 377 
214 378 370 379 376 
215 376 379 346 373 
216 377 376 373 207 
217 207 382 380 381 
218 382 373 383 380 
219 380 383 372 384 
220 381 380 384 352 
221 57 386 385 174 
222 386 42 387 385 
223 385 387 58 89 
224 174 385 89 55 
225 55 389 388 178 
226 389 89 390 388 
227 388 390 88 188 
228 178 388 188 82 
229 82 392 391 288 
230 392 188 393 391 
231 391 393 187 330 
232 288 391 330 108 
233 108 395 394 335 
234 395 330 396 394 
235 333 399 398 359 
236 399 335 400 398 
237 359 398 401 336 
238 75 123 402 227 
239 123 77 403 402 
240 402 403 53 404 
241 227 402 404 78 
242 103 206 405 231 
243 206 121 406 405 
244 405 406 123 407 
245 231 405 407 75 
246 126 344 408 308 
247 344 204 409 408 
248 408 409 206 410 
249 308 408 410 103 
250 411 413 344 414 
251 347 411 414 126 
252 346 416 415 374 
253 415 417 347 418 
254 374 415 418 345 
255 419 420 332 421 
256 355 419 421 59 
257 335 423 422 400 
258 423 394 424 422 
259 336 401 426 363 
260 401 193 427 426 
261 426 427 355 428 
262 363 426 428 354 
263 398 431 429 430 
264 431 400 432 429 
265 429 432 193 433 
266 430 429 433 401 
267 59 421 434 371 
268 421 332 435 434 
269 370 437 436 379 
270 437 371 438 436 
271 436 438 208 416 
272 379 436 416 346 
273 439 441 411 442 
274 417 439 442 347 
275 416 445 443 444 
276 445 208 446 443 
277 443 446 417 447 
278 444 443 447 415 
279 88 453 452 189 
280 453 90 454 452 
281 452 454 5 455 
282 189 452 455 91 
283 187 457 456 331 
284 457 189 458 456 
285 456 458 91 459 
286 331 456 459 190 
287 330 461 460 396 
288 461 187 462 460 
289 460 462 331 463 
290 396 460 463 329 
291 394 465 464 424 
292 465 396 466 464 
293 464 466 329 467 
294 424 464 467 397 
295 193 425 468 427 
296 425 397 469 468 
297 468 469 419 470 
298 427 468 470 355 
299 422 473 471 472 
300 473 424 474 471 
301 471 474 397 475 
302 472 471 475 425 
303 371 477 476 438 
304 477 434 478 476 
305 476 478 412 440 
306 438 476 440 208 
307 91 455 482 205 
308 455 5 483 482 
309 482 483 122 484 
310 205 482 484 121 
311 190 459 485 343 
312 459 91 486 485 
313 485 486 205 487 
314 343 485 487 204 
315 342 489 488 413 
316 489 343 490 488 
317 488 490 204 491 
318 413 488 491 344 
319 412 493 492 441 
320 493 342 494 492 
321 492 494 413 495 
322 441 492 495 411 
323 440 498 496 497 
324 498 412 499 496 
325 496 499 441 500 
326 497 496 500 439 
327 454 510 508 509 
328 508 511 504 512 
329 509 508 512 5 
330 5 512 513 514 
331 512 504 515 513 
332 514 513 516 483 
333 7 518 517 162 
334 518 16 519 517 
335 517 519 15 32 
336 162 517 32 13 
337 13 521 520 166 
338 521 32 522 520 
339 520 522 31 48 
340 166 520 48 26 
341 26 524 523 170 
342 524 48 525 523 
343 523 525 47 85 
344 170 523 85 42 
345 42 527 526 387 
346 527 85 528 526 
347 526 528 84 449 
348 387 526 449 58 
349 58 531 529 530 
350 531 449 532 529 
351 529 532 448 502 
352 530 529 502 90 
353 90 535 533 534 
354 535 502 536 533 
355 533 536 501 510 
356 534 533 510 454 
357 15 538 537 33 
358 538 17 539 537 
359 537 539 8 540 
360 33 537 540 18 
361 31 542 541 49 
362 542 33 543 541 
363 541 543 18 544 
364 49 541 544 34 
365 546 49 547 545 
366 545 547 34 548 
367 448 554 553 503 
368 554 450 555 553 
369 553 555 87 556 
370 503 553 556 451 
371 501 558 557 511 
372 558 503 559 557 
373 557 559 451 560 
374 511 557 560 504 
375 510 563 561 562 
376 563 501 564 561 
377 561 564 511 565 
378 562 561 565 508 
379 18 540 566 45 
380 540 8 567 566 
381 566 567 29 568 
382 45 566 568 28 
383 34 544 569 73 
384 544 18 570 569 
385 569 570 45 571 
386 73 569 571 44 
387 548 34 573 572 
388 572 573 73 574 
389 451 556 578 506 
390 556 87 579 578 
391 578 579 480 580 
392 506 578 580 479 
393 504 560 581 515 
394 560 451 582 581 
395 581 582 506 583 
396 515 581 583 505 
397 21 46 584 215 
398 46 28 585 584 
399 584 585 30 586 
400 215 584 586 9 
401 37 74 587 219 
402 74 44 588 587 
403 587 588 46 589 
404 219 587 589 21 
405 53 120 590 223 
406 120 72 591 590 
407 590 591 74 592 
408 223 590 592 37 
409 77 481 593 403 
410 481 118 594 593 
411 593 594 120 595 
412 403 593 595 53 
413 122 507 596 597 
414 507 479 598 596 
415 596 598 481 599 
416 597 596 599 77 
417 483 516 600 601 
418 516 505 602 600 
419 600 602 507 603 
420 601 600 603 122 
421 513 606 604 605 
422 606 515 607 604 
423 604 607 505 608 
424 605 604 608 516 
425 555 618 616 617 
426 617 616 620 87 
427 87 620 621 622 
428 622 621 624 579 
429 85 626 625 528 
430 626 47 627 625 
431 625 627 86 550 
432 528 625 550 84 
433 84 630 628 629 
434 630 550 631 628 
435 628 631 549 610 
436 629 628 610 450 
437 450 634 632 633 
438 634 610 635 632 
439 632 635 609 618 
440 633 632 618 555 
441 86 637 636 551 
442 637 545 638 636 
443 636 638 548 639 
444 551 636 639 50 
445 641 551 642 640 
446 640 642 50 643 
447 618 650 648 649 
448 650 609 651 648 
449 649 648 652 616 
450 50 639 653 576 
451 639 548 654 653 
452 653 654 572 655 
453 576 653 655 119 
454 643 50 657 656 
455 656 657 576 658 
456 118 577 662 594 
457 577 119 663 662 
458 662 663 72 664 
459 594 662 664 120 
460 480 615 665 666 
461 615 575 667 665 
462 665 667 577 668 
463 666 665 668 118 
464 579 624 669 670 
465 624 613 671 669 
466 669 671 615 672 
467 670 669 672 480 
468 621 675 673 674 
469 673 676 613 677 
470 674 673 677 624 
471 610 679 678 635 
472 679 549 680 678 
473 678 680 611 645 
474 635 678 645 609 
475 609 682 681 651 
476 682 645 683 681 
477 616 652 685 686 
478 685 687 612 688 
479 686 685 688 620 
480 648 691 689 690 
481 691 651 692 689 
482 690 689 693 652 
483 620 688 694 695 
484 688 612 696 694 
485 695 694 675 621 
486 613 661 697 671 
487 661 614 698 697 
488 697 698 575 699 
489 671 697 699 615 
490 700 702 661 703 
491 676 700 703 613 
492 675 706 704 705 
493 704 707 676 708 
494 705 704 708 673 
495 709 710 647 711 
496 687 709 711 612 
497 651 713 712 692 
498 713 681 714 712 
499 652 693 716 717 
500 693 619 718 716 
501 716 718 687 719 
502 717 716 719 685 
503 689 722 720 721 
504 722 692 723 720 
505 720 723 619 724 
506 721 720 724 693 
507 612 711 725 696 
508 711 647 726 725 
509 694 729 727 728 
510 729 696 730 727 
511 727 730 623 706 
512 728 727 706 675 
513 731 733 700 734 
514 707 731 734 676 
515 706 737 735 736 
516 737 623 738 735 
517 735 738 707 739 
518 736 735 739 704 
519 619 715 740 718 
520 715 684 741 740 
521 740 741 709 742 
522 718 740 742 687 
523 692 744 743 723 
524 744 712 745 743 
525 743 745 715 746 
526 723 743 746 619 
527 696 748 747 730 
528 748 725 749 747 
529 747 749 701 732 
530 730 747 732 623 
531 623 751 750 738 
532 751 732 752 750 
533 750 752 731 753 
534 738 750 753 707 
535 755 640 756 754 
536 754 756 643 757 
537 645 759 758 683 
538 759 611 760 758 
539 681 763 762 714 
540 763 683 764 762 
541 762 764 644 765 
542 712 767 766 745 
543 767 714 768 766 
544 766 768 684 769 
545 745 766 769 715 
546 757 643 771 770 
547 770 771 656 772 
548 773 775 614 776 
549 702 773 776 661 
550 778 659 779 777 
551 777 779 702 780 
552 733 777 780 700 
553 732 782 781 752 
554 782 701 783 781 
555 781 783 733 784 
556 752 781 784 731 
557 785 786 552 787 
558 710 785 787 647 
559 684 765 788 741 
560 765 644 789 788 
561 788 789 710 790 
562 741 788 790 709 
563 714 792 791 768 
564 792 762 793 791 
565 791 793 765 794 
566 768 791 794 684 
567 647 787 795 726 
568 787 552 796 795 
569 725 798 797 749 
570 798 726 799 797 
571 797 799 659 778 
572 749 797 778 701 
573 701 801 800 783 
574 801 778 802 800 
575 800 802 777 803 
576 783 800 803 733 
577 804 806 785 807 
578 789 804 807 710 
579 683 809 808 764 
580 809 758 810 808 
581 808 810 761 805 
582 764 808 805 644 
583 644 813 811 812 
584 813 805 814 811 
585 811 814 804 815 
586 812 811 815 789 
587 726 817 816 799 
588 817 795 818 816 
589 659 819 820 779 
590 819 774 821 820 
591 820 821 773 822 
592 779 820 822 702 
593 799 825 823 824 
594 825 816 826 823 
595 823 826 819 827 
596 824 823 827 659 
597 646 829 828 786 
598 829 754 830 828 
599 828 830 757 831 
600 786 828 831 552 
601 761 833 832 806 
602 833 646 834 832 
603 832 834 786 835 
604 806 832 835 785 
605 805 837 836 814 
606 837 761 838 836 
607 836 838 806 839 
608 814 836 839 804 
609 552 831 840 796 
610 831 757 841 840 
611 840 841 770 842 
612 796 840 842 660 
613 795 844 843 818 
614 844 796 845 843 
615 843 845 660 846 
616 818 843 846 774 
617 816 848 847 826 
618 848 818 849 847 
619 847 849 774 850 
620 826 847 850 819 
621 1 853 851 852 
622 853 12 160 851 
623 851 160 10 62 
624 852 851 62 11 
625 16 855 854 519 
626 855 2 856 854 
627 854 856 17 538 
628 519 854 538 15 
629 20 94 857 858 
630 94 19 214 857 
631 857 214 22 859 
632 858 857 859 4 
633 10 862 860 861 
634 862 25 164 860 
635 860 164 23 66 
636 861 860 66 24 
637 28 568 863 585 
638 568 29 864 863 
639 863 864 3 865 
640 585 863 865 30 
641 32 867 866 522 
642 867 15 868 866 
643 866 868 33 542 
644 522 866 542 31 
645 36 97 869 870 
646 97 35 218 869 
647 869 218 38 871 
648 870 869 871 19 
649 23 874 872 873 
650 874 41 168 872 
651 872 168 39 70 
652 873 872 70 40 
653 44 571 875 588 
654 571 45 876 875 
655 875 876 28 877 
656 588 875 877 46 
657 48 879 878 525 
658 879 31 880 878 
659 878 880 49 546 
660 525 878 546 47 
661 52 100 881 882 
662 100 51 222 881 
663 881 222 54 883 
664 882 881 883 35 
665 70 886 884 885 
666 886 39 172 884 
667 884 172 56 112 
668 885 884 112 68 
669 72 574 887 591 
670 574 73 888 887 
671 887 888 44 889 
672 591 887 889 74 
673 56 892 890 891 
674 892 81 176 890 
675 890 176 79 116 
676 891 890 116 80 
677 89 894 893 390 
678 894 58 530 893 
679 893 530 90 453 
680 390 893 453 88 
681 98 135 895 896 
682 135 76 226 895 
683 895 226 51 897 
684 896 895 897 100 
685 102 138 898 899 
686 138 101 230 898 
687 898 230 104 900 
688 899 898 900 76 
689 116 903 901 902 
690 903 79 180 901 
691 901 180 106 141 
692 902 901 141 114 
693 121 484 904 406 
694 484 122 597 904 
695 904 597 77 905 
696 406 904 905 123 
697 136 154 906 907 
698 154 125 234 906 
699 906 234 101 908 
700 907 906 908 138 
701 183 911 909 910 
702 911 186 254 909 
703 909 254 128 201 
704 910 909 201 149 
705 188 913 912 393 
706 913 88 914 912 
707 912 914 189 457 
708 393 912 457 187 
709 204 487 915 409 
710 487 205 916 915 
711 915 916 121 917 
712 409 915 917 206 
713 158 245 918 919 
714 245 143 270 918 
715 918 270 239 920 
716 919 918 920 237 
717 250 922 921 260 
718 922 196 296 921 
719 921 296 251 923 
720 260 921 923 249 
721 265 925 924 276 
722 925 267 317 924 
723 924 317 212 926 
724 276 924 926 268 
725 279 341 927 323 
726 341 191 362 927 
727 927 362 280 928 
728 323 927 928 278 
729 248 930 929 294 
730 930 289 338 929 
731 929 338 279 322 
732 294 929 322 131 
733 300 932 931 327 
734 932 301 377 931 
735 931 377 207 351 
736 327 931 351 302 
737 145 328 933 314 
738 328 302 350 933 
739 933 350 310 934 
740 314 933 934 263 
741 329 463 935 420 
742 463 331 936 935 
743 935 936 190 937 
744 420 935 937 332 
745 332 937 938 435 
746 937 190 939 938 
747 938 939 343 489 
748 435 938 489 342 
749 397 467 940 469 
750 467 329 941 940 
751 940 941 420 942 
752 469 940 942 419 
753 400 944 943 432 
754 944 422 472 943 
755 943 472 425 945 
756 432 943 945 193 
757 434 947 946 478 
758 947 435 948 946 
759 946 948 342 493 
760 478 946 493 412 
761 208 950 949 446 
762 950 440 497 949 
763 949 497 439 951 
764 446 949 951 417 
765 449 953 952 532 
766 953 84 629 952 
767 952 629 450 554 
768 532 952 554 448 
769 479 580 954 598 
770 580 480 666 954 
771 954 666 118 955 
772 598 954 955 481 
773 502 957 956 536 
774 957 448 958 956 
775 956 958 503 558 
776 536 956 558 501 
777 505 583 959 602 
778 583 506 960 959 
779 959 960 479 961 
780 602 959 961 507 
781 47 963 962 627 
782 963 546 964 962 
783 962 964 545 637 
784 627 962 637 86 
785 550 966 965 631 
786 966 86 967 965 
787 965 967 551 641 
788 631 965 641 549 
789 119 655 968 663 
790 655 572 969 968 
791 968 969 574 970 
792 663 968 970 72 
793 575 658 971 667 
794 658 576 972 971 
795 971 972 119 973 
796 667 971 973 577 
797 549 975 974 680 
798 975 641 976 974 
799 974 976 640 755 
800 680 974 755 611 
801 614 772 977 698 
802 772 656 978 977 
803 977 978 658 979 
804 698 977 979 575 
805 611 981 980 760 
806 981 755 982 980 
807 980 982 754 829 
808 760 980 829 646 
809 758 984 983 810 
810 984 760 985 983 
811 983 985 646 833 
812 810 983 833 761 
813 660 842 986 775 
814 842 770 987 986 
815 986 987 772 988 
816 775 986 988 614 
817 774 846 989 821 
818 846 660 990 989 
819 989 990 775 991 
820 821 989 991 773 
