2 0.000000 100.000000 262.180540
991 820 
1 -11.368037 0.000000 -11.611899 99.756149 -0.002045 6.975598 0.000005 
2 13.641644 0.000000 -11.611899 99.756281 -0.019076 6.972985 0.000006 
3 13.641644 0.000000 11.611899 99.756906 0.022937 6.972063 -0.000005 
4 -11.368037 0.000000 11.611899 99.756692 0.002510 6.975606 -0.000006 
5 1.136804 0.000000 0.000000 101.526923 0.003738 6.261566 -0.034692 
6 -11.368037 0.000000 0.000000 99.756403 0.000257 6.975774 -0.000000 
7 1.136804 0.000000 -11.611899 99.755427 -0.009696 6.974204 0.000022 
8 13.641644 0.000000 0.000000 99.802149 -0.348112 6.320301 -0.000054 
9 1.136804 0.000000 11.611899 99.757651 0.010983 6.974043 -0.000023 
10 -5.115617 0.000000 -5.805950 99.755343 -0.003535 6.975418 0.000021 
11 -11.368037 0.000000 -5.805950 99.756182 -0.001183 6.975693 0.000004 
12 -5.115617 0.000000 -11.611899 99.755780 -0.004379 6.975289 0.000013 
13 1.136804 0.000000 -5.805950 99.752453 -0.016466 6.969933 0.000087 
14 -5.115617 0.000000 0.000000 99.756269 0.000466 6.976209 0.000002 
15 7.389224 0.000000 -5.805950 99.755849 -0.037175 6.964958 0.000026 
16 7.389224 0.000000 -11.611899 99.755858 -0.016031 6.973158 0.000014 
17 13.641644 0.000000 -5.805950 99.756780 -0.039780 6.965974 0.000006 
18 7.389224 0.000000 0.000000 99.940272 -0.725510 4.339137 -0.000741 
19 -5.115617 0.000000 5.805950 99.757522 0.004391 6.975534 -0.000022 
20 -11.368037 0.000000 5.805950 99.756641 0.001682 6.975708 -0.000005 
21 1.136804 0.000000 5.805950 99.761675 0.018431 6.969357 -0.000096 
22 -5.115617 0.000000 11.611899 99.757130 0.005096 6.975294 -0.000014 
23 -1.989406 0.000000 -2.902975 99.751426 -0.005734 6.974606 0.000101 
24 -5.115617 0.000000 -2.902975 99.755397 -0.001964 6.975815 0.000020 
25 -1.989406 0.000000 -5.805950 99.753900 -0.007355 6.974102 0.000052 
26 1.136804 0.000000 -2.902975 99.744604 -0.027142 6.952486 0.000268 
27 -1.989406 0.000000 0.000000 99.754206 0.001185 6.978568 0.000040 
28 7.389224 0.000000 5.805950 99.758387 0.044350 6.961453 -0.000020 
29 13.641644 0.000000 5.805950 99.757773 0.053789 6.958647 -0.000004 
30 7.389224 0.000000 11.611899 99.757281 0.018412 6.972644 -0.000013 
31 4.263014 0.000000 -2.902975 99.753915 -0.071404 6.934139 0.000107 
32 4.263014 0.000000 -5.805950 99.754170 -0.029517 6.965810 0.000058 
33 7.389224 0.000000 -2.902975 99.757806 -0.079623 6.936226 0.000026 
34 4.263014 0.000000 0.000000 100.016305 -0.587447 3.174461 -0.001368 
35 -1.989406 0.000000 2.902975 99.760956 0.007306 6.975687 -0.000091 
36 -5.115617 0.000000 2.902975 99.757284 0.002875 6.975964 -0.000018 
37 1.136804 0.000000 2.902975 99.777475 0.030852 6.950277 -0.000385 
38 -1.989406 0.000000 5.805950 99.759292 0.008646 6.974349 -0.000056 
39 -0.426301 0.000000 -1.451487 99.725717 -0.005750 6.957466 0.000638 
40 -1.989406 0.000000 -1.451487 99.750692 -0.004362 6.975871 0.000114 
41 -0.426301 0.000000 -2.902975 99.741515 -0.000617 6.968886 0.000306 
42 1.136804 0.000000 -1.451487 99.704090 -0.035577 6.880345 0.001175 
43 -0.426301 0.000000 0.000000 100.001102 -0.065890 7.043409 -0.004983 
44 4.263014 0.000000 2.902975 99.762503 0.083335 6.919926 -0.000045 
45 7.389224 0.000000 2.902975 99.761707 0.104980 6.909187 -0.000015 
46 4.263014 0.000000 5.805950 99.759909 0.033824 6.963762 -0.000053 
47 2.699909 0.000000 -1.451487 99.739846 -0.129563 6.813123 0.000553 
48 2.699909 0.000000 -2.902975 99.748437 -0.037178 6.938032 0.000211 
49 4.263014 0.000000 -1.451487 99.760292 -0.159867 6.813979 0.000143 
50 2.699909 0.000000 0.000000 100.100830 0.104330 2.484022 -0.002636 
51 -0.426301 0.000000 1.451487 99.771437 0.010575 6.979557 -0.000305 
52 -1.989406 0.000000 1.451487 99.759288 -0.005180 6.977088 -0.000060 
53 1.136804 0.000000 1.451487 99.812913 0.035360 6.883920 -0.001001 
54 -0.426301 0.000000 2.902975 99.767580 0.003548 6.970474 -0.000216 
55 0.355251 0.000000 -0.725744 99.681692 0.015800 6.724166 0.001835 
56 -0.426301 0.000000 -0.725744 99.672608 0.012992 6.993690 0.001646 
57 0.355251 0.000000 -1.451487 99.726325 -0.013395 6.921976 0.000675 
58 1.136804 0.000000 -0.725744 99.633681 -0.005603 6.648249 0.002893 
59 0.355251 0.000000 0.000000 70.968397 -0.006549 0.043093 0.496348 
60 -8.241827 0.000000 -2.902975 99.756084 -0.000933 6.975794 0.000006 
61 -11.368037 0.000000 -2.902975 99.756270 -0.000513 6.975747 0.000003 
62 -8.241827 0.000000 -5.805950 99.755947 -0.001941 6.975657 0.000009 
63 -8.241827 0.000000 0.000000 99.756381 0.000330 6.975878 0.000000 
64 -3.552511 0.000000 -1.451487 99.754746 -0.001431 6.976463 0.000032 
65 -5.115617 0.000000 -1.451487 99.755727 -0.000820 6.976066 0.000013 
66 -3.552511 0.000000 -2.902975 99.754247 -0.003114 6.975752 0.000043 
67 -3.552511 0.000000 0.000000 99.756065 0.000591 6.976923 0.000005 
68 -1.207854 0.000000 -0.725744 99.744460 0.000724 6.981334 0.000230 
69 -1.989406 0.000000 -0.725744 99.752829 0.003264 6.973435 0.000074 
70 -1.207854 0.000000 -1.451487 99.742930 -0.004402 6.973722 0.000272 
71 -1.207854 0.000000 0.000000 99.754031 0.000885 6.982410 0.000038 
72 2.699909 0.000000 1.451487 99.783970 0.145371 6.752631 -0.000246 
73 4.263014 0.000000 1.451487 99.773443 0.199643 6.722047 0.000003 
74 2.699909 0.000000 2.902975 99.769673 0.057577 6.927421 -0.000198 
75 0.355251 0.000000 0.725744 99.938827 -0.008147 6.973774 -0.003640 
76 -0.426301 0.000000 0.725744 99.772359 -0.033861 6.972759 -0.000314 
77 1.136804 0.000000 0.725744 99.972094 0.031948 6.614912 -0.003818 
78 0.355251 0.000000 1.451487 99.809934 0.018807 6.955464 -0.001040 
79 -0.035525 0.000000 -0.362872 98.889727 0.010020 6.995798 0.017188 
80 -0.426301 0.000000 -0.362872 99.749275 0.000653 7.066786 0.000014 
81 -0.035525 0.000000 -0.725744 99.563743 0.019868 6.876943 0.003977 
82 0.355251 0.000000 -0.362872 100.171259 0.104480 5.775382 -0.006765 
83 -0.035525 0.000000 0.000000 169.282293 -0.076976 7.313872 -1.870999 
84 1.918356 0.000000 -0.725744 99.649442 -0.135064 6.404441 0.002895 
85 1.918356 0.000000 -1.451487 99.731993 -0.074263 6.842562 0.000670 
86 2.699909 0.000000 -0.725744 99.728446 -0.275067 6.288550 0.001462 
87 1.918356 0.000000 0.000000 101.355136 0.341052 4.592094 -0.029407 
88 0.746027 0.000000 -0.362872 99.537303 0.028091 6.422196 0.005108 
89 0.746027 0.000000 -0.725744 99.633293 0.015902 6.790762 0.002709 
90 1.136804 0.000000 -0.362872 99.417157 -0.021643 5.763194 0.008301 
91 0.746027 0.000000 0.000000 101.770189 0.005150 6.708828 -0.040218 
92 -8.241827 0.000000 2.902975 99.756701 0.001587 6.975829 -0.000006 
93 -11.368037 0.000000 2.902975 99.756541 0.001022 6.975757 -0.000003 
94 -8.241827 0.000000 5.805950 99.756881 0.002573 6.975698 -0.000010 
95 -3.552511 0.000000 1.451487 99.757499 0.002600 6.976713 -0.000023 
96 -5.115617 0.000000 1.451487 99.756852 0.001746 6.976161 -0.000010 
97 -3.552511 0.000000 2.902975 99.758304 0.004249 6.976116 -0.000039 
98 -1.207854 0.000000 0.725744 99.760381 0.001930 6.978013 -0.000083 
99 -1.989406 0.000000 0.725744 99.759026 0.001955 6.984709 -0.000065 
100 -1.207854 0.000000 1.451487 99.762174 0.007227 6.978167 -0.000119 
101 -0.035525 0.000000 0.362872 99.401219 -0.126506 6.764061 0.007363 
102 -0.426301 0.000000 0.362872 99.819385 -0.011445 6.898413 -0.001150 
103 0.355251 0.000000 0.362872 100.715011 -0.035814 7.080322 -0.019365 
104 -0.035525 0.000000 0.725744 99.776282 -0.006523 7.005698 -0.000439 
105 0.159863 0.000000 -0.181436 97.393733 -0.074192 0.516882 0.051419 
106 -0.035525 0.000000 -0.181436 96.914731 0.269829 10.099243 0.050547 
107 0.159863 0.000000 -0.362872 98.973353 0.080904 5.774338 0.017093 
108 0.355251 0.000000 -0.181436 101.377491 0.141771 3.062763 -0.028680 
109 0.159863 0.000000 0.000000 120.543419 0.143172 0.157246 -0.453076 
110 -0.817078 0.000000 -0.362872 99.747816 -0.007959 6.997322 0.000141 
111 -1.207854 0.000000 -0.362872 99.748160 -0.000651 6.982261 0.000155 
112 -0.817078 0.000000 -0.725744 99.732780 -0.000436 6.983132 0.000461 
113 -0.817078 0.000000 0.000000 99.770957 -0.012927 6.999614 -0.000324 
114 -0.230913 0.000000 -0.181436 100.283863 -0.008682 7.492621 -0.011299 
115 -0.426301 0.000000 -0.181436 99.886539 -0.060299 7.101569 -0.002776 
116 -0.230913 0.000000 -0.362872 99.469891 0.052227 7.325710 0.005207 
117 -0.230913 0.000000 0.000000 101.329515 -0.077915 7.086598 -0.031790 
118 1.918356 0.000000 0.725744 99.986021 0.154706 6.214510 -0.003585 
119 2.699909 0.000000 0.725744 99.801381 0.361207 6.011892 0.000341 
120 1.918356 0.000000 1.451487 99.819651 0.087070 6.795852 -0.001015 
121 0.746027 0.000000 0.362872 100.002367 -0.023868 6.223710 -0.003921 
122 1.136804 0.000000 0.362872 100.334935 0.005747 5.831008 -0.010110 
123 0.746027 0.000000 0.725744 99.931305 -0.008148 6.754611 -0.003189 
124 0.159863 0.000000 0.181436 99.156389 -0.249530 10.322627 0.006139 
125 -0.035525 0.000000 0.181436 98.285946 0.083215 3.661558 0.032646 
126 0.355251 0.000000 0.181436 102.283718 -0.056933 6.179298 -0.050015 
127 0.159863 0.000000 0.362872 99.643045 -0.093276 7.474237 0.001539 
128 0.062169 0.000000 -0.090718 83.114685 0.076724 -4.831231 0.306860 
129 -0.035525 0.000000 -0.090718 102.966845 0.122863 26.990299 -0.133066 
130 0.062169 0.000000 -0.181436 94.893434 0.107578 4.440009 0.097551 
131 0.159863 0.000000 -0.090718 97.451473 -0.031158 -13.025497 0.033355 
132 0.062169 0.000000 0.000000 202.857557 0.009643 0.782978 -3.115180 
133 -0.817078 0.000000 0.362872 99.771977 -0.006849 6.982432 -0.000320 
134 -1.207854 0.000000 0.362872 99.757477 0.002408 6.980902 -0.000029 
135 -0.817078 0.000000 0.725744 99.764070 0.006323 6.977449 -0.000155 
136 -0.230913 0.000000 0.181436 100.509787 -0.064320 6.588949 -0.014564 
137 -0.426301 0.000000 0.181436 99.936351 0.003700 6.926517 -0.003525 
138 -0.230913 0.000000 0.362872 99.716811 -0.038396 6.666492 0.001211 
139 -0.133219 0.000000 -0.090718 103.433402 -0.025187 9.906804 -0.079661 
140 -0.230913 0.000000 -0.090718 100.877146 -0.055619 7.573881 -0.023357 
141 -0.133219 0.000000 -0.181436 99.886083 -0.149621 9.093079 -0.005994 
142 -0.133219 0.000000 0.000000 106.883382 0.064299 7.281835 -0.147709 
143 0.062169 0.000000 0.090718 87.905255 -0.003015 11.418566 0.214228 
144 -0.035525 0.000000 0.090718 105.334467 0.044722 -11.988205 -0.123907 
145 0.159863 0.000000 0.090718 101.175560 -0.009664 13.783467 -0.042648 
146 0.062169 0.000000 0.181436 96.855563 -0.095984 7.809779 0.055800 
147 0.013322 0.000000 -0.045359 68.966422 0.175849 -13.440988 0.506294 
148 -0.035525 0.000000 -0.045359 146.821558 -0.028574 38.572261 -1.304439 
149 0.013322 0.000000 -0.090718 72.282182 0.006431 11.815659 0.463568 
150 0.062169 0.000000 -0.045359 200.361927 0.053078 -19.304951 -3.051759 
151 0.013322 0.000000 0.000000 253.922118 0.005503 3.662884 -5.448986 
152 -0.133219 0.000000 0.090718 103.899503 -0.097818 4.533304 -0.081567 
153 -0.230913 0.000000 0.090718 101.016590 -0.088665 6.566891 -0.024748 
154 -0.133219 0.000000 0.181436 100.406747 -0.169876 5.040304 -0.010695 
155 0.013322 0.000000 0.045359 76.917631 -0.151782 15.241597 0.385135 
156 -0.035525 0.000000 0.045359 146.611964 -0.084490 -22.486356 -1.200071 
157 0.062169 0.000000 0.045359 198.721821 -0.003780 20.160641 -2.989681 
158 0.013322 0.000000 0.090718 78.748053 -0.143088 -1.105036 0.379750 
159 -1.989406 0.000000 -8.708925 99.755009 -0.007233 6.974536 0.000029 
160 -5.115617 0.000000 -8.708925 99.755565 -0.004222 6.975288 0.000017 
161 -1.989406 0.000000 -11.611899 99.755536 -0.006605 6.974855 0.000018 
162 1.136804 0.000000 -8.708925 99.754696 -0.012254 6.973099 0.000038 
163 -0.426301 0.000000 -4.354462 99.750710 -0.012093 6.970981 0.000120 
164 -1.989406 0.000000 -4.354462 99.752758 -0.006809 6.974106 0.000075 
165 -0.426301 0.000000 -5.805950 99.753045 -0.011049 6.972353 0.000072 
166 1.136804 0.000000 -4.354462 99.749768 -0.016078 6.965532 0.000146 
167 0.355251 0.000000 -2.177231 99.743477 0.001844 6.947158 0.000298 
168 -0.426301 0.000000 -2.177231 99.740399 -0.011656 6.963017 0.000337 
169 0.355251 0.000000 -2.902975 99.744883 -0.017894 6.959972 0.000252 
170 1.136804 0.000000 -2.177231 99.749372 -0.029609 6.931958 0.000201 
171 -0.035525 0.000000 -1.088616 99.692133 0.004772 6.917642 0.001362 
172 -0.426301 0.000000 -1.088616 99.717857 -0.004282 6.952795 0.000801 
173 -0.035525 0.000000 -1.451487 99.709254 -0.012351 6.946631 0.000981 
174 0.355251 0.000000 -1.088616 99.709086 0.006769 6.877077 0.001080 
175 0.159863 0.000000 -0.544308 99.445814 0.030200 6.553687 0.006758 
176 -0.035525 0.000000 -0.544308 99.438844 0.038659 6.840903 0.006512 
177 0.159863 0.000000 -0.725744 99.593430 0.021393 6.762187 0.003542 
178 0.355251 0.000000 -0.544308 99.677237 0.038199 6.510814 0.002206 
179 0.062169 0.000000 -0.272154 97.011533 0.159558 5.875801 0.055421 
180 -0.035525 0.000000 -0.272154 97.794096 0.026109 7.741532 0.037638 
181 0.062169 0.000000 -0.362872 98.613676 0.035650 6.391138 0.023449 
182 0.159863 0.000000 -0.272154 98.220431 0.237121 4.197568 0.033507 
183 0.013322 0.000000 -0.136077 91.291795 0.075061 9.195750 0.158124 
184 -0.035525 0.000000 -0.136077 97.617412 0.217977 13.693094 0.028329 
185 0.013322 0.000000 -0.181436 94.966301 0.219726 7.751224 0.092127 
186 0.062169 0.000000 -0.136077 92.077644 0.102072 1.958541 0.151786 
187 0.550639 0.000000 -0.181436 101.126205 0.001844 5.105674 -0.025258 
188 0.550639 0.000000 -0.362872 99.882792 0.054776 6.486059 -0.001864 
189 0.746027 0.000000 -0.181436 101.653366 0.012805 5.217379 -0.036063 
190 0.550639 0.000000 0.000000 101.263041 -0.004166 6.614408 -0.029795 
191 0.257557 0.000000 -0.090718 101.448579 0.022301 -10.015192 -0.039212 
192 0.257557 0.000000 -0.181436 100.003651 0.034514 1.090875 -0.000192 
193 0.355251 0.000000 -0.090718 104.563565 0.102195 -4.280777 -0.095187 
194 0.257557 0.000000 0.000000 85.454681 -0.046167 0.065965 0.269749 
195 0.111016 0.000000 -0.045359 149.907518 -0.006279 -13.767911 -1.266182 
196 0.111016 0.000000 -0.090718 90.000477 0.025252 -14.925924 0.167713 
197 0.159863 0.000000 -0.045359 119.394825 0.123963 -8.585056 -0.432884 
198 0.111016 0.000000 0.000000 153.114154 -0.021078 0.212922 -1.344399 
199 0.037745 0.000000 -0.068038 70.100656 0.171756 -13.502225 0.490356 
200 0.013322 0.000000 -0.068038 68.956610 0.181838 -13.076350 0.507396 
201 0.037745 0.000000 -0.090718 80.291012 0.052594 -0.782365 0.355274 
202 0.062169 0.000000 -0.068038 75.698717 0.121499 -14.403499 0.406223 
203 0.037745 0.000000 -0.045359 69.648514 0.172297 -13.574042 0.496480 
204 0.550639 0.000000 0.181436 101.396452 -0.012191 5.120564 -0.030746 
205 0.746027 0.000000 0.181436 102.025467 0.000159 5.237973 -0.043663 
206 0.550639 0.000000 0.362872 100.274701 -0.056026 6.231964 -0.009386 
207 0.257557 0.000000 0.090718 104.147816 -0.039544 10.538918 -0.095784 
208 0.355251 0.000000 0.090718 106.075467 0.013149 4.605548 -0.127322 
209 0.257557 0.000000 0.181436 101.363441 -0.148037 8.758771 -0.035129 
210 0.111016 0.000000 0.045359 149.648674 -0.041138 14.038076 -1.259179 
211 0.159863 0.000000 0.045359 119.344596 0.087267 8.779474 -0.432022 
212 0.111016 0.000000 0.090718 94.665094 -0.082441 15.959798 0.078380 
213 -1.989406 0.000000 8.708925 99.758081 0.008333 6.974542 -0.000032 
214 -5.115617 0.000000 8.708925 99.757352 0.005009 6.975333 -0.000018 
215 1.136804 0.000000 8.708925 99.758623 0.013900 6.972825 -0.000040 
216 -1.989406 0.000000 11.611899 99.757456 0.007549 6.974816 -0.000020 
217 -0.426301 0.000000 4.354462 99.763438 0.014058 6.971627 -0.000135 
218 -1.989406 0.000000 4.354462 99.760324 0.008207 6.974697 -0.000077 
219 1.136804 0.000000 4.354462 99.766335 0.021715 6.964778 -0.000183 
220 -0.426301 0.000000 5.805950 99.760626 0.012730 6.972433 -0.000080 
221 0.355251 0.000000 2.177231 99.784618 0.017804 6.961431 -0.000543 
222 -0.426301 0.000000 2.177231 99.771309 0.014569 6.973549 -0.000294 
223 1.136804 0.000000 2.177231 99.802845 0.030641 6.934619 -0.000870 
224 0.355251 0.000000 2.902975 99.774478 0.020956 6.964064 -0.000345 
225 -0.035525 0.000000 1.088616 99.790749 -0.008911 6.987093 -0.000701 
226 -0.426301 0.000000 1.088616 99.773941 0.007275 6.986014 -0.000364 
227 0.355251 0.000000 1.088616 99.842879 -0.004001 6.961676 -0.001707 
228 -0.035525 0.000000 1.451487 99.774361 0.009966 6.966624 -0.000346 
229 0.159863 0.000000 0.544308 99.793958 -0.071874 7.107091 -0.000935 
230 -0.035525 0.000000 0.544308 99.673380 -0.007301 6.993806 0.001630 
231 0.355251 0.000000 0.544308 100.038426 -0.062602 6.991732 -0.005657 
232 0.159863 0.000000 0.725744 99.843766 -0.007972 7.029318 -0.001819 
233 0.062169 0.000000 0.272154 98.017094 -0.026631 7.349891 0.033863 
234 -0.035525 0.000000 0.272154 98.553958 -0.039711 6.016817 0.025091 
235 0.159863 0.000000 0.272154 99.236137 -0.051175 8.411176 0.008144 
236 0.062169 0.000000 0.362872 99.234290 -0.116133 7.136105 0.010162 
237 0.013322 0.000000 0.136077 94.210391 -0.038640 3.382137 0.111296 
238 -0.035525 0.000000 0.136077 99.518786 0.116533 0.287340 0.009592 
239 0.062169 0.000000 0.136077 95.045733 -0.111450 8.840616 0.088814 
240 0.013322 0.000000 0.181436 96.785871 0.031979 5.345061 0.060392 
241 0.037745 0.000000 0.068038 77.722672 -0.066825 15.439588 0.372080 
242 0.013322 0.000000 0.068038 76.847868 -0.148549 15.307552 0.386006 
243 0.037745 0.000000 0.045359 77.416461 -0.058870 15.342974 0.377128 
244 0.062169 0.000000 0.068038 82.420868 -0.079481 16.092292 0.294783 
245 0.037745 0.000000 0.090718 85.660983 -0.007358 8.895023 0.258307 
246 0.111016 0.000000 -0.136077 95.202263 0.013597 -1.595857 0.093398 
247 0.111016 0.000000 -0.181436 96.058341 0.035319 1.981017 0.076887 
248 0.159863 0.000000 -0.136077 97.479422 -0.196379 -3.221851 0.048734 
249 0.086592 0.000000 -0.068038 89.176287 -0.085113 -14.624254 0.183371 
250 0.086592 0.000000 -0.090718 89.627957 -0.106876 -14.868698 0.174574 
251 0.111016 0.000000 -0.068038 90.002393 0.009462 -14.672902 0.168428 
252 0.086592 0.000000 -0.045359 173.075596 0.013407 -17.646889 -2.026657 
253 0.086592 0.000000 -0.113397 91.551571 0.108813 -3.853733 0.160345 
254 0.062169 0.000000 -0.113397 88.800321 0.116283 -0.790041 0.211387 
255 0.086592 0.000000 -0.136077 93.581340 0.094166 -0.231105 0.124247 
256 0.111016 0.000000 -0.113397 94.262515 0.043247 -5.118853 0.108837 
257 0.074381 0.000000 -0.079378 85.905598 -0.037269 -14.591682 0.240731 
258 0.062169 0.000000 -0.079378 76.735129 0.105942 -14.499698 0.390147 
259 0.074381 0.000000 -0.090718 84.021598 0.069181 -9.217275 0.285541 
260 0.086592 0.000000 -0.079378 89.316382 -0.080522 -14.677134 0.180716 
261 0.074381 0.000000 -0.068038 82.939612 0.010440 -14.648555 0.290644 
262 0.111016 0.000000 0.136077 97.877447 -0.088456 11.161781 0.029541 
263 0.159863 0.000000 0.136077 99.911828 -0.333762 11.701305 -0.011941 
264 0.111016 0.000000 0.181436 97.950012 -0.181909 9.487959 0.031574 
265 0.086592 0.000000 0.068038 94.173530 -0.023092 15.915660 0.087804 
266 0.086592 0.000000 0.045359 172.323948 -0.010579 17.989867 -2.001918 
267 0.111016 0.000000 0.068038 94.663786 -0.073010 16.018391 0.078217 
268 0.086592 0.000000 0.090718 94.600884 -0.022993 15.949485 0.079629 
269 0.086592 0.000000 0.113397 95.028389 -0.051791 12.214855 0.082040 
270 0.062169 0.000000 0.113397 92.565137 -0.055125 10.110036 0.132948 
271 0.111016 0.000000 0.113397 97.519119 -0.049279 12.706832 0.032856 
272 0.086592 0.000000 0.136077 96.411873 -0.068751 10.375132 0.059710 
273 0.074381 0.000000 0.079378 91.395889 -0.027028 15.789196 0.139749 
274 0.062169 0.000000 0.079378 83.354462 -0.073301 16.018458 0.279544 
275 0.074381 0.000000 0.068038 88.790803 -0.043487 15.954226 0.186165 
276 0.086592 0.000000 0.079378 94.283224 -0.026151 15.927449 0.085699 
277 0.074381 0.000000 0.090718 88.696271 -0.042348 14.926094 0.191018 
278 0.208710 0.000000 -0.045359 98.357956 -0.035595 -5.341675 0.029718 
279 0.208710 0.000000 -0.090718 98.830638 -0.063775 -12.399139 0.007876 
280 0.257557 0.000000 -0.045359 84.555258 0.009127 -4.129025 0.283336 
281 0.208710 0.000000 0.000000 99.447219 0.068359 0.123309 0.011023 
282 0.135439 0.000000 -0.068038 90.703063 0.072039 -15.039165 0.154677 
283 0.135439 0.000000 -0.090718 91.999675 0.052380 -14.667964 0.132091 
284 0.159863 0.000000 -0.068038 117.905795 0.008121 -12.925381 -0.406884 
285 0.135439 0.000000 -0.045359 133.098133 0.109589 -10.777791 -0.783129 
286 0.257557 0.000000 -0.272154 99.765721 0.133959 4.235214 0.002885 
287 0.257557 0.000000 -0.362872 99.723866 0.091848 5.567786 0.002414 
288 0.355251 0.000000 -0.272154 100.360842 0.094587 5.131220 -0.009864 
289 0.208710 0.000000 -0.136077 99.137860 -0.143781 -3.619638 0.015856 
290 0.208710 0.000000 -0.181436 98.556227 0.032482 0.222728 0.028662 
291 0.257557 0.000000 -0.136077 100.425273 0.155838 -3.022321 -0.009439 
292 0.135439 0.000000 -0.113397 95.520150 -0.002860 -5.805304 0.084220 
293 0.135439 0.000000 -0.136077 96.443275 -0.113849 -2.421893 0.069282 
294 0.159863 0.000000 -0.113397 96.944744 -0.143250 -6.781914 0.055570 
295 0.123228 0.000000 -0.079378 90.164247 0.059793 -14.833214 0.165038 
296 0.111016 0.000000 -0.079378 90.000585 0.017102 -14.772836 0.168166 
297 0.123228 0.000000 -0.090718 89.983897 0.047183 -14.922117 0.168023 
298 0.135439 0.000000 -0.079378 91.938395 0.055488 -14.866739 0.132631 
299 0.123228 0.000000 -0.068038 89.987070 0.042987 -14.922845 0.167963 
300 0.208710 0.000000 0.045359 98.367359 -0.053348 5.538835 0.029318 
301 0.257557 0.000000 0.045359 84.565269 -0.057934 4.227996 0.283084 
302 0.208710 0.000000 0.090718 102.186453 -0.102013 13.083796 -0.061327 
303 0.135439 0.000000 0.068038 95.208061 -0.111213 16.049828 0.067782 
304 0.135439 0.000000 0.045359 132.769558 -0.074884 11.035253 -0.774954 
305 0.159863 0.000000 0.068038 117.910250 -0.047571 12.985994 -0.407147 
306 0.135439 0.000000 0.090718 96.368760 -0.081377 15.632604 0.046868 
307 0.257557 0.000000 0.272154 100.662051 -0.139717 7.939584 -0.019590 
308 0.355251 0.000000 0.272154 101.071351 -0.165640 6.731575 -0.026076 
309 0.257557 0.000000 0.362872 100.336305 -0.072956 7.459493 -0.012302 
310 0.208710 0.000000 0.136077 101.343526 -0.288332 11.116332 -0.039417 
311 0.257557 0.000000 0.136077 102.327558 0.052566 9.748509 -0.056597 
312 0.208710 0.000000 0.181436 100.157262 -0.161654 10.033078 -0.013217 
313 0.135439 0.000000 0.113397 98.670851 -0.113035 12.635715 0.010439 
314 0.159863 0.000000 0.113397 99.884850 -0.263537 12.853737 -0.014227 
315 0.135439 0.000000 0.136077 98.999707 -0.227282 11.429856 0.006836 
316 0.123228 0.000000 0.079378 94.733469 -0.109508 15.998647 0.076960 
317 0.111016 0.000000 0.079378 94.660622 -0.078061 15.994528 0.078354 
318 0.123228 0.000000 0.068038 94.618066 -0.099269 15.951292 0.079297 
319 0.135439 0.000000 0.079378 96.325100 -0.079879 15.844202 0.047043 
320 0.123228 0.000000 0.090718 94.606939 -0.103250 15.949280 0.079514 
321 0.184287 0.000000 -0.068038 106.258504 0.005399 -10.552606 -0.140223 
322 0.184287 0.000000 -0.090718 97.422988 -0.037465 -12.880582 0.034285 
323 0.208710 0.000000 -0.068038 96.324371 0.032914 -8.421974 0.065068 
324 0.184287 0.000000 -0.045359 107.719362 -0.040220 -6.939513 -0.165162 
325 0.184287 0.000000 0.068038 106.375271 -0.094392 10.707336 -0.143035 
326 0.184287 0.000000 0.045359 107.744186 -0.087387 7.129847 -0.165965 
327 0.208710 0.000000 0.068038 96.318695 -0.045633 8.595430 0.064883 
328 0.184287 0.000000 0.090718 101.065948 -0.076257 13.814804 -0.040518 
329 0.452945 0.000000 -0.090718 98.844749 0.005745 2.827343 0.022172 
330 0.452945 0.000000 -0.181436 99.569561 0.000927 1.183269 0.008450 
331 0.550639 0.000000 -0.090718 100.765369 -0.000836 5.622901 -0.018528 
332 0.452945 0.000000 0.000000 101.263041 -0.004165 6.614410 -0.029795 
333 0.306404 0.000000 -0.136077 101.685371 0.128198 -1.266655 -0.034154 
334 0.306404 0.000000 -0.181436 100.783587 0.125385 1.861211 -0.016081 
335 0.355251 0.000000 -0.136077 103.804834 0.170562 0.062492 -0.077548 
336 0.306404 0.000000 -0.090718 103.476557 0.116516 -6.293446 -0.074702 
337 0.233134 0.000000 -0.113397 100.291788 -0.013348 -6.553879 -0.010140 
338 0.208710 0.000000 -0.113397 99.831530 -0.082549 -7.155686 -0.001755 
339 0.233134 0.000000 -0.136077 99.691110 -0.014764 -3.313123 0.005071 
340 0.257557 0.000000 -0.113397 101.476682 0.008264 -10.018217 -0.039788 
341 0.233134 0.000000 -0.090718 101.644806 -0.070584 -10.036208 -0.043240 
342 0.452945 0.000000 0.090718 99.163488 -0.023203 2.823879 0.015863 
343 0.550639 0.000000 0.090718 100.925254 -0.010308 5.625005 -0.021755 
344 0.452945 0.000000 0.181436 99.881114 -0.021737 1.182412 0.002236 
345 0.306404 0.000000 0.136077 103.252668 0.009217 7.372436 -0.071547 
346 0.306404 0.000000 0.090718 105.421538 0.003343 6.669954 -0.115819 
347 0.355251 0.000000 0.136077 105.046822 -0.053559 5.552033 -0.106566 
348 0.306404 0.000000 0.181436 101.911126 -0.105136 7.615323 -0.044388 
349 0.233134 0.000000 0.113397 102.759949 -0.113460 10.671736 -0.067351 
350 0.208710 0.000000 0.113397 102.548792 -0.149563 11.991220 -0.066007 
351 0.233134 0.000000 0.090718 104.399873 -0.069471 10.564473 -0.101095 
352 0.257557 0.000000 0.113397 104.175744 -0.051185 10.541926 -0.096372 
353 0.233134 0.000000 0.136077 101.771781 -0.127057 10.389370 -0.046545 
354 0.306404 0.000000 -0.045359 75.488707 0.195204 -2.182091 0.429666 
355 0.355251 0.000000 -0.045359 70.223905 0.007223 -1.092827 0.506741 
356 0.306404 0.000000 0.000000 76.090803 0.072879 0.033901 0.421018 
357 0.281981 0.000000 -0.113397 102.649539 0.139149 -8.235006 -0.060476 
358 0.281981 0.000000 -0.136077 101.437726 0.121174 -2.039837 -0.029379 
359 0.306404 0.000000 -0.113397 103.471210 0.105313 -6.294186 -0.074592 
360 0.281981 0.000000 -0.090718 102.431067 0.130412 -8.559350 -0.056540 
361 0.281981 0.000000 -0.068038 78.088279 0.219230 -4.676086 0.388031 
362 0.257557 0.000000 -0.068038 83.552351 0.023183 -6.335843 0.297886 
363 0.306404 0.000000 -0.068038 74.835074 0.154452 -3.232844 0.438924 
364 0.281981 0.000000 -0.045359 79.182406 0.154679 -3.209667 0.371982 
365 0.269769 0.000000 -0.102058 101.638826 0.081584 -9.772124 -0.042595 
366 0.257557 0.000000 -0.102058 101.446776 0.023202 -10.014998 -0.039175 
367 0.269769 0.000000 -0.113397 101.596412 0.102966 -10.029580 -0.042243 
368 0.281981 0.000000 -0.102058 102.418750 0.146028 -9.074158 -0.057196 
369 0.269769 0.000000 -0.090718 101.525246 0.063416 -10.022661 -0.040783 
370 0.306404 0.000000 0.045359 75.612069 0.041183 2.219139 0.427789 
371 0.355251 0.000000 0.045359 70.198239 -0.021712 1.178493 0.507082 
372 0.281981 0.000000 0.113397 104.985089 0.087552 8.686710 -0.109734 
373 0.281981 0.000000 0.090718 104.830954 0.077028 9.023915 -0.107097 
374 0.306404 0.000000 0.113397 105.397685 -0.018565 6.668730 -0.115314 
375 0.281981 0.000000 0.136077 103.178713 -0.059988 8.458001 -0.071739 
376 0.281981 0.000000 0.068038 78.076956 0.154985 4.727516 0.388162 
377 0.257557 0.000000 0.068038 83.601267 -0.048154 6.440532 0.296935 
378 0.281981 0.000000 0.045359 79.224957 0.084044 3.332074 0.371230 
379 0.306404 0.000000 0.068038 74.934051 -0.004255 3.264767 0.437423 
380 0.269769 0.000000 0.102058 104.279792 0.023743 10.284797 -0.098005 
381 0.257557 0.000000 0.102058 104.146024 -0.038798 10.538725 -0.095746 
382 0.269769 0.000000 0.090718 104.208582 0.006325 10.544445 -0.097061 
383 0.281981 0.000000 0.102058 104.879891 0.114593 9.553521 -0.109107 
384 0.269769 0.000000 0.113397 104.264718 0.050257 10.549529 -0.098243 
385 0.746027 0.000000 -1.088616 99.712378 -0.001073 6.857006 0.001042 
386 0.746027 0.000000 -1.451487 99.725076 -0.020646 6.906447 0.000721 
387 1.136804 0.000000 -1.088616 99.707204 -0.034643 6.821906 0.001193 
388 0.550639 0.000000 -0.544308 99.690378 0.034903 6.679285 0.001721 
389 0.550639 0.000000 -0.725744 99.685882 0.017777 6.754201 0.001711 
390 0.746027 0.000000 -0.544308 99.629366 0.034807 6.681197 0.002935 
391 0.452945 0.000000 -0.272154 100.198437 0.109730 5.921326 -0.007480 
392 0.452945 0.000000 -0.362872 100.141044 0.097934 6.290622 -0.006781 
393 0.550639 0.000000 -0.272154 101.109511 -0.003995 1.077342 -0.022429 
394 0.404098 0.000000 -0.136077 98.022220 0.003483 0.456199 0.039144 
395 0.404098 0.000000 -0.181436 101.530636 0.106821 4.641410 -0.033002 
396 0.452945 0.000000 -0.136077 98.988096 0.005082 2.246987 0.019631 
397 0.404098 0.000000 -0.090718 100.869400 0.035243 -1.304323 -0.017634 
398 0.330828 0.000000 -0.113397 103.431370 0.108746 -6.296001 -0.073770 
399 0.330828 0.000000 -0.136077 102.183065 0.138093 -1.067118 -0.044254 
400 0.355251 0.000000 -0.113397 104.448263 0.107723 -4.525485 -0.092993 
401 0.330828 0.000000 -0.090718 103.425651 0.107457 -6.295611 -0.073651 
402 0.746027 0.000000 1.088616 99.872969 0.013019 6.890610 -0.002209 
403 1.136804 0.000000 1.088616 99.876463 0.043449 6.810269 -0.002169 
404 0.746027 0.000000 1.451487 99.824909 0.026472 6.920904 -0.001291 
405 0.550639 0.000000 0.544308 100.014677 -0.043831 6.716454 -0.004805 
406 0.746027 0.000000 0.544308 100.032549 -0.001945 6.636376 -0.005055 
407 0.550639 0.000000 0.725744 99.964057 -0.005982 6.883597 -0.004020 
408 0.452945 0.000000 0.272154 100.728343 -0.062751 5.814768 -0.018001 
409 0.550639 0.000000 0.272154 101.397207 -0.011395 1.077190 -0.028255 
410 0.452945 0.000000 0.362872 100.579877 -0.031873 6.465752 -0.015812 
411 0.404098 0.000000 0.136077 98.352563 -0.030692 0.453204 0.032657 
412 0.404098 0.000000 0.090718 101.532315 0.019397 2.008344 -0.031284 
413 0.452945 0.000000 0.136077 99.307766 -0.022961 2.243904 0.013293 
414 0.404098 0.000000 0.181436 102.239210 -0.105318 4.390842 -0.047215 
415 0.330828 0.000000 0.113397 105.392338 -0.035094 6.671254 -0.115205 
416 0.330828 0.000000 0.090718 105.386113 -0.036126 6.670843 -0.115073 
417 0.355251 0.000000 0.113397 106.017088 0.011051 4.856460 -0.126321 
418 0.330828 0.000000 0.136077 103.571757 0.013730 6.927142 -0.077509 
419 0.404098 0.000000 -0.045359 69.356586 0.033688 0.710652 0.518916 
420 0.452945 0.000000 -0.045359 99.359350 0.005701 4.465447 0.010778 
421 0.404098 0.000000 0.000000 70.375277 0.015748 0.003961 0.504732 
422 0.379675 0.000000 -0.113397 104.177388 0.075033 -2.092444 -0.085731 
423 0.379675 0.000000 -0.136077 103.631553 0.129543 1.632457 -0.074218 
424 0.404098 0.000000 -0.113397 100.578116 0.038940 -1.589338 -0.011848 
425 0.379675 0.000000 -0.090718 103.892596 0.070841 -2.086406 -0.079803 
426 0.330828 0.000000 -0.068038 71.905486 0.071773 -3.027647 0.482043 
427 0.355251 0.000000 -0.068038 68.997008 0.029246 -1.820289 0.523610 
428 0.330828 0.000000 -0.045359 72.476222 0.001520 -1.940520 0.474343 
429 0.343039 0.000000 -0.102058 103.848803 0.126340 -5.962457 -0.082014 
430 0.330828 0.000000 -0.102058 103.428005 0.107988 -6.295771 -0.073700 
431 0.343039 0.000000 -0.113397 103.933349 0.119705 -5.831517 -0.083616 
432 0.355251 0.000000 -0.102058 104.547780 0.102665 -4.617708 -0.095157 
433 0.343039 0.000000 -0.090718 103.670281 0.125622 -6.310839 -0.078737 
434 0.404098 0.000000 0.045359 69.392083 -0.005018 -0.750631 0.518418 
435 0.452945 0.000000 0.045359 99.649565 -0.019187 4.465844 0.005002 
436 0.330828 0.000000 0.068038 72.031567 -0.068804 3.106198 0.480180 
437 0.330828 0.000000 0.045359 72.534006 -0.062011 2.005865 0.473479 
438 0.355251 0.000000 0.068038 69.019311 -0.030246 1.879353 0.523280 
439 0.379675 0.000000 0.113397 105.110938 0.030471 2.366760 -0.105391 
440 0.379675 0.000000 0.090718 104.770154 0.033675 2.359566 -0.098235 
441 0.404098 0.000000 0.113397 101.269261 0.020647 2.115004 -0.025994 
442 0.379675 0.000000 0.136077 104.697694 -0.055267 3.798473 -0.097604 
443 0.343039 0.000000 0.102058 105.723155 -0.004853 6.327947 -0.121743 
444 0.330828 0.000000 0.102058 105.388675 -0.035701 6.671012 -0.115128 
445 0.343039 0.000000 0.090718 105.603917 -0.012058 6.684200 -0.119687 
446 0.355251 0.000000 0.102058 106.123064 0.012323 4.949400 -0.128660 
447 0.343039 0.000000 0.113397 105.772705 -0.004885 6.193283 -0.122622 
448 1.527580 0.000000 -0.362872 99.620714 -0.075485 5.620803 0.004411 
449 1.527580 0.000000 -0.725744 99.656876 -0.072716 6.532444 0.002583 
450 1.918356 0.000000 -0.362872 99.260497 -0.150346 4.752371 0.012475 
451 1.527580 0.000000 0.000000 101.510884 0.060190 4.105418 -0.032132 
452 0.941416 0.000000 -0.181436 101.417497 0.014622 4.990560 -0.031041 
453 0.941416 0.000000 -0.362872 99.369464 0.026859 6.174237 0.008759 
454 1.136804 0.000000 -0.181436 100.493122 0.007148 3.926713 -0.011429 
455 0.941416 0.000000 0.000000 101.922645 0.008638 6.247992 -0.042726 
456 0.648333 0.000000 -0.090718 101.365351 0.001836 5.680699 -0.030720 
457 0.648333 0.000000 -0.181436 101.360070 0.008502 4.604217 -0.029506 
458 0.746027 0.000000 -0.090718 101.795966 0.010974 6.372426 -0.040303 
459 0.648333 0.000000 0.000000 101.579361 0.001645 6.673301 -0.036290 
460 0.501792 0.000000 -0.136077 99.470055 0.004721 3.379384 0.009429 
461 0.501792 0.000000 -0.181436 100.652086 0.001129 3.180204 -0.014096 
462 0.550639 0.000000 -0.136077 101.146686 0.001150 5.923888 -0.026574 
463 0.501792 0.000000 -0.090718 99.490680 0.002830 3.502173 0.008934 
464 0.428522 0.000000 -0.113397 98.275985 0.023491 -0.272083 0.034176 
465 0.428522 0.000000 -0.136077 98.959211 0.003812 1.274625 0.020545 
466 0.452945 0.000000 -0.113397 98.873783 0.004956 2.295901 0.021870 
467 0.428522 0.000000 -0.090718 98.417761 0.021264 0.138367 0.031392 
468 0.379675 0.000000 -0.068038 68.199221 0.059973 -0.370343 0.534873 
469 0.404098 0.000000 -0.068038 98.028361 0.006522 1.062833 0.038931 
470 0.379675 0.000000 -0.045359 69.105434 0.040710 -0.272572 0.522436 
471 0.391886 0.000000 -0.102058 102.615098 0.049235 -1.890193 -0.053343 
472 0.379675 0.000000 -0.102058 104.185683 0.075601 -2.092676 -0.085904 
473 0.391886 0.000000 -0.113397 102.481071 0.049029 -1.836332 -0.050574 
474 0.404098 0.000000 -0.102058 100.653764 0.039427 -1.630869 -0.013384 
475 0.391886 0.000000 -0.090718 102.291253 0.048414 -1.748824 -0.046656 
476 0.379675 0.000000 0.068038 68.220548 0.005894 0.393379 0.534580 
477 0.379675 0.000000 0.045359 69.157986 -0.013027 0.280555 0.521709 
478 0.404098 0.000000 0.068038 98.358456 -0.026934 1.056786 0.032450 
479 1.527580 0.000000 0.362872 99.979997 0.066115 5.264590 -0.002372 
480 1.918356 0.000000 0.362872 100.596114 0.209308 4.362998 -0.013866 
481 1.527580 0.000000 0.725744 99.946443 0.045715 6.452325 -0.003093 
482 0.941416 0.000000 0.181436 102.523273 0.005983 5.012751 -0.053615 
483 1.136804 0.000000 0.181436 102.826115 0.002370 3.985944 -0.058910 
484 0.941416 0.000000 0.362872 100.154833 0.010879 6.205433 -0.006950 
485 0.648333 0.000000 0.090718 101.545655 -0.004435 5.690061 -0.034390 
486 0.746027 0.000000 0.090718 101.958089 0.004223 6.380348 -0.043616 
487 0.648333 0.000000 0.181436 101.696625 -0.005453 4.615894 -0.036351 
488 0.501792 0.000000 0.136077 99.771991 -0.019967 3.382825 0.003411 
489 0.501792 0.000000 0.090718 99.763611 -0.019460 3.499519 0.003498 
490 0.550639 0.000000 0.136077 101.376294 -0.010418 5.932594 -0.031235 
491 0.501792 0.000000 0.181436 100.951035 -0.016932 3.185178 -0.020126 
492 0.428522 0.000000 0.113397 98.768211 -0.011526 1.673861 0.024204 
493 0.428522 0.000000 0.090718 98.888241 -0.012666 1.836064 0.021774 
494 0.452945 0.000000 0.113397 99.191941 -0.023840 2.294625 0.015569 
495 0.428522 0.000000 0.136077 99.278098 -0.023002 1.271046 0.014224 
496 0.391886 0.000000 0.102058 103.388915 0.033080 2.206818 -0.069414 
497 0.379675 0.000000 0.102058 105.118007 0.030412 2.366954 -0.105540 
498 0.391886 0.000000 0.090718 103.044581 0.027714 2.101403 -0.062260 
499 0.404098 0.000000 0.102058 101.351393 0.021666 2.133497 -0.027666 
500 0.391886 0.000000 0.113397 103.247363 0.030892 2.166497 -0.066471 
501 1.332192 0.000000 -0.181436 101.627745 -0.022325 2.837673 -0.033625 
502 1.332192 0.000000 -0.362872 99.700656 -0.040896 5.686729 0.002744 
503 1.527580 0.000000 -0.181436 101.749327 -0.030908 3.344476 -0.036411 
504 1.332192 0.000000 0.000000 101.128547 0.016770 3.882145 -0.024205 
505 1.332192 0.000000 0.181436 101.168190 0.062681 2.670033 -0.024214 
506 1.527580 0.000000 0.181436 101.609090 0.170773 3.368559 -0.033578 
507 1.332192 0.000000 0.362872 100.075150 0.010639 5.369440 -0.004387 
508 1.234498 0.000000 -0.090718 98.882362 -0.007448 1.214482 0.022080 
509 1.136804 0.000000 -0.090718 100.362918 0.000788 4.401694 -0.009209 
510 1.234498 0.000000 -0.181436 100.091584 0.002300 0.663741 -0.001877 
511 1.332192 0.000000 -0.090718 100.066975 -0.007018 2.066703 -0.001767 
512 1.234498 0.000000 0.000000 81.308205 -0.018666 0.643895 0.338856 
513 1.234498 0.000000 0.090718 99.838493 0.007322 1.180081 0.003088 
514 1.136804 0.000000 0.090718 101.373307 0.002308 4.402717 -0.029593 
515 1.332192 0.000000 0.090718 100.230502 0.021950 2.031998 -0.005028 
516 1.234498 0.000000 0.181436 101.388099 0.001968 0.659722 -0.027998 
517 4.263014 0.000000 -8.708925 99.755087 -0.018277 6.971672 0.000032 
518 4.263014 0.000000 -11.611899 99.755573 -0.013134 6.973559 0.000019 
519 7.389224 0.000000 -8.708925 99.755735 -0.022833 6.971009 0.000020 
520 2.699909 0.000000 -4.354462 99.750845 -0.031391 6.960131 0.000132 
521 2.699909 0.000000 -5.805950 99.752937 -0.023627 6.967405 0.000081 
522 4.263014 0.000000 -4.354462 99.753297 -0.042629 6.957066 0.000088 
523 1.918356 0.000000 -2.177231 99.749289 -0.051639 6.920673 0.000218 
524 1.918356 0.000000 -2.902975 99.745307 -0.033874 6.944993 0.000264 
525 2.699909 0.000000 -2.177231 99.744548 -0.074693 6.906229 0.000332 
526 1.527580 0.000000 -1.088616 99.699920 -0.058775 6.772603 0.001405 
527 1.527580 0.000000 -1.451487 99.728874 -0.053549 6.863679 0.000704 
528 1.918356 0.000000 -1.088616 99.696287 -0.103100 6.733741 0.001530 
529 1.332192 0.000000 -0.544308 99.626465 -0.031188 6.304918 0.003481 
530 1.136804 0.000000 -0.544308 99.550510 -0.005670 6.399388 0.004874 
531 1.332192 0.000000 -0.725744 99.649243 -0.050476 6.592778 0.002656 
532 1.527580 0.000000 -0.544308 99.605379 -0.059779 6.268126 0.003948 
533 1.234498 0.000000 -0.272154 99.781350 -0.038596 4.883010 0.001984 
534 1.136804 0.000000 -0.272154 100.856780 0.009218 0.935723 -0.017297 
535 1.234498 0.000000 -0.362872 99.607678 -0.034551 5.657235 0.004631 
536 1.332192 0.000000 -0.272154 101.563913 -0.001317 0.334435 -0.031534 
537 10.515434 0.000000 -2.902975 99.758354 -0.077467 6.940921 0.000009 
538 10.515434 0.000000 -5.805950 99.756531 -0.039533 6.965368 0.000012 
539 13.641644 0.000000 -2.902975 99.758335 -0.073919 6.944908 0.000004 
540 10.515434 0.000000 0.000000 99.841610 -0.473245 5.754701 -0.000169 
541 5.826119 0.000000 -1.451487 99.763880 -0.165025 6.831192 0.000048 
542 5.826119 0.000000 -2.902975 99.756506 -0.078091 6.933602 0.000056 
543 7.389224 0.000000 -1.451487 99.764249 -0.150499 6.847704 0.000018 
544 5.826119 0.000000 0.000000 100.003451 -0.921097 3.422448 -0.001325 
545 3.481461 0.000000 -0.725744 99.779977 -0.323521 6.349042 0.000354 
546 3.481461 0.000000 -1.451487 99.753104 -0.156309 6.805826 0.000297 
547 4.263014 0.000000 -0.725744 99.787732 -0.307974 6.422196 0.000107 
548 3.481461 0.000000 0.000000 100.029309 -0.103084 2.850334 -0.001400 
549 2.309132 0.000000 -0.362872 99.397118 -0.543675 4.513372 0.009955 
550 2.309132 0.000000 -0.725744 99.686079 -0.245557 6.323605 0.002264 
551 2.699909 0.000000 -0.362872 99.821690 -0.616251 4.654228 0.001359 
552 2.309132 0.000000 0.000000 128.105267 0.295030 2.408372 -0.641685 
553 1.722968 0.000000 -0.181436 101.350104 -0.023438 3.572352 -0.028461 
554 1.722968 0.000000 -0.362872 99.240478 -0.088878 5.472700 0.012137 
555 1.918356 0.000000 -0.181436 100.476257 -0.030444 3.353202 -0.010672 
556 1.722968 0.000000 0.000000 101.721218 0.196995 4.445350 -0.036701 
557 1.429886 0.000000 -0.090718 101.402458 -0.005340 2.804253 -0.029032 
558 1.429886 0.000000 -0.181436 101.561632 -0.012102 2.658569 -0.032183 
559 1.527580 0.000000 -0.090718 101.591320 0.039385 3.235112 -0.033126 
560 1.429886 0.000000 0.000000 101.128191 0.016767 3.882970 -0.024199 
561 1.283345 0.000000 -0.136077 99.557320 -0.013554 1.537532 0.008598 
562 1.234498 0.000000 -0.136077 99.051779 -0.005782 1.098775 0.018754 
563 1.283345 0.000000 -0.181436 100.263588 -0.016131 1.230580 -0.005430 
564 1.332192 0.000000 -0.136077 100.224290 -0.014606 2.408294 -0.005071 
565 1.283345 0.000000 -0.090718 99.275860 -0.012249 1.587383 0.014178 
566 10.515434 0.000000 2.902975 99.762147 0.117973 6.896137 -0.000006 
567 13.641644 0.000000 2.902975 99.763250 0.131309 6.878706 -0.000004 
568 10.515434 0.000000 5.805950 99.757890 0.049994 6.960051 -0.000008 
569 5.826119 0.000000 1.451487 99.777790 0.217491 6.672660 -0.000018 
570 7.389224 0.000000 1.451487 99.782287 0.252345 6.608146 -0.000024 
571 5.826119 0.000000 2.902975 99.762311 0.096512 6.914359 -0.000034 
572 3.481461 0.000000 0.725744 99.824080 0.415561 5.886791 0.000033 
573 4.263014 0.000000 0.725744 99.843832 0.459462 5.679455 -0.000126 
574 3.481461 0.000000 1.451487 99.774176 0.179514 6.739343 -0.000034 
575 2.309132 0.000000 0.362872 99.423926 0.480362 3.759916 0.010052 
576 2.699909 0.000000 0.362872 99.934030 0.634004 3.554511 0.000015 
577 2.309132 0.000000 0.725744 99.838506 0.260664 6.027377 -0.000412 
578 1.722968 0.000000 0.181436 102.180336 0.387960 3.967143 -0.045671 
579 1.918356 0.000000 0.181436 102.117372 0.777001 4.880085 -0.045238 
580 1.722968 0.000000 0.362872 100.156015 0.083731 5.034752 -0.005658 
581 1.429886 0.000000 0.090718 101.236205 0.062799 2.797588 -0.025660 
582 1.527580 0.000000 0.090718 101.548859 0.078369 3.228265 -0.032260 
583 1.429886 0.000000 0.181436 101.240475 0.068584 2.563971 -0.025621 
584 4.263014 0.000000 8.708925 99.758292 0.020798 6.970968 -0.000031 
585 7.389224 0.000000 8.708925 99.757675 0.026514 6.969881 -0.000017 
586 4.263014 0.000000 11.611899 99.757546 0.014903 6.973226 -0.000019 
587 2.699909 0.000000 4.354462 99.764908 0.032836 6.956857 -0.000144 
588 4.263014 0.000000 4.354462 99.761693 0.049482 6.952703 -0.000074 
589 2.699909 0.000000 5.805950 99.761220 0.026621 6.966001 -0.000083 
590 1.918356 0.000000 2.177231 99.795344 0.058042 6.900285 -0.000673 
591 2.699909 0.000000 2.177231 99.775409 0.085939 6.884090 -0.000253 
592 1.918356 0.000000 2.902975 99.781940 0.036344 6.933842 -0.000452 
593 1.527580 0.000000 1.088616 99.868139 0.070480 6.728038 -0.001892 
594 1.918356 0.000000 1.088616 99.859507 0.116274 6.639620 -0.001602 
595 1.527580 0.000000 1.451487 99.831983 0.061666 6.835749 -0.001316 
596 1.332192 0.000000 0.544308 100.022889 0.014674 6.189936 -0.004289 
597 1.136804 0.000000 0.544308 100.080133 0.021121 6.378553 -0.005672 
598 1.527580 0.000000 0.544308 99.968459 0.046496 6.083870 -0.003071 
599 1.332192 0.000000 0.725744 99.950688 0.045837 6.525637 -0.003273 
600 1.234498 0.000000 0.272154 100.488391 -0.004972 4.764494 -0.012062 
601 1.136804 0.000000 0.272154 102.440228 0.002751 0.931018 -0.049487 
602 1.332192 0.000000 0.272154 101.210957 0.006787 0.309677 -0.024375 
603 1.234498 0.000000 0.362872 100.248909 0.006253 5.559885 -0.008076 
604 1.283345 0.000000 0.136077 99.873358 0.030944 1.455024 0.002319 
605 1.234498 0.000000 0.136077 100.012997 0.005465 1.069237 -0.000374 
606 1.283345 0.000000 0.090718 99.687034 0.025497 1.526684 0.006016 
607 1.332192 0.000000 0.136077 100.243388 0.035795 2.338576 -0.005421 
608 1.283345 0.000000 0.181436 100.328553 0.041277 1.187846 -0.006723 
609 2.113744 0.000000 -0.181436 101.841927 -0.331268 5.190449 -0.039883 
610 2.113744 0.000000 -0.362872 99.735500 -0.342301 4.819086 0.002949 
611 2.309132 0.000000 -0.181436 98.343653 -0.803266 1.507225 0.032561 
612 2.113744 0.000000 0.000000 88.265500 -0.093249 -0.306928 0.220910 
613 2.113744 0.000000 0.181436 101.199480 0.447133 -1.720826 -0.024450 
614 2.309132 0.000000 0.181436 97.842546 0.684303 3.352997 0.041513 
615 2.113744 0.000000 0.362872 100.113633 0.354300 3.429777 -0.003463 
616 2.016050 0.000000 -0.090718 99.912387 0.777823 2.564990 0.001033 
617 1.918356 0.000000 -0.090718 100.853963 0.207272 3.932955 -0.018703 
618 2.016050 0.000000 -0.181436 99.659479 0.365243 1.390144 0.006592 
619 2.113744 0.000000 -0.090718 108.904886 -0.316753 11.486248 -0.199231 
620 2.016050 0.000000 0.000000 101.355150 0.341037 4.591953 -0.029407 
621 2.016050 0.000000 0.090718 100.771839 0.553283 2.342298 -0.016076 
622 1.918356 0.000000 0.090718 101.811433 0.488969 4.426726 -0.038540 
623 2.113744 0.000000 0.090718 106.219604 0.499475 -11.077885 -0.140557 
624 2.016050 0.000000 0.181436 101.641842 0.375376 1.968439 -0.033508 
625 2.309132 0.000000 -1.088616 99.711013 -0.144684 6.696755 0.001285 
626 2.309132 0.000000 -1.451487 99.738330 -0.108189 6.825162 0.000567 
627 2.699909 0.000000 -1.088616 99.735732 -0.189539 6.680009 0.000813 
628 2.113744 0.000000 -0.544308 99.513326 -0.218233 5.827084 0.006310 
629 1.918356 0.000000 -0.544308 99.430251 -0.170590 5.924727 0.007849 
630 2.113744 0.000000 -0.725744 99.673232 -0.174390 6.355746 0.002482 
631 2.309132 0.000000 -0.544308 99.636909 -0.298709 5.802341 0.003873 
632 2.016050 0.000000 -0.272154 99.767441 -0.168725 3.461469 0.003445 
633 1.918356 0.000000 -0.272154 99.823018 0.002739 2.359976 0.002980 
634 2.016050 0.000000 -0.362872 99.600765 -0.226866 4.593577 0.005854 
635 2.113744 0.000000 -0.272154 99.866688 -0.352283 4.259578 0.000838 
636 3.090685 0.000000 -0.362872 99.852624 -0.584201 4.864943 0.000544 
637 3.090685 0.000000 -0.725744 99.764826 -0.321719 6.316324 0.000698 
638 3.481461 0.000000 -0.362872 99.869766 -0.586164 5.066633 0.000002 
639 3.090685 0.000000 0.000000 100.058485 0.026729 2.626771 -0.001860 
640 2.504521 0.000000 -0.181436 100.137320 -0.859888 2.656085 -0.003528 
641 2.504521 0.000000 -0.362872 99.710792 -0.522539 4.483280 0.003739 
642 2.699909 0.000000 -0.181436 99.988313 -0.832528 3.071461 -0.000779 
643 2.504521 0.000000 0.000000 100.833320 0.122996 2.442874 -0.017334 
644 2.211438 0.000000 -0.090718 92.146343 -0.845110 16.724777 0.122862 
645 2.211438 0.000000 -0.181436 97.596781 -0.590330 5.253322 0.044692 
646 2.309132 0.000000 -0.090718 105.182184 -0.461945 -10.093389 -0.116538 
647 2.211438 0.000000 0.000000 130.451071 0.039086 0.216648 -0.701753 
648 2.064897 0.000000 -0.136077 99.541295 0.519776 0.958442 0.009034 
649 2.016050 0.000000 -0.136077 99.828393 0.792788 2.827219 0.002567 
650 2.064897 0.000000 -0.181436 102.045321 -0.075422 3.060087 -0.042262 
651 2.113744 0.000000 -0.136077 105.363992 -0.285731 7.469429 -0.115744 
652 2.064897 0.000000 -0.090718 100.617865 0.805214 3.975876 -0.014041 
653 3.090685 0.000000 0.362872 99.983910 0.682224 3.162866 -0.000725 
654 3.481461 0.000000 0.362872 100.035868 0.670261 2.800088 -0.001546 
655 3.090685 0.000000 0.725744 99.807775 0.386133 5.965163 0.000268 
656 2.504521 0.000000 0.181436 100.200417 0.686445 2.324852 -0.004600 
657 2.699909 0.000000 0.181436 100.119647 0.741169 1.909742 -0.002814 
658 2.504521 0.000000 0.362872 99.778827 0.645327 3.809399 0.002926 
659 2.211438 0.000000 0.090718 89.432894 0.699884 -16.133213 0.174099 
660 2.309132 0.000000 0.090718 104.518432 0.604966 16.149044 -0.118526 
661 2.211438 0.000000 0.181436 96.797417 0.712010 -1.201776 0.062831 
662 2.309132 0.000000 1.088616 99.815474 0.164931 6.578994 -0.000644 
663 2.699909 0.000000 1.088616 99.785147 0.211003 6.564772 -0.000022 
664 2.309132 0.000000 1.451487 99.803769 0.119411 6.767021 -0.000660 
665 2.113744 0.000000 0.544308 99.870640 0.294447 5.357188 -0.000293 
666 1.918356 0.000000 0.544308 100.013625 0.153890 5.664812 -0.003484 
667 2.309132 0.000000 0.544308 99.796950 0.396667 5.274963 0.001259 
668 2.113744 0.000000 0.725744 99.931191 0.224405 6.078098 -0.002324 
669 2.016050 0.000000 0.272154 100.919002 0.241229 2.537424 -0.019114 
670 1.918356 0.000000 0.272154 102.647974 0.841913 3.526151 -0.054975 
671 2.113744 0.000000 0.272154 100.120420 0.409741 1.611084 -0.002686 
672 2.016050 0.000000 0.362872 100.491185 0.268370 3.885957 -0.011365 
673 2.064897 0.000000 0.136077 101.081636 0.067260 0.863725 -0.021825 
674 2.016050 0.000000 0.136077 100.810141 0.686099 2.657222 -0.017022 
675 2.064897 0.000000 0.090718 100.914925 0.356046 -1.828702 -0.018729 
676 2.113744 0.000000 0.136077 103.601568 0.474824 -5.371467 -0.076236 
677 2.064897 0.000000 0.181436 101.843965 0.211764 0.089552 -0.037225 
678 2.211438 0.000000 -0.272154 98.950558 -0.511653 4.365798 0.018947 
679 2.211438 0.000000 -0.362872 99.522046 -0.444099 4.812374 0.007201 
680 2.309132 0.000000 -0.272154 99.049063 -0.644808 3.444200 0.017700 
681 2.162591 0.000000 -0.136077 100.201042 -0.596451 9.616975 -0.013309 
682 2.162591 0.000000 -0.181436 99.744903 -0.517219 6.158228 0.001276 
683 2.211438 0.000000 -0.136077 95.497431 -0.699392 7.995028 0.081583 
684 2.162591 0.000000 -0.090718 101.041407 -0.783413 15.895954 -0.046266 
685 2.064897 0.000000 -0.045359 99.513441 0.558331 0.895476 0.009596 
686 2.016050 0.000000 -0.045359 100.299347 0.717945 4.041474 -0.007681 
687 2.113744 0.000000 -0.045359 85.746388 0.033589 3.499718 0.263531 
688 2.064897 0.000000 0.000000 82.889520 -0.154946 -0.106303 0.312929 
689 2.089321 0.000000 -0.113397 106.447236 0.267380 5.790221 -0.136461 
690 2.064897 0.000000 -0.113397 102.215423 0.649462 4.852546 -0.047196 
691 2.089321 0.000000 -0.136077 99.486189 0.757168 0.321271 0.010182 
692 2.113744 0.000000 -0.113397 108.966151 -0.311676 11.343983 -0.200241 
693 2.089321 0.000000 -0.090718 106.143490 0.281642 5.584976 -0.129771 
694 2.064897 0.000000 0.045359 100.961743 0.027381 0.783016 -0.019389 
695 2.016050 0.000000 0.045359 101.061743 0.681359 3.624381 -0.022708 
696 2.113744 0.000000 0.045359 87.147130 -0.221447 -4.155120 0.238806 
697 2.211438 0.000000 0.272154 98.778589 0.565870 1.687469 0.023962 
698 2.309132 0.000000 0.272154 98.882519 0.610954 2.834146 0.021384 
699 2.211438 0.000000 0.362872 99.620145 0.430642 3.416132 0.006397 
700 2.162591 0.000000 0.136077 98.759115 0.586634 -7.110083 0.019574 
701 2.162591 0.000000 0.090718 98.829826 0.636639 -15.437502 -0.000606 
702 2.211438 0.000000 0.136077 93.986573 0.700436 -4.951258 0.114152 
703 2.162591 0.000000 0.181436 99.013429 0.592119 -2.418892 0.019014 
704 2.089321 0.000000 0.113397 104.555487 0.267291 -5.271224 -0.095971 
705 2.064897 0.000000 0.113397 101.751667 0.269645 -3.581264 -0.036630 
706 2.089321 0.000000 0.090718 104.387932 0.256440 -5.003703 -0.092194 
707 2.113744 0.000000 0.113397 106.277667 0.498502 -10.938720 -0.141485 
708 2.089321 0.000000 0.136077 100.565434 -0.136131 0.246580 -0.011349 
709 2.162591 0.000000 -0.045359 102.673968 0.070077 7.507328 -0.059831 
710 2.211438 0.000000 -0.045359 129.942573 0.102151 10.517509 -0.699570 
711 2.162591 0.000000 0.000000 104.869814 -0.078265 -0.232342 -0.099774 
712 2.138168 0.000000 -0.113397 104.672534 -0.615120 15.538529 -0.119816 
713 2.138168 0.000000 -0.136077 102.759509 -0.462542 9.287867 -0.064600 
714 2.162591 0.000000 -0.113397 100.843209 -0.739421 12.582027 -0.032821 
715 2.138168 0.000000 -0.090718 104.299014 -0.646714 15.483041 -0.111843 
716 2.089321 0.000000 -0.068038 99.485950 0.756877 0.323415 0.010187 
717 2.064897 0.000000 -0.068038 99.669094 1.011291 2.999171 0.005605 
718 2.113744 0.000000 -0.068038 82.793145 0.100156 5.479980 0.311525 
719 2.089321 0.000000 -0.045359 81.662944 -0.006199 1.422548 0.332914 
720 2.101533 0.000000 -0.102058 109.311761 -0.082728 8.149576 -0.201548 
721 2.089321 0.000000 -0.102058 107.638391 0.169756 6.199750 -0.162449 
722 2.101533 0.000000 -0.113397 109.480338 -0.070893 7.625013 -0.204409 
723 2.113744 0.000000 -0.102058 108.901848 -0.328877 11.948971 -0.200250 
724 2.101533 0.000000 -0.090718 109.636398 -0.120538 8.210798 -0.208757 
725 2.162591 0.000000 0.045359 103.739714 -0.094637 -7.959929 -0.082530 
726 2.211438 0.000000 0.045359 131.318322 -0.035235 -10.375975 -0.735216 
727 2.089321 0.000000 0.068038 100.565437 -0.135841 0.248263 -0.011349 
728 2.064897 0.000000 0.068038 100.766470 0.867196 2.222987 -0.015958 
729 2.089321 0.000000 0.045359 83.320744 -0.176259 -2.076413 0.305331 
730 2.113744 0.000000 0.068038 85.116353 -0.233193 -6.120951 0.271769 
731 2.138168 0.000000 0.113397 102.368387 0.574000 -15.081666 -0.070707 
732 2.138168 0.000000 0.090718 102.035764 0.587340 -15.033146 -0.063764 
733 2.162591 0.000000 0.113397 98.916573 0.630993 -11.174008 0.009025 
734 2.138168 0.000000 0.136077 101.213747 0.564408 -6.945449 -0.029278 
735 2.101533 0.000000 0.102058 106.652896 0.421929 -7.817241 -0.143613 
736 2.089321 0.000000 0.102058 105.420540 0.317475 -5.778426 -0.114698 
737 2.101533 0.000000 0.090718 106.931220 0.442360 -7.876756 -0.149652 
738 2.113744 0.000000 0.102058 106.207071 0.503573 -11.527901 -0.141309 
739 2.101533 0.000000 0.113397 106.855581 0.418062 -7.304214 -0.147164 
740 2.138168 0.000000 -0.068038 90.724207 0.122664 8.702862 0.169336 
741 2.162591 0.000000 -0.068038 100.307883 0.131887 11.319214 -0.018981 
742 2.138168 0.000000 -0.045359 92.829057 0.057829 5.653401 0.135080 
743 2.125956 0.000000 -0.102058 105.927741 -0.520717 15.436720 -0.145925 
744 2.125956 0.000000 -0.113397 106.763661 -0.480100 14.677027 -0.161412 
745 2.138168 0.000000 -0.102058 104.447560 -0.634118 15.505055 -0.115010 
746 2.125956 0.000000 -0.090718 106.645846 -0.487115 14.759821 -0.159143 
747 2.138168 0.000000 0.068038 92.456831 -0.228438 -9.245845 0.136620 
748 2.138168 0.000000 0.045359 94.064144 -0.185708 -6.250311 0.111284 
749 2.162591 0.000000 0.068038 101.815161 -0.228390 -11.815288 -0.050598 
750 2.125956 0.000000 0.102058 103.474748 0.535621 -14.961803 -0.093117 
751 2.125956 0.000000 0.090718 104.134046 0.535471 -14.293880 -0.104850 
752 2.138168 0.000000 0.102058 102.168471 0.582110 -15.052456 -0.066531 
753 2.125956 0.000000 0.113397 104.240820 0.533886 -14.211647 -0.106840 
754 2.406827 0.000000 -0.090718 101.998314 -0.631302 1.347495 -0.040587 
755 2.406827 0.000000 -0.181436 100.130430 -0.785554 1.945679 -0.003051 
756 2.504521 0.000000 -0.090718 100.590416 -0.536849 2.692307 -0.012597 
757 2.406827 0.000000 0.000000 103.872310 0.005373 2.462901 -0.079552 
758 2.260285 0.000000 -0.136077 93.251199 -0.678291 2.038257 0.129960 
759 2.260285 0.000000 -0.181436 96.903556 -0.702795 3.006863 0.060017 
760 2.309132 0.000000 -0.136077 98.299109 -0.763302 -1.595718 0.033416 
761 2.260285 0.000000 -0.090718 79.041664 -0.662983 13.110365 0.358009 
762 2.187015 0.000000 -0.113397 97.613074 -0.783659 12.688369 0.031008 
763 2.187015 0.000000 -0.136077 97.878459 -0.683214 9.232547 0.033410 
764 2.211438 0.000000 -0.113397 93.253992 -0.789831 11.139867 0.117897 
765 2.187015 0.000000 -0.090718 95.575030 -0.841536 17.509813 0.055811 
766 2.150380 0.000000 -0.102058 103.297424 -0.721995 15.334427 -0.090602 
767 2.150380 0.000000 -0.113397 103.680152 -0.699171 15.391289 -0.098695 
768 2.162591 0.000000 -0.102058 101.117352 -0.774973 16.048529 -0.048287 
769 2.150380 0.000000 -0.090718 102.655557 -0.739338 15.535897 -0.078007 
770 2.406827 0.000000 0.090718 101.900540 0.316012 3.882425 -0.039889 
771 2.504521 0.000000 0.090718 100.617752 0.388941 2.487448 -0.013027 
772 2.406827 0.000000 0.181436 100.032718 0.709783 3.043944 -0.001631 
773 2.260285 0.000000 0.136077 91.638517 0.809203 2.064749 0.159746 
774 2.260285 0.000000 0.090718 74.984670 0.558869 -12.346495 0.422455 
775 2.309132 0.000000 0.136077 97.477227 0.729310 6.575209 0.045442 
776 2.260285 0.000000 0.181436 96.135487 0.707444 1.491092 0.075524 
777 2.187015 0.000000 0.113397 95.679964 0.654594 -10.892031 0.072628 
778 2.187015 0.000000 0.090718 93.093328 0.643962 -16.952353 0.104584 
779 2.211438 0.000000 0.113397 91.176875 0.676231 -8.959084 0.160606 
780 2.187015 0.000000 0.136077 96.410606 0.615037 -6.477000 0.066267 
781 2.150380 0.000000 0.102058 101.118359 0.618151 -14.899283 -0.044729 
782 2.150380 0.000000 0.090718 100.465854 0.623876 -15.093029 -0.032158 
783 2.162591 0.000000 0.102058 98.893061 0.632031 -15.584484 -0.002311 
784 2.150380 0.000000 0.113397 101.483169 0.609179 -14.952708 -0.052279 
785 2.260285 0.000000 -0.045359 158.734846 0.081450 3.228205 -1.520718 
786 2.309132 0.000000 -0.045359 124.157293 0.072783 -7.595207 -0.547273 
787 2.260285 0.000000 0.000000 149.264216 0.097005 1.296697 -1.228150 
788 2.187015 0.000000 -0.068038 112.716326 0.134135 14.386689 -0.291196 
789 2.211438 0.000000 -0.068038 129.515579 0.149625 17.088516 -0.706633 
790 2.187015 0.000000 -0.045359 115.088427 0.067627 9.347546 -0.333273 
791 2.174803 0.000000 -0.102058 98.219223 -0.815054 16.970816 0.006431 
792 2.174803 0.000000 -0.113397 99.357082 -0.766504 12.851104 -0.003757 
793 2.187015 0.000000 -0.102058 95.592138 -0.840701 17.512973 0.055473 
794 2.174803 0.000000 -0.090718 97.863610 -0.817381 17.095987 0.012977 
795 2.260285 0.000000 0.045359 162.089006 0.042732 -0.755084 -1.627342 
796 2.309132 0.000000 0.045359 124.822440 0.319450 13.193831 -0.575482 
797 2.187015 0.000000 0.068038 114.141230 -0.115421 -14.731663 -0.324526 
798 2.187015 0.000000 0.045359 116.088149 -0.094689 -9.582426 -0.356829 
799 2.211438 0.000000 0.068038 131.375283 -0.058913 -17.326811 -0.755969 
800 2.174803 0.000000 0.102058 95.881003 0.633636 -16.458748 0.053554 
801 2.174803 0.000000 0.090718 95.508462 0.631510 -16.577191 0.060293 
802 2.187015 0.000000 0.102058 93.114696 0.635453 -16.956304 0.104173 
803 2.174803 0.000000 0.113397 97.450827 0.641959 -11.218651 0.037707 
804 2.235862 0.000000 -0.068038 81.720315 -0.749330 13.553623 0.313753 
805 2.235862 0.000000 -0.090718 82.607191 -0.762071 13.699572 0.298779 
806 2.260285 0.000000 -0.068038 77.925997 -0.619948 12.925174 0.376009 
807 2.235862 0.000000 -0.045359 145.453023 0.103385 9.828767 -1.125320 
808 2.235862 0.000000 -0.113397 90.263112 -0.737204 7.436440 0.179673 
809 2.235862 0.000000 -0.136077 93.712896 -0.711297 5.544964 0.118664 
810 2.260285 0.000000 -0.113397 87.854816 -0.645032 1.356082 0.227928 
811 2.223650 0.000000 -0.079378 87.018412 -0.805588 15.015814 0.220167 
812 2.211438 0.000000 -0.079378 91.780598 -0.842018 16.611744 0.129966 
813 2.223650 0.000000 -0.090718 87.004191 -0.805145 14.908463 0.220736 
814 2.235862 0.000000 -0.079378 82.498556 -0.760832 13.681685 0.300622 
815 2.223650 0.000000 -0.068038 138.413219 0.130262 16.236884 -0.942187 
816 2.235862 0.000000 0.068038 77.972550 0.611076 -12.838180 0.375509 
817 2.235862 0.000000 0.045359 147.563617 -0.017890 -8.971914 -1.185552 
818 2.260285 0.000000 0.068038 73.747037 0.537734 -12.140921 0.441368 
819 2.235862 0.000000 0.090718 78.968387 0.620904 -13.001575 0.359457 
820 2.235862 0.000000 0.113397 87.921358 0.751620 -4.625590 0.224787 
821 2.260285 0.000000 0.113397 85.230069 0.807114 2.492669 0.272897 
822 2.235862 0.000000 0.136077 92.104647 0.744040 -2.050646 0.151198 
823 2.223650 0.000000 0.079378 83.843773 0.665543 -14.374418 0.276315 
824 2.211438 0.000000 0.079378 89.036720 0.697252 -16.016543 0.181545 
825 2.223650 0.000000 0.068038 140.686665 -0.042141 -16.176761 -1.005443 
826 2.235862 0.000000 0.079378 78.846396 0.619816 -12.981535 0.361434 
827 2.223650 0.000000 0.090718 83.841520 0.664731 -14.272325 0.276646 
828 2.357979 0.000000 -0.045359 108.047395 0.003391 0.047774 -0.167424 
829 2.357979 0.000000 -0.090718 103.956656 -0.561791 -0.726708 -0.080783 
830 2.406827 0.000000 -0.045359 103.391662 -0.177642 1.821942 -0.069319 
831 2.357979 0.000000 0.000000 109.652687 0.217418 2.520588 -0.203011 
832 2.284709 0.000000 -0.068038 143.507253 -0.156405 -35.214752 -1.183443 
833 2.284709 0.000000 -0.090718 91.932768 -0.465702 -23.676483 0.098757 
834 2.309132 0.000000 -0.068038 115.816373 -0.176911 -11.970900 -0.355677 
835 2.284709 0.000000 -0.045359 146.603680 0.099436 -10.565839 -1.160429 
836 2.248074 0.000000 -0.079378 80.387752 -0.711930 13.333754 0.335951 
837 2.248074 0.000000 -0.090718 80.629069 -0.718264 13.373520 0.331959 
838 2.260285 0.000000 -0.079378 78.350799 -0.636268 12.995617 0.369186 
839 2.248074 0.000000 -0.068038 79.915964 -0.696906 13.255705 0.343724 
840 2.357979 0.000000 0.045359 107.970960 0.224709 5.285517 -0.168572 
841 2.406827 0.000000 0.045359 103.339551 0.030763 3.316312 -0.069006 
842 2.357979 0.000000 0.090718 103.731555 0.481471 6.130336 -0.079805 
843 2.284709 0.000000 0.068038 146.593333 0.444544 43.535617 -1.338515 
844 2.284709 0.000000 0.045359 149.101506 0.295128 15.703797 -1.247796 
845 2.309132 0.000000 0.068038 116.012282 0.441311 18.190401 -0.378994 
846 2.284709 0.000000 0.090718 89.289699 0.669193 30.802750 0.107809 
847 2.248074 0.000000 0.079378 76.482136 0.588204 -12.593558 0.399154 
848 2.248074 0.000000 0.068038 75.955750 0.579112 -12.506957 0.407396 
849 2.260285 0.000000 0.079378 74.217880 0.544558 -12.219407 0.434210 
850 2.248074 0.000000 0.090718 76.752356 0.592101 -12.637859 0.394901 
851 -8.241827 0.000000 -8.708925 99.755944 -0.002595 6.975556 0.000009 
852 -11.368037 0.000000 -8.708925 99.756147 -0.001696 6.975639 0.000005 
853 -8.241827 0.000000 -11.611899 99.756000 -0.002945 6.975505 0.000008 
854 10.515434 0.000000 -8.708925 99.756174 -0.025240 6.970909 0.000011 
855 10.515434 0.000000 -11.611899 99.756111 -0.017965 6.973002 0.000010 
856 13.641644 0.000000 -8.708925 99.756404 -0.026261 6.971020 0.000006 
857 -8.241827 0.000000 8.708925 99.756910 0.003196 6.975582 -0.000010 
858 -11.368037 0.000000 8.708925 99.756688 0.002180 6.975652 -0.000006 
859 -8.241827 0.000000 11.611899 99.756863 0.003512 6.975516 -0.000009 
860 -3.552511 0.000000 -4.354462 99.754443 -0.004297 6.975194 0.000040 
861 -5.115617 0.000000 -4.354462 99.755303 -0.002876 6.975580 0.000022 
862 -3.552511 0.000000 -5.805950 99.754738 -0.005008 6.974969 0.000034 
863 10.515434 0.000000 8.708925 99.757294 0.030265 6.969297 -0.000009 
864 13.641644 0.000000 8.708925 99.757117 0.032746 6.968868 -0.000005 
865 10.515434 0.000000 11.611899 99.757052 0.021053 6.972294 -0.000008 
866 5.826119 0.000000 -4.354462 99.755199 -0.049121 6.956455 0.000051 
867 5.826119 0.000000 -5.805950 99.755155 -0.034253 6.965086 0.000040 
868 7.389224 0.000000 -4.354462 99.756306 -0.051617 6.956959 0.000028 
869 -3.552511 0.000000 4.354462 99.758376 0.005385 6.975495 -0.000039 
870 -5.115617 0.000000 4.354462 99.757487 0.003762 6.975727 -0.000022 
871 -3.552511 0.000000 5.805950 99.758212 0.006053 6.975158 -0.000035 
872 -1.207854 0.000000 -2.177231 99.749845 0.000100 6.968831 0.000140 
873 -1.989406 0.000000 -2.177231 99.750687 0.001809 6.975305 0.000115 
874 -1.207854 0.000000 -2.902975 99.753753 -0.005650 6.966953 0.000065 
875 5.826119 0.000000 4.354462 99.760036 0.058146 6.950435 -0.000038 
876 7.389224 0.000000 4.354462 99.759195 0.063547 6.948909 -0.000019 
877 5.826119 0.000000 5.805950 99.758976 0.039926 6.962364 -0.000033 
878 3.481461 0.000000 -2.177231 99.747463 -0.089827 6.896755 0.000287 
879 3.481461 0.000000 -2.902975 99.752615 -0.063693 6.935904 0.000131 
880 4.263014 0.000000 -2.177231 99.755157 -0.100055 6.901651 0.000127 
881 -1.207854 0.000000 2.177231 99.770646 0.009441 6.981784 -0.000293 
882 -1.989406 0.000000 2.177231 99.760666 0.009910 6.976785 -0.000087 
883 -1.207854 0.000000 2.902975 99.766498 0.013911 6.977962 -0.000205 
884 -0.817078 0.000000 -1.088616 99.730594 -0.004585 6.972864 0.000519 
885 -1.207854 0.000000 -1.088616 99.740476 -0.004165 6.982129 0.000309 
886 -0.817078 0.000000 -1.451487 99.742582 -0.000114 6.961717 0.000295 
887 3.481461 0.000000 2.177231 99.767321 0.100646 6.876793 -0.000082 
888 4.263014 0.000000 2.177231 99.765209 0.119611 6.871775 -0.000033 
889 3.481461 0.000000 2.902975 99.764460 0.072770 6.923362 -0.000089 
890 -0.230913 0.000000 -0.544308 99.561667 0.022848 7.027865 0.003808 
891 -0.426301 0.000000 -0.544308 99.676827 0.012860 7.032276 0.001508 
892 -0.230913 0.000000 -0.725744 99.606944 0.007052 6.968649 0.002989 
893 0.941416 0.000000 -0.544308 99.541071 0.011191 6.571218 0.004839 
894 0.941416 0.000000 -0.725744 99.607400 0.007656 6.717908 0.003324 
895 -0.817078 0.000000 1.088616 99.762968 0.006431 6.979746 -0.000137 
896 -1.207854 0.000000 1.088616 99.761242 -0.003229 6.977082 -0.000099 
897 -0.817078 0.000000 1.451487 99.771254 0.002884 6.984341 -0.000308 
898 -0.230913 0.000000 0.544308 99.745868 0.006757 6.926384 0.000279 
899 -0.426301 0.000000 0.544308 99.789356 -0.003611 6.958695 -0.000634 
900 -0.230913 0.000000 0.725744 99.764702 -0.019370 6.975102 -0.000165 
901 -0.133219 0.000000 -0.272154 99.478480 -0.003070 7.610266 0.004612 
902 -0.230913 0.000000 -0.272154 99.719434 0.132954 7.482791 0.000002 
903 -0.133219 0.000000 -0.362872 99.276027 0.063574 7.250158 0.009170 
904 0.941416 0.000000 0.544308 100.065731 0.014419 6.541363 -0.005594 
905 0.941416 0.000000 0.725744 99.939065 0.019294 6.704349 -0.003277 
906 -0.133219 0.000000 0.272154 99.946325 -0.136055 6.356715 -0.002969 
907 -0.230913 0.000000 0.272154 99.979866 0.073684 6.560649 -0.003902 
908 -0.133219 0.000000 0.362872 99.654491 -0.049616 6.680590 0.002435 
909 0.037745 0.000000 -0.113397 86.254838 0.051227 3.618378 0.254701 
910 0.013322 0.000000 -0.113397 85.376971 0.019151 10.810324 0.259391 
911 0.037745 0.000000 -0.136077 90.987030 0.075187 5.187095 0.169445 
912 0.648333 0.000000 -0.272154 101.110661 -0.001691 1.877896 -0.022689 
913 0.648333 0.000000 -0.362872 99.635926 0.030944 6.454337 0.003102 
914 0.746027 0.000000 -0.272154 101.925820 0.027707 2.793866 -0.039668 
915 0.648333 0.000000 0.272154 101.403289 -0.012766 1.879108 -0.028616 
916 0.746027 0.000000 0.272154 102.423982 0.012328 2.792380 -0.049847 
917 0.648333 0.000000 0.362872 100.039994 -0.038073 6.226573 -0.004677 
918 0.037745 0.000000 0.113397 90.248819 -0.096494 6.865487 0.180801 
919 0.013322 0.000000 0.113397 89.444223 -0.118119 1.201382 0.199827 
920 0.037745 0.000000 0.136077 94.017231 -0.080479 6.455759 0.111908 
921 0.098804 0.000000 -0.079378 89.874681 -0.042502 -14.746765 0.170507 
922 0.098804 0.000000 -0.090718 90.019255 0.000412 -14.930236 0.167362 
923 0.098804 0.000000 -0.068038 89.865848 -0.045326 -14.725621 0.170728 
924 0.098804 0.000000 0.079378 94.667637 -0.045484 15.997981 0.078210 
925 0.098804 0.000000 0.068038 94.662825 -0.044658 16.001718 0.078289 
926 0.098804 0.000000 0.090718 94.730961 -0.058871 15.971712 0.077095 
927 0.233134 0.000000 -0.068038 89.451266 0.008561 -6.697698 0.195361 
928 0.233134 0.000000 -0.045359 90.971712 -0.027281 -4.936646 0.169978 
929 0.184287 0.000000 -0.113397 98.362563 -0.209962 -7.199594 0.027293 
930 0.184287 0.000000 -0.136077 98.122129 -0.167959 -3.761557 0.035787 
931 0.233134 0.000000 0.068038 89.485577 -0.047644 6.779249 0.194637 
932 0.233134 0.000000 0.045359 90.975211 -0.048713 5.081956 0.169768 
933 0.184287 0.000000 0.113397 101.112275 -0.328741 12.644823 -0.038369 
934 0.184287 0.000000 0.136077 100.442106 -0.278503 11.744761 -0.022663 
935 0.501792 0.000000 -0.045359 100.226102 0.000117 5.046614 -0.007074 
936 0.550639 0.000000 -0.045359 101.235809 -0.002975 6.388747 -0.028951 
937 0.501792 0.000000 0.000000 101.263041 -0.004165 6.614409 -0.029795 
938 0.501792 0.000000 0.045359 100.354851 -0.011741 5.044727 -0.009655 
939 0.550639 0.000000 0.045359 101.289700 -0.005663 6.390648 -0.030044 
940 0.428522 0.000000 -0.068038 98.958999 0.005321 2.137291 0.020255 
941 0.452945 0.000000 -0.068038 99.100418 0.005991 3.663707 0.016568 
942 0.428522 0.000000 -0.045359 99.117409 0.003720 1.381689 0.017383 
943 0.367463 0.000000 -0.102058 104.528461 0.091741 -3.125738 -0.093598 
944 0.367463 0.000000 -0.113397 104.609939 0.085282 -2.623734 -0.095013 
945 0.367463 0.000000 -0.090718 104.837080 0.089499 -2.869955 -0.099906 
946 0.428522 0.000000 0.068038 99.280020 -0.022565 2.132233 0.013893 
947 0.428522 0.000000 0.045359 99.434442 -0.021927 1.378228 0.011089 
948 0.452945 0.000000 0.068038 99.408600 -0.021120 3.662952 0.010451 
949 0.367463 0.000000 0.102058 105.752892 0.020755 3.424055 -0.119540 
950 0.367463 0.000000 0.090718 106.055623 0.019942 3.163146 -0.125780 
951 0.367463 0.000000 0.113397 105.730670 0.023529 2.910777 -0.118745 
952 1.722968 0.000000 -0.544308 99.534073 -0.112868 6.124813 0.005544 
953 1.722968 0.000000 -0.725744 99.580079 -0.095137 6.455120 0.004213 
954 1.722968 0.000000 0.544308 100.097955 0.117754 5.980486 -0.005538 
955 1.722968 0.000000 0.725744 99.909924 0.086727 6.374361 -0.002263 
956 1.429886 0.000000 -0.272154 101.599726 -0.017830 1.345615 -0.032432 
957 1.429886 0.000000 -0.362872 99.671666 -0.017310 5.646418 0.003368 
958 1.527580 0.000000 -0.272154 101.682489 -0.007103 1.378976 -0.034123 
959 1.429886 0.000000 0.272154 101.202574 0.049607 1.293671 -0.024364 
960 1.527580 0.000000 0.272154 101.875420 0.176951 1.412802 -0.038063 
961 1.429886 0.000000 0.362872 99.976045 0.054336 5.292435 -0.002322 
962 3.090685 0.000000 -1.088616 99.750755 -0.207932 6.675116 0.000519 
963 3.090685 0.000000 -1.451487 99.746636 -0.147795 6.806970 0.000425 
964 3.481461 0.000000 -1.088616 99.762209 -0.213445 6.684966 0.000277 
965 2.504521 0.000000 -0.544308 99.698700 -0.399088 5.765260 0.002677 
966 2.504521 0.000000 -0.725744 99.680542 -0.274589 6.280391 0.002427 
967 2.699909 0.000000 -0.544308 99.750902 -0.422046 5.777332 0.001620 
968 3.090685 0.000000 1.088616 99.782806 0.241185 6.552983 0.000039 
969 3.481461 0.000000 1.088616 99.787233 0.257763 6.529401 -0.000019 
970 3.090685 0.000000 1.451487 99.775279 0.168226 6.746761 -0.000065 
971 2.504521 0.000000 0.544308 99.777089 0.426033 5.314028 0.001611 
972 2.699909 0.000000 0.544308 99.829966 0.466857 5.259769 0.000609 
973 2.504521 0.000000 0.725744 99.777182 0.309230 6.038053 0.000796 
974 2.406827 0.000000 -0.272154 99.710443 -0.711948 3.317755 0.004631 
975 2.406827 0.000000 -0.362872 99.545556 -0.540801 4.381819 0.007119 
976 2.504521 0.000000 -0.272154 99.844959 -0.724171 3.445251 0.001859 
977 2.406827 0.000000 0.272154 99.691935 0.632269 3.009522 0.005206 
978 2.504521 0.000000 0.272154 99.916693 0.659403 2.871560 0.000797 
979 2.406827 0.000000 0.362872 99.582847 0.573520 3.921017 0.006755 
980 2.357979 0.000000 -0.136077 100.788252 -0.837460 0.172435 -0.015900 
981 2.357979 0.000000 -0.181436 99.674381 -0.837351 1.445784 0.006223 
982 2.406827 0.000000 -0.136077 100.850484 -0.820133 1.440093 -0.017357 
983 2.284709 0.000000 -0.113397 92.992943 -0.605571 -6.117634 0.131452 
984 2.284709 0.000000 -0.136077 95.341826 -0.705658 -1.105646 0.090822 
985 2.309132 0.000000 -0.113397 99.841118 -0.637885 -5.054438 0.000580 
986 2.357979 0.000000 0.136077 100.479656 0.613302 4.828192 -0.011985 
987 2.406827 0.000000 0.136077 100.721281 0.607477 3.527210 -0.015759 
988 2.357979 0.000000 0.181436 99.399780 0.664345 3.562102 0.010655 
989 2.284709 0.000000 0.113397 91.031512 0.787260 11.285989 0.158527 
990 2.309132 0.000000 0.113397 98.918330 0.751178 10.471909 0.010494 
991 2.284709 0.000000 0.136077 94.045135 0.791609 5.806538 0.112117 
1 11 62 60 61 
2 62 10 24 60 
3 60 24 14 63 
4 61 60 63 6 
5 24 66 64 65 
6 66 23 40 64 
7 64 40 27 67 
8 65 64 67 14 
9 40 70 68 69 
10 69 68 71 27 
11 6 63 92 93 
12 63 14 36 92 
13 92 36 19 94 
14 93 92 94 20 
15 14 67 95 96 
16 67 27 52 95 
17 95 52 35 97 
18 96 95 97 36 
19 27 71 98 99 
20 99 98 100 52 
21 68 112 110 111 
22 112 56 80 110 
23 110 80 43 113 
24 111 110 113 71 
25 80 116 114 115 
26 115 114 117 43 
27 71 113 133 134 
28 113 43 102 133 
29 133 102 76 135 
30 134 133 135 98 
31 43 117 136 137 
32 137 136 138 102 
33 114 141 139 140 
34 141 106 129 139 
35 139 129 83 142 
36 140 139 142 117 
37 129 149 147 148 
38 147 150 132 151 
39 148 147 151 83 
40 117 142 152 153 
41 142 83 144 152 
42 152 144 125 154 
43 153 152 154 136 
44 83 151 155 156 
45 151 132 157 155 
46 156 155 158 144 
47 12 161 159 160 
48 161 7 162 159 
49 159 162 13 25 
50 160 159 25 10 
51 25 165 163 164 
52 165 13 166 163 
53 163 166 26 41 
54 164 163 41 23 
55 41 169 167 168 
56 169 26 170 167 
57 167 170 42 57 
58 168 167 57 39 
59 39 173 171 172 
60 173 57 174 171 
61 171 174 55 81 
62 172 171 81 56 
63 81 177 175 176 
64 177 55 178 175 
65 175 178 82 107 
66 176 175 107 79 
67 79 181 179 180 
68 181 107 182 179 
69 179 182 105 130 
70 180 179 130 106 
71 106 185 183 184 
72 185 130 186 183 
73 184 183 149 129 
74 195 197 109 198 
75 150 195 198 132 
76 149 201 199 200 
77 201 128 202 199 
78 199 202 150 203 
79 200 199 203 147 
80 132 198 210 157 
81 198 109 211 210 
82 19 38 213 214 
83 38 21 215 213 
84 213 215 9 216 
85 214 213 216 22 
86 35 54 217 218 
87 54 37 219 217 
88 217 219 21 220 
89 218 217 220 38 
90 51 78 221 222 
91 78 53 223 221 
92 221 223 37 224 
93 222 221 224 54 
94 76 104 225 226 
95 104 75 227 225 
96 225 227 78 228 
97 226 225 228 51 
98 101 127 229 230 
99 127 103 231 229 
100 229 231 75 232 
101 230 229 232 104 
102 125 146 233 234 
103 146 124 235 233 
104 233 235 127 236 
105 234 233 236 101 
106 144 158 237 238 
107 237 239 146 240 
108 238 237 240 125 
109 155 243 241 242 
110 243 157 244 241 
111 241 244 143 245 
112 242 241 245 158 
113 130 247 246 186 
114 247 105 248 246 
115 249 251 195 252 
116 202 249 252 150 
117 186 255 253 254 
118 255 246 256 253 
119 253 256 196 250 
120 254 253 250 128 
121 128 259 257 258 
122 259 250 260 257 
123 257 260 249 261 
124 258 257 261 202 
125 262 263 124 264 
126 239 262 264 146 
127 157 266 265 244 
128 266 210 267 265 
129 143 268 269 270 
130 268 212 271 269 
131 269 271 262 272 
132 270 269 272 239 
133 244 275 273 274 
134 275 265 276 273 
135 273 276 268 277 
136 274 273 277 143 
137 278 280 194 281 
138 197 278 281 109 
139 283 131 284 282 
140 282 284 197 285 
141 251 282 285 195 
142 107 287 286 182 
143 287 82 288 286 
144 286 288 108 192 
145 182 286 192 105 
146 105 290 289 248 
147 290 192 291 289 
148 246 293 292 256 
149 293 248 294 292 
150 292 294 131 283 
151 256 292 283 196 
152 196 297 295 296 
153 297 283 298 295 
154 295 298 282 299 
155 296 295 299 251 
156 109 281 300 211 
157 281 194 301 300 
158 210 304 303 267 
159 304 211 305 303 
160 303 305 145 306 
161 124 209 307 235 
162 209 126 308 307 
163 307 308 103 309 
164 235 307 309 127 
165 310 311 209 312 
166 263 310 312 124 
167 212 306 313 271 
168 306 145 314 313 
169 313 314 263 315 
170 271 313 315 262 
171 267 318 316 317 
172 318 303 319 316 
173 316 319 306 320 
174 317 316 320 212 
175 131 322 321 284 
176 322 279 323 321 
177 321 323 278 324 
178 284 321 324 197 
179 211 326 325 305 
180 326 300 327 325 
181 325 327 302 328 
182 305 325 328 145 
183 192 334 333 291 
184 334 108 335 333 
185 289 339 337 338 
186 339 291 340 337 
187 337 340 191 341 
188 338 337 341 279 
189 345 347 126 348 
190 311 345 348 209 
191 302 351 349 350 
192 351 207 352 349 
193 349 352 311 353 
194 350 349 353 310 
195 354 355 59 356 
196 280 354 356 194 
197 291 358 357 340 
198 358 333 359 357 
199 357 359 336 360 
200 191 360 361 362 
201 360 336 363 361 
202 361 363 354 364 
203 362 361 364 280 
204 340 367 365 366 
205 367 357 368 365 
206 365 368 360 369 
207 366 365 369 191 
208 194 356 370 301 
209 356 59 371 370 
210 373 346 374 372 
211 372 374 345 375 
212 352 372 375 311 
213 301 378 376 377 
214 378 370 379 376 
215 376 379 346 373 
216 377 376 373 207 
217 207 382 380 381 
218 382 373 383 380 
219 380 383 372 384 
220 381 380 384 352 
221 57 386 385 174 
222 386 42 387 385 
223 385 387 58 89 
224 174 385 89 55 
225 55 389 388 178 
226 389 89 390 388 
227 388 390 88 188 
228 178 388 188 82 
229 82 392 391 288 
230 392 188 393 391 
231 391 393 187 330 
232 288 391 330 108 
233 108 395 394 335 
234 395 330 396 394 
235 333 399 398 359 
236 399 335 400 398 
237 359 398 401 336 
238 75 123 402 227 
239 123 77 403 402 
240 402 403 53 404 
241 227 402 404 78 
242 103 206 405 231 
243 206 121 406 405 
244 405 406 123 407 
245 231 405 407 75 
246 126 344 408 308 
247 344 204 409 408 
248 408 409 206 410 
249 308 408 410 103 
250 411 413 344 414 
251 347 411 414 126 
252 346 416 415 374 
253 415 417 347 418 
254 374 415 418 345 
255 419 420 332 421 
256 355 419 421 59 
257 335 423 422 400 
258 423 394 424 422 
259 336 401 426 363 
260 401 193 427 426 
261 426 427 355 428 
262 363 426 428 354 
263 398 431 429 430 
264 431 400 432 429 
265 429 432 193 433 
266 430 429 433 401 
267 59 421 434 371 
268 421 332 435 434 
269 370 437 436 379 
270 437 371 438 436 
271 436 438 208 416 
272 379 436 416 346 
273 439 441 411 442 
274 417 439 442 347 
275 416 445 443 444 
276 445 208 446 443 
277 443 446 417 447 
278 444 443 447 415 
279 88 453 452 189 
280 453 90 454 452 
281 452 454 5 455 
282 189 452 455 91 
283 187 457 456 331 
284 457 189 458 456 
285 456 458 91 459 
286 331 456 459 190 
287 330 461 460 396 
288 461 187 462 460 
289 460 462 331 463 
290 396 460 463 329 
291 394 465 464 424 
292 465 396 466 464 
293 464 466 329 467 
294 424 464 467 397 
295 193 425 468 427 
296 425 397 469 468 
297 468 469 419 470 
298 427 468 470 355 
299 422 473 471 472 
300 473 424 474 471 
301 471 474 397 475 
302 472 471 475 425 
303 371 477 476 438 
304 477 434 478 476 
305 476 478 412 440 
306 438 476 440 208 
307 91 455 482 205 
308 455 5 483 482 
309 482 483 122 484 
310 205 482 484 121 
311 190 459 485 343 
312 459 91 486 485 
313 485 486 205 487 
314 343 485 487 204 
315 342 489 488 413 
316 489 343 490 488 
317 488 490 204 491 
318 413 488 491 344 
319 412 493 492 441 
320 493 342 494 492 
321 492 494 413 495 
322 441 492 495 411 
323 440 498 496 497 
324 498 412 499 496 
325 496 499 441 500 
326 497 496 500 439 
327 454 510 508 509 
328 508 511 504 512 
329 509 508 512 5 
330 5 512 513 514 
331 512 504 515 513 
332 514 513 516 483 
333 7 518 517 162 
334 518 16 519 517 
335 517 519 15 32 
336 162 517 32 13 
337 13 521 520 166 
338 521 32 522 520 
339 520 522 31 48 
340 166 520 48 26 
341 26 524 523 170 
342 524 48 525 523 
343 523 525 47 85 
344 170 523 85 42 
345 42 527 526 387 
346 527 85 528 526 
347 526 528 84 449 
348 387 526 449 58 
349 58 531 529 530 
350 531 449 532 529 
351 529 532 448 502 
352 530 529 502 90 
353 90 535 533 534 
354 535 502 536 533 
355 533 536 501 510 
356 534 533 510 454 
357 15 538 537 33 
358 538 17 539 537 
359 537 539 8 540 
360 33 537 540 18 
361 31 542 541 49 
362 542 33 543 541 
363 541 543 18 544 
364 49 541 544 34 
365 546 49 547 545 
366 545 547 34 548 
367 448 554 553 503 
368 554 450 555 553 
369 553 555 87 556 
370 503 553 556 451 
371 501 558 557 511 
372 558 503 559 557 
373 557 559 451 560 
374 511 557 560 504 
375 510 563 561 562 
376 563 501 564 561 
377 561 564 511 565 
378 562 561 565 508 
379 18 540 566 45 
380 540 8 567 566 
381 566 567 29 568 
382 45 566 568 28 
383 34 544 569 73 
384 544 18 570 569 
385 569 570 45 571 
386 73 569 571 44 
387 548 34 573 572 
388 572 573 73 574 
389 451 556 578 506 
390 556 87 579 578 
391 578 579 480 580 
392 506 578 580 479 
393 504 560 581 515 
394 560 451 582 581 
395 581 582 506 583 
396 515 581 583 505 
397 21 46 584 215 
398 46 28 585 584 
399 584 585 30 586 
400 215 584 586 9 
401 37 74 587 219 
402 74 44 588 587 
403 587 588 46 589 
404 219 587 589 21 
405 53 120 590 223 
406 120 72 591 590 
407 590 591 74 592 
408 223 590 592 37 
409 77 481 593 403 
410 481 118 594 593 
411 593 594 120 595 
412 403 593 595 53 
413 122 507 596 597 
414 507 479 598 596 
415 596 598 481 599 
416 597 596 599 77 
417 483 516 600 601 
418 516 505 602 600 
419 600 602 507 603 
420 601 600 603 122 
421 513 606 604 605 
422 606 515 607 604 
423 604 607 505 608 
424 605 604 608 516 
425 555 618 616 617 
426 617 616 620 87 
427 87 620 621 622 
428 622 621 624 579 
429 85 626 625 528 
430 626 47 627 625 
431 625 627 86 550 
432 528 625 550 84 
433 84 630 628 629 
434 630 550 631 628 
435 628 631 549 610 
436 629 628 610 450 
437 450 634 632 633 
438 634 610 635 632 
439 632 635 609 618 
440 633 632 618 555 
441 86 637 636 551 
442 637 545 638 636 
443 636 638 548 639 
444 551 636 639 50 
445 641 551 642 640 
446 640 642 50 643 
447 618 650 648 649 
448 650 609 651 648 
449 649 648 652 616 
450 50 639 653 576 
451 639 548 654 653 
452 653 654 572 655 
453 576 653 655 119 
454 643 50 657 656 
455 656 657 576 658 
456 118 577 662 594 
457 577 119 663 662 
458 662 663 72 664 
459 594 662 664 120 
460 480 615 665 666 
461 615 575 667 665 
462 665 667 577 668 
463 666 665 668 118 
464 579 624 669 670 
465 624 613 671 669 
466 669 671 615 672 
467 670 669 672 480 
468 621 675 673 674 
469 673 676 613 677 
470 674 673 677 624 
471 610 679 678 635 
472 679 549 680 678 
473 678 680 611 645 
474 635 678 645 609 
475 609 682 681 651 
476 682 645 683 681 
477 616 652 685 686 
478 685 687 612 688 
479 686 685 688 620 
480 648 691 689 690 
481 691 651 692 689 
482 690 689 693 652 
483 620 688 694 695 
484 688 612 696 694 
485 695 694 675 621 
486 613 661 697 671 
487 661 614 698 697 
488 697 698 575 699 
489 671 697 699 615 
490 700 702 661 703 
491 676 700 703 613 
492 675 706 704 705 
493 704 707 676 708 
494 705 704 708 673 
495 709 710 647 711 
496 687 709 711 612 
497 651 713 712 692 
498 713 681 714 712 
499 652 693 716 717 
500 693 619 718 716 
501 716 718 687 719 
502 717 716 719 685 
503 689 722 720 721 
504 722 692 723 720 
505 720 723 619 724 
506 721 720 724 693 
507 612 711 725 696 
508 711 647 726 725 
509 694 729 727 728 
510 729 696 730 727 
511 727 730 623 706 
512 728 727 706 675 
513 731 733 700 734 
514 707 731 734 676 
515 706 737 735 736 
516 737 623 738 735 
517 735 738 707 739 
518 736 735 739 704 
519 619 715 740 718 
520 715 684 741 740 
521 740 741 709 742 
522 718 740 742 687 
523 692 744 743 723 
524 744 712 745 743 
525 743 745 715 746 
526 723 743 746 619 
527 696 748 747 730 
528 748 725 749 747 
529 747 749 701 732 
530 730 747 732 623 
531 623 751 750 738 
532 751 732 752 750 
533 750 752 731 753 
534 738 750 753 707 
535 755 640 756 754 
536 754 756 643 757 
537 645 759 758 683 
538 759 611 760 758 
539 681 763 762 714 
540 763 683 764 762 
541 762 764 644 765 
542 712 767 766 745 
543 767 714 768 766 
544 766 768 684 769 
545 745 766 769 715 
546 757 643 771 770 
547 770 771 656 772 
548 773 775 614 776 
549 702 773 776 661 
550 778 659 779 777 
551 777 779 702 780 
552 733 777 780 700 
553 732 782 781 752 
554 782 701 783 781 
555 781 783 733 784 
556 752 781 784 731 
557 785 786 552 787 
558 710 785 787 647 
559 684 765 788 741 
560 765 644 789 788 
561 788 789 710 790 
562 741 788 790 709 
563 714 792 791 768 
564 792 762 793 791 
565 791 793 765 794 
566 768 791 794 684 
567 647 787 795 726 
568 787 552 796 795 
569 725 798 797 749 
570 798 726 799 797 
571 797 799 659 778 
572 749 797 778 701 
573 701 801 800 783 
574 801 778 802 800 
575 800 802 777 803 
576 783 800 803 733 
577 804 806 785 807 
578 789 804 807 710 
579 683 809 808 764 
580 809 758 810 808 
581 808 810 761 805 
582 764 808 805 644 
583 644 813 811 812 
584 813 805 814 811 
585 811 814 804 815 
586 812 811 815 789 
587 726 817 816 799 
588 817 795 818 816 
589 659 819 820 779 
590 819 774 821 820 
591 820 821 773 822 
592 779 820 822 702 
593 799 825 823 824 
594 825 816 826 823 
595 823 826 819 827 
596 824 823 827 659 
597 646 829 828 786 
598 829 754 830 828 
599 828 830 757 831 
600 786 828 831 552 
601 761 833 832 806 
602 833 646 834 832 
603 832 834 786 835 
604 806 832 835 785 
605 805 837 836 814 
606 837 761 838 836 
607 836 838 806 839 
608 814 836 839 804 
609 552 831 840 796 
610 831 757 841 840 
611 840 841 770 842 
612 796 840 842 660 
613 795 844 843 818 
614 844 796 845 843 
615 843 845 660 846 
616 818 843 846 774 
617 816 848 847 826 
618 848 818 849 847 
619 847 849 774 850 
620 826 847 850 819 
621 1 853 851 852 
622 853 12 160 851 
623 851 160 10 62 
624 852 851 62 11 
625 16 855 854 519 
626 855 2 856 854 
627 854 856 17 538 
628 519 854 538 15 
629 20 94 857 858 
630 94 19 214 857 
631 857 214 22 859 
632 858 857 859 4 
633 10 862 860 861 
634 862 25 164 860 
635 860 164 23 66 
636 861 860 66 24 
637 28 568 863 585 
638 568 29 864 863 
639 863 864 3 865 
640 585 863 865 30 
641 32 867 866 522 
642 867 15 868 866 
643 866 868 33 542 
644 522 866 542 31 
645 36 97 869 870 
646 97 35 218 869 
647 869 218 38 871 
648 870 869 871 19 
649 23 874 872 873 
650 874 41 168 872 
651 872 168 39 70 
652 873 872 70 40 
653 44 571 875 588 
654 571 45 876 875 
655 875 876 28 877 
656 588 875 877 46 
657 48 879 878 525 
658 879 31 880 878 
659 878 880 49 546 
660 525 878 546 47 
661 52 100 881 882 
662 100 51 222 881 
663 881 222 54 883 
664 882 881 883 35 
665 70 886 884 885 
666 886 39 172 884 
667 884 172 56 112 
668 885 884 112 68 
669 72 574 887 591 
670 574 73 888 887 
671 887 888 44 889 
672 591 887 889 74 
673 56 892 890 891 
674 892 81 176 890 
675 890 176 79 116 
676 891 890 116 80 
677 89 894 893 390 
678 894 58 530 893 
679 893 530 90 453 
680 390 893 453 88 
681 98 135 895 896 
682 135 76 226 895 
683 895 226 51 897 
684 896 895 897 100 
685 102 138 898 899 
686 138 101 230 898 
687 898 230 104 900 
688 899 898 900 76 
689 116 903 901 902 
690 903 79 180 901 
691 901 180 106 141 
692 902 901 141 114 
693 121 484 904 406 
694 484 122 597 904 
695 904 597 77 905 
696 406 904 905 123 
697 136 154 906 907 
698 154 125 234 906 
699 906 234 101 908 
700 907 906 908 138 
701 183 911 909 910 
702 911 186 254 909 
703 909 254 128 201 
704 910 909 201 149 
705 188 913 912 393 
706 913 88 914 912 
707 912 914 189 457 
708 393 912 457 187 
709 204 487 915 409 
710 487 205 916 915 
711 915 916 121 917 
712 409 915 917 206 
713 158 245 918 919 
714 245 143 270 918 
715 918 270 239 920 
716 919 918 920 237 
717 250 922 921 260 
718 922 196 296 921 
719 921 296 251 923 
720 260 921 923 249 
721 265 925 924 276 
722 925 267 317 924 
723 924 317 212 926 
724 276 924 926 268 
725 279 341 927 323 
726 341 191 362 927 
727 927 362 280 928 
728 323 927 928 278 
729 248 930 929 294 
730 930 289 338 929 
731 929 338 279 322 
732 294 929 322 131 
733 300 932 931 327 
734 932 301 377 931 
735 931 377 207 351 
736 327 931 351 302 
737 145 328 933 314 
738 328 302 350 933 
739 933 350 310 934 
740 314 933 934 263 
741 329 463 935 420 
742 463 331 936 935 
743 935 936 190 937 
744 420 935 937 332 
745 332 937 938 435 
746 937 190 939 938 
747 938 939 343 489 
748 435 938 489 342 
749 397 467 940 469 
750 467 329 941 940 
751 940 941 420 942 
752 469 940 942 419 
753 400 944 943 432 
754 944 422 472 943 
755 943 472 425 945 
756 432 943 945 193 
757 434 947 946 478 
758 947 435 948 946 
759 946 948 342 493 
760 478 946 493 412 
761 208 950 949 446 
762 950 440 497 949 
763 949 497 439 951 
764 446 949 951 417 
765 449 953 952 532 
766 953 84 629 952 
767 952 629 450 554 
768 532 952 554 448 
769 479 580 954 598 
770 580 480 666 954 
771 954 666 118 955 
772 598 954 955 481 
773 502 957 956 536 
774 957 448 958 956 
775 956 958 503 558 
776 536 956 558 501 
777 505 583 959 602 
778 583 506 960 959 
779 959 960 479 961 
780 602 959 961 507 
781 47 963 962 627 
782 963 546 964 962 
783 962 964 545 637 
784 627 962 637 86 
785 550 966 965 631 
786 966 86 967 965 
787 965 967 551 641 
788 631 965 641 549 
789 119 655 968 663 
790 655 572 969 968 
791 968 969 574 970 
792 663 968 970 72 
793 575 658 971 667 
794 658 576 972 971 
795 971 972 119 973 
796 667 971 973 577 
797 549 975 974 680 
798 975 641 976 974 
799 974 976 640 755 
800 680 974 755 611 
801 614 772 977 698 
802 772 656 978 977 
803 977 978 658 979 
804 698 977 979 575 
805 611 981 980 760 
806 981 755 982 980 
807 980 982 754 829 
808 760 980 829 646 
809 758 984 983 810 
810 984 760 985 983 
811 983 985 646 833 
812 810 983 833 761 
813 660 842 986 775 
814 842 770 987 986 
815 986 987 772 988 
816 775 986 988 614 
817 774 846 989 821 
818 846 660 990 989 
819 989 990 775 991 
820 821 989 991 773 
