2 0.000000 100.000000 262.180540
991 820 
1 -11.368037 0.000000 -11.618409 99.756130 0.000104 6.975591 0.000006 
2 13.641644 0.000000 -11.618409 99.756273 0.000961 6.972726 0.000007 
3 13.641644 0.000000 11.618409 99.756953 -0.001127 6.971723 -0.000005 
4 -11.368037 0.000000 11.618409 99.756715 -0.000125 6.975598 -0.000006 
5 1.136804 0.000000 0.000000 101.527185 -0.001582 6.250983 -0.034684 
6 -11.368037 0.000000 0.000000 99.756406 -0.000011 6.975776 -0.000000 
7 1.136804 0.000000 -11.618409 99.755346 0.000494 6.974077 0.000023 
8 13.641644 0.000000 0.000000 99.807859 0.019987 6.238577 -0.000053 
9 1.136804 0.000000 11.618409 99.757749 -0.000545 6.973903 -0.000024 
10 -5.115617 0.000000 -5.809205 99.755277 0.000186 6.975398 0.000023 
11 -11.368037 0.000000 -5.809205 99.756168 0.000061 6.975692 0.000005 
12 -5.115617 0.000000 -11.618409 99.755733 0.000224 6.975256 0.000014 
13 1.136804 0.000000 -5.809205 99.752128 0.000871 6.969500 0.000094 
14 -5.115617 0.000000 0.000000 99.756280 -0.000015 6.976224 0.000002 
15 7.389224 0.000000 -5.809205 99.755803 0.001900 6.963912 0.000028 
16 7.389224 0.000000 -11.618409 99.755811 0.000811 6.972922 0.000016 
17 13.641644 0.000000 -5.809205 99.756823 0.002020 6.965004 0.000007 
18 7.389224 0.000000 0.000000 99.967883 0.037525 3.943987 -0.000913 
19 -5.115617 0.000000 5.809205 99.757602 -0.000218 6.975508 -0.000024 
20 -11.368037 0.000000 5.809205 99.756661 -0.000083 6.975706 -0.000005 
21 1.136804 0.000000 5.809205 99.762041 -0.000934 6.968901 -0.000103 
22 -5.115617 0.000000 11.618409 99.757184 -0.000254 6.975258 -0.000015 
23 -1.989406 0.000000 -2.904602 99.751214 0.000334 6.974555 0.000105 
24 -5.115617 0.000000 -2.904602 99.755349 0.000109 6.975817 0.000021 
25 -1.989406 0.000000 -5.809205 99.753730 0.000391 6.974003 0.000056 
26 1.136804 0.000000 -2.904602 99.743542 0.001461 6.951135 0.000291 
27 -1.989406 0.000000 0.000000 99.754258 0.000305 6.978545 0.000039 
28 7.389224 0.000000 5.809205 99.758578 -0.002157 6.960139 -0.000022 
29 13.641644 0.000000 5.809205 99.757905 -0.002602 6.957025 -0.000004 
30 7.389224 0.000000 11.618409 99.757358 -0.000908 6.972369 -0.000014 
31 4.263014 0.000000 -2.904602 99.753691 0.003718 6.929956 0.000118 
32 4.263014 0.000000 -5.809205 99.753953 0.001527 6.964900 0.000064 
33 7.389224 0.000000 -2.904602 99.757969 0.004132 6.932179 0.000029 
34 4.263014 0.000000 0.000000 100.115392 0.002261 1.754573 -0.002617 
35 -1.989406 0.000000 2.904602 99.761213 -0.000358 6.975615 -0.000096 
36 -5.115617 0.000000 2.904602 99.757351 -0.000139 6.975961 -0.000019 
37 1.136804 0.000000 2.904602 99.778648 -0.001473 6.948889 -0.000407 
38 -1.989406 0.000000 5.809205 99.759486 -0.000430 6.974236 -0.000060 
39 -0.426301 0.000000 -1.452301 99.725199 0.002842 6.957336 0.000648 
40 -1.989406 0.000000 -1.452301 99.750562 -0.001115 6.975846 0.000116 
41 -0.426301 0.000000 -2.904602 99.741003 0.012078 6.968575 0.000317 
42 1.136804 0.000000 -1.452301 99.700794 0.000089 6.876985 0.001246 
43 -0.426301 0.000000 0.000000 100.002363 -0.067464 7.043493 -0.005009 
44 4.263014 0.000000 2.904602 99.763231 -0.003993 6.915068 -0.000052 
45 7.389224 0.000000 2.904602 99.762226 -0.004942 6.902994 -0.000015 
46 4.263014 0.000000 5.809205 99.760228 -0.001660 6.962742 -0.000058 
47 2.699909 0.000000 -1.452301 99.739338 0.008326 6.796993 0.000587 
48 2.699909 0.000000 -2.904602 99.747495 0.018203 6.934726 0.000235 
49 4.263014 0.000000 -1.452301 99.760856 0.008551 6.796292 0.000158 
50 2.699909 0.000000 0.000000 100.139147 0.012392 1.208004 -0.002931 
51 -0.426301 0.000000 1.452301 99.772065 -0.000700 6.979272 -0.000318 
52 -1.989406 0.000000 1.452301 99.759482 -0.010206 6.977041 -0.000063 
53 1.136804 0.000000 1.452301 99.816625 -0.006981 6.881221 -0.001071 
54 -0.426301 0.000000 2.904602 99.768127 -0.011521 6.970112 -0.000226 
55 0.355251 0.000000 -0.726151 99.680346 0.025354 6.724295 0.001861 
56 -0.426301 0.000000 -0.726151 99.672385 0.017186 6.993822 0.001650 
57 0.355251 0.000000 -1.452301 99.724950 0.002602 6.921445 0.000703 
58 1.136804 0.000000 -0.726151 99.627088 0.024263 6.645813 0.003028 
59 0.355251 0.000000 0.000000 71.033993 -0.006707 0.043136 0.495417 
60 -8.241827 0.000000 -2.904602 99.756068 0.000051 6.975796 0.000007 
61 -11.368037 0.000000 -2.904602 99.756263 0.000028 6.975748 0.000003 
62 -8.241827 0.000000 -5.809205 99.755918 0.000101 6.975652 0.000010 
63 -8.241827 0.000000 0.000000 99.756386 -0.000013 6.975884 0.000000 
64 -3.552511 0.000000 -1.452301 99.754696 0.000093 6.976481 0.000033 
65 -5.115617 0.000000 -1.452301 99.755704 0.000051 6.976077 0.000013 
66 -3.552511 0.000000 -2.904602 99.754152 0.000176 6.975745 0.000045 
67 -3.552511 0.000000 0.000000 99.756085 -0.000012 6.976950 0.000005 
68 -1.207854 0.000000 -0.726151 99.744382 0.002996 6.981318 0.000232 
69 -1.989406 0.000000 -0.726151 99.752777 0.004574 6.973458 0.000075 
70 -1.207854 0.000000 -1.452301 99.742702 0.000778 6.973653 0.000276 
71 -1.207854 0.000000 0.000000 99.754168 -0.000204 6.982397 0.000035 
72 2.699909 0.000000 1.452301 99.787862 -0.009449 6.734980 -0.000298 
73 4.263014 0.000000 1.452301 99.775414 -0.008988 6.699128 -0.000001 
74 2.699909 0.000000 2.904602 99.770883 -0.004547 6.923910 -0.000217 
75 0.355251 0.000000 0.726151 99.939719 -0.022040 6.973466 -0.003658 
76 -0.426301 0.000000 0.726151 99.772903 -0.041092 6.972468 -0.000325 
77 1.136804 0.000000 0.726151 99.978743 -0.006637 6.613843 -0.003949 
78 0.355251 0.000000 1.452301 99.811320 -0.000794 6.954831 -0.001067 
79 -0.035525 0.000000 -0.363075 98.890041 0.012407 6.996995 0.017180 
80 -0.426301 0.000000 -0.363075 99.749560 0.002092 7.067108 0.000008 
81 -0.035525 0.000000 -0.726151 99.563230 0.025871 6.877267 0.003987 
82 0.355251 0.000000 -0.363075 100.168505 0.107807 5.776376 -0.006711 
83 -0.035525 0.000000 0.000000 169.416670 -0.079045 7.313951 -1.875551 
84 1.918356 0.000000 -0.726151 99.624051 0.012386 6.357608 0.003463 
85 1.918356 0.000000 -1.452301 99.727803 0.008646 6.832522 0.000768 
86 2.699909 0.000000 -0.726151 99.724460 0.047232 6.208045 0.001649 
87 1.918356 0.000000 0.000000 101.270125 0.197705 4.629406 -0.027711 
88 0.746027 0.000000 -0.363075 99.535963 0.034739 6.423719 0.005133 
89 0.746027 0.000000 -0.726151 99.629806 0.031681 6.791671 0.002777 
90 1.136804 0.000000 -0.363075 99.410703 -0.007182 5.764816 0.008428 
91 0.746027 0.000000 0.000000 101.776219 0.001245 6.703475 -0.040334 
92 -8.241827 0.000000 2.904602 99.756727 -0.000077 6.975830 -0.000007 
93 -11.368037 0.000000 2.904602 99.756554 -0.000050 6.975758 -0.000003 
94 -8.241827 0.000000 5.809205 99.756917 -0.000127 6.975691 -0.000010 
95 -3.552511 0.000000 1.452301 99.757584 -0.000119 6.976725 -0.000025 
96 -5.115617 0.000000 1.452301 99.756896 -0.000081 6.976170 -0.000011 
97 -3.552511 0.000000 2.904602 99.758427 -0.000207 6.976101 -0.000041 
98 -1.207854 0.000000 0.726151 99.760641 -0.002493 6.977938 -0.000088 
99 -1.989406 0.000000 0.726151 99.759159 -0.001110 6.984670 -0.000068 
100 -1.207854 0.000000 1.452301 99.762504 -0.000040 6.978035 -0.000125 
101 -0.035525 0.000000 0.363075 99.401900 -0.132149 6.763070 0.007351 
102 -0.426301 0.000000 0.363075 99.820027 -0.015819 6.897974 -0.001162 
103 0.355251 0.000000 0.363075 100.713524 -0.044528 7.080927 -0.019336 
104 -0.035525 0.000000 0.726151 99.776945 -0.015876 7.005288 -0.000451 
105 0.159863 0.000000 -0.181538 97.390062 -0.074028 0.521946 0.051490 
106 -0.035525 0.000000 -0.181538 96.915253 0.270161 10.103628 0.050528 
107 0.159863 0.000000 -0.363075 98.972722 0.083738 5.776274 0.017103 
108 0.355251 0.000000 -0.181538 101.375597 0.141450 3.064788 -0.028642 
109 0.159863 0.000000 0.000000 120.704392 0.143680 0.156397 -0.456960 
110 -0.817078 0.000000 -0.363075 99.747901 -0.007015 6.997388 0.000139 
111 -1.207854 0.000000 -0.363075 99.748193 -0.000029 6.982266 0.000155 
112 -0.817078 0.000000 -0.726151 99.732658 0.002599 6.983165 0.000463 
113 -0.817078 0.000000 0.000000 99.771251 -0.014141 6.999605 -0.000330 
114 -0.230913 0.000000 -0.181538 100.285768 -0.008469 7.494021 -0.011340 
115 -0.426301 0.000000 -0.181538 99.887368 -0.060416 7.101916 -0.002793 
116 -0.230913 0.000000 -0.363075 99.469932 0.054031 7.326564 0.005205 
117 -0.230913 0.000000 0.000000 101.334460 -0.079548 7.086616 -0.031890 
118 1.918356 0.000000 0.726151 100.012176 -0.008457 6.171812 -0.004053 
119 2.699909 0.000000 0.726151 99.808507 0.001868 5.925010 0.000316 
120 1.918356 0.000000 1.452301 99.825536 -0.006294 6.785872 -0.001119 
121 0.746027 0.000000 0.363075 100.004991 -0.039135 6.225432 -0.003976 
122 1.136804 0.000000 0.363075 100.337833 -0.021751 5.829220 -0.010166 
123 0.746027 0.000000 0.726151 99.934316 -0.030935 6.755011 -0.003250 
124 0.159863 0.000000 0.181538 99.152693 -0.254260 10.320918 0.006216 
125 -0.035525 0.000000 0.181538 98.286027 0.079448 3.657213 0.032648 
126 0.355251 0.000000 0.181538 102.282117 -0.063113 6.183280 -0.049987 
127 0.159863 0.000000 0.363075 99.642957 -0.100126 7.473193 0.001542 
128 0.062169 0.000000 -0.090769 83.105040 0.074826 -4.816303 0.307035 
129 -0.035525 0.000000 -0.090769 102.964620 0.122273 27.004762 -0.133099 
130 0.062169 0.000000 -0.181538 94.893744 0.107803 4.447705 0.097538 
131 0.159863 0.000000 -0.090769 97.425883 -0.034131 -13.022114 0.033862 
132 0.062169 0.000000 0.000000 203.116166 0.009367 0.782810 -3.125679 
133 -0.817078 0.000000 0.363075 99.772339 -0.010256 6.982339 -0.000327 
134 -1.207854 0.000000 0.363075 99.757690 -0.000386 6.980853 -0.000033 
135 -0.817078 0.000000 0.726151 99.764451 0.000832 6.977315 -0.000163 
136 -0.230913 0.000000 0.181538 100.512003 -0.067582 6.587520 -0.014606 
137 -0.426301 0.000000 0.181538 99.937384 0.000798 6.926184 -0.003545 
138 -0.230913 0.000000 0.363075 99.717396 -0.043380 6.665654 0.001201 
139 -0.133219 0.000000 -0.090769 103.441474 -0.025957 9.913149 -0.079841 
140 -0.230913 0.000000 -0.090769 100.880790 -0.056334 7.575340 -0.023432 
141 -0.133219 0.000000 -0.181538 99.887210 -0.149615 9.096682 -0.006023 
142 -0.133219 0.000000 0.000000 106.900779 0.062846 7.281913 -0.148081 
143 0.062169 0.000000 0.090769 87.892807 -0.006835 11.411916 0.214462 
144 -0.035525 0.000000 0.090769 105.332846 0.042006 -12.004574 -0.123912 
145 0.159863 0.000000 0.090769 101.153685 -0.013946 13.780479 -0.042197 
146 0.062169 0.000000 0.181538 96.854953 -0.100200 7.804227 0.055820 
147 0.013322 0.000000 -0.045384 68.973308 0.172935 -13.442387 0.506196 
148 -0.035525 0.000000 -0.045384 146.885897 -0.030016 38.638610 -1.306841 
149 0.013322 0.000000 -0.090769 72.297772 0.005096 11.844765 0.463273 
150 0.062169 0.000000 -0.045384 200.615324 0.053565 -19.334598 -3.062034 
151 0.013322 0.000000 0.000000 254.226349 0.004608 3.662829 -5.464445 
152 -0.133219 0.000000 0.090769 103.907970 -0.100547 4.527000 -0.081737 
153 -0.230913 0.000000 0.090769 101.020429 -0.091133 6.565447 -0.024824 
154 -0.133219 0.000000 0.181538 100.408155 -0.173526 5.036605 -0.010720 
155 0.013322 0.000000 0.045384 76.920021 -0.155701 15.242041 0.385097 
156 -0.035525 0.000000 0.045384 146.678021 -0.087043 -22.551611 -1.202302 
157 0.062169 0.000000 0.045384 198.974469 -0.004695 20.189509 -2.999846 
158 0.013322 0.000000 0.090769 78.756434 -0.146663 -1.129167 0.379613 
159 -1.989406 0.000000 -8.713807 99.754903 0.000374 6.974448 0.000032 
160 -5.115617 0.000000 -8.713807 99.755506 0.000218 6.975257 0.000018 
161 -1.989406 0.000000 -11.618409 99.755468 0.000337 6.974787 0.000020 
162 1.136804 0.000000 -8.713807 99.754550 0.000631 6.972884 0.000041 
163 -0.426301 0.000000 -4.356903 99.750336 0.000662 6.970715 0.000128 
164 -1.989406 0.000000 -4.356903 99.752555 0.000374 6.974019 0.000079 
165 -0.426301 0.000000 -5.809205 99.752787 0.000588 6.972135 0.000077 
166 1.136804 0.000000 -4.356903 99.750308 0.005951 6.964714 0.000137 
167 0.355251 0.000000 -2.178452 99.742214 0.019239 6.946847 0.000323 
168 -0.426301 0.000000 -2.178452 99.739855 -0.000294 6.962737 0.000348 
169 0.355251 0.000000 -2.904602 99.744122 0.001118 6.959297 0.000268 
170 1.136804 0.000000 -2.178452 99.747466 0.002413 6.930067 0.000242 
171 -0.035525 0.000000 -1.089226 99.691352 0.013897 6.917617 0.001378 
172 -0.426301 0.000000 -1.089226 99.717410 0.002330 6.952813 0.000810 
173 -0.035525 0.000000 -1.452301 99.708455 -0.000806 6.946370 0.000997 
174 0.355251 0.000000 -1.089226 99.707624 0.020024 6.876812 0.001110 
175 0.159863 0.000000 -0.544613 99.444995 0.035425 6.554546 0.006773 
176 -0.035525 0.000000 -0.544613 99.438646 0.042860 6.841550 0.006515 
177 0.159863 0.000000 -0.726151 99.592519 0.028720 6.762581 0.003560 
178 0.355251 0.000000 -0.544613 99.675843 0.045099 6.511184 0.002233 
179 0.062169 0.000000 -0.272306 97.010524 0.160787 5.879476 0.055436 
180 -0.035525 0.000000 -0.272306 97.794187 0.027386 7.743486 0.037633 
181 0.062169 0.000000 -0.363075 98.613764 0.038223 6.392861 0.023446 
182 0.159863 0.000000 -0.272306 98.217814 0.238568 4.201080 0.033556 
183 0.013322 0.000000 -0.136153 91.298094 0.074749 9.205356 0.157991 
184 -0.035525 0.000000 -0.136153 97.620241 0.217900 13.698037 0.028260 
185 0.013322 0.000000 -0.181538 94.968180 0.220081 7.757101 0.092082 
186 0.062169 0.000000 -0.136153 92.078813 0.101542 1.970950 0.151760 
187 0.550639 0.000000 -0.181538 101.135440 -0.000939 5.103218 -0.025442 
188 0.550639 0.000000 -0.363075 99.881817 0.059887 6.485149 -0.001844 
189 0.746027 0.000000 -0.181538 101.658866 0.010087 5.212932 -0.036170 
190 0.550639 0.000000 0.000000 101.272079 -0.007650 6.610447 -0.029973 
191 0.257557 0.000000 -0.090769 101.453909 0.018251 -10.015770 -0.039321 
192 0.257557 0.000000 -0.181538 100.002837 0.034592 1.092469 -0.000176 
193 0.355251 0.000000 -0.090769 104.548387 0.098692 -4.280441 -0.094870 
194 0.257557 0.000000 0.000000 85.543836 -0.046630 0.064272 0.268225 
195 0.111016 0.000000 -0.045384 150.099525 -0.005574 -13.791548 -1.272007 
196 0.111016 0.000000 -0.090769 89.956661 0.022333 -14.918653 0.168523 
197 0.159863 0.000000 -0.045384 119.555622 0.125131 -8.603821 -0.436759 
198 0.111016 0.000000 0.000000 153.315109 -0.021152 0.212507 -1.350557 
199 0.037745 0.000000 -0.068077 70.077806 0.168840 -13.497354 0.490689 
200 0.013322 0.000000 -0.068077 68.963398 0.179052 -13.077150 0.507301 
201 0.037745 0.000000 -0.090769 80.282547 0.050946 -0.755635 0.355414 
202 0.062169 0.000000 -0.068077 75.658134 0.118655 -14.395981 0.406859 
203 0.037745 0.000000 -0.045384 69.628759 0.169317 -13.570196 0.496766 
204 0.550639 0.000000 0.181538 101.405162 -0.017976 5.118317 -0.030920 
205 0.746027 0.000000 0.181538 102.031056 -0.006720 5.233935 -0.043773 
206 0.550639 0.000000 0.363075 100.275694 -0.066905 6.233530 -0.009408 
207 0.257557 0.000000 0.090769 104.149682 -0.045322 10.539072 -0.095823 
208 0.355251 0.000000 0.090769 106.059838 0.007402 4.605082 -0.126990 
209 0.257557 0.000000 0.181538 101.362158 -0.153637 8.761109 -0.035107 
210 0.111016 0.000000 0.045384 149.840209 -0.041912 14.061000 -1.264980 
211 0.159863 0.000000 0.045384 119.503839 0.087069 8.796720 -0.435856 
212 0.111016 0.000000 0.090769 94.624635 -0.086511 15.952976 0.079167 
213 -1.989406 0.000000 8.713807 99.758203 -0.000415 6.974444 -0.000034 
214 -5.115617 0.000000 8.713807 99.757421 -0.000249 6.975297 -0.000020 
215 1.136804 0.000000 8.713807 99.758795 -0.000690 6.972591 -0.000043 
216 -1.989406 0.000000 11.618409 99.757536 -0.000376 6.974741 -0.000021 
217 -0.426301 0.000000 4.356903 99.763857 -0.000700 6.971331 -0.000143 
218 -1.989406 0.000000 4.356903 99.760560 -0.000408 6.974593 -0.000081 
219 1.136804 0.000000 4.356903 99.766964 -0.002941 6.964025 -0.000194 
220 -0.426301 0.000000 5.809205 99.760916 -0.000634 6.972194 -0.000085 
221 0.355251 0.000000 2.178452 99.785712 -0.004052 6.960651 -0.000564 
222 -0.426301 0.000000 2.178452 99.771920 0.000727 6.973197 -0.000306 
223 1.136804 0.000000 2.178452 99.804680 -0.005684 6.932679 -0.000904 
224 0.355251 0.000000 2.904602 99.775301 -0.000933 6.963344 -0.000360 
225 -0.035525 0.000000 1.089226 99.791581 -0.021231 6.986733 -0.000717 
226 -0.426301 0.000000 1.089226 99.774515 -0.002071 6.985741 -0.000375 
227 0.355251 0.000000 1.089226 99.844175 -0.021094 6.961180 -0.001732 
228 -0.035525 0.000000 1.452301 99.775319 -0.004638 6.966253 -0.000364 
229 0.159863 0.000000 0.544613 99.794362 -0.080896 7.106524 -0.000942 
230 -0.035525 0.000000 0.544613 99.674014 -0.014952 6.993234 0.001619 
231 0.355251 0.000000 0.544613 100.038851 -0.073947 6.991767 -0.005666 
232 0.159863 0.000000 0.726151 99.844441 -0.018993 7.028913 -0.001832 
233 0.062169 0.000000 0.272306 98.015916 -0.032022 7.347142 0.033890 
234 -0.035525 0.000000 0.272306 98.554032 -0.044566 6.015007 0.025092 
235 0.159863 0.000000 0.272306 99.233649 -0.057073 8.409258 0.008196 
236 0.062169 0.000000 0.363075 99.234712 -0.122331 7.134928 0.010155 
237 0.013322 0.000000 0.136153 94.214223 -0.042224 3.374026 0.111229 
238 -0.035525 0.000000 0.136153 99.520917 0.113321 0.281898 0.009549 
239 0.062169 0.000000 0.136153 95.045195 -0.115347 8.832224 0.088839 
240 0.013322 0.000000 0.181538 96.786703 0.028045 5.340116 0.060382 
241 0.037745 0.000000 0.068077 77.698669 -0.070947 15.434887 0.372468 
242 0.013322 0.000000 0.068077 76.850141 -0.152422 15.307991 0.385970 
243 0.037745 0.000000 0.045384 77.395444 -0.062966 15.338787 0.377466 
244 0.062169 0.000000 0.068077 82.382325 -0.083664 16.084807 0.295442 
245 0.037745 0.000000 0.090769 85.649293 -0.011018 8.876130 0.258541 
246 0.111016 0.000000 -0.136153 95.199944 0.012884 -1.584986 0.093446 
247 0.111016 0.000000 -0.181538 96.056131 0.035397 1.988251 0.076927 
248 0.159863 0.000000 -0.136153 97.475305 -0.197371 -3.214573 0.048819 
249 0.086592 0.000000 -0.068077 89.131856 -0.087910 -14.617214 0.184184 
250 0.086592 0.000000 -0.090769 89.582878 -0.109682 -14.861220 0.175404 
251 0.111016 0.000000 -0.068077 89.958118 0.006580 -14.665918 0.169245 
252 0.086592 0.000000 -0.045384 173.297370 0.014020 -17.681182 -2.034460 
253 0.086592 0.000000 -0.113461 91.548143 0.107635 -3.838555 0.160419 
254 0.062169 0.000000 -0.113461 88.798947 0.115109 -0.774238 0.211413 
255 0.086592 0.000000 -0.136153 93.580409 0.093473 -0.219204 0.124265 
256 0.111016 0.000000 -0.113461 94.257770 0.042044 -5.105049 0.108941 
257 0.074381 0.000000 -0.079423 85.862022 -0.040072 -14.584491 0.241500 
258 0.062169 0.000000 -0.079423 76.695015 0.103066 -14.491780 0.390785 
259 0.074381 0.000000 -0.090769 84.019286 0.067128 -9.195869 0.285619 
260 0.086592 0.000000 -0.079423 89.270989 -0.083249 -14.669308 0.181549 
261 0.074381 0.000000 -0.068077 82.901591 0.007555 -14.640351 0.291299 
262 0.111016 0.000000 0.136153 97.874152 -0.092654 11.156070 0.029618 
263 0.159863 0.000000 0.136153 99.907497 -0.338406 11.699923 -0.011851 
264 0.111016 0.000000 0.181538 97.947351 -0.186437 9.483731 0.031634 
265 0.086592 0.000000 0.068077 94.133006 -0.027159 15.908737 0.088589 
266 0.086592 0.000000 0.045384 172.545178 -0.011417 18.023309 -2.009668 
267 0.111016 0.000000 0.068077 94.622984 -0.077019 16.011412 0.079012 
268 0.086592 0.000000 0.090769 94.559852 -0.027058 15.942562 0.080427 
269 0.086592 0.000000 0.113461 95.023253 -0.055663 12.206457 0.082158 
270 0.062169 0.000000 0.113461 92.561464 -0.058949 10.100015 0.133036 
271 0.111016 0.000000 0.113461 97.513240 -0.053203 12.700402 0.032986 
272 0.086592 0.000000 0.136153 96.409610 -0.072818 10.367916 0.059769 
273 0.074381 0.000000 0.079423 91.355854 -0.031209 15.782501 0.140502 
274 0.062169 0.000000 0.079423 83.316458 -0.077489 16.010793 0.280202 
275 0.074381 0.000000 0.068077 88.755444 -0.047626 15.946252 0.186819 
276 0.086592 0.000000 0.079423 94.241658 -0.030220 15.920494 0.086505 
277 0.074381 0.000000 0.090769 88.690697 -0.046281 14.914682 0.191151 
278 0.208710 0.000000 -0.045384 98.481884 -0.035057 -5.361035 0.027258 
279 0.208710 0.000000 -0.090769 98.809190 -0.067407 -12.400304 0.008297 
280 0.257557 0.000000 -0.045384 84.638505 0.009787 -4.142159 0.281917 
281 0.208710 0.000000 0.000000 99.569741 0.068304 0.121532 0.008585 
282 0.135439 0.000000 -0.068077 90.664412 0.069192 -15.032762 0.155398 
283 0.135439 0.000000 -0.090769 91.964981 0.049528 -14.662080 0.132746 
284 0.159863 0.000000 -0.068077 118.061589 0.009721 -12.953904 -0.410634 
285 0.135439 0.000000 -0.045384 133.275664 0.110735 -10.796268 -0.787897 
286 0.257557 0.000000 -0.272306 99.763123 0.135859 4.237317 0.002935 
287 0.257557 0.000000 -0.363075 99.722115 0.095178 5.569442 0.002447 
288 0.355251 0.000000 -0.272306 100.358970 0.096443 5.131937 -0.009827 
289 0.208710 0.000000 -0.136153 99.132601 -0.144803 -3.620853 0.015960 
290 0.208710 0.000000 -0.181538 98.552785 0.032943 0.224195 0.028730 
291 0.257557 0.000000 -0.136153 100.429535 0.154663 -3.021230 -0.009524 
292 0.135439 0.000000 -0.113461 95.514022 -0.004204 -5.793605 0.084351 
293 0.135439 0.000000 -0.136153 96.439909 -0.114659 -2.412555 0.069351 
294 0.159863 0.000000 -0.113461 96.938248 -0.144868 -6.773043 0.055708 
295 0.123228 0.000000 -0.079423 90.122602 0.057004 -14.826603 0.165809 
296 0.111016 0.000000 -0.079423 89.956535 0.014228 -14.765449 0.168980 
297 0.123228 0.000000 -0.090769 89.941198 0.044260 -14.915037 0.168812 
298 0.135439 0.000000 -0.079423 91.903559 0.052638 -14.861611 0.133287 
299 0.123228 0.000000 -0.068077 89.944127 0.040106 -14.915722 0.168757 
300 0.208710 0.000000 0.045384 98.489853 -0.054426 5.554145 0.026890 
301 0.257557 0.000000 0.045384 84.650237 -0.059182 4.237550 0.281638 
302 0.208710 0.000000 0.090769 102.168295 -0.107218 13.085422 -0.060960 
303 0.135439 0.000000 0.068077 95.172350 -0.115377 16.043808 0.068481 
304 0.135439 0.000000 0.045384 132.945819 -0.075593 11.052778 -0.779676 
305 0.159863 0.000000 0.068077 118.064335 -0.048389 13.013347 -0.410854 
306 0.135439 0.000000 0.090769 96.336972 -0.085469 15.627066 0.047498 
307 0.257557 0.000000 0.272306 100.659709 -0.146124 7.939357 -0.019543 
308 0.355251 0.000000 0.272306 101.070098 -0.172816 6.733689 -0.026054 
309 0.257557 0.000000 0.363075 100.335323 -0.080824 7.458920 -0.012282 
310 0.208710 0.000000 0.136153 101.338561 -0.293321 11.122505 -0.039330 
311 0.257557 0.000000 0.136153 102.329966 0.047292 9.753515 -0.056656 
312 0.208710 0.000000 0.181538 100.153821 -0.166565 10.034923 -0.013152 
313 0.135439 0.000000 0.113461 98.663712 -0.117206 12.631875 0.010589 
314 0.159863 0.000000 0.113461 99.878206 -0.268049 12.853554 -0.014094 
315 0.135439 0.000000 0.136153 98.995658 -0.231674 11.426078 0.006925 
316 0.123228 0.000000 0.079423 94.694875 -0.113695 15.992057 0.077712 
317 0.111016 0.000000 0.079423 94.619914 -0.082123 15.987670 0.079146 
318 0.123228 0.000000 0.068077 94.578334 -0.103392 15.944592 0.080070 
319 0.135439 0.000000 0.079423 96.293224 -0.083962 15.839478 0.047672 
320 0.123228 0.000000 0.090769 94.567513 -0.107337 15.942633 0.080281 
321 0.184287 0.000000 -0.068077 106.399886 0.006842 -10.576239 -0.143279 
322 0.184287 0.000000 -0.090769 97.397670 -0.040652 -12.877181 0.034787 
323 0.208710 0.000000 -0.068077 96.451647 0.034082 -8.452281 0.062564 
324 0.184287 0.000000 -0.045384 107.862148 -0.039312 -6.958174 -0.168266 
325 0.184287 0.000000 0.068077 106.513607 -0.095472 10.729081 -0.146027 
326 0.184287 0.000000 0.045384 107.885175 -0.087998 7.145886 -0.169028 
327 0.208710 0.000000 0.068077 96.442027 -0.047095 8.620992 0.062461 
328 0.184287 0.000000 0.090769 101.044637 -0.080808 13.811869 -0.040079 
329 0.452945 0.000000 -0.090769 98.858595 0.002831 2.824340 0.021900 
330 0.452945 0.000000 -0.181538 99.582805 -0.003019 1.182792 0.008187 
331 0.550639 0.000000 -0.090769 100.775341 -0.003744 5.618891 -0.018724 
332 0.452945 0.000000 0.000000 101.272079 -0.007650 6.610449 -0.029973 
333 0.306404 0.000000 -0.136153 101.688115 0.126742 -1.263069 -0.034208 
334 0.306404 0.000000 -0.181538 100.783031 0.125398 1.863368 -0.016071 
335 0.355251 0.000000 -0.136153 103.798436 0.168607 0.069021 -0.077415 
336 0.306404 0.000000 -0.090769 103.477799 0.113304 -6.293583 -0.074728 
337 0.233134 0.000000 -0.113461 100.298328 -0.015876 -6.566245 -0.010287 
338 0.208710 0.000000 -0.113461 99.813945 -0.084767 -7.159014 -0.001408 
339 0.233134 0.000000 -0.136153 99.692455 -0.015989 -3.316942 0.005041 
340 0.257557 0.000000 -0.113461 101.481894 0.004216 -10.018782 -0.039895 
341 0.233134 0.000000 -0.090769 101.645470 -0.074615 -10.036321 -0.043253 
342 0.452945 0.000000 0.090769 99.176792 -0.029592 2.821006 0.015601 
343 0.550639 0.000000 0.090769 100.935033 -0.015078 5.621079 -0.021948 
344 0.452945 0.000000 0.181538 99.893974 -0.029320 1.182042 0.001980 
345 0.306404 0.000000 0.136153 103.254074 0.003551 7.377436 -0.071583 
346 0.306404 0.000000 0.090769 105.421152 -0.001713 6.669884 -0.115811 
347 0.355251 0.000000 0.136153 105.039818 -0.059611 5.555481 -0.106423 
348 0.306404 0.000000 0.181538 101.910240 -0.111052 7.618098 -0.044374 
349 0.233134 0.000000 0.113461 102.764260 -0.118849 10.688265 -0.067475 
350 0.208710 0.000000 0.113461 102.533270 -0.154725 12.000783 -0.065711 
351 0.233134 0.000000 0.090769 104.398941 -0.075103 10.564344 -0.101075 
352 0.257557 0.000000 0.113461 104.177560 -0.056970 10.542074 -0.096410 
353 0.233134 0.000000 0.136153 101.772187 -0.132196 10.398082 -0.046572 
354 0.306404 0.000000 -0.045384 75.558489 0.196262 -2.186674 0.428609 
355 0.355251 0.000000 -0.045384 70.287972 0.008079 -1.094712 0.505840 
356 0.306404 0.000000 0.000000 76.162718 0.073233 0.033123 0.419923 
357 0.281981 0.000000 -0.113461 102.653084 0.135681 -8.234940 -0.060549 
358 0.281981 0.000000 -0.136153 101.439358 0.119697 -2.035904 -0.029410 
359 0.306404 0.000000 -0.113461 103.471813 0.102031 -6.294287 -0.074604 
360 0.281981 0.000000 -0.090769 102.434701 0.126860 -8.560028 -0.056616 
361 0.281981 0.000000 -0.068077 78.157674 0.220861 -4.686121 0.386937 
362 0.257557 0.000000 -0.068077 83.627477 0.024441 -6.353628 0.296608 
363 0.306404 0.000000 -0.068077 74.902259 0.155899 -3.238898 0.437914 
364 0.281981 0.000000 -0.045384 79.256447 0.155635 -3.217875 0.370804 
365 0.269769 0.000000 -0.102115 101.646487 0.077716 -9.770617 -0.042748 
366 0.257557 0.000000 -0.102115 101.452025 0.019196 -10.015567 -0.039283 
367 0.269769 0.000000 -0.113461 101.601695 0.099085 -10.030159 -0.042352 
368 0.281981 0.000000 -0.102115 102.425903 0.142233 -9.056700 -0.057311 
369 0.269769 0.000000 -0.090769 101.530215 0.059482 -10.023204 -0.040885 
370 0.306404 0.000000 0.045384 75.683145 0.040663 2.222444 0.426712 
371 0.355251 0.000000 0.045384 70.263130 -0.022685 1.180851 0.506170 
372 0.281981 0.000000 0.113461 104.985959 0.082298 8.686305 -0.109751 
373 0.281981 0.000000 0.090769 104.831846 0.071721 9.024258 -0.107116 
374 0.306404 0.000000 0.113461 105.396798 -0.023665 6.668632 -0.115296 
375 0.281981 0.000000 0.136153 103.178299 -0.065743 8.461561 -0.071736 
376 0.281981 0.000000 0.068077 78.149593 0.153929 4.735730 0.387019 
377 0.257557 0.000000 0.068077 83.680054 -0.049710 6.454735 0.295598 
378 0.281981 0.000000 0.045384 79.300722 0.083197 3.338078 0.370025 
379 0.306404 0.000000 0.068077 75.003313 -0.005383 3.269999 0.436381 
380 0.269769 0.000000 0.102115 104.283512 0.018280 10.282772 -0.098079 
381 0.257557 0.000000 0.102115 104.147805 -0.044538 10.538869 -0.095784 
382 0.269769 0.000000 0.090769 104.210094 0.000672 10.544562 -0.097093 
383 0.281981 0.000000 0.102115 104.881943 0.108676 9.535154 -0.109115 
384 0.269769 0.000000 0.113461 104.266491 0.044715 10.549672 -0.098280 
385 0.746027 0.000000 -1.089226 99.709692 0.018824 6.855992 0.001097 
386 0.746027 0.000000 -1.452301 99.722899 0.002994 6.905221 0.000766 
387 1.136804 0.000000 -1.089226 99.702331 0.002136 6.818747 0.001295 
388 0.550639 0.000000 -0.544613 99.689085 0.043067 6.678678 0.001748 
389 0.550639 0.000000 -0.726151 99.684114 0.028695 6.753896 0.001746 
390 0.746027 0.000000 -0.544613 99.626797 0.046231 6.681805 0.002985 
391 0.452945 0.000000 -0.272306 100.197522 0.111509 5.920517 -0.007461 
392 0.452945 0.000000 -0.363075 100.138999 0.101420 6.290020 -0.006739 
393 0.550639 0.000000 -0.272306 101.118526 -0.008664 1.076582 -0.022612 
394 0.404098 0.000000 -0.136153 98.038182 -0.000198 0.455798 0.038831 
395 0.404098 0.000000 -0.181538 101.527868 0.106420 4.640250 -0.032945 
396 0.452945 0.000000 -0.136153 99.002656 0.001885 2.246395 0.019343 
397 0.404098 0.000000 -0.090769 100.867689 0.031727 -1.305673 -0.017600 
398 0.330828 0.000000 -0.113461 103.428223 0.105383 -6.295869 -0.073705 
399 0.330828 0.000000 -0.136153 102.184910 0.136249 -1.059333 -0.044290 
400 0.355251 0.000000 -0.113461 104.434215 0.104243 -4.524905 -0.092699 
401 0.330828 0.000000 -0.090769 103.422590 0.104094 -6.295485 -0.073588 
402 0.746027 0.000000 1.089226 99.875500 -0.012299 6.889825 -0.002259 
403 1.136804 0.000000 1.089226 99.882091 -0.001948 6.808027 -0.002278 
404 0.746027 0.000000 1.452301 99.827109 -0.001180 6.919678 -0.001333 
405 0.550639 0.000000 0.544613 100.016049 -0.056499 6.717201 -0.004833 
406 0.746027 0.000000 0.544613 100.036027 -0.021615 6.638947 -0.005128 
407 0.550639 0.000000 0.726151 99.965928 -0.022129 6.883630 -0.004057 
408 0.452945 0.000000 0.272306 100.728731 -0.069662 5.818855 -0.018014 
409 0.550639 0.000000 0.272306 101.406008 -0.019737 1.076535 -0.028434 
410 0.452945 0.000000 0.363075 100.579500 -0.040633 6.467964 -0.015807 
411 0.404098 0.000000 0.136153 98.368086 -0.038014 0.452828 0.032351 
412 0.404098 0.000000 0.090769 101.531294 0.012841 2.008450 -0.031264 
413 0.452945 0.000000 0.136153 99.321812 -0.029725 2.243448 0.013014 
414 0.404098 0.000000 0.181538 102.237015 -0.111413 4.398058 -0.047176 
415 0.330828 0.000000 0.113461 105.387637 -0.040129 6.670919 -0.115106 
416 0.330828 0.000000 0.090769 105.381499 -0.041162 6.670513 -0.114976 
417 0.355251 0.000000 0.113461 106.002406 0.005400 4.855737 -0.126009 
418 0.330828 0.000000 0.136153 103.572802 0.007839 6.928615 -0.077533 
419 0.404098 0.000000 -0.045384 69.416269 0.034674 0.708584 0.518088 
420 0.452945 0.000000 -0.045384 99.372294 0.003265 4.461969 0.010524 
421 0.404098 0.000000 0.000000 70.435449 0.015778 0.003965 0.503885 
422 0.379675 0.000000 -0.113461 104.159083 0.071499 -2.092116 -0.085350 
423 0.379675 0.000000 -0.136153 103.627920 0.127692 1.635059 -0.074144 
424 0.404098 0.000000 -0.113461 100.573996 0.035366 -1.588466 -0.011765 
425 0.379675 0.000000 -0.090769 103.875099 0.067314 -2.086098 -0.079439 
426 0.330828 0.000000 -0.068077 71.970621 0.072829 -3.032567 0.481103 
427 0.355251 0.000000 -0.068077 69.059868 0.030526 -1.822930 0.522741 
428 0.330828 0.000000 -0.045384 72.542805 0.002176 -1.944028 0.473376 
429 0.343039 0.000000 -0.102115 103.839899 0.123034 -5.963565 -0.081830 
430 0.330828 0.000000 -0.102115 103.424943 0.104633 -6.295645 -0.073636 
431 0.343039 0.000000 -0.113461 103.925120 0.116250 -5.830368 -0.083444 
432 0.355251 0.000000 -0.102115 104.532797 0.099147 -4.620352 -0.094846 
433 0.343039 0.000000 -0.090769 103.664011 0.122251 -6.310511 -0.078606 
434 0.404098 0.000000 0.045384 69.452085 -0.005805 -0.748408 0.517585 
435 0.452945 0.000000 0.045384 99.661964 -0.024745 4.462499 0.004758 
436 0.330828 0.000000 0.068077 72.097861 -0.070140 3.111020 0.479222 
437 0.330828 0.000000 0.045384 72.601447 -0.062870 2.008926 0.472499 
438 0.355251 0.000000 0.068077 69.083022 -0.031659 1.882453 0.522399 
439 0.379675 0.000000 0.113461 105.093103 0.024401 2.366329 -0.105016 
440 0.379675 0.000000 0.090769 104.753233 0.027569 2.359154 -0.097881 
441 0.404098 0.000000 0.113461 101.265636 0.014130 2.114328 -0.025920 
442 0.379675 0.000000 0.136153 104.693853 -0.061579 3.806086 -0.097529 
443 0.343039 0.000000 0.102115 105.713429 -0.010071 6.328916 -0.121538 
444 0.330828 0.000000 0.102115 105.384063 -0.040731 6.670683 -0.115030 
445 0.343039 0.000000 0.090769 105.596293 -0.017195 6.683683 -0.119525 
446 0.355251 0.000000 0.102115 106.107912 0.006579 4.951966 -0.128341 
447 0.343039 0.000000 0.113461 105.763139 -0.010198 6.191938 -0.122418 
448 1.527580 0.000000 -0.363075 99.589540 -0.028825 5.611585 0.005043 
449 1.527580 0.000000 -0.726151 99.640628 -0.009766 6.520302 0.002923 
450 1.918356 0.000000 -0.363075 99.157045 0.029675 4.573541 0.014696 
451 1.527580 0.000000 0.000000 101.498593 0.029325 4.175182 -0.031940 
452 0.941416 0.000000 -0.181538 101.418703 0.011554 4.987104 -0.031062 
453 0.941416 0.000000 -0.363075 99.366072 0.036858 6.176606 0.008823 
454 1.136804 0.000000 -0.181538 100.491207 0.003377 3.925600 -0.011389 
455 0.941416 0.000000 0.000000 101.924627 0.003701 6.241092 -0.042758 
456 0.648333 0.000000 -0.090769 101.373226 -0.001309 5.675880 -0.030875 
457 0.648333 0.000000 -0.181538 101.367616 0.005544 4.602102 -0.029657 
458 0.746027 0.000000 -0.090769 101.801353 0.007676 6.366800 -0.040405 
459 0.648333 0.000000 0.000000 101.586523 -0.002102 6.668472 -0.036429 
460 0.501792 0.000000 -0.136153 99.483396 0.001821 3.377936 0.009164 
461 0.501792 0.000000 -0.181538 100.662551 -0.002294 3.178835 -0.014305 
462 0.550639 0.000000 -0.136153 101.155926 -0.001420 5.920372 -0.026757 
463 0.501792 0.000000 -0.090769 99.503310 -0.000189 3.497988 0.008686 
464 0.428522 0.000000 -0.113461 98.287718 0.019878 -0.271218 0.033945 
465 0.428522 0.000000 -0.136153 98.973486 0.000175 1.273820 0.020263 
466 0.452945 0.000000 -0.113461 98.888285 0.001813 2.295016 0.021584 
467 0.428522 0.000000 -0.090769 98.428628 0.017759 0.135895 0.031179 
468 0.379675 0.000000 -0.068077 68.261388 0.061567 -0.372674 0.534024 
469 0.404098 0.000000 -0.068077 98.044301 0.003167 1.061891 0.038619 
470 0.379675 0.000000 -0.045384 69.167976 0.041823 -0.274179 0.521571 
471 0.391886 0.000000 -0.102115 102.606027 0.045638 -1.891140 -0.053158 
472 0.379675 0.000000 -0.102115 104.167457 0.072085 -2.092351 -0.085524 
473 0.391886 0.000000 -0.113461 102.467766 0.045438 -1.835253 -0.050301 
474 0.404098 0.000000 -0.102115 100.651431 0.035867 -1.631531 -0.013337 
475 0.391886 0.000000 -0.090769 102.282382 0.044838 -1.749226 -0.046475 
476 0.379675 0.000000 0.068077 68.283376 0.004808 0.395969 0.533722 
477 0.379675 0.000000 0.045384 69.220909 -0.013642 0.282310 0.520839 
478 0.404098 0.000000 0.068077 98.373921 -0.033999 1.055879 0.032146 
479 1.527580 0.000000 0.363075 100.010045 0.001490 5.262766 -0.002971 
480 1.918356 0.000000 0.363075 100.715932 0.003559 4.214541 -0.016146 
481 1.527580 0.000000 0.726151 99.962175 -0.031963 6.442287 -0.003394 
482 0.941416 0.000000 0.181538 102.526802 -0.002649 5.009619 -0.053684 
483 1.136804 0.000000 0.181538 102.828922 -0.008004 3.984346 -0.058966 
484 0.941416 0.000000 0.363075 100.157799 -0.007553 6.206401 -0.007010 
485 0.648333 0.000000 0.090769 101.553500 -0.009631 5.685399 -0.034544 
486 0.746027 0.000000 0.090769 101.963460 -0.000894 6.374897 -0.043719 
487 0.648333 0.000000 0.181538 101.704038 -0.012209 4.614197 -0.036500 
488 0.501792 0.000000 0.136153 99.784797 -0.026201 3.381506 0.003156 
489 0.501792 0.000000 0.090769 99.775859 -0.025526 3.495442 0.003256 
490 0.550639 0.000000 0.136153 101.385123 -0.015581 5.929280 -0.031410 
491 0.501792 0.000000 0.181538 100.961020 -0.023736 3.184072 -0.020327 
492 0.428522 0.000000 0.113461 98.779946 -0.018243 1.673561 0.023972 
493 0.428522 0.000000 0.090769 98.899261 -0.019345 1.835154 0.021557 
494 0.452945 0.000000 0.113461 99.205925 -0.030499 2.293851 0.015292 
495 0.428522 0.000000 0.136153 99.291945 -0.030320 1.270321 0.013949 
496 0.391886 0.000000 0.102115 103.380614 0.026790 2.207324 -0.069242 
497 0.379675 0.000000 0.102115 105.100199 0.024345 2.366524 -0.105165 
498 0.391886 0.000000 0.090769 103.036380 0.021331 2.101472 -0.062091 
499 0.404098 0.000000 0.102115 101.349805 0.015190 2.133476 -0.027633 
500 0.391886 0.000000 0.113461 103.234550 0.024489 2.165478 -0.066206 
501 1.332192 0.000000 -0.181538 101.595544 0.005882 2.897355 -0.033005 
502 1.332192 0.000000 -0.363075 99.685825 -0.016055 5.686596 0.003040 
503 1.527580 0.000000 -0.181538 101.702162 0.036391 3.479254 -0.035544 
504 1.332192 0.000000 0.000000 101.118225 -0.000161 3.908790 -0.024017 
505 1.332192 0.000000 0.181538 101.178776 -0.008283 2.682683 -0.024434 
506 1.527580 0.000000 0.181538 101.631410 0.030192 3.391870 -0.034045 
507 1.332192 0.000000 0.363075 100.086305 -0.030040 5.371419 -0.004612 
508 1.234498 0.000000 -0.090769 98.875824 -0.010628 1.219177 0.022209 
509 1.136804 0.000000 -0.090769 100.361973 -0.003518 4.396202 -0.009185 
510 1.234498 0.000000 -0.181538 100.090574 -0.004094 0.664032 -0.001856 
511 1.332192 0.000000 -0.090769 100.045732 -0.004034 2.084525 -0.001349 
512 1.234498 0.000000 0.000000 81.406385 -0.020383 0.644906 0.337258 
513 1.234498 0.000000 0.090769 99.854689 -0.013774 1.182157 0.002764 
514 1.136804 0.000000 0.090769 101.378978 -0.007904 4.396976 -0.029703 
515 1.332192 0.000000 0.090769 100.245107 -0.012526 2.037646 -0.005323 
516 1.234498 0.000000 0.181538 101.397288 -0.012973 0.660049 -0.028185 
517 4.263014 0.000000 -8.713807 99.754968 0.000934 6.971307 0.000035 
518 4.263014 0.000000 -11.618409 99.755501 0.000667 6.973368 0.000021 
519 7.389224 0.000000 -8.713807 99.755677 0.001159 6.970565 0.000022 
520 2.699909 0.000000 -4.356903 99.753644 0.002409 6.959649 0.000077 
521 2.699909 0.000000 -5.809205 99.752628 0.001234 6.966702 0.000088 
522 4.263014 0.000000 -4.356903 99.753004 0.002241 6.955296 0.000096 
523 1.918356 0.000000 -2.178452 99.747078 0.001880 6.916466 0.000268 
524 1.918356 0.000000 -2.904602 99.744105 0.007634 6.942645 0.000291 
525 2.699909 0.000000 -2.178452 99.743057 0.003727 6.899842 0.000371 
526 1.527580 0.000000 -1.089226 99.690593 0.006043 6.764194 0.001603 
527 1.527580 0.000000 -1.452301 99.724799 0.002774 6.857719 0.000794 
528 1.918356 0.000000 -1.089226 99.685987 0.005576 6.714786 0.001762 
529 1.332192 0.000000 -0.544613 99.613636 0.004395 6.301087 0.003742 
530 1.136804 0.000000 -0.544613 99.543023 0.018910 6.398955 0.005024 
531 1.332192 0.000000 -0.726151 99.641291 -0.007703 6.584815 0.002825 
532 1.527580 0.000000 -0.544613 99.579833 -0.000947 6.256386 0.004471 
533 1.234498 0.000000 -0.272306 99.771198 -0.026729 4.885132 0.002184 
534 1.136804 0.000000 -0.272306 100.854548 0.003312 0.935844 -0.017252 
535 1.234498 0.000000 -0.363075 99.596705 -0.015965 5.659854 0.004846 
536 1.332192 0.000000 -0.272306 101.523714 -0.005917 0.340413 -0.030718 
537 10.515434 0.000000 -2.904602 99.758565 0.004003 6.937341 0.000010 
538 10.515434 0.000000 -5.809205 99.756551 0.002011 6.964344 0.000013 
539 13.641644 0.000000 -2.904602 99.758539 0.003809 6.941736 0.000005 
540 10.515434 0.000000 0.000000 99.852954 0.027681 5.592362 -0.000189 
541 5.826119 0.000000 -1.452301 99.764794 0.000536 6.815531 0.000053 
542 5.826119 0.000000 -2.904602 99.756552 0.004072 6.929351 0.000061 
543 7.389224 0.000000 -1.452301 99.765135 0.008040 6.833853 0.000022 
544 5.826119 0.000000 0.000000 100.053684 0.026355 2.703376 -0.001805 
545 3.481461 0.000000 -0.726151 99.783219 0.017693 6.272488 0.000396 
546 3.481461 0.000000 -1.452301 99.752762 0.007408 6.787504 0.000332 
547 4.263014 0.000000 -0.726151 99.791862 0.021230 6.355095 0.000120 
548 3.481461 0.000000 0.000000 100.123924 -0.026515 1.473432 -0.002697 
549 2.309132 0.000000 -0.363075 99.372339 0.012342 4.235359 0.010720 
550 2.309132 0.000000 -0.726151 99.675156 0.018072 6.252628 0.002577 
551 2.699909 0.000000 -0.363075 99.824031 0.027479 4.346490 0.001627 
552 2.309132 0.000000 0.000000 128.025119 0.123779 1.169752 -0.639181 
553 1.722968 0.000000 -0.181538 101.260120 0.111873 3.800994 -0.026807 
554 1.722968 0.000000 -0.363075 99.149438 -0.000399 5.424692 0.013996 
555 1.918356 0.000000 -0.181538 100.328155 0.225815 3.770432 -0.008001 
556 1.722968 0.000000 0.000000 101.680021 0.113768 4.533162 -0.035939 
557 1.429886 0.000000 -0.090769 101.372566 0.009043 2.855271 -0.028455 
558 1.429886 0.000000 -0.181538 101.521445 0.014224 2.711817 -0.031396 
559 1.527580 0.000000 -0.090769 101.556622 0.031767 3.301206 -0.032465 
560 1.429886 0.000000 0.000000 101.117871 -0.000161 3.909603 -0.024011 
561 1.283345 0.000000 -0.136153 99.539508 -0.004163 1.565438 0.008944 
562 1.234498 0.000000 -0.136153 99.045946 -0.010100 1.102576 0.018868 
563 1.283345 0.000000 -0.181538 100.238122 -0.002140 1.262505 -0.004928 
564 1.332192 0.000000 -0.136153 100.202844 -0.001290 2.439366 -0.004656 
565 1.283345 0.000000 -0.090769 99.259369 -0.005660 1.608877 0.014499 
566 10.515434 0.000000 2.904602 99.762690 -0.005519 6.888702 -0.000005 
567 13.641644 0.000000 2.904602 99.763891 -0.006102 6.869666 -0.000003 
568 10.515434 0.000000 5.809205 99.758033 -0.002423 6.958573 -0.000009 
569 5.826119 0.000000 1.452301 99.779813 -0.019325 6.645040 -0.000017 
570 7.389224 0.000000 1.452301 99.784677 -0.010950 6.574564 -0.000021 
571 5.826119 0.000000 2.904602 99.762889 -0.004564 6.908746 -0.000036 
572 3.481461 0.000000 0.726151 99.831221 -0.016570 5.785948 0.000025 
573 4.263014 0.000000 0.726151 99.852489 -0.017753 5.557939 -0.000141 
574 3.481461 0.000000 1.452301 99.776464 -0.010887 6.718632 -0.000048 
575 2.309132 0.000000 0.363075 99.463713 -0.072624 3.478122 0.009487 
576 2.699909 0.000000 0.363075 99.952530 -0.031040 3.214401 -0.000084 
577 2.309132 0.000000 0.726151 99.854723 -0.020454 5.953747 -0.000641 
578 1.722968 0.000000 0.181538 102.200587 0.096379 3.949255 -0.046057 
579 1.918356 0.000000 0.181538 102.105171 0.207362 4.629954 -0.044695 
580 1.722968 0.000000 0.363075 100.237570 -0.030815 5.001400 -0.007259 
581 1.429886 0.000000 0.090769 101.246800 -0.000599 2.813573 -0.025883 
582 1.527580 0.000000 0.090769 101.562748 0.019554 3.271976 -0.032570 
583 1.429886 0.000000 0.181538 101.261092 -0.006626 2.572334 -0.026043 
584 4.263014 0.000000 8.713807 99.758453 -0.001027 6.970560 -0.000034 
585 7.389224 0.000000 8.713807 99.757791 -0.001302 6.969352 -0.000019 
586 4.263014 0.000000 11.618409 99.757641 -0.000737 6.973011 -0.000021 
587 2.699909 0.000000 4.356903 99.765545 -0.006201 6.955416 -0.000154 
588 4.263014 0.000000 4.356903 99.762180 -0.002406 6.950731 -0.000081 
589 2.699909 0.000000 5.809205 99.761601 -0.001311 6.965235 -0.000089 
590 1.918356 0.000000 2.178452 99.797701 -0.001783 6.896003 -0.000714 
591 2.699909 0.000000 2.178452 99.777415 -0.004262 6.877146 -0.000283 
592 1.918356 0.000000 2.904602 99.783305 -0.008857 6.931276 -0.000475 
593 1.527580 0.000000 1.089226 99.878333 -0.004729 6.720559 -0.002085 
594 1.918356 0.000000 1.089226 99.872691 -0.006386 6.620972 -0.001839 
595 1.527580 0.000000 1.452301 99.836787 0.000051 6.829591 -0.001403 
596 1.332192 0.000000 0.544613 100.033172 -0.035308 6.186951 -0.004492 
597 1.136804 0.000000 0.544613 100.085623 -0.014200 6.377780 -0.005781 
598 1.527580 0.000000 0.544613 99.991678 -0.028069 6.075652 -0.003525 
599 1.332192 0.000000 0.726151 99.956810 -0.008344 6.518573 -0.003386 
600 1.234498 0.000000 0.272306 100.492507 -0.033503 4.766745 -0.012147 
601 1.136804 0.000000 0.272306 102.444457 -0.010888 0.931258 -0.049573 
602 1.332192 0.000000 0.272306 101.239069 -0.034544 0.311498 -0.024945 
603 1.234498 0.000000 0.363075 100.255991 -0.027359 5.562214 -0.008220 
604 1.283345 0.000000 0.136153 99.890896 -0.010432 1.463142 0.001967 
605 1.234498 0.000000 0.136153 100.029418 -0.014404 1.071520 -0.000703 
606 1.283345 0.000000 0.090769 99.703105 -0.010185 1.530829 0.005695 
607 1.332192 0.000000 0.136153 100.257076 -0.009952 2.341828 -0.005697 
608 1.283345 0.000000 0.181538 100.348856 -0.012967 1.195612 -0.007132 
609 2.113744 0.000000 -0.181538 101.994860 0.099607 4.784560 -0.042585 
610 2.113744 0.000000 -0.363075 99.712984 0.033490 4.581249 0.003633 
611 2.309132 0.000000 -0.181538 98.220955 0.018301 0.830062 0.035195 
612 2.113744 0.000000 0.000000 88.036635 -0.122882 -0.536524 0.224925 
613 2.113744 0.000000 0.181538 101.068757 -0.001727 -2.095340 -0.021928 
614 2.309132 0.000000 0.181538 97.964689 -0.052390 2.707985 0.039558 
615 2.113744 0.000000 0.363075 100.161907 -0.031007 3.196995 -0.004263 
616 2.016050 0.000000 -0.090769 99.461658 0.723795 2.801089 0.009901 
617 1.918356 0.000000 -0.090769 100.729623 0.212417 4.098487 -0.016330 
618 2.016050 0.000000 -0.181538 99.426167 0.264317 1.588983 0.011184 
619 2.113744 0.000000 -0.090769 109.492371 0.101686 11.531911 -0.212157 
620 2.016050 0.000000 0.000000 101.270140 0.197697 4.629262 -0.027711 
621 2.016050 0.000000 0.090769 100.824550 -0.048574 2.492919 -0.017181 
622 1.918356 0.000000 0.090769 101.771448 0.192232 4.364748 -0.037652 
623 2.113744 0.000000 0.090769 105.763498 -0.019243 -11.044689 -0.130790 
624 2.016050 0.000000 0.181538 101.614259 0.158800 1.861725 -0.032895 
625 2.309132 0.000000 -1.089226 99.705812 0.018535 6.669548 0.001427 
626 2.309132 0.000000 -1.452301 99.735146 0.005387 6.811281 0.000651 
627 2.699909 0.000000 -1.089226 99.730948 0.009783 6.646297 0.000956 
628 2.113744 0.000000 -0.544613 99.487737 0.055088 5.707126 0.006962 
629 1.918356 0.000000 -0.544613 99.386996 0.001985 5.842590 0.008809 
630 2.113744 0.000000 -0.726151 99.654325 0.032372 6.292062 0.002942 
631 2.309132 0.000000 -0.544613 99.624052 0.064758 5.669170 0.004290 
632 2.016050 0.000000 -0.272306 99.719151 0.045884 3.168757 0.004605 
633 1.918356 0.000000 -0.272306 99.633586 0.276703 2.744838 0.006554 
634 2.016050 0.000000 -0.363075 99.541352 0.035210 4.376777 0.007236 
635 2.113744 0.000000 -0.272306 99.862674 0.066371 3.930496 0.001199 
636 3.090685 0.000000 -0.363075 99.863734 0.056850 4.574259 0.000631 
637 3.090685 0.000000 -0.726151 99.766069 0.018730 6.236727 0.000783 
638 3.481461 0.000000 -0.363075 99.886349 0.030541 4.803586 -0.000036 
639 3.090685 0.000000 0.000000 100.106557 -0.006819 1.345391 -0.002313 
640 2.504521 0.000000 -0.181538 100.126469 0.017800 1.856657 -0.002876 
641 2.504521 0.000000 -0.363075 99.700279 0.094769 4.177259 0.004240 
642 2.699909 0.000000 -0.181538 100.003843 0.079964 2.290232 -0.000602 
643 2.504521 0.000000 0.000000 100.861473 -0.012863 1.150951 -0.017436 
644 2.211438 0.000000 -0.090769 91.785620 -0.002150 16.642990 0.129841 
645 2.211438 0.000000 -0.181538 97.515873 0.148221 4.785536 0.046773 
646 2.309132 0.000000 -0.090769 104.960407 0.118493 -11.663667 -0.115274 
647 2.211438 0.000000 0.000000 130.282977 -0.026104 -0.068172 -0.697366 
648 2.064897 0.000000 -0.136153 99.244358 0.378699 1.093477 0.014922 
649 2.016050 0.000000 -0.136153 99.348714 0.802650 3.149119 0.011927 
650 2.064897 0.000000 -0.181538 102.194655 0.068680 2.594918 -0.045049 
651 2.113744 0.000000 -0.136153 105.768316 0.140086 7.152683 -0.123812 
652 2.064897 0.000000 -0.090769 100.413023 0.569158 4.100720 -0.009992 
653 3.090685 0.000000 0.363075 100.002168 -0.009278 2.795715 -0.000825 
654 3.481461 0.000000 0.363075 100.061973 -0.031939 2.408076 -0.001820 
655 3.090685 0.000000 0.726151 99.813123 -0.018287 5.872331 0.000286 
656 2.504521 0.000000 0.181538 100.241189 -0.066632 1.582527 -0.005080 
657 2.699909 0.000000 0.181538 100.149395 -0.002090 1.147086 -0.003122 
658 2.504521 0.000000 0.363075 99.804227 0.015537 3.489911 0.002694 
659 2.211438 0.000000 0.090769 89.763916 -0.055725 -16.208107 0.167973 
660 2.309132 0.000000 0.090769 104.633971 0.069305 14.658798 -0.116315 
661 2.211438 0.000000 0.181538 96.875761 0.040666 -1.626568 0.061244 
662 2.309132 0.000000 1.089226 99.824279 -0.014754 6.549847 -0.000779 
663 2.699909 0.000000 1.089226 99.790643 -0.010320 6.530046 -0.000081 
664 2.309132 0.000000 1.452301 99.807090 -0.004885 6.752382 -0.000705 
665 2.113744 0.000000 0.544613 99.905214 0.005412 5.239421 -0.000850 
666 1.918356 0.000000 0.544613 100.062311 -0.032748 5.591296 -0.004373 
667 2.309132 0.000000 0.544613 99.818968 0.005819 5.132203 0.000983 
668 2.113744 0.000000 0.726151 99.954513 -0.000164 6.015036 -0.002709 
669 2.016050 0.000000 0.272306 100.995792 -0.008306 2.259564 -0.020526 
670 1.918356 0.000000 0.272306 102.638761 0.212751 3.358344 -0.054604 
671 2.113744 0.000000 0.272306 100.134997 -0.016493 1.299926 -0.002871 
672 2.016050 0.000000 0.363075 100.578669 -0.014986 3.684895 -0.012965 
673 2.064897 0.000000 0.136153 101.107239 0.028083 0.838549 -0.022338 
674 2.016050 0.000000 0.136153 100.884255 -0.052631 2.848729 -0.018575 
675 2.064897 0.000000 0.090769 100.877276 0.008857 -1.688982 -0.017908 
676 2.113744 0.000000 0.136153 103.289458 -0.005101 -5.662396 -0.070077 
677 2.064897 0.000000 0.181538 101.714398 -0.029290 -0.342628 -0.034594 
678 2.211438 0.000000 -0.272306 98.913448 0.081859 4.016950 0.019999 
679 2.211438 0.000000 -0.363075 99.503428 0.038738 4.560386 0.007827 
680 2.309132 0.000000 -0.272306 99.001349 0.045236 3.037622 0.018950 
681 2.162591 0.000000 -0.136153 100.273598 0.096272 9.278196 -0.014089 
682 2.162591 0.000000 -0.181538 99.785994 0.112367 5.763914 0.000952 
683 2.211438 0.000000 -0.136153 95.319950 0.099041 7.524838 0.085747 
684 2.162591 0.000000 -0.090769 101.104188 0.000747 15.890061 -0.047455 
685 2.064897 0.000000 -0.045384 99.205569 0.387949 1.016162 0.015707 
686 2.016050 0.000000 -0.045384 99.875599 0.749929 4.258146 0.000617 
687 2.113744 0.000000 -0.045384 85.116119 -0.144234 3.238726 0.274474 
688 2.064897 0.000000 0.000000 82.569040 -0.113471 -0.327698 0.318223 
689 2.089321 0.000000 -0.113461 106.963887 0.216895 5.832067 -0.147533 
690 2.064897 0.000000 -0.113461 102.274901 0.405684 4.923962 -0.048457 
691 2.089321 0.000000 -0.136153 99.205281 0.250010 0.314369 0.015815 
692 2.113744 0.000000 -0.113461 109.558781 0.102477 11.388911 -0.213284 
693 2.089321 0.000000 -0.090769 106.629349 0.226658 5.635575 -0.140163 
694 2.064897 0.000000 0.045384 100.983065 0.021934 0.752502 -0.019815 
695 2.016050 0.000000 0.045384 101.119479 -0.049381 3.843591 -0.023992 
696 2.113744 0.000000 0.045384 87.268714 -0.094466 -4.390802 0.236488 
697 2.211438 0.000000 0.272306 98.830188 0.004623 1.356778 0.023075 
698 2.309132 0.000000 0.272306 98.947498 -0.038614 2.438329 0.020345 
699 2.211438 0.000000 0.363075 99.661608 -0.052877 3.160694 0.005757 
700 2.162591 0.000000 0.136153 98.707003 -0.067925 -7.429175 0.020173 
701 2.162591 0.000000 0.090769 98.811051 -0.087674 -15.445913 -0.000221 
702 2.211438 0.000000 0.136153 94.143340 -0.029611 -5.382617 0.110806 
703 2.162591 0.000000 0.181538 98.981114 0.001875 -2.776841 0.019503 
704 2.089321 0.000000 0.113461 104.085649 0.064165 -5.254770 -0.086144 
705 2.064897 0.000000 0.113461 101.575647 0.053459 -3.498459 -0.032985 
706 2.089321 0.000000 0.090769 103.943531 0.061473 -4.995148 -0.082921 
707 2.113744 0.000000 0.113461 105.817418 -0.017955 -10.905230 -0.131625 
708 2.089321 0.000000 0.136153 100.519808 0.097723 0.206906 -0.010428 
709 2.162591 0.000000 -0.045384 102.325711 -0.120054 7.343739 -0.052450 
710 2.211438 0.000000 -0.045384 129.912703 -0.023340 10.324822 -0.698391 
711 2.162591 0.000000 0.000000 104.682055 -0.138621 -0.421514 -0.095853 
712 2.138168 0.000000 -0.113461 104.952662 0.044760 15.568842 -0.125745 
713 2.138168 0.000000 -0.136153 102.988063 0.132789 8.982041 -0.068724 
714 2.162591 0.000000 -0.113461 100.934423 0.048588 12.380301 -0.034103 
715 2.138168 0.000000 -0.090769 104.551280 0.035540 15.509103 -0.117150 
716 2.089321 0.000000 -0.068077 99.204822 0.250499 0.316544 0.015824 
717 2.064897 0.000000 -0.068077 99.051499 1.079243 3.321596 0.017660 
718 2.113744 0.000000 -0.068077 81.889952 -0.117872 5.234253 0.326662 
719 2.089321 0.000000 -0.045384 80.909445 -0.114220 1.098592 0.345244 
720 2.101533 0.000000 -0.102115 110.008080 0.136863 8.174429 -0.216862 
721 2.089321 0.000000 -0.102115 108.250280 0.190254 6.240372 -0.175710 
722 2.101533 0.000000 -0.113461 110.169573 0.137466 7.662116 -0.219606 
723 2.113744 0.000000 -0.102115 109.483246 0.099272 12.003531 -0.213068 
724 2.101533 0.000000 -0.090769 110.332137 0.131429 8.248489 -0.224124 
725 2.162591 0.000000 0.045384 103.695192 -0.023269 -8.131408 -0.081881 
726 2.211438 0.000000 0.045384 131.028871 -0.025917 -10.582612 -0.728056 
727 2.089321 0.000000 0.068077 100.519927 0.097481 0.208378 -0.010431 
728 2.064897 0.000000 0.068077 100.888772 -0.160051 2.602157 -0.018534 
729 2.089321 0.000000 0.045384 83.491406 -0.022591 -2.355099 0.302364 
730 2.113744 0.000000 0.068077 85.435886 -0.054035 -6.335496 0.266057 
731 2.138168 0.000000 0.113461 102.164710 -0.076961 -15.061740 -0.066449 
732 2.138168 0.000000 0.090769 101.855772 -0.077114 -15.016718 -0.060011 
733 2.162591 0.000000 0.113461 98.868832 -0.109310 -11.384459 0.009534 
734 2.138168 0.000000 0.136153 101.052681 -0.013700 -7.243089 -0.026411 
735 2.101533 0.000000 0.102115 106.105624 0.022145 -7.777112 -0.131889 
736 2.089321 0.000000 0.102115 104.900970 0.056708 -5.762065 -0.103742 
737 2.101533 0.000000 0.090769 106.379438 0.020259 -7.847697 -0.137817 
738 2.113744 0.000000 0.102115 105.756759 -0.020576 -11.499238 -0.131672 
739 2.101533 0.000000 0.113461 106.298269 0.026226 -7.278075 -0.135229 
740 2.138168 0.000000 -0.068077 90.071550 -0.129227 8.530173 0.181434 
741 2.162591 0.000000 -0.068077 99.848161 -0.095559 11.193577 -0.009496 
742 2.138168 0.000000 -0.045384 92.343516 -0.146298 5.455208 0.144289 
743 2.125956 0.000000 -0.102115 106.297309 0.071647 15.473336 -0.153855 
744 2.125956 0.000000 -0.113461 107.186431 0.075183 14.719906 -0.170561 
745 2.138168 0.000000 -0.102115 104.712792 0.039211 15.533097 -0.120605 
746 2.125956 0.000000 -0.090769 107.058402 0.073843 14.804306 -0.168067 
747 2.138168 0.000000 0.068077 92.638274 -0.069237 -9.423828 0.132934 
748 2.138168 0.000000 0.045384 94.109817 -0.077260 -6.449051 0.110175 
749 2.162591 0.000000 0.068077 101.853860 -0.117654 -11.955922 -0.051717 
750 2.125956 0.000000 0.102115 103.202406 -0.075129 -14.927953 -0.087359 
751 2.125956 0.000000 0.090769 103.820195 -0.059788 -14.263798 -0.098209 
752 2.138168 0.000000 0.102115 101.980271 -0.076963 -15.034819 -0.062603 
753 2.125956 0.000000 0.113461 103.922324 -0.058251 -14.178947 -0.100090 
754 2.406827 0.000000 -0.090769 101.950376 -0.082654 -0.122648 -0.039390 
755 2.406827 0.000000 -0.181538 100.080577 0.069711 1.162989 -0.001748 
756 2.504521 0.000000 -0.090769 100.594141 0.022410 1.246062 -0.012073 
757 2.406827 0.000000 0.000000 103.881754 -0.156850 1.136553 -0.079274 
758 2.260285 0.000000 -0.136153 92.910546 0.141753 1.272502 0.136599 
759 2.260285 0.000000 -0.181538 96.752015 0.089757 2.420252 0.063318 
760 2.309132 0.000000 -0.136153 98.083272 0.055887 -2.605803 0.037288 
761 2.260285 0.000000 -0.090769 78.163056 0.099123 12.946778 0.372291 
762 2.187015 0.000000 -0.113461 97.529067 0.037332 12.434958 0.033345 
763 2.187015 0.000000 -0.136153 97.710282 0.078977 8.871543 0.037399 
764 2.211438 0.000000 -0.113461 92.993682 0.049976 10.763228 0.123633 
765 2.187015 0.000000 -0.090769 95.383105 -0.014291 17.459405 0.059723 
766 2.150380 0.000000 -0.102115 103.477771 0.014610 15.349492 -0.094326 
767 2.150380 0.000000 -0.113461 103.886341 0.020430 15.410321 -0.102985 
768 2.162591 0.000000 -0.102115 101.186575 0.002990 16.045374 -0.049618 
769 2.150380 0.000000 -0.090769 102.803518 0.010762 15.545187 -0.081022 
770 2.406827 0.000000 0.090769 101.966106 -0.155617 2.550283 -0.040361 
771 2.504521 0.000000 0.090769 100.666544 -0.035125 1.162631 -0.013511 
772 2.406827 0.000000 0.181538 100.095407 -0.044854 2.323789 -0.002449 
773 2.260285 0.000000 0.136153 91.958674 0.061291 1.350289 0.154178 
774 2.260285 0.000000 0.090769 75.835528 -0.116466 -12.505412 0.409257 
775 2.309132 0.000000 0.136153 97.663983 -0.006812 5.608084 0.043030 
776 2.260285 0.000000 0.181538 96.278523 -0.006219 0.950449 0.072954 
777 2.187015 0.000000 0.113461 95.774181 -0.106862 -11.161173 0.070272 
778 2.187015 0.000000 0.090769 93.279462 -0.101508 -17.000896 0.100990 
779 2.211438 0.000000 0.113461 91.408538 -0.090171 -9.313480 0.155773 
780 2.187015 0.000000 0.136153 96.353531 -0.085650 -6.864794 0.066886 
781 2.150380 0.000000 0.102115 101.000483 -0.079072 -14.892260 -0.042288 
782 2.150380 0.000000 0.090769 100.376968 -0.081013 -15.090488 -0.030327 
783 2.162591 0.000000 0.102115 98.867120 -0.088005 -15.593696 -0.001788 
784 2.150380 0.000000 0.113461 101.343194 -0.077745 -14.942196 -0.049372 
785 2.260285 0.000000 -0.045384 159.379570 0.026714 2.487500 -1.540804 
786 2.309132 0.000000 -0.045384 124.230438 0.120619 -9.197218 -0.551781 
787 2.260285 0.000000 0.000000 149.115077 -0.017875 0.559998 -1.223562 
788 2.187015 0.000000 -0.068077 112.449776 -0.054376 14.317552 -0.284995 
789 2.211438 0.000000 -0.068077 129.507190 0.004698 17.028690 -0.706209 
790 2.187015 0.000000 -0.045384 114.880225 -0.089482 9.195111 -0.328202 
791 2.174803 0.000000 -0.102115 98.154845 -0.005549 16.942970 0.007856 
792 2.174803 0.000000 -0.113461 99.362869 0.040276 12.627622 -0.003244 
793 2.187015 0.000000 -0.102115 95.402982 -0.014369 17.463083 0.059331 
794 2.174803 0.000000 -0.090769 97.779752 -0.005767 17.066842 0.014784 
795 2.260285 0.000000 0.045384 161.235964 -0.022365 -1.456257 -1.599916 
796 2.309132 0.000000 0.045384 124.616806 0.115315 11.796225 -0.566851 
797 2.187015 0.000000 0.068077 114.044187 -0.046417 -14.853185 -0.322670 
798 2.187015 0.000000 0.045384 115.942937 -0.057168 -9.754414 -0.353792 
799 2.211438 0.000000 0.068077 131.072414 -0.021637 -17.427605 -0.748370 
800 2.174803 0.000000 0.102115 95.966844 -0.102304 -16.487226 0.051853 
801 2.174803 0.000000 0.090769 95.602394 -0.105169 -16.609451 0.058430 
802 2.187015 0.000000 0.102115 93.297094 -0.109273 -17.004113 0.100650 
803 2.174803 0.000000 0.113461 97.474552 -0.111640 -11.457764 0.036742 
804 2.235862 0.000000 -0.068077 80.951155 0.052581 13.408963 0.326711 
805 2.235862 0.000000 -0.090769 81.879224 0.049648 13.562022 0.311186 
806 2.260285 0.000000 -0.068077 77.009198 0.133775 12.755024 0.390687 
807 2.235862 0.000000 -0.045384 145.690108 0.008553 9.503087 -1.131592 
808 2.235862 0.000000 -0.113461 89.837302 0.093548 6.894468 0.188172 
809 2.235862 0.000000 -0.136153 93.430758 0.104069 4.941764 0.124626 
810 2.260285 0.000000 -0.113461 87.281565 0.156382 0.531330 0.238162 
811 2.223650 0.000000 -0.079423 86.465096 0.030334 14.904898 0.230163 
812 2.211438 0.000000 -0.079423 91.409387 0.001011 16.528787 0.137112 
813 2.223650 0.000000 -0.090769 86.455606 0.031641 14.800153 0.230638 
814 2.235862 0.000000 -0.079423 81.765912 0.049963 13.543328 0.313091 
815 2.223650 0.000000 -0.068077 138.560213 0.010139 16.135361 -0.945928 
816 2.235862 0.000000 0.068077 78.706683 -0.096796 -12.976777 0.363685 
817 2.235862 0.000000 0.045384 147.044715 -0.026264 -9.323345 -1.170907 
818 2.260285 0.000000 0.068077 74.633776 -0.131022 -12.305758 0.427835 
819 2.235862 0.000000 0.090769 79.661967 -0.096688 -13.133015 0.348149 
820 2.235862 0.000000 0.113461 88.312087 -0.005571 -5.133459 0.217462 
821 2.260285 0.000000 0.113461 85.777728 0.074870 1.711244 0.263925 
822 2.235862 0.000000 0.136153 92.367655 -0.001932 -2.607801 0.146142 
823 2.223650 0.000000 0.079423 84.364358 -0.079154 -14.478604 0.267302 
824 2.211438 0.000000 0.079423 89.384441 -0.058433 -16.094601 0.175138 
825 2.223650 0.000000 0.068077 140.257998 -0.026047 -16.342576 -0.993939 
826 2.235862 0.000000 0.079423 79.544797 -0.096881 -13.113816 0.350064 
827 2.223650 0.000000 0.090769 84.363379 -0.080156 -14.377359 0.267611 
828 2.357979 0.000000 -0.045384 108.004523 0.054153 -1.518720 -0.166729 
829 2.357979 0.000000 -0.090769 103.859217 -0.002542 -2.213553 -0.079164 
830 2.406827 0.000000 -0.045384 103.370922 -0.123490 0.279607 -0.068564 
831 2.357979 0.000000 0.000000 109.638499 0.046047 1.190727 -0.202202 
832 2.284709 0.000000 -0.068077 144.116311 0.145752 -37.489766 -1.217501 
833 2.284709 0.000000 -0.090769 91.228656 0.159044 -25.409238 0.103168 
834 2.309132 0.000000 -0.068077 115.786432 0.142637 -13.701571 -0.359425 
835 2.284709 0.000000 -0.045384 147.094772 0.129365 -12.022892 -1.178144 
836 2.248074 0.000000 -0.079423 79.560006 0.068349 13.178946 0.349652 
837 2.248074 0.000000 -0.090769 79.810623 0.066153 13.220332 0.345548 
838 2.260285 0.000000 -0.079423 77.448771 0.119127 12.827997 0.383712 
839 2.248074 0.000000 -0.068077 79.066506 0.076393 13.097153 0.357695 
840 2.357979 0.000000 0.045384 107.986085 0.024322 3.942935 -0.167654 
841 2.406827 0.000000 0.045384 103.377463 -0.157421 2.001524 -0.069093 
842 2.357979 0.000000 0.090769 103.809035 -0.019217 4.774549 -0.079911 
843 2.284709 0.000000 0.068077 145.750318 0.119420 41.563483 -1.297069 
844 2.284709 0.000000 0.045384 148.442519 0.124630 14.441058 -1.224374 
845 2.309132 0.000000 0.068077 115.912317 0.101519 16.629955 -0.371223 
846 2.284709 0.000000 0.090769 89.842953 0.094587 29.014172 0.108641 
847 2.248074 0.000000 0.079423 77.281408 -0.100121 -12.743634 0.386517 
848 2.248074 0.000000 0.068077 76.773397 -0.103434 -12.660255 0.394555 
849 2.260285 0.000000 0.079423 75.092607 -0.126014 -12.382305 0.420776 
850 2.248074 0.000000 0.090769 77.537541 -0.100083 -12.785458 0.382445 
851 -8.241827 0.000000 -8.713807 99.755913 0.000133 6.975544 0.000010 
852 -11.368037 0.000000 -8.713807 99.756129 0.000087 6.975634 0.000006 
853 -8.241827 0.000000 -11.618409 99.755970 0.000150 6.975490 0.000009 
854 10.515434 0.000000 -8.713807 99.756158 0.001277 6.970447 0.000012 
855 10.515434 0.000000 -11.618409 99.756088 0.000906 6.972747 0.000010 
856 13.641644 0.000000 -8.713807 99.756408 0.001326 6.970564 0.000007 
857 -8.241827 0.000000 8.713807 99.756949 -0.000159 6.975568 -0.000011 
858 -11.368037 0.000000 8.713807 99.756710 -0.000108 6.975646 -0.000006 
859 -8.241827 0.000000 11.618409 99.756898 -0.000175 6.975499 -0.000010 
860 -3.552511 0.000000 -4.356903 99.754332 0.000232 6.975165 0.000042 
861 -5.115617 0.000000 -4.356903 99.755241 0.000154 6.975569 0.000023 
862 -3.552511 0.000000 -5.809205 99.754632 0.000265 6.974924 0.000036 
863 10.515434 0.000000 8.713807 99.757378 -0.001482 6.968699 -0.000010 
864 13.641644 0.000000 8.713807 99.757184 -0.001601 6.968220 -0.000005 
865 10.515434 0.000000 11.618409 99.757110 -0.001036 6.971980 -0.000009 
866 5.826119 0.000000 -4.356903 99.755101 0.002533 6.954583 0.000055 
867 5.826119 0.000000 -5.809205 99.755038 0.001759 6.964073 0.000043 
868 7.389224 0.000000 -4.356903 99.756309 0.002653 6.955097 0.000031 
869 -3.552511 0.000000 4.356903 99.758509 -0.000266 6.975457 -0.000042 
870 -5.115617 0.000000 4.356903 99.757565 -0.000185 6.975711 -0.000023 
871 -3.552511 0.000000 5.809205 99.758337 -0.000299 6.975105 -0.000038 
872 -1.207854 0.000000 -2.178452 99.749517 0.007436 6.968738 0.000147 
873 -1.989406 0.000000 -2.178452 99.750909 0.009753 6.974452 0.000111 
874 -1.207854 0.000000 -2.904602 99.753466 0.003025 6.966774 0.000071 
875 5.826119 0.000000 4.356903 99.760383 -0.002806 6.948150 -0.000041 
876 7.389224 0.000000 4.356903 99.759469 -0.003058 6.946420 -0.000020 
877 5.826119 0.000000 5.809205 99.759219 -0.001948 6.961167 -0.000036 
878 3.481461 0.000000 -2.178452 99.746821 0.006923 6.889348 0.000311 
879 3.481461 0.000000 -2.904602 99.752066 0.003355 6.931988 0.000147 
880 4.263014 0.000000 -2.178452 99.755079 0.005267 6.893984 0.000140 
881 -1.207854 0.000000 2.178452 99.770987 0.000050 6.981596 -0.000299 
882 -1.989406 0.000000 2.178452 99.760305 0.006857 6.975943 -0.000078 
883 -1.207854 0.000000 2.904602 99.766887 0.003462 6.977808 -0.000212 
884 -0.817078 0.000000 -1.089226 99.730342 0.000360 6.972839 0.000524 
885 -1.207854 0.000000 -1.089226 99.740318 -0.000351 6.982071 0.000312 
886 -0.817078 0.000000 -1.452301 99.742227 0.006481 6.961651 0.000302 
887 3.481461 0.000000 2.178452 99.768728 -0.010361 6.868496 -0.000098 
888 4.263014 0.000000 2.178452 99.766218 -0.005633 6.862583 -0.000039 
889 3.481461 0.000000 2.904602 99.765397 -0.003500 6.919045 -0.000101 
890 -0.230913 0.000000 -0.544613 99.561539 0.026286 7.028244 0.003810 
891 -0.426301 0.000000 -0.544613 99.676766 0.015719 7.032512 0.001509 
892 -0.230913 0.000000 -0.726151 99.606631 0.012056 6.968847 0.002995 
893 0.941416 0.000000 -0.544613 99.536726 0.027934 6.571971 0.004925 
894 0.941416 0.000000 -0.726151 99.602862 0.029606 6.717552 0.003414 
895 -0.817078 0.000000 1.089226 99.763392 -0.000909 6.979584 -0.000145 
896 -1.207854 0.000000 1.089226 99.761542 -0.009148 6.976978 -0.000104 
897 -0.817078 0.000000 1.452301 99.771682 -0.006061 6.984122 -0.000317 
898 -0.230913 0.000000 0.544613 99.746483 0.000196 6.925963 0.000267 
899 -0.426301 0.000000 0.544613 99.789912 -0.009333 6.958401 -0.000645 
900 -0.230913 0.000000 0.726151 99.765324 -0.027423 6.974778 -0.000177 
901 -0.133219 0.000000 -0.272306 99.479224 -0.001828 7.611697 0.004595 
902 -0.230913 0.000000 -0.272306 99.719995 0.134121 7.484019 -0.000011 
903 -0.133219 0.000000 -0.363075 99.276149 0.065684 7.251135 0.009166 
904 0.941416 0.000000 0.544613 100.069706 -0.011905 6.542039 -0.005674 
905 0.941416 0.000000 0.726151 99.943727 -0.011714 6.704515 -0.003370 
906 -0.133219 0.000000 0.272306 99.947405 -0.140437 6.355255 -0.002989 
907 -0.230913 0.000000 0.272306 99.980894 0.069651 6.559447 -0.003921 
908 -0.133219 0.000000 0.363075 99.655112 -0.054877 6.679642 0.002424 
909 0.037745 0.000000 -0.113461 86.256440 0.050309 3.636381 0.254660 
910 0.013322 0.000000 -0.113461 85.386335 0.018288 10.824517 0.259200 
911 0.037745 0.000000 -0.136153 90.990601 0.074760 5.199374 0.169367 
912 0.648333 0.000000 -0.272306 101.119704 -0.005916 1.876737 -0.022872 
913 0.648333 0.000000 -0.363075 99.635003 0.036481 6.455257 0.003119 
914 0.746027 0.000000 -0.272306 101.928916 0.023986 2.792481 -0.039730 
915 0.648333 0.000000 0.272306 101.412026 -0.020636 1.878131 -0.028793 
916 0.746027 0.000000 0.272306 102.427996 0.002658 2.791815 -0.049929 
917 0.648333 0.000000 0.363075 100.042750 -0.051490 6.230268 -0.004737 
918 0.037745 0.000000 0.113461 90.247539 -0.100216 6.852127 0.180842 
919 0.013322 0.000000 0.113461 89.449637 -0.121752 1.189502 0.199733 
920 0.037745 0.000000 0.136153 94.018595 -0.084274 6.446423 0.111894 
921 0.098804 0.000000 -0.079423 89.829678 -0.045365 -14.739206 0.171338 
922 0.098804 0.000000 -0.090769 89.974218 -0.002564 -14.922760 0.168195 
923 0.098804 0.000000 -0.068077 89.820768 -0.048194 -14.718402 0.171560 
924 0.098804 0.000000 0.079423 94.626322 -0.049492 15.991024 0.079014 
925 0.098804 0.000000 0.068077 94.621526 -0.048659 15.994680 0.079093 
926 0.098804 0.000000 0.090769 94.689498 -0.062862 15.964721 0.077902 
927 0.233134 0.000000 -0.068077 89.543824 0.009803 -6.727993 0.193664 
928 0.233134 0.000000 -0.045384 91.072065 -0.026720 -4.955640 0.168132 
929 0.184287 0.000000 -0.113461 98.354112 -0.211949 -7.192659 0.027469 
930 0.184287 0.000000 -0.136153 98.116591 -0.168922 -3.757613 0.035899 
931 0.233134 0.000000 0.068077 89.579529 -0.049151 6.802850 0.192923 
932 0.233134 0.000000 0.045384 91.076100 -0.049837 5.096177 0.167917 
933 0.184287 0.000000 0.113461 101.104876 -0.333765 12.646191 -0.038223 
934 0.184287 0.000000 0.136153 100.436938 -0.283326 11.746385 -0.022564 
935 0.501792 0.000000 -0.045384 100.237154 -0.003113 5.043083 -0.007292 
936 0.550639 0.000000 -0.045384 101.244871 -0.006273 6.384673 -0.029129 
937 0.501792 0.000000 0.000000 101.272079 -0.007650 6.610448 -0.029973 
938 0.501792 0.000000 0.045384 100.365722 -0.016409 5.041236 -0.009869 
939 0.550639 0.000000 0.045384 101.298697 -0.009576 6.386621 -0.030222 
940 0.428522 0.000000 -0.068077 98.972698 0.002089 2.135528 0.019984 
941 0.452945 0.000000 -0.068077 99.113778 0.003339 3.660467 0.016306 
942 0.428522 0.000000 -0.045384 99.130763 0.000075 1.380578 0.017119 
943 0.367463 0.000000 -0.102115 104.511226 0.088234 -3.124033 -0.093236 
944 0.367463 0.000000 -0.113461 104.591134 0.081755 -2.623859 -0.094620 
945 0.367463 0.000000 -0.090769 104.818335 0.085978 -2.869108 -0.099512 
946 0.428522 0.000000 0.068077 99.293228 -0.029431 2.130595 0.013631 
947 0.428522 0.000000 0.045384 99.447380 -0.029260 1.377205 0.010832 
948 0.452945 0.000000 0.068077 99.421399 -0.027104 3.659840 0.010199 
949 0.367463 0.000000 0.102115 105.735314 0.014868 3.422203 -0.119167 
950 0.367463 0.000000 0.090769 106.036737 0.013998 3.162179 -0.125379 
951 0.367463 0.000000 0.113461 105.712111 0.017545 2.910806 -0.118352 
952 1.722968 0.000000 -0.544613 99.513088 -0.009880 6.081350 0.006016 
953 1.722968 0.000000 -0.726151 99.557987 0.002047 6.430233 0.004686 
954 1.722968 0.000000 0.544613 100.123521 -0.003283 5.945095 -0.006006 
955 1.722968 0.000000 0.726151 99.930739 -0.025622 6.352152 -0.002650 
956 1.429886 0.000000 -0.272306 101.561412 0.002939 1.381437 -0.031663 
957 1.429886 0.000000 -0.363075 99.649019 0.016136 5.644820 0.003821 
958 1.527580 0.000000 -0.272306 101.607369 0.053051 1.470879 -0.032622 
959 1.429886 0.000000 0.272306 101.224321 -0.020213 1.302341 -0.024806 
960 1.527580 0.000000 0.272306 101.932128 0.021101 1.430062 -0.039220 
961 1.429886 0.000000 0.363075 99.993114 0.005040 5.291314 -0.002662 
962 3.090685 0.000000 -1.089226 99.749929 0.008648 6.641456 0.000584 
963 3.090685 0.000000 -1.452301 99.745376 0.006947 6.788979 0.000477 
964 3.481461 0.000000 -1.089226 99.762654 0.012060 6.651378 0.000317 
965 2.504521 0.000000 -0.544613 99.690762 0.020696 5.620835 0.003016 
966 2.504521 0.000000 -0.726151 99.672823 0.027312 6.202811 0.002685 
967 2.699909 0.000000 -0.544613 99.747932 0.021009 5.629083 0.001866 
968 3.090685 0.000000 1.089226 99.786625 -0.009334 6.515794 0.000017 
969 3.481461 0.000000 1.089226 99.790576 -0.011910 6.490065 -0.000028 
970 3.090685 0.000000 1.452301 99.778019 -0.007208 6.727402 -0.000091 
971 2.504521 0.000000 0.544613 99.792823 -0.027159 5.156810 0.001480 
972 2.699909 0.000000 0.544613 99.840996 -0.028662 5.092510 0.000584 
973 2.504521 0.000000 0.726151 99.788157 -0.017131 5.955880 0.000685 
974 2.406827 0.000000 -0.272306 99.681170 0.022229 2.866803 0.005545 
975 2.406827 0.000000 -0.363075 99.522415 0.054405 4.078961 0.007865 
976 2.504521 0.000000 -0.272306 99.832781 0.037975 2.975047 0.002456 
977 2.406827 0.000000 0.272306 99.738136 -0.052458 2.576953 0.004566 
978 2.504521 0.000000 0.272306 99.950245 -0.043480 2.421303 0.000408 
979 2.406827 0.000000 0.363075 99.618674 -0.024040 3.611494 0.006308 
980 2.357979 0.000000 -0.136153 100.683640 -0.019371 -0.906116 -0.013802 
981 2.357979 0.000000 -0.181538 99.591546 0.004047 0.692927 0.008104 
982 2.406827 0.000000 -0.136153 100.794231 -0.001093 0.341236 -0.015959 
983 2.284709 0.000000 -0.113461 92.519233 0.160609 -7.292333 0.138699 
984 2.284709 0.000000 -0.136153 95.034120 0.112737 -2.029066 0.096439 
985 2.309132 0.000000 -0.113461 99.578659 0.107009 -6.321241 0.004412 
986 2.357979 0.000000 0.136153 100.575757 -0.119161 3.824405 -0.013012 
987 2.406827 0.000000 0.136153 100.790950 -0.112445 2.510834 -0.016513 
988 2.357979 0.000000 0.181538 99.485052 -0.085442 2.862995 0.009452 
989 2.284709 0.000000 0.113461 91.458723 0.089396 10.140135 0.153247 
990 2.309132 0.000000 0.113461 99.120904 0.072942 9.252681 0.008943 
991 2.284709 0.000000 0.136153 94.324635 0.052508 4.927957 0.107858 
1 11 62 60 61 
2 62 10 24 60 
3 60 24 14 63 
4 61 60 63 6 
5 24 66 64 65 
6 66 23 40 64 
7 64 40 27 67 
8 65 64 67 14 
9 40 70 68 69 
10 69 68 71 27 
11 6 63 92 93 
12 63 14 36 92 
13 92 36 19 94 
14 93 92 94 20 
15 14 67 95 96 
16 67 27 52 95 
17 95 52 35 97 
18 96 95 97 36 
19 27 71 98 99 
20 99 98 100 52 
21 68 112 110 111 
22 112 56 80 110 
23 110 80 43 113 
24 111 110 113 71 
25 80 116 114 115 
26 115 114 117 43 
27 71 113 133 134 
28 113 43 102 133 
29 133 102 76 135 
30 134 133 135 98 
31 43 117 136 137 
32 137 136 138 102 
33 114 141 139 140 
34 141 106 129 139 
35 139 129 83 142 
36 140 139 142 117 
37 129 149 147 148 
38 147 150 132 151 
39 148 147 151 83 
40 117 142 152 153 
41 142 83 144 152 
42 152 144 125 154 
43 153 152 154 136 
44 83 151 155 156 
45 151 132 157 155 
46 156 155 158 144 
47 12 161 159 160 
48 161 7 162 159 
49 159 162 13 25 
50 160 159 25 10 
51 25 165 163 164 
52 165 13 166 163 
53 163 166 26 41 
54 164 163 41 23 
55 41 169 167 168 
56 169 26 170 167 
57 167 170 42 57 
58 168 167 57 39 
59 39 173 171 172 
60 173 57 174 171 
61 171 174 55 81 
62 172 171 81 56 
63 81 177 175 176 
64 177 55 178 175 
65 175 178 82 107 
66 176 175 107 79 
67 79 181 179 180 
68 181 107 182 179 
69 179 182 105 130 
70 180 179 130 106 
71 106 185 183 184 
72 185 130 186 183 
73 184 183 149 129 
74 195 197 109 198 
75 150 195 198 132 
76 149 201 199 200 
77 201 128 202 199 
78 199 202 150 203 
79 200 199 203 147 
80 132 198 210 157 
81 198 109 211 210 
82 19 38 213 214 
83 38 21 215 213 
84 213 215 9 216 
85 214 213 216 22 
86 35 54 217 218 
87 54 37 219 217 
88 217 219 21 220 
89 218 217 220 38 
90 51 78 221 222 
91 78 53 223 221 
92 221 223 37 224 
93 222 221 224 54 
94 76 104 225 226 
95 104 75 227 225 
96 225 227 78 228 
97 226 225 228 51 
98 101 127 229 230 
99 127 103 231 229 
100 229 231 75 232 
101 230 229 232 104 
102 125 146 233 234 
103 146 124 235 233 
104 233 235 127 236 
105 234 233 236 101 
106 144 158 237 238 
107 237 239 146 240 
108 238 237 240 125 
109 155 243 241 242 
110 243 157 244 241 
111 241 244 143 245 
112 242 241 245 158 
113 130 247 246 186 
114 247 105 248 246 
115 249 251 195 252 
116 202 249 252 150 
117 186 255 253 254 
118 255 246 256 253 
119 253 256 196 250 
120 254 253 250 128 
121 128 259 257 258 
122 259 250 260 257 
123 257 260 249 261 
124 258 257 261 202 
125 262 263 124 264 
126 239 262 264 146 
127 157 266 265 244 
128 266 210 267 265 
129 143 268 269 270 
130 268 212 271 269 
131 269 271 262 272 
132 270 269 272 239 
133 244 275 273 274 
134 275 265 276 273 
135 273 276 268 277 
136 274 273 277 143 
137 278 280 194 281 
138 197 278 281 109 
139 283 131 284 282 
140 282 284 197 285 
141 251 282 285 195 
142 107 287 286 182 
143 287 82 288 286 
144 286 288 108 192 
145 182 286 192 105 
146 105 290 289 248 
147 290 192 291 289 
148 246 293 292 256 
149 293 248 294 292 
150 292 294 131 283 
151 256 292 283 196 
152 196 297 295 296 
153 297 283 298 295 
154 295 298 282 299 
155 296 295 299 251 
156 109 281 300 211 
157 281 194 301 300 
158 210 304 303 267 
159 304 211 305 303 
160 303 305 145 306 
161 124 209 307 235 
162 209 126 308 307 
163 307 308 103 309 
164 235 307 309 127 
165 310 311 209 312 
166 263 310 312 124 
167 212 306 313 271 
168 306 145 314 313 
169 313 314 263 315 
170 271 313 315 262 
171 267 318 316 317 
172 318 303 319 316 
173 316 319 306 320 
174 317 316 320 212 
175 131 322 321 284 
176 322 279 323 321 
177 321 323 278 324 
178 284 321 324 197 
179 211 326 325 305 
180 326 300 327 325 
181 325 327 302 328 
182 305 325 328 145 
183 192 334 333 291 
184 334 108 335 333 
185 289 339 337 338 
186 339 291 340 337 
187 337 340 191 341 
188 338 337 341 279 
189 345 347 126 348 
190 311 345 348 209 
191 302 351 349 350 
192 351 207 352 349 
193 349 352 311 353 
194 350 349 353 310 
195 354 355 59 356 
196 280 354 356 194 
197 291 358 357 340 
198 358 333 359 357 
199 357 359 336 360 
200 191 360 361 362 
201 360 336 363 361 
202 361 363 354 364 
203 362 361 364 280 
204 340 367 365 366 
205 367 357 368 365 
206 365 368 360 369 
207 366 365 369 191 
208 194 356 370 301 
209 356 59 371 370 
210 373 346 374 372 
211 372 374 345 375 
212 352 372 375 311 
213 301 378 376 377 
214 378 370 379 376 
215 376 379 346 373 
216 377 376 373 207 
217 207 382 380 381 
218 382 373 383 380 
219 380 383 372 384 
220 381 380 384 352 
221 57 386 385 174 
222 386 42 387 385 
223 385 387 58 89 
224 174 385 89 55 
225 55 389 388 178 
226 389 89 390 388 
227 388 390 88 188 
228 178 388 188 82 
229 82 392 391 288 
230 392 188 393 391 
231 391 393 187 330 
232 288 391 330 108 
233 108 395 394 335 
234 395 330 396 394 
235 333 399 398 359 
236 399 335 400 398 
237 359 398 401 336 
238 75 123 402 227 
239 123 77 403 402 
240 402 403 53 404 
241 227 402 404 78 
242 103 206 405 231 
243 206 121 406 405 
244 405 406 123 407 
245 231 405 407 75 
246 126 344 408 308 
247 344 204 409 408 
248 408 409 206 410 
249 308 408 410 103 
250 411 413 344 414 
251 347 411 414 126 
252 346 416 415 374 
253 415 417 347 418 
254 374 415 418 345 
255 419 420 332 421 
256 355 419 421 59 
257 335 423 422 400 
258 423 394 424 422 
259 336 401 426 363 
260 401 193 427 426 
261 426 427 355 428 
262 363 426 428 354 
263 398 431 429 430 
264 431 400 432 429 
265 429 432 193 433 
266 430 429 433 401 
267 59 421 434 371 
268 421 332 435 434 
269 370 437 436 379 
270 437 371 438 436 
271 436 438 208 416 
272 379 436 416 346 
273 439 441 411 442 
274 417 439 442 347 
275 416 445 443 444 
276 445 208 446 443 
277 443 446 417 447 
278 444 443 447 415 
279 88 453 452 189 
280 453 90 454 452 
281 452 454 5 455 
282 189 452 455 91 
283 187 457 456 331 
284 457 189 458 456 
285 456 458 91 459 
286 331 456 459 190 
287 330 461 460 396 
288 461 187 462 460 
289 460 462 331 463 
290 396 460 463 329 
291 394 465 464 424 
292 465 396 466 464 
293 464 466 329 467 
294 424 464 467 397 
295 193 425 468 427 
296 425 397 469 468 
297 468 469 419 470 
298 427 468 470 355 
299 422 473 471 472 
300 473 424 474 471 
301 471 474 397 475 
302 472 471 475 425 
303 371 477 476 438 
304 477 434 478 476 
305 476 478 412 440 
306 438 476 440 208 
307 91 455 482 205 
308 455 5 483 482 
309 482 483 122 484 
310 205 482 484 121 
311 190 459 485 343 
312 459 91 486 485 
313 485 486 205 487 
314 343 485 487 204 
315 342 489 488 413 
316 489 343 490 488 
317 488 490 204 491 
318 413 488 491 344 
319 412 493 492 441 
320 493 342 494 492 
321 492 494 413 495 
322 441 492 495 411 
323 440 498 496 497 
324 498 412 499 496 
325 496 499 441 500 
326 497 496 500 439 
327 454 510 508 509 
328 508 511 504 512 
329 509 508 512 5 
330 5 512 513 514 
331 512 504 515 513 
332 514 513 516 483 
333 7 518 517 162 
334 518 16 519 517 
335 517 519 15 32 
336 162 517 32 13 
337 13 521 520 166 
338 521 32 522 520 
339 520 522 31 48 
340 166 520 48 26 
341 26 524 523 170 
342 524 48 525 523 
343 523 525 47 85 
344 170 523 85 42 
345 42 527 526 387 
346 527 85 528 526 
347 526 528 84 449 
348 387 526 449 58 
349 58 531 529 530 
350 531 449 532 529 
351 529 532 448 502 
352 530 529 502 90 
353 90 535 533 534 
354 535 502 536 533 
355 533 536 501 510 
356 534 533 510 454 
357 15 538 537 33 
358 538 17 539 537 
359 537 539 8 540 
360 33 537 540 18 
361 31 542 541 49 
362 542 33 543 541 
363 541 543 18 544 
364 49 541 544 34 
365 546 49 547 545 
366 545 547 34 548 
367 448 554 553 503 
368 554 450 555 553 
369 553 555 87 556 
370 503 553 556 451 
371 501 558 557 511 
372 558 503 559 557 
373 557 559 451 560 
374 511 557 560 504 
375 510 563 561 562 
376 563 501 564 561 
377 561 564 511 565 
378 562 561 565 508 
379 18 540 566 45 
380 540 8 567 566 
381 566 567 29 568 
382 45 566 568 28 
383 34 544 569 73 
384 544 18 570 569 
385 569 570 45 571 
386 73 569 571 44 
387 548 34 573 572 
388 572 573 73 574 
389 451 556 578 506 
390 556 87 579 578 
391 578 579 480 580 
392 506 578 580 479 
393 504 560 581 515 
394 560 451 582 581 
395 581 582 506 583 
396 515 581 583 505 
397 21 46 584 215 
398 46 28 585 584 
399 584 585 30 586 
400 215 584 586 9 
401 37 74 587 219 
402 74 44 588 587 
403 587 588 46 589 
404 219 587 589 21 
405 53 120 590 223 
406 120 72 591 590 
407 590 591 74 592 
408 223 590 592 37 
409 77 481 593 403 
410 481 118 594 593 
411 593 594 120 595 
412 403 593 595 53 
413 122 507 596 597 
414 507 479 598 596 
415 596 598 481 599 
416 597 596 599 77 
417 483 516 600 601 
418 516 505 602 600 
419 600 602 507 603 
420 601 600 603 122 
421 513 606 604 605 
422 606 515 607 604 
423 604 607 505 608 
424 605 604 608 516 
425 555 618 616 617 
426 617 616 620 87 
427 87 620 621 622 
428 622 621 624 579 
429 85 626 625 528 
430 626 47 627 625 
431 625 627 86 550 
432 528 625 550 84 
433 84 630 628 629 
434 630 550 631 628 
435 628 631 549 610 
436 629 628 610 450 
437 450 634 632 633 
438 634 610 635 632 
439 632 635 609 618 
440 633 632 618 555 
441 86 637 636 551 
442 637 545 638 636 
443 636 638 548 639 
444 551 636 639 50 
445 641 551 642 640 
446 640 642 50 643 
447 618 650 648 649 
448 650 609 651 648 
449 649 648 652 616 
450 50 639 653 576 
451 639 548 654 653 
452 653 654 572 655 
453 576 653 655 119 
454 643 50 657 656 
455 656 657 576 658 
456 118 577 662 594 
457 577 119 663 662 
458 662 663 72 664 
459 594 662 664 120 
460 480 615 665 666 
461 615 575 667 665 
462 665 667 577 668 
463 666 665 668 118 
464 579 624 669 670 
465 624 613 671 669 
466 669 671 615 672 
467 670 669 672 480 
468 621 675 673 674 
469 673 676 613 677 
470 674 673 677 624 
471 610 679 678 635 
472 679 549 680 678 
473 678 680 611 645 
474 635 678 645 609 
475 609 682 681 651 
476 682 645 683 681 
477 616 652 685 686 
478 685 687 612 688 
479 686 685 688 620 
480 648 691 689 690 
481 691 651 692 689 
482 690 689 693 652 
483 620 688 694 695 
484 688 612 696 694 
485 695 694 675 621 
486 613 661 697 671 
487 661 614 698 697 
488 697 698 575 699 
489 671 697 699 615 
490 700 702 661 703 
491 676 700 703 613 
492 675 706 704 705 
493 704 707 676 708 
494 705 704 708 673 
495 709 710 647 711 
496 687 709 711 612 
497 651 713 712 692 
498 713 681 714 712 
499 652 693 716 717 
500 693 619 718 716 
501 716 718 687 719 
502 717 716 719 685 
503 689 722 720 721 
504 722 692 723 720 
505 720 723 619 724 
506 721 720 724 693 
507 612 711 725 696 
508 711 647 726 725 
509 694 729 727 728 
510 729 696 730 727 
511 727 730 623 706 
512 728 727 706 675 
513 731 733 700 734 
514 707 731 734 676 
515 706 737 735 736 
516 737 623 738 735 
517 735 738 707 739 
518 736 735 739 704 
519 619 715 740 718 
520 715 684 741 740 
521 740 741 709 742 
522 718 740 742 687 
523 692 744 743 723 
524 744 712 745 743 
525 743 745 715 746 
526 723 743 746 619 
527 696 748 747 730 
528 748 725 749 747 
529 747 749 701 732 
530 730 747 732 623 
531 623 751 750 738 
532 751 732 752 750 
533 750 752 731 753 
534 738 750 753 707 
535 755 640 756 754 
536 754 756 643 757 
537 645 759 758 683 
538 759 611 760 758 
539 681 763 762 714 
540 763 683 764 762 
541 762 764 644 765 
542 712 767 766 745 
543 767 714 768 766 
544 766 768 684 769 
545 745 766 769 715 
546 757 643 771 770 
547 770 771 656 772 
548 773 775 614 776 
549 702 773 776 661 
550 778 659 779 777 
551 777 779 702 780 
552 733 777 780 700 
553 732 782 781 752 
554 782 701 783 781 
555 781 783 733 784 
556 752 781 784 731 
557 785 786 552 787 
558 710 785 787 647 
559 684 765 788 741 
560 765 644 789 788 
561 788 789 710 790 
562 741 788 790 709 
563 714 792 791 768 
564 792 762 793 791 
565 791 793 765 794 
566 768 791 794 684 
567 647 787 795 726 
568 787 552 796 795 
569 725 798 797 749 
570 798 726 799 797 
571 797 799 659 778 
572 749 797 778 701 
573 701 801 800 783 
574 801 778 802 800 
575 800 802 777 803 
576 783 800 803 733 
577 804 806 785 807 
578 789 804 807 710 
579 683 809 808 764 
580 809 758 810 808 
581 808 810 761 805 
582 764 808 805 644 
583 644 813 811 812 
584 813 805 814 811 
585 811 814 804 815 
586 812 811 815 789 
587 726 817 816 799 
588 817 795 818 816 
589 659 819 820 779 
590 819 774 821 820 
591 820 821 773 822 
592 779 820 822 702 
593 799 825 823 824 
594 825 816 826 823 
595 823 826 819 827 
596 824 823 827 659 
597 646 829 828 786 
598 829 754 830 828 
599 828 830 757 831 
600 786 828 831 552 
601 761 833 832 806 
602 833 646 834 832 
603 832 834 786 835 
604 806 832 835 785 
605 805 837 836 814 
606 837 761 838 836 
607 836 838 806 839 
608 814 836 839 804 
609 552 831 840 796 
610 831 757 841 840 
611 840 841 770 842 
612 796 840 842 660 
613 795 844 843 818 
614 844 796 845 843 
615 843 845 660 846 
616 818 843 846 774 
617 816 848 847 826 
618 848 818 849 847 
619 847 849 774 850 
620 826 847 850 819 
621 1 853 851 852 
622 853 12 160 851 
623 851 160 10 62 
624 852 851 62 11 
625 16 855 854 519 
626 855 2 856 854 
627 854 856 17 538 
628 519 854 538 15 
629 20 94 857 858 
630 94 19 214 857 
631 857 214 22 859 
632 858 857 859 4 
633 10 862 860 861 
634 862 25 164 860 
635 860 164 23 66 
636 861 860 66 24 
637 28 568 863 585 
638 568 29 864 863 
639 863 864 3 865 
640 585 863 865 30 
641 32 867 866 522 
642 867 15 868 866 
643 866 868 33 542 
644 522 866 542 31 
645 36 97 869 870 
646 97 35 218 869 
647 869 218 38 871 
648 870 869 871 19 
649 23 874 872 873 
650 874 41 168 872 
651 872 168 39 70 
652 873 872 70 40 
653 44 571 875 588 
654 571 45 876 875 
655 875 876 28 877 
656 588 875 877 46 
657 48 879 878 525 
658 879 31 880 878 
659 878 880 49 546 
660 525 878 546 47 
661 52 100 881 882 
662 100 51 222 881 
663 881 222 54 883 
664 882 881 883 35 
665 70 886 884 885 
666 886 39 172 884 
667 884 172 56 112 
668 885 884 112 68 
669 72 574 887 591 
670 574 73 888 887 
671 887 888 44 889 
672 591 887 889 74 
673 56 892 890 891 
674 892 81 176 890 
675 890 176 79 116 
676 891 890 116 80 
677 89 894 893 390 
678 894 58 530 893 
679 893 530 90 453 
680 390 893 453 88 
681 98 135 895 896 
682 135 76 226 895 
683 895 226 51 897 
684 896 895 897 100 
685 102 138 898 899 
686 138 101 230 898 
687 898 230 104 900 
688 899 898 900 76 
689 116 903 901 902 
690 903 79 180 901 
691 901 180 106 141 
692 902 901 141 114 
693 121 484 904 406 
694 484 122 597 904 
695 904 597 77 905 
696 406 904 905 123 
697 136 154 906 907 
698 154 125 234 906 
699 906 234 101 908 
700 907 906 908 138 
701 183 911 909 910 
702 911 186 254 909 
703 909 254 128 201 
704 910 909 201 149 
705 188 913 912 393 
706 913 88 914 912 
707 912 914 189 457 
708 393 912 457 187 
709 204 487 915 409 
710 487 205 916 915 
711 915 916 121 917 
712 409 915 917 206 
713 158 245 918 919 
714 245 143 270 918 
715 918 270 239 920 
716 919 918 920 237 
717 250 922 921 260 
718 922 196 296 921 
719 921 296 251 923 
720 260 921 923 249 
721 265 925 924 276 
722 925 267 317 924 
723 924 317 212 926 
724 276 924 926 268 
725 279 341 927 323 
726 341 191 362 927 
727 927 362 280 928 
728 323 927 928 278 
729 248 930 929 294 
730 930 289 338 929 
731 929 338 279 322 
732 294 929 322 131 
733 300 932 931 327 
734 932 301 377 931 
735 931 377 207 351 
736 327 931 351 302 
737 145 328 933 314 
738 328 302 350 933 
739 933 350 310 934 
740 314 933 934 263 
741 329 463 935 420 
742 463 331 936 935 
743 935 936 190 937 
744 420 935 937 332 
745 332 937 938 435 
746 937 190 939 938 
747 938 939 343 489 
748 435 938 489 342 
749 397 467 940 469 
750 467 329 941 940 
751 940 941 420 942 
752 469 940 942 419 
753 400 944 943 432 
754 944 422 472 943 
755 943 472 425 945 
756 432 943 945 193 
757 434 947 946 478 
758 947 435 948 946 
759 946 948 342 493 
760 478 946 493 412 
761 208 950 949 446 
762 950 440 497 949 
763 949 497 439 951 
764 446 949 951 417 
765 449 953 952 532 
766 953 84 629 952 
767 952 629 450 554 
768 532 952 554 448 
769 479 580 954 598 
770 580 480 666 954 
771 954 666 118 955 
772 598 954 955 481 
773 502 957 956 536 
774 957 448 958 956 
775 956 958 503 558 
776 536 956 558 501 
777 505 583 959 602 
778 583 506 960 959 
779 959 960 479 961 
780 602 959 961 507 
781 47 963 962 627 
782 963 546 964 962 
783 962 964 545 637 
784 627 962 637 86 
785 550 966 965 631 
786 966 86 967 965 
787 965 967 551 641 
788 631 965 641 549 
789 119 655 968 663 
790 655 572 969 968 
791 968 969 574 970 
792 663 968 970 72 
793 575 658 971 667 
794 658 576 972 971 
795 971 972 119 973 
796 667 971 973 577 
797 549 975 974 680 
798 975 641 976 974 
799 974 976 640 755 
800 680 974 755 611 
801 614 772 977 698 
802 772 656 978 977 
803 977 978 658 979 
804 698 977 979 575 
805 611 981 980 760 
806 981 755 982 980 
807 980 982 754 829 
808 760 980 829 646 
809 758 984 983 810 
810 984 760 985 983 
811 983 985 646 833 
812 810 983 833 761 
813 660 842 986 775 
814 842 770 987 986 
815 986 987 772 988 
816 775 986 988 614 
817 774 846 989 821 
818 846 660 990 989 
819 989 990 775 991 
820 821 989 991 773 
