2 0.000000 100.000000 262.180540
991 820 
1 -11.368037 0.000000 -11.629704 99.756106 -0.003052 6.975600 0.000006 
2 13.641644 0.000000 -11.629704 99.756249 -0.027628 6.972530 0.000007 
3 13.641644 0.000000 11.629704 99.757002 0.033277 6.971481 -0.000006 
4 -11.368037 0.000000 11.629704 99.756742 0.003730 6.975607 -0.000007 
5 1.136804 0.000000 0.000000 101.731609 0.004998 6.264759 -0.038857 
6 -11.368037 0.000000 0.000000 99.756406 0.000374 6.975805 -0.000000 
7 1.136804 0.000000 -11.629704 99.755233 -0.014436 6.974000 0.000026 
8 13.641644 0.000000 0.000000 99.812827 -0.490615 6.167488 -0.000088 
9 1.136804 0.000000 11.629704 99.757872 0.016350 6.973816 -0.000027 
10 -5.115617 0.000000 -5.814852 99.755193 -0.005418 6.975429 0.000024 
11 -11.368037 0.000000 -5.814852 99.756148 -0.001785 6.975712 0.000005 
12 -5.115617 0.000000 -11.629704 99.755673 -0.006560 6.975254 0.000015 
13 1.136804 0.000000 -5.814852 99.751664 -0.025362 6.969304 0.000103 
14 -5.115617 0.000000 0.000000 99.756251 0.000683 6.976323 0.000002 
15 7.389224 0.000000 -5.814852 99.755684 -0.054216 6.963106 0.000032 
16 7.389224 0.000000 -11.629704 99.755736 -0.023443 6.972743 0.000017 
17 13.641644 0.000000 -5.814852 99.756838 -0.057393 6.964297 0.000007 
18 7.389224 0.000000 0.000000 99.990041 -0.979060 3.627240 -0.001212 
19 -5.115617 0.000000 5.814852 99.757694 0.006680 6.975551 -0.000026 
20 -11.368037 0.000000 5.814852 99.756682 0.002513 6.975728 -0.000006 
21 1.136804 0.000000 5.814852 99.762551 0.029043 6.968597 -0.000113 
22 -5.115617 0.000000 11.629704 99.757252 0.007616 6.975254 -0.000016 
23 -1.989406 0.000000 -2.907426 99.750010 -0.002568 6.975480 0.000128 
24 -5.115617 0.000000 -2.907426 99.755274 -0.003065 6.975881 0.000022 
25 -1.989406 0.000000 -5.814852 99.753539 -0.011377 6.974013 0.000059 
26 1.136804 0.000000 -2.907426 99.741338 -0.044358 6.950935 0.000335 
27 -1.989406 0.000000 0.000000 99.753469 0.001950 6.979018 0.000054 
28 7.389224 0.000000 5.814852 99.758792 0.064903 6.959219 -0.000025 
29 13.641644 0.000000 5.814852 99.758009 0.077952 6.955939 -0.000005 
30 7.389224 0.000000 11.629704 99.757451 0.026955 6.972170 -0.000016 
31 4.263014 0.000000 -2.907426 99.753234 -0.094716 6.926163 0.000131 
32 4.263014 0.000000 -5.814852 99.753584 -0.044071 6.964211 0.000072 
33 7.389224 0.000000 -2.907426 99.758019 -0.114762 6.929109 0.000031 
34 4.263014 0.000000 0.000000 100.179337 -1.109989 0.858819 -0.003787 
35 -1.989406 0.000000 2.907426 99.762395 0.006708 6.976817 -0.000121 
36 -5.115617 0.000000 2.907426 99.757406 0.004403 6.976050 -0.000021 
37 1.136804 0.000000 2.907426 99.779865 0.045056 6.947451 -0.000429 
38 -1.989406 0.000000 5.814852 99.759723 0.013323 6.974255 -0.000064 
39 -0.426301 0.000000 -1.453713 99.726375 -0.026445 6.954629 0.000628 
40 -1.989406 0.000000 -1.453713 99.749715 -0.000812 6.976138 0.000133 
41 -0.426301 0.000000 -2.907426 99.742250 0.000465 6.967291 0.000294 
42 1.136804 0.000000 -1.453713 99.697076 -0.067910 6.881887 0.001313 
43 -0.426301 0.000000 0.000000 99.970570 -0.063884 7.043496 -0.004373 
44 4.263014 0.000000 2.907426 99.764043 0.121803 6.912001 -0.000065 
45 7.389224 0.000000 2.907426 99.762660 0.152833 6.898936 -0.000021 
46 4.263014 0.000000 5.814852 99.760625 0.050646 6.962027 -0.000065 
47 2.699909 0.000000 -1.453713 99.732224 -0.182017 6.779843 0.000748 
48 2.699909 0.000000 -2.907426 99.747659 -0.061219 6.933006 0.000233 
49 4.263014 0.000000 -1.453713 99.761563 -0.217447 6.780911 0.000160 
50 2.699909 0.000000 0.000000 100.234234 -0.625694 1.382604 -0.004920 
51 -0.426301 0.000000 1.453713 99.772277 0.011208 6.980471 -0.000323 
52 -1.989406 0.000000 1.453713 99.759839 -0.004641 6.977805 -0.000072 
53 1.136804 0.000000 1.453713 99.819567 0.026530 6.874892 -0.001121 
54 -0.426301 0.000000 2.907426 99.766932 0.003169 6.968561 -0.000200 
55 0.355251 0.000000 -0.726857 99.684667 0.028403 6.722350 0.001778 
56 -0.426301 0.000000 -0.726857 99.668109 0.014240 6.988560 0.001743 
57 0.355251 0.000000 -1.453713 99.724001 -0.017359 6.921637 0.000721 
58 1.136804 0.000000 -0.726857 99.629618 -0.017433 6.654739 0.002965 
59 0.355251 0.000000 0.000000 68.616693 -0.008650 0.042111 0.529175 
60 -8.241827 0.000000 -2.907426 99.756041 -0.001437 6.975837 0.000007 
61 -11.368037 0.000000 -2.907426 99.756251 -0.000783 6.975774 0.000003 
62 -8.241827 0.000000 -5.814852 99.755879 -0.002948 6.975680 0.000010 
63 -8.241827 0.000000 0.000000 99.756382 0.000482 6.975933 0.000000 
64 -3.552511 0.000000 -1.453713 99.754263 -0.000010 6.977384 0.000040 
65 -5.115617 0.000000 -1.453713 99.755645 -0.001308 6.976160 0.000014 
66 -3.552511 0.000000 -2.907426 99.754004 -0.004911 6.975831 0.000048 
67 -3.552511 0.000000 0.000000 99.755952 0.001743 6.978007 0.000006 
68 -1.207854 0.000000 -0.726857 99.741897 -0.007393 6.982920 0.000279 
69 -1.989406 0.000000 -0.726857 99.751493 0.001686 6.974788 0.000099 
70 -1.207854 0.000000 -1.453713 99.741889 -0.005229 6.972652 0.000294 
71 -1.207854 0.000000 0.000000 99.751334 -0.000301 6.981742 0.000093 
72 2.699909 0.000000 1.453713 99.789156 0.212159 6.725630 -0.000315 
73 4.263014 0.000000 1.453713 99.778060 0.294422 6.684543 -0.000043 
74 2.699909 0.000000 2.907426 99.768767 0.091989 6.923627 -0.000175 
75 0.355251 0.000000 0.726857 99.952422 -0.031336 6.976457 -0.003916 
76 -0.426301 0.000000 0.726857 99.770912 -0.037678 6.980220 -0.000296 
77 1.136804 0.000000 0.726857 100.007413 0.035587 6.603954 -0.004510 
78 0.355251 0.000000 1.453713 99.817315 0.018913 6.955578 -0.001188 
79 -0.035525 0.000000 -0.363428 98.894698 -0.000213 6.950592 0.017153 
80 -0.426301 0.000000 -0.363428 99.733510 0.003159 7.058716 0.000340 
81 -0.035525 0.000000 -0.726857 99.565424 0.026098 6.868634 0.003955 
82 0.355251 0.000000 -0.363428 100.165364 0.104084 5.795087 -0.006669 
83 -0.035525 0.000000 0.000000 166.224905 -0.079917 7.312771 -1.768420 
84 1.918356 0.000000 -0.726857 99.555016 -0.198990 6.330227 0.004869 
85 1.918356 0.000000 -1.453713 99.708512 -0.133513 6.829311 0.001156 
86 2.699909 0.000000 -0.726857 99.727865 -0.404623 6.119257 0.001674 
87 1.918356 0.000000 0.000000 101.902201 -0.146482 4.260533 -0.040223 
88 0.746027 0.000000 -0.363428 99.528407 0.027982 6.430435 0.005274 
89 0.746027 0.000000 -0.726857 99.624946 0.017867 6.799155 0.002864 
90 1.136804 0.000000 -0.363428 99.435826 -0.025556 5.751503 0.007944 
91 0.746027 0.000000 0.000000 102.056549 0.005796 6.711847 -0.046059 
92 -8.241827 0.000000 2.907426 99.756750 0.002390 6.975875 -0.000007 
93 -11.368037 0.000000 2.907426 99.756566 0.001525 6.975786 -0.000003 
94 -8.241827 0.000000 5.814852 99.756958 0.003873 6.975722 -0.000011 
95 -3.552511 0.000000 1.453713 99.757832 0.003301 6.977725 -0.000031 
96 -5.115617 0.000000 1.453713 99.756910 0.002667 6.976272 -0.000011 
97 -3.552511 0.000000 2.907426 99.758537 0.006595 6.976260 -0.000043 
98 -1.207854 0.000000 0.726857 99.760114 0.007466 6.982170 -0.000083 
99 -1.989406 0.000000 0.726857 99.759093 0.004004 6.986545 -0.000069 
100 -1.207854 0.000000 1.453713 99.762389 0.009867 6.978632 -0.000124 
101 -0.035525 0.000000 0.363428 99.403906 -0.136706 6.807721 0.007250 
102 -0.426301 0.000000 0.363428 99.807317 -0.013939 6.912228 -0.000928 
103 0.355251 0.000000 0.363428 100.692335 -0.042725 7.067750 -0.018890 
104 -0.035525 0.000000 0.726857 99.782517 -0.016724 7.016815 -0.000579 
105 0.159863 0.000000 -0.181714 97.470015 -0.088543 0.513957 0.049932 
106 -0.035525 0.000000 -0.181714 96.922931 0.255469 9.846807 0.050892 
107 0.159863 0.000000 -0.363428 99.001661 0.075542 5.759046 0.016550 
108 0.355251 0.000000 -0.181714 101.413524 0.129341 3.111400 -0.029440 
109 0.159863 0.000000 0.000000 116.755200 0.124652 0.146175 -0.363181 
110 -0.817078 0.000000 -0.363428 99.741591 -0.008375 6.996010 0.000267 
111 -1.207854 0.000000 -0.363428 99.745706 -0.001957 6.981056 0.000206 
112 -0.817078 0.000000 -0.726857 99.729283 -0.003058 6.980766 0.000534 
113 -0.817078 0.000000 0.000000 99.763842 -0.014999 7.000111 -0.000183 
114 -0.230913 0.000000 -0.181714 100.215836 -0.009462 7.456954 -0.009882 
115 -0.426301 0.000000 -0.181714 99.860752 -0.056014 7.095484 -0.002252 
116 -0.230913 0.000000 -0.363428 99.456208 0.056180 7.293480 0.005526 
117 -0.230913 0.000000 0.000000 101.211575 -0.080503 7.087728 -0.029403 
118 1.918356 0.000000 0.726857 100.017417 0.234407 6.100186 -0.004075 
119 2.699909 0.000000 0.726857 99.815555 0.532720 5.893793 0.000183 
120 1.918356 0.000000 1.453713 99.822701 0.144678 6.775186 -0.001050 
121 0.746027 0.000000 0.363428 100.001532 -0.009760 6.235325 -0.003919 
122 1.136804 0.000000 0.363428 100.389193 0.004267 5.840163 -0.011210 
123 0.746027 0.000000 0.726857 99.945354 -0.026471 6.748075 -0.003461 
124 0.159863 0.000000 0.181714 99.221515 -0.267831 10.320974 0.004850 
125 -0.035525 0.000000 0.181714 98.289185 0.068678 3.909549 0.032395 
126 0.355251 0.000000 0.181714 102.292779 -0.061121 6.141524 -0.050153 
127 0.159863 0.000000 0.363428 99.663463 -0.105152 7.488230 0.001111 
128 0.062169 0.000000 -0.090857 83.576615 0.060841 -5.017211 0.298977 
129 -0.035525 0.000000 -0.090857 102.502123 0.106632 26.050655 -0.118533 
130 0.062169 0.000000 -0.181714 95.003142 0.095942 4.322832 0.095571 
131 0.159863 0.000000 -0.090857 97.477605 -0.063924 -13.029175 0.032835 
132 0.062169 0.000000 0.000000 196.959973 0.011908 0.781609 -2.879384 
133 -0.817078 0.000000 0.363428 99.766793 -0.008760 6.984767 -0.000220 
134 -1.207854 0.000000 0.363428 99.755213 0.001783 6.981041 0.000016 
135 -0.817078 0.000000 0.726857 99.762014 0.005422 6.980176 -0.000118 
136 -0.230913 0.000000 0.181714 100.443340 -0.071705 6.626355 -0.013278 
137 -0.426301 0.000000 0.181714 99.912554 0.001253 6.935916 -0.003063 
138 -0.230913 0.000000 0.363428 99.703667 -0.045102 6.699027 0.001430 
139 -0.133219 0.000000 -0.090857 103.171388 -0.033138 9.764959 -0.073969 
140 -0.230913 0.000000 -0.090857 100.777262 -0.056745 7.544386 -0.021298 
141 -0.133219 0.000000 -0.181714 99.803096 -0.150238 8.965007 -0.004105 
142 -0.133219 0.000000 0.000000 106.479487 0.049623 7.280887 -0.139089 
143 0.062169 0.000000 0.090857 88.360521 -0.021175 11.622979 0.205732 
144 -0.035525 0.000000 0.090857 104.869342 0.028798 -11.057858 -0.111986 
145 0.159863 0.000000 0.090857 101.212626 -0.046391 13.788144 -0.043411 
146 0.062169 0.000000 0.181714 96.955084 -0.118020 7.920088 0.053697 
147 0.013322 0.000000 -0.045429 69.821489 0.155865 -13.608805 0.493974 
148 -0.035525 0.000000 -0.045429 144.595538 -0.035242 37.342966 -1.230237 
149 0.013322 0.000000 -0.090857 73.018818 -0.005448 11.233265 0.454207 
150 0.062169 0.000000 -0.045429 194.479505 0.046863 -18.882690 -2.817884 
151 0.013322 0.000000 0.000000 247.008083 -0.000470 3.661374 -5.102640 
152 -0.133219 0.000000 0.090857 103.636905 -0.104593 4.671716 -0.076244 
153 -0.230913 0.000000 0.090857 100.917716 -0.093261 6.598468 -0.022793 
154 -0.133219 0.000000 0.181714 100.324541 -0.174419 5.165620 -0.009173 
155 0.013322 0.000000 0.045429 77.768965 -0.169241 15.408653 0.371453 
156 -0.035525 0.000000 0.045429 144.390325 -0.090055 -21.258049 -1.130048 
157 0.062169 0.000000 0.045429 192.835709 -0.001776 19.730023 -2.757488 
158 0.013322 0.000000 0.090857 79.458473 -0.152607 -0.511541 0.368607 
159 -1.989406 0.000000 -8.722278 99.754769 -0.010961 6.974426 0.000034 
160 -5.115617 0.000000 -8.722278 99.755431 -0.006387 6.975266 0.000020 
161 -1.989406 0.000000 -11.629704 99.755378 -0.009887 6.974760 0.000022 
162 1.136804 0.000000 -8.722278 99.754350 -0.018450 6.972762 0.000045 
163 -0.426301 0.000000 -4.361139 99.748631 -0.010704 6.971082 0.000161 
164 -1.989406 0.000000 -4.361139 99.752322 -0.010692 6.974069 0.000084 
165 -0.426301 0.000000 -5.814852 99.752490 -0.017111 6.972092 0.000083 
166 1.136804 0.000000 -4.361139 99.749675 -0.017132 6.964094 0.000150 
167 0.355251 0.000000 -2.180570 99.746783 -0.040786 6.945381 0.000234 
168 -0.426301 0.000000 -2.180570 99.739773 -0.014895 6.961832 0.000351 
169 0.355251 0.000000 -2.907426 99.743047 -0.029464 6.959267 0.000289 
170 1.136804 0.000000 -2.180570 99.744245 -0.035699 6.930299 0.000306 
171 -0.035525 0.000000 -1.090285 99.691627 0.006994 6.915014 0.001376 
172 -0.426301 0.000000 -1.090285 99.714589 -0.004410 6.952265 0.000867 
173 -0.035525 0.000000 -1.453713 99.709755 -0.034234 6.945508 0.000972 
174 0.355251 0.000000 -1.090285 99.708965 0.008177 6.876790 0.001083 
175 0.159863 0.000000 -0.545142 99.458935 0.045548 6.543986 0.006509 
176 -0.035525 0.000000 -0.545142 99.440451 0.046215 6.822668 0.006505 
177 0.159863 0.000000 -0.726857 99.598568 0.030707 6.756522 0.003447 
178 0.355251 0.000000 -0.545142 99.690681 0.032839 6.512876 0.001935 
179 0.062169 0.000000 -0.272571 97.114202 0.155220 5.802627 0.053514 
180 -0.035525 0.000000 -0.272571 97.824027 0.019126 7.642678 0.037205 
181 0.062169 0.000000 -0.363428 98.636293 0.028420 6.358793 0.023045 
182 0.159863 0.000000 -0.272571 98.324004 0.224396 4.179492 0.031487 
183 0.013322 0.000000 -0.136286 91.431378 0.061261 8.854760 0.156189 
184 -0.035525 0.000000 -0.136286 97.505228 0.201836 13.285390 0.031619 
185 0.013322 0.000000 -0.181714 95.055726 0.203477 7.542257 0.090748 
186 0.062169 0.000000 -0.136286 92.209184 0.087897 1.834376 0.149409 
187 0.550639 0.000000 -0.181714 101.366833 -0.000210 5.108109 -0.030133 
188 0.550639 0.000000 -0.363428 99.884112 0.057648 6.520814 -0.001936 
189 0.746027 0.000000 -0.181714 101.941405 0.014725 5.221638 -0.041932 
190 0.550639 0.000000 0.000000 101.507729 -0.006752 6.614631 -0.034757 
191 0.257557 0.000000 -0.090857 101.420290 0.019554 -10.012274 -0.038632 
192 0.257557 0.000000 -0.181714 100.068090 0.017716 1.125804 -0.001489 
193 0.355251 0.000000 -0.090857 104.623314 0.092399 -4.283950 -0.096440 
194 0.257557 0.000000 0.000000 82.677831 -0.030620 0.064662 0.316437 
195 0.111016 0.000000 -0.045429 145.404910 -0.006870 -13.442001 -1.132328 
196 0.111016 0.000000 -0.090857 90.192514 -0.004130 -14.958113 0.164157 
197 0.159863 0.000000 -0.045429 115.622707 0.110166 -8.361328 -0.343853 
198 0.111016 0.000000 0.000000 148.500443 -0.021947 0.210625 -1.205243 
199 0.037745 0.000000 -0.068143 70.844781 0.154371 -13.647025 0.479475 
200 0.013322 0.000000 -0.068143 69.813683 0.161600 -13.242169 0.495067 
201 0.037745 0.000000 -0.090857 80.708708 0.039679 -1.004903 0.348509 
202 0.062169 0.000000 -0.068143 76.238734 0.097245 -14.509100 0.397713 
203 0.037745 0.000000 -0.045429 70.407044 0.157139 -13.723480 0.485449 
204 0.550639 0.000000 0.181714 101.646493 -0.016935 5.122814 -0.035825 
205 0.746027 0.000000 0.181714 102.323481 -0.000463 5.241735 -0.049757 
206 0.550639 0.000000 0.363428 100.270641 -0.043563 6.231212 -0.009303 
207 0.257557 0.000000 0.090857 104.118912 -0.039618 10.535932 -0.095176 
208 0.355251 0.000000 0.090857 106.142692 0.002510 4.608871 -0.128751 
209 0.257557 0.000000 0.181714 101.411661 -0.182552 8.712658 -0.036027 
210 0.111016 0.000000 0.045429 145.143568 -0.041382 13.708943 -1.125459 
211 0.159863 0.000000 0.045429 115.566961 0.066312 8.537390 -0.342861 
212 0.111016 0.000000 0.090857 94.860086 -0.113281 15.992114 0.074580 
213 -1.989406 0.000000 8.722278 99.758356 0.012603 6.974416 -0.000037 
214 -5.115617 0.000000 8.722278 99.757505 0.007548 6.975308 -0.000021 
215 1.136804 0.000000 8.722278 99.759012 0.020933 6.972448 -0.000048 
216 -1.989406 0.000000 11.629704 99.757636 0.011286 6.974709 -0.000023 
217 -0.426301 0.000000 4.361139 99.765751 0.014540 6.971724 -0.000181 
218 -1.989406 0.000000 4.361139 99.760854 0.012805 6.974699 -0.000087 
219 1.136804 0.000000 4.361139 99.767866 0.023769 6.963317 -0.000212 
220 -0.426301 0.000000 5.814852 99.761280 0.019689 6.972123 -0.000092 
221 0.355251 0.000000 2.180570 99.791017 0.025638 6.961581 -0.000671 
222 -0.426301 0.000000 2.180570 99.772878 0.019161 6.973239 -0.000325 
223 1.136804 0.000000 2.180570 99.803308 0.045442 6.929562 -0.000872 
224 0.355251 0.000000 2.907426 99.777251 0.034439 6.962979 -0.000398 
225 -0.035525 0.000000 1.090285 99.796406 -0.013608 6.991787 -0.000821 
226 -0.426301 0.000000 1.090285 99.774253 0.006560 6.987617 -0.000373 
227 0.355251 0.000000 1.090285 99.852346 -0.010028 6.963362 -0.001898 
228 -0.035525 0.000000 1.453713 99.777668 -0.010111 6.965927 -0.000411 
229 0.159863 0.000000 0.545142 99.805961 -0.078964 7.117337 -0.001189 
230 -0.035525 0.000000 0.545142 99.678819 -0.021272 7.012719 0.001495 
231 0.355251 0.000000 0.545142 100.048684 -0.071258 6.993479 -0.005865 
232 0.159863 0.000000 0.726857 99.855164 -0.025220 7.036728 -0.002057 
233 0.062169 0.000000 0.272571 98.114649 -0.034872 7.419461 0.031847 
234 -0.035525 0.000000 0.272571 98.582351 -0.047504 6.113749 0.024414 
235 0.159863 0.000000 0.272571 99.329028 -0.068900 8.432482 0.006263 
236 0.062169 0.000000 0.363428 99.253140 -0.125664 7.166970 0.009743 
237 0.013322 0.000000 0.136286 94.341104 -0.052647 3.722462 0.108590 
238 -0.035525 0.000000 0.136286 99.402325 0.100343 0.689186 0.011869 
239 0.062169 0.000000 0.136286 95.168567 -0.126215 8.968788 0.086249 
240 0.013322 0.000000 0.181714 96.866501 0.015506 5.551337 0.058606 
241 0.037745 0.000000 0.068143 78.461537 -0.087618 15.583807 0.360092 
242 0.013322 0.000000 0.068143 77.700127 -0.165516 15.473847 0.372322 
243 0.037745 0.000000 0.045429 78.171396 -0.080329 15.490888 0.364926 
244 0.062169 0.000000 0.068143 82.957421 -0.100009 16.196285 0.285574 
245 0.037745 0.000000 0.090857 86.070398 -0.024364 9.135315 0.250843 
246 0.111016 0.000000 -0.136286 95.252450 -0.030247 -1.647740 0.092425 
247 0.111016 0.000000 -0.181714 96.152792 0.027813 1.932674 0.075090 
248 0.159863 0.000000 -0.136286 97.495128 -0.209731 -3.214948 0.048432 
249 0.086592 0.000000 -0.068143 89.377373 -0.109118 -14.658588 0.179680 
250 0.086592 0.000000 -0.090857 89.817271 -0.131137 -14.900405 0.171082 
251 0.111016 0.000000 -0.068143 90.195460 -0.018374 -14.706021 0.164851 
252 0.086592 0.000000 -0.045429 167.912992 0.015471 -17.167575 -1.848950 
253 0.086592 0.000000 -0.113571 91.701988 0.080181 -3.877413 0.157570 
254 0.062169 0.000000 -0.113571 89.022042 0.103997 -0.905020 0.207425 
255 0.086592 0.000000 -0.136286 93.697911 0.081046 -0.309264 0.122060 
256 0.111016 0.000000 -0.113571 94.324729 0.018830 -5.150852 0.107631 
257 0.074381 0.000000 -0.079500 86.174038 -0.060321 -14.638877 0.235973 
258 0.062169 0.000000 -0.079500 77.248816 0.081494 -14.598097 0.381951 
259 0.074381 0.000000 -0.090857 84.527238 0.042273 -9.150807 0.277141 
260 0.086592 0.000000 -0.079500 89.512808 -0.104581 -14.709035 0.177109 
261 0.074381 0.000000 -0.068143 83.294512 -0.013369 -14.709403 0.284566 
262 0.111016 0.000000 0.136286 97.915710 -0.124339 11.212338 0.028678 
263 0.159863 0.000000 0.136286 99.925601 -0.350034 11.695442 -0.012203 
264 0.111016 0.000000 0.181714 98.032638 -0.193805 9.534535 0.029866 
265 0.086592 0.000000 0.068143 94.375902 -0.051723 15.948839 0.083882 
266 0.086592 0.000000 0.045429 167.160351 -0.008349 17.506954 -1.824908 
267 0.111016 0.000000 0.068143 94.859701 -0.102890 16.050395 0.074401 
268 0.086592 0.000000 0.090857 94.791256 -0.052899 15.981083 0.075922 
269 0.086592 0.000000 0.113571 95.168179 -0.073016 12.244050 0.079310 
270 0.062169 0.000000 0.113571 92.779290 -0.070624 10.234383 0.128726 
271 0.111016 0.000000 0.113571 97.576776 -0.076971 12.750134 0.031620 
272 0.086592 0.000000 0.136286 96.518437 -0.085008 10.453927 0.057490 
273 0.074381 0.000000 0.079500 91.664697 -0.052491 15.836232 0.134679 
274 0.062169 0.000000 0.079500 83.864688 -0.094246 16.115918 0.270698 
275 0.074381 0.000000 0.068143 89.143553 -0.067340 16.014145 0.179697 
276 0.086592 0.000000 0.079500 94.480939 -0.055010 15.960271 0.081862 
277 0.074381 0.000000 0.090857 89.189866 -0.061835 14.877167 0.182383 
278 0.208710 0.000000 -0.045429 95.153441 -0.037525 -5.206016 0.091872 
279 0.208710 0.000000 -0.090857 98.864529 -0.081581 -12.414819 0.007167 
280 0.257557 0.000000 -0.045429 81.814862 0.019395 -4.010224 0.329025 
281 0.208710 0.000000 0.000000 96.260435 0.077361 0.121347 0.073391 
282 0.135439 0.000000 -0.068143 90.881048 0.036795 -15.068964 0.151356 
283 0.135439 0.000000 -0.090857 92.149343 0.016626 -14.691824 0.129265 
284 0.159863 0.000000 -0.068143 114.189539 -0.001989 -12.549982 -0.319675 
285 0.135439 0.000000 -0.045429 128.961253 0.096352 -10.550509 -0.674233 
286 0.257557 0.000000 -0.272571 99.839820 0.113905 4.233844 0.001407 
287 0.257557 0.000000 -0.363428 99.763502 0.088112 5.562667 0.001629 
288 0.355251 0.000000 -0.272571 100.407816 0.078993 5.159180 -0.010835 
289 0.208710 0.000000 -0.136286 99.157796 -0.164314 -3.550303 0.015510 
290 0.208710 0.000000 -0.181714 98.615676 0.005795 0.270395 0.027488 
291 0.257557 0.000000 -0.136286 100.413257 0.133564 -2.958625 -0.009159 
292 0.135439 0.000000 -0.113571 95.609173 -0.027918 -5.831008 0.082488 
293 0.135439 0.000000 -0.136286 96.481799 -0.129651 -2.447221 0.068526 
294 0.159863 0.000000 -0.113571 96.974153 -0.165058 -6.731613 0.055067 
295 0.123228 0.000000 -0.079500 90.352329 0.026882 -14.865517 0.161547 
296 0.111016 0.000000 -0.079500 90.193204 -0.011439 -14.804753 0.164601 
297 0.123228 0.000000 -0.090857 90.176463 0.015465 -14.954383 0.164457 
298 0.135439 0.000000 -0.079500 92.089829 0.019750 -14.893318 0.129765 
299 0.123228 0.000000 -0.068143 90.179451 0.011817 -14.955078 0.164401 
300 0.208710 0.000000 0.045429 95.141180 -0.039510 5.382242 0.091919 
301 0.257557 0.000000 0.045429 81.833307 -0.043304 4.103616 0.328647 
302 0.208710 0.000000 0.090857 102.225734 -0.102323 13.100435 -0.062173 
303 0.135439 0.000000 0.068143 95.387906 -0.146007 16.079472 0.064258 
304 0.135439 0.000000 0.045429 128.632896 -0.079649 10.780842 -0.666265 
305 0.159863 0.000000 0.068143 114.182519 -0.065392 12.596818 -0.319633 
306 0.135439 0.000000 0.090857 96.520772 -0.117398 15.656354 0.043861 
307 0.257557 0.000000 0.272571 100.709613 -0.158835 7.930234 -0.020534 
308 0.355251 0.000000 0.272571 101.093458 -0.172903 6.708331 -0.026492 
309 0.257557 0.000000 0.363428 100.363506 -0.081420 7.462814 -0.012853 
310 0.208710 0.000000 0.136286 101.354828 -0.293525 11.055026 -0.039510 
311 0.257557 0.000000 0.136286 102.294464 0.045373 9.693588 -0.055813 
312 0.208710 0.000000 0.181714 100.201926 -0.193793 9.976793 -0.014000 
313 0.135439 0.000000 0.113571 98.756823 -0.141131 12.673117 0.008646 
314 0.159863 0.000000 0.113571 99.914451 -0.286659 12.814268 -0.014719 
315 0.135439 0.000000 0.136286 99.035128 -0.245760 11.458521 0.006069 
316 0.123228 0.000000 0.079500 94.923430 -0.142975 16.029788 0.073257 
317 0.111016 0.000000 0.079500 94.855878 -0.108485 16.026789 0.074549 
318 0.123228 0.000000 0.068143 94.812853 -0.131285 15.983547 0.075503 
319 0.135439 0.000000 0.079500 96.479083 -0.115672 15.870781 0.043989 
320 0.123228 0.000000 0.090857 94.802051 -0.135403 15.981588 0.075714 
321 0.184287 0.000000 -0.068143 102.891136 -0.003038 -10.330048 -0.069330 
322 0.184287 0.000000 -0.090857 97.470484 -0.063147 -12.887317 0.033342 
323 0.208710 0.000000 -0.068143 93.077124 0.032203 -8.231216 0.126890 
324 0.184287 0.000000 -0.045429 104.277693 -0.051594 -6.758546 -0.091952 
325 0.184287 0.000000 0.068143 102.992543 -0.114428 10.459945 -0.071689 
326 0.184287 0.000000 0.045429 104.291026 -0.106075 6.920136 -0.092452 
327 0.208710 0.000000 0.068143 93.046858 -0.033903 8.381978 0.127202 
328 0.184287 0.000000 0.090857 101.124689 -0.095877 13.822044 -0.041726 
329 0.452945 0.000000 -0.090857 98.879456 0.000178 2.824292 0.021488 
330 0.452945 0.000000 -0.181714 99.672620 -0.004072 1.184306 0.006397 
331 0.550639 0.000000 -0.090857 100.969244 -0.003234 5.621310 -0.022639 
332 0.452945 0.000000 0.000000 101.507729 -0.006752 6.614633 -0.034757 
333 0.306404 0.000000 -0.136286 101.668216 0.118564 -1.215215 -0.033792 
334 0.306404 0.000000 -0.181714 100.810668 0.106923 1.900637 -0.016641 
335 0.355251 0.000000 -0.136286 103.863897 0.166028 0.100746 -0.078775 
336 0.306404 0.000000 -0.090857 103.489278 0.105687 -6.294237 -0.074966 
337 0.233134 0.000000 -0.113571 100.268404 -0.029474 -6.368259 -0.009431 
338 0.208710 0.000000 -0.113571 99.943363 -0.099233 -7.105085 -0.003917 
339 0.233134 0.000000 -0.136286 99.680168 -0.033435 -3.214744 0.005353 
340 0.257557 0.000000 -0.113571 101.446528 0.006044 -10.015113 -0.039170 
341 0.233134 0.000000 -0.090857 101.599118 -0.076713 -10.031253 -0.042301 
342 0.452945 0.000000 0.090857 99.206431 -0.035098 2.822501 0.015012 
343 0.550639 0.000000 0.090857 101.134651 -0.015820 5.623885 -0.025985 
344 0.452945 0.000000 0.181714 99.993947 -0.034300 1.184948 -0.000019 
345 0.306404 0.000000 0.136286 103.234639 0.003085 7.347192 -0.071137 
346 0.306404 0.000000 0.090857 105.436897 -0.009914 6.670972 -0.116144 
347 0.355251 0.000000 0.136286 105.111210 -0.058173 5.554004 -0.107922 
348 0.306404 0.000000 0.181714 101.915729 -0.109407 7.583910 -0.044434 
349 0.233134 0.000000 0.113571 102.719669 -0.111309 10.490247 -0.066139 
350 0.208710 0.000000 0.113571 102.659442 -0.149570 11.950646 -0.068180 
351 0.233134 0.000000 0.090857 104.352678 -0.067672 10.559808 -0.100100 
352 0.257557 0.000000 0.113571 104.145585 -0.050491 10.538830 -0.095737 
353 0.233134 0.000000 0.136286 101.745752 -0.131617 10.297579 -0.045826 
354 0.306404 0.000000 -0.045429 72.987791 0.191133 -2.130785 0.466821 
355 0.355251 0.000000 -0.045429 67.866046 0.005365 -1.054944 0.539309 
356 0.306404 0.000000 0.000000 73.592033 0.062612 0.032111 0.458421 
357 0.281981 0.000000 -0.113571 102.647526 0.128076 -8.233478 -0.060432 
358 0.281981 0.000000 -0.136286 101.439993 0.101604 -2.002840 -0.029409 
359 0.306404 0.000000 -0.113571 103.486153 0.095713 -6.295098 -0.074902 
360 0.281981 0.000000 -0.090857 102.425341 0.120376 -8.559445 -0.056423 
361 0.281981 0.000000 -0.068143 75.485378 0.216727 -4.576113 0.428097 
362 0.257557 0.000000 -0.068143 80.891094 0.032387 -6.168299 0.341858 
363 0.306404 0.000000 -0.068143 72.363669 0.152623 -3.131567 0.475367 
364 0.281981 0.000000 -0.045429 76.583813 0.156125 -3.126117 0.412512 
365 0.269769 0.000000 -0.102214 101.627383 0.076000 -9.764637 -0.042348 
366 0.257557 0.000000 -0.102214 101.418379 0.020538 -10.012067 -0.038593 
367 0.269769 0.000000 -0.113571 101.581360 0.096887 -10.027916 -0.041934 
368 0.281981 0.000000 -0.102214 102.424762 0.135115 -9.026330 -0.057232 
369 0.269769 0.000000 -0.090857 101.502801 0.059050 -10.020288 -0.040323 
370 0.306404 0.000000 0.045429 73.120878 0.031136 2.166375 0.464864 
371 0.355251 0.000000 0.045429 67.841197 -0.023847 1.138935 0.539627 
372 0.281981 0.000000 0.113571 104.981108 0.075863 8.685132 -0.109647 
373 0.281981 0.000000 0.090857 104.823324 0.066753 9.023967 -0.106937 
374 0.306404 0.000000 0.113571 105.416289 -0.031124 6.669896 -0.115708 
375 0.281981 0.000000 0.136286 103.157905 -0.059297 8.432346 -0.071266 
376 0.281981 0.000000 0.068143 75.477012 0.151569 4.624204 0.428181 
377 0.257557 0.000000 0.068143 80.950250 -0.037236 6.265351 0.340780 
378 0.281981 0.000000 0.045429 76.636167 0.086970 3.243927 0.411637 
379 0.306404 0.000000 0.068143 72.472413 -0.010773 3.162467 0.473775 
380 0.269769 0.000000 0.102214 104.264623 0.019764 10.276839 -0.097673 
381 0.257557 0.000000 0.102214 104.116968 -0.038826 10.535721 -0.095135 
382 0.269769 0.000000 0.090857 104.184246 0.003581 10.541895 -0.096549 
383 0.281981 0.000000 0.102214 104.877182 0.101774 9.504177 -0.108956 
384 0.269769 0.000000 0.113571 104.246400 0.044931 10.547564 -0.097856 
385 0.746027 0.000000 -1.090285 99.708555 -0.005664 6.859132 0.001116 
386 0.746027 0.000000 -1.453713 99.720854 -0.027775 6.906275 0.000805 
387 1.136804 0.000000 -1.090285 99.701115 -0.047785 6.824090 0.001312 
388 0.550639 0.000000 -0.545142 99.689989 0.025180 6.696553 0.001706 
389 0.550639 0.000000 -0.726857 99.686332 0.029431 6.755660 0.001700 
390 0.746027 0.000000 -0.545142 99.623074 0.040127 6.686729 0.003053 
391 0.452945 0.000000 -0.272571 100.228177 0.104072 5.973281 -0.008138 
392 0.452945 0.000000 -0.363428 100.164282 0.095767 6.324332 -0.007289 
393 0.550639 0.000000 -0.272571 101.348964 -0.006270 1.077670 -0.027277 
394 0.404098 0.000000 -0.136286 97.983342 -0.004121 0.455873 0.039906 
395 0.404098 0.000000 -0.181714 101.576350 0.089517 4.723701 -0.034008 
396 0.452945 0.000000 -0.136286 99.038982 -0.000522 2.249501 0.018622 
397 0.404098 0.000000 -0.090857 100.821201 0.027712 -1.307014 -0.016662 
398 0.330828 0.000000 -0.113571 103.463035 0.101590 -6.297961 -0.074427 
399 0.330828 0.000000 -0.136286 102.171502 0.132613 -1.038391 -0.044011 
400 0.355251 0.000000 -0.113571 104.505567 0.098057 -4.527885 -0.094192 
401 0.330828 0.000000 -0.090857 103.457040 0.100359 -6.297555 -0.074303 
402 0.746027 0.000000 1.090285 99.885809 0.011910 6.887032 -0.002461 
403 1.136804 0.000000 1.090285 99.897118 0.053348 6.800118 -0.002568 
404 0.746027 0.000000 1.453713 99.833723 0.031652 6.918099 -0.001463 
405 0.550639 0.000000 0.545142 100.018518 -0.049753 6.708739 -0.004871 
406 0.746027 0.000000 0.545142 100.047603 0.001147 6.639062 -0.005360 
407 0.550639 0.000000 0.726857 99.981369 -0.025761 6.882412 -0.004364 
408 0.452945 0.000000 0.272571 100.730828 -0.063004 5.785003 -0.018017 
409 0.550639 0.000000 0.272571 101.648653 -0.020558 1.078991 -0.033361 
410 0.452945 0.000000 0.363428 100.590048 -0.026655 6.448807 -0.015995 
411 0.404098 0.000000 0.136286 98.321553 -0.047042 0.453770 0.033266 
412 0.404098 0.000000 0.090857 101.490115 0.013624 2.009200 -0.030428 
413 0.452945 0.000000 0.136286 99.367216 -0.035531 2.248274 0.012110 
414 0.404098 0.000000 0.181714 102.251372 -0.104738 4.317050 -0.047399 
415 0.330828 0.000000 0.113571 105.430188 -0.045820 6.673575 -0.116006 
416 0.330828 0.000000 0.090857 105.423668 -0.046806 6.673146 -0.115868 
417 0.355251 0.000000 0.113571 106.081665 0.000243 4.859027 -0.127693 
418 0.330828 0.000000 0.136286 103.560046 0.009006 6.924394 -0.077263 
419 0.404098 0.000000 -0.045429 67.132825 0.037217 0.799121 0.549254 
420 0.452945 0.000000 -0.045429 99.439855 0.001260 4.464001 0.009179 
421 0.404098 0.000000 0.000000 68.193584 0.021713 0.004548 0.534963 
422 0.379675 0.000000 -0.113571 104.205035 0.064110 -2.093059 -0.086307 
423 0.379675 0.000000 -0.136286 103.704655 0.125176 1.704261 -0.075758 
424 0.404098 0.000000 -0.113571 100.497766 0.031454 -1.585425 -0.010232 
425 0.379675 0.000000 -0.090857 103.910236 0.060053 -2.086796 -0.080170 
426 0.330828 0.000000 -0.068143 69.512225 0.075480 -2.970191 0.515922 
427 0.355251 0.000000 -0.068143 66.603084 0.027452 -1.784864 0.556084 
428 0.330828 0.000000 -0.045429 70.061046 0.002014 -1.892303 0.508787 
429 0.343039 0.000000 -0.102214 103.892393 0.117861 -5.969225 -0.082927 
430 0.330828 0.000000 -0.102214 103.459609 0.100886 -6.297729 -0.074356 
431 0.343039 0.000000 -0.113571 103.983018 0.110918 -5.832280 -0.084650 
432 0.355251 0.000000 -0.102214 104.609145 0.093106 -4.629656 -0.096452 
433 0.343039 0.000000 -0.090857 103.712777 0.117187 -6.313554 -0.079621 
434 0.404098 0.000000 0.045429 67.174787 0.001252 -0.838840 0.548684 
435 0.452945 0.000000 0.045429 99.737773 -0.028373 4.465698 0.003243 
436 0.330828 0.000000 0.068143 69.648781 -0.069396 3.047869 0.513975 
437 0.330828 0.000000 0.045429 70.124744 -0.062923 1.954989 0.507869 
438 0.355251 0.000000 0.068143 66.629807 -0.032324 1.842534 0.555707 
439 0.379675 0.000000 0.113571 105.145696 0.026351 2.367542 -0.106122 
440 0.379675 0.000000 0.090857 104.794612 0.030258 2.360119 -0.098748 
441 0.404098 0.000000 0.113571 101.194027 0.015240 2.112714 -0.024469 
442 0.379675 0.000000 0.136286 104.775469 -0.051657 3.757998 -0.099202 
443 0.343039 0.000000 0.102214 105.774763 -0.016965 6.335128 -0.122843 
444 0.330828 0.000000 0.102214 105.426461 -0.046384 6.673330 -0.115927 
445 0.343039 0.000000 0.090857 105.653093 -0.024308 6.687237 -0.120730 
446 0.355251 0.000000 0.102214 106.192834 0.000759 4.961624 -0.130154 
447 0.343039 0.000000 0.113571 105.828733 -0.017009 6.194248 -0.123809 
448 1.527580 0.000000 -0.363428 99.601055 -0.100985 5.693146 0.004721 
449 1.527580 0.000000 -0.726857 99.616021 -0.104328 6.540115 0.003386 
450 1.918356 0.000000 -0.363428 98.954166 -0.241599 4.469206 0.018804 
451 1.527580 0.000000 0.000000 101.117035 -0.006124 3.935672 -0.024014 
452 0.941416 0.000000 -0.181714 101.693387 0.018186 4.994200 -0.036649 
453 0.941416 0.000000 -0.363428 99.370996 0.020607 6.169341 0.008734 
454 1.136804 0.000000 -0.181714 100.708113 0.009352 3.926322 -0.015754 
455 0.941416 0.000000 0.000000 102.195095 0.011049 6.246043 -0.048285 
456 0.648333 0.000000 -0.090857 101.623199 0.000860 5.680121 -0.035954 
457 0.648333 0.000000 -0.181714 101.624311 0.008737 4.607844 -0.034873 
458 0.746027 0.000000 -0.090857 102.089174 0.012907 6.375245 -0.046284 
459 0.648333 0.000000 0.000000 101.850041 0.001074 6.675268 -0.041799 
460 0.501792 0.000000 -0.136286 99.563231 -0.000015 3.381533 0.007573 
461 0.501792 0.000000 -0.181714 100.851851 -0.001894 3.182250 -0.018122 
462 0.550639 0.000000 -0.136286 101.387171 -0.000524 5.924636 -0.031446 
463 0.501792 0.000000 -0.090857 99.582325 -0.001481 3.496784 0.007113 
464 0.428522 0.000000 -0.113571 98.191685 0.016748 -0.266424 0.035832 
465 0.428522 0.000000 -0.136286 99.006363 -0.002120 1.274872 0.019611 
466 0.452945 0.000000 -0.113571 98.913189 -0.000851 2.297656 0.021090 
467 0.428522 0.000000 -0.090857 98.351156 0.014799 0.135146 0.032703 
468 0.379675 0.000000 -0.068143 65.869607 0.053408 -0.307503 0.566110 
469 0.404098 0.000000 -0.068143 97.990342 -0.000921 1.062195 0.039676 
470 0.379675 0.000000 -0.045429 66.794558 0.040093 -0.228699 0.553843 
471 0.391886 0.000000 -0.102214 102.604451 0.040650 -1.893095 -0.053126 
472 0.379675 0.000000 -0.102214 104.214146 0.064613 -2.093308 -0.086497 
473 0.391886 0.000000 -0.113571 102.455392 0.040370 -1.833623 -0.050047 
474 0.404098 0.000000 -0.102214 100.580241 0.031980 -1.631186 -0.011905 
475 0.391886 0.000000 -0.090857 102.273682 0.039705 -1.750102 -0.046297 
476 0.379675 0.000000 0.068143 65.893373 0.015186 0.324695 0.565796 
477 0.379675 0.000000 0.045429 66.852584 -0.005429 0.237537 0.553068 
478 0.404098 0.000000 0.068143 98.327971 -0.043179 1.058024 0.033049 
479 1.527580 0.000000 0.363428 100.147853 0.093200 5.160210 -0.005623 
480 1.918356 0.000000 0.363428 100.767074 0.282766 3.892619 -0.016924 
481 1.527580 0.000000 0.726857 99.994211 0.075171 6.397539 -0.003978 
482 0.941416 0.000000 0.181714 102.818602 0.008214 5.016203 -0.059683 
483 1.136804 0.000000 0.181714 103.074695 0.003878 3.987770 -0.064030 
484 0.941416 0.000000 0.363428 100.173943 0.013921 6.221433 -0.007353 
485 0.648333 0.000000 0.090857 101.809100 -0.007280 5.689376 -0.039746 
486 0.746027 0.000000 0.090857 102.256133 0.005076 6.382968 -0.049706 
487 0.648333 0.000000 0.181714 101.971297 -0.008086 4.619487 -0.041949 
488 0.501792 0.000000 0.136286 99.873498 -0.030281 3.386096 0.001382 
489 0.501792 0.000000 0.090857 99.863273 -0.029398 3.495355 0.001511 
490 0.550639 0.000000 0.136286 101.624999 -0.014810 5.933544 -0.036285 
491 0.501792 0.000000 0.181714 101.161183 -0.024608 3.188085 -0.024375 
492 0.428522 0.000000 0.113571 98.691450 -0.022918 1.673244 0.025720 
493 0.428522 0.000000 0.090857 98.829913 -0.023986 1.834658 0.022928 
494 0.452945 0.000000 0.113571 99.239627 -0.036522 2.297853 0.014621 
495 0.428522 0.000000 0.136286 99.334065 -0.036999 1.273164 0.013112 
496 0.391886 0.000000 0.102214 103.384623 0.029928 2.208995 -0.069326 
497 0.379675 0.000000 0.102214 105.153447 0.026282 2.367754 -0.106285 
498 0.391886 0.000000 0.090857 103.033398 0.023410 2.102387 -0.062030 
499 0.404098 0.000000 0.102214 101.283551 0.016595 2.132965 -0.026291 
500 0.391886 0.000000 0.113571 103.227394 0.027033 2.164491 -0.066058 
501 1.332192 0.000000 -0.181714 101.149235 -0.023475 2.806035 -0.023904 
502 1.332192 0.000000 -0.363428 99.724269 -0.053651 5.722133 0.002232 
503 1.527580 0.000000 -0.181714 101.235168 -0.051349 3.397947 -0.026011 
504 1.332192 0.000000 0.000000 100.718016 -0.001236 3.798886 -0.015855 
505 1.332192 0.000000 0.181714 100.849993 0.030629 2.484339 -0.017689 
506 1.527580 0.000000 0.181714 101.331273 0.044965 2.936948 -0.027665 
507 1.332192 0.000000 0.363428 100.174786 0.024607 5.333597 -0.006344 
508 1.234498 0.000000 -0.090857 98.616837 -0.011576 1.206730 0.027326 
509 1.136804 0.000000 -0.090857 100.444675 0.001116 4.391738 -0.010842 
510 1.234498 0.000000 -0.181714 100.161902 0.003178 0.663605 -0.003285 
511 1.332192 0.000000 -0.090857 99.629752 -0.017999 2.041483 0.006974 
512 1.234498 0.000000 0.000000 78.288409 -0.018647 0.643016 0.387051 
513 1.234498 0.000000 0.090857 99.667571 0.013704 1.178707 0.006499 
514 1.136804 0.000000 0.090857 101.487753 0.004065 4.394923 -0.031908 
515 1.332192 0.000000 0.090857 99.928983 0.028282 1.984117 0.001026 
516 1.234498 0.000000 0.181714 101.507041 0.006254 0.661443 -0.030412 
517 4.263014 0.000000 -8.722278 99.754786 -0.027101 6.971039 0.000039 
518 4.263014 0.000000 -11.629704 99.755395 -0.019377 6.973230 0.000023 
519 7.389224 0.000000 -8.722278 99.755575 -0.033386 6.970223 0.000024 
520 2.699909 0.000000 -4.361139 99.750560 -0.038989 6.957814 0.000141 
521 2.699909 0.000000 -5.814852 99.752120 -0.035601 6.966228 0.000099 
522 4.263014 0.000000 -4.361139 99.752427 -0.063370 6.953893 0.000109 
523 1.918356 0.000000 -2.180570 99.740586 -0.066482 6.913775 0.000401 
524 1.918356 0.000000 -2.907426 99.741818 -0.062179 6.940530 0.000339 
525 2.699909 0.000000 -2.180570 99.740569 -0.104651 6.894749 0.000427 
526 1.527580 0.000000 -1.090285 99.677658 -0.103585 6.771972 0.001849 
527 1.527580 0.000000 -1.453713 99.711072 -0.071827 6.861674 0.001061 
528 1.918356 0.000000 -1.090285 99.673088 -0.139690 6.706592 0.002028 
529 1.332192 0.000000 -0.545142 99.619310 -0.049050 6.328082 0.003595 
530 1.136804 0.000000 -0.545142 99.553847 -0.016656 6.405338 0.004800 
531 1.332192 0.000000 -0.726857 99.641253 -0.068223 6.597814 0.002808 
532 1.527580 0.000000 -0.545142 99.553348 -0.090365 6.297820 0.004946 
533 1.234498 0.000000 -0.272571 99.848336 -0.046807 4.887065 0.000642 
534 1.136804 0.000000 -0.272571 101.078471 0.012016 0.935101 -0.021773 
535 1.234498 0.000000 -0.363428 99.636714 -0.043289 5.669475 0.004038 
536 1.332192 0.000000 -0.272571 101.172439 -0.017503 0.325090 -0.023597 
537 10.515434 0.000000 -2.907426 99.758700 -0.111480 6.934702 0.000010 
538 10.515434 0.000000 -5.814852 99.756533 -0.057188 6.963581 0.000014 
539 13.641644 0.000000 -2.907426 99.758678 -0.106291 6.939429 0.000004 
540 10.515434 0.000000 0.000000 99.863112 -0.658073 5.447065 -0.000274 
541 5.826119 0.000000 -1.453713 99.765425 -0.227088 6.802450 0.000054 
542 5.826119 0.000000 -2.907426 99.756404 -0.113094 6.925992 0.000068 
543 7.389224 0.000000 -1.453713 99.765784 -0.215442 6.823111 0.000019 
544 5.826119 0.000000 0.000000 100.087588 -1.251467 2.221731 -0.002403 
545 3.481461 0.000000 -0.726857 99.787766 -0.451614 6.202571 0.000373 
546 3.481461 0.000000 -1.453713 99.752005 -0.217807 6.771399 0.000364 
547 4.263014 0.000000 -0.726857 99.796601 -0.433218 6.298251 0.000078 
548 3.481461 0.000000 0.000000 100.155939 -0.728363 1.080631 -0.003291 
549 2.309132 0.000000 -0.363428 99.308524 -0.720993 3.844879 0.012251 
550 2.309132 0.000000 -0.726857 99.640366 -0.356735 6.161736 0.003370 
551 2.699909 0.000000 -0.363428 99.868839 -0.830378 4.056380 0.000907 
552 2.309132 0.000000 0.000000 135.286811 -0.453222 1.501699 -0.830498 
553 1.722968 0.000000 -0.181714 101.049814 -0.080819 3.724250 -0.022494 
554 1.722968 0.000000 -0.363428 99.010075 -0.149378 5.475742 0.016700 
555 1.918356 0.000000 -0.181714 100.814800 -0.113158 3.918491 -0.017899 
556 1.722968 0.000000 0.000000 101.699782 -0.062934 4.143114 -0.036001 
557 1.429886 0.000000 -0.090857 100.952033 -0.019607 2.687804 -0.019854 
558 1.429886 0.000000 -0.181714 101.113177 -0.024731 2.649088 -0.023089 
559 1.527580 0.000000 -0.090857 101.181881 -0.020042 3.137462 -0.024762 
560 1.429886 0.000000 0.000000 100.717646 -0.001237 3.799723 -0.015848 
561 1.283345 0.000000 -0.136286 99.108575 -0.018424 1.522462 0.017517 
562 1.234498 0.000000 -0.136286 98.826966 -0.009751 1.094681 0.023203 
563 1.283345 0.000000 -0.181714 99.803951 -0.023240 1.181563 0.003777 
564 1.332192 0.000000 -0.136286 99.772697 -0.018339 2.401480 0.003964 
565 1.283345 0.000000 -0.090857 98.833783 -0.016653 1.574110 0.022941 
566 10.515434 0.000000 2.907426 99.763064 0.171435 6.883948 -0.000009 
567 13.641644 0.000000 2.907426 99.764304 0.190743 6.863974 -0.000007 
568 10.515434 0.000000 5.814852 99.758163 0.072619 6.957565 -0.000010 
569 5.826119 0.000000 1.453713 99.781603 0.324958 6.627231 -0.000039 
570 7.389224 0.000000 1.453713 99.786225 0.368898 6.553922 -0.000038 
571 5.826119 0.000000 2.907426 99.763521 0.141151 6.904947 -0.000046 
572 3.481461 0.000000 0.726857 99.840145 0.613821 5.727182 -0.000123 
573 4.263014 0.000000 0.726857 99.858853 0.680673 5.489516 -0.000239 
574 3.481461 0.000000 1.453713 99.778837 0.261365 6.706395 -0.000086 
575 2.309132 0.000000 0.363428 99.381426 0.801992 3.547787 0.011010 
576 2.699909 0.000000 0.363428 99.994184 0.982642 3.222149 -0.001018 
577 2.309132 0.000000 0.726857 99.831804 0.406915 5.924904 -0.000166 
578 1.722968 0.000000 0.181714 102.270809 0.009960 3.379415 -0.047074 
579 1.918356 0.000000 0.181714 102.894714 -0.158078 3.853620 -0.060220 
580 1.722968 0.000000 0.363428 100.385366 0.127395 4.796569 -0.010024 
581 1.429886 0.000000 0.090857 100.922063 0.035077 2.582770 -0.019193 
582 1.527580 0.000000 0.090857 101.304087 0.028951 3.054658 -0.027185 
583 1.429886 0.000000 0.181714 101.004305 0.037050 2.429296 -0.020777 
584 4.263014 0.000000 8.722278 99.758653 0.030881 6.970270 -0.000037 
585 7.389224 0.000000 8.722278 99.757927 0.038842 6.968971 -0.000021 
586 4.263014 0.000000 11.629704 99.757760 0.022003 6.972860 -0.000023 
587 2.699909 0.000000 4.361139 99.766325 0.044621 6.954267 -0.000168 
588 4.263014 0.000000 4.361139 99.762803 0.073447 6.949346 -0.000092 
589 2.699909 0.000000 5.814852 99.762106 0.040029 6.964718 -0.000099 
590 1.918356 0.000000 2.180570 99.795476 0.085326 6.892750 -0.000665 
591 2.699909 0.000000 2.180570 99.778358 0.119286 6.872202 -0.000296 
592 1.918356 0.000000 2.907426 99.787342 0.062744 6.928521 -0.000552 
593 1.527580 0.000000 1.090285 99.891482 0.096858 6.702594 -0.002324 
594 1.918356 0.000000 1.090285 99.871223 0.192152 6.599227 -0.001785 
595 1.527580 0.000000 1.453713 99.839019 0.107486 6.819931 -0.001435 
596 1.332192 0.000000 0.545142 100.087228 0.030257 6.158844 -0.005539 
597 1.136804 0.000000 0.545142 100.123089 0.021317 6.370955 -0.006522 
598 1.527580 0.000000 0.545142 100.064306 0.078336 6.014366 -0.004904 
599 1.332192 0.000000 0.726857 99.992215 0.059420 6.496137 -0.004065 
600 1.234498 0.000000 0.272571 100.607360 -0.000997 4.772905 -0.014462 
601 1.136804 0.000000 0.272571 102.697168 0.005934 0.932659 -0.054758 
602 1.332192 0.000000 0.272571 101.058520 0.086420 0.313757 -0.021293 
603 1.234498 0.000000 0.363428 100.331410 0.011386 5.554456 -0.009724 
604 1.283345 0.000000 0.136286 99.563582 0.022204 1.389129 0.008516 
605 1.234498 0.000000 0.136286 99.880462 0.014291 1.072841 0.002274 
606 1.283345 0.000000 0.090857 99.371562 0.018303 1.468398 0.012314 
607 1.332192 0.000000 0.136286 99.922562 0.022922 2.244847 0.001044 
608 1.283345 0.000000 0.181714 100.045878 0.039590 1.093898 -0.001038 
609 2.113744 0.000000 -0.181714 101.747184 -0.668312 4.573838 -0.037386 
610 2.113744 0.000000 -0.363428 99.534984 -0.478597 4.308138 0.007400 
611 2.309132 0.000000 -0.181714 98.183581 -1.178263 -0.420755 0.035842 
612 2.113744 0.000000 0.000000 96.761425 -0.115324 -0.749425 0.063665 
613 2.113744 0.000000 0.181714 100.675806 0.860189 -2.166875 -0.014105 
614 2.309132 0.000000 0.181714 97.769551 1.343352 4.085201 0.042262 
615 2.113744 0.000000 0.363428 100.039188 0.549079 3.052675 -0.001746 
616 2.016050 0.000000 -0.090857 100.364153 0.154744 3.053097 -0.008231 
617 1.918356 0.000000 -0.090857 101.284417 -0.127710 3.905259 -0.027380 
618 2.016050 0.000000 -0.181714 100.223476 0.059303 1.607958 -0.004733 
619 2.113744 0.000000 -0.090857 109.307560 -0.941308 11.495918 -0.208118 
620 2.016050 0.000000 0.000000 101.902215 -0.146472 4.260405 -0.040223 
621 2.016050 0.000000 0.090857 102.093773 0.245775 2.708110 -0.043053 
622 1.918356 0.000000 0.090857 102.490898 -0.135743 3.896287 -0.051958 
623 2.113744 0.000000 0.090857 105.175731 1.099922 -10.953753 -0.118313 
624 2.016050 0.000000 0.181714 102.794985 -0.001988 1.613995 -0.056941 
625 2.309132 0.000000 -1.090285 99.686641 -0.219452 6.640936 0.001842 
626 2.309132 0.000000 -1.453713 99.719529 -0.152096 6.797987 0.000978 
627 2.699909 0.000000 -1.090285 99.723621 -0.263704 6.610039 0.001144 
628 2.113744 0.000000 -0.545142 99.408355 -0.342431 5.574644 0.008679 
629 1.918356 0.000000 -0.545142 99.287859 -0.259318 5.776739 0.010848 
630 2.113744 0.000000 -0.726857 99.597777 -0.262709 6.228406 0.004142 
631 2.309132 0.000000 -0.545142 99.575209 -0.443293 5.481716 0.005453 
632 2.016050 0.000000 -0.272571 99.549903 -0.333197 3.002584 0.008069 
633 1.918356 0.000000 -0.272571 100.050878 -0.114114 2.806800 -0.001807 
634 2.016050 0.000000 -0.363428 99.346637 -0.340291 4.189016 0.011258 
635 2.113744 0.000000 -0.272571 99.648409 -0.535723 3.677010 0.005639 
636 3.090685 0.000000 -0.363428 99.886971 -0.804197 4.321261 0.000327 
637 3.090685 0.000000 -0.726857 99.770353 -0.446846 6.155903 0.000778 
638 3.481461 0.000000 -0.363428 99.904077 -0.795946 4.569640 -0.000234 
639 3.090685 0.000000 0.000000 100.127545 -0.688677 1.342857 -0.002780 
640 2.504521 0.000000 -0.181714 100.331283 -1.212097 1.238626 -0.006937 
641 2.504521 0.000000 -0.363428 99.744146 -0.744351 3.818057 0.003597 
642 2.699909 0.000000 -0.181714 100.088421 -1.188026 1.774077 -0.002225 
643 2.504521 0.000000 0.000000 101.247639 -0.599271 1.402132 -0.025341 
644 2.211438 0.000000 -0.090857 90.300063 -1.562367 16.362042 0.157574 
645 2.211438 0.000000 -0.181714 97.070481 -0.963822 4.136628 0.055928 
646 2.309132 0.000000 -0.090857 106.979822 -1.005144 -15.863185 -0.169733 
647 2.211438 0.000000 0.000000 143.222008 -0.138879 -0.096607 -1.051257 
648 2.064897 0.000000 -0.136286 100.198493 0.140196 1.120381 -0.004101 
649 2.016050 0.000000 -0.136286 100.213524 0.140052 3.471066 -0.005482 
650 2.064897 0.000000 -0.181714 102.059257 -0.385241 2.557124 -0.042278 
651 2.113744 0.000000 -0.136286 105.521325 -0.738504 6.972558 -0.118391 
652 2.064897 0.000000 -0.090857 101.450572 0.100118 4.280792 -0.031055 
653 3.090685 0.000000 0.363428 100.022215 1.028127 2.794477 -0.001331 
654 3.481461 0.000000 0.363428 100.065112 1.035686 2.448370 -0.002009 
655 3.090685 0.000000 0.726857 99.825620 0.574281 5.824094 0.000060 
656 2.504521 0.000000 0.181714 100.415132 1.404230 2.486874 -0.009136 
657 2.699909 0.000000 0.181714 100.208418 1.468686 2.020109 -0.004797 
658 2.504521 0.000000 0.363428 99.835783 0.983337 3.553887 0.001922 
659 2.211438 0.000000 0.090857 87.712856 1.378325 -15.799317 0.205494 
660 2.309132 0.000000 0.090857 106.359395 0.972692 20.438626 -0.173100 
661 2.211438 0.000000 0.181714 96.251831 1.302943 -1.076588 0.073273 
662 2.309132 0.000000 1.090285 99.824030 0.255523 6.532986 -0.000758 
663 2.699909 0.000000 1.090285 99.791700 0.312453 6.516583 -0.000095 
664 2.309132 0.000000 1.453713 99.802723 0.174590 6.742976 -0.000608 
665 2.113744 0.000000 0.545142 99.858330 0.443619 5.145471 0.000164 
666 1.918356 0.000000 0.545142 100.067562 0.245714 5.459490 -0.004338 
667 2.309132 0.000000 0.545142 99.787037 0.590466 5.094474 0.001624 
668 2.113744 0.000000 0.726857 99.930775 0.345468 5.963246 -0.002184 
669 2.016050 0.000000 0.272571 100.911410 0.380089 1.938266 -0.018701 
670 1.918356 0.000000 0.272571 103.580971 -0.115420 2.853675 -0.073717 
671 2.113744 0.000000 0.272571 99.923373 0.650596 1.147804 0.001358 
672 2.016050 0.000000 0.363428 100.526736 0.400442 3.434574 -0.011758 
673 2.064897 0.000000 0.136286 102.429140 0.156618 0.961978 -0.049268 
674 2.016050 0.000000 0.136286 102.154661 0.255128 3.088327 -0.044518 
675 2.064897 0.000000 0.090857 102.112069 0.357202 -1.469666 -0.042916 
676 2.113744 0.000000 0.136286 102.782878 1.074010 -5.731586 -0.059832 
677 2.064897 0.000000 0.181714 101.484417 0.493776 -0.731040 -0.029987 
678 2.211438 0.000000 -0.272571 98.613523 -0.744333 3.545359 0.026225 
679 2.211438 0.000000 -0.363428 99.377326 -0.609097 4.214704 0.010601 
680 2.309132 0.000000 -0.272571 98.890290 -0.868337 2.405608 0.021417 
681 2.162591 0.000000 -0.136286 99.850621 -1.098754 8.915946 -0.005085 
682 2.162591 0.000000 -0.181714 99.440178 -0.856018 5.373911 0.008204 
683 2.211438 0.000000 -0.136286 94.667191 -1.220989 6.791586 0.099051 
684 2.162591 0.000000 -0.090857 100.416371 -1.453309 15.765155 -0.033410 
685 2.064897 0.000000 -0.045429 100.198634 0.158207 1.049798 -0.004089 
686 2.016050 0.000000 -0.045429 100.606072 0.054360 4.370021 -0.014068 
687 2.113744 0.000000 -0.045429 93.621717 0.121350 3.388895 0.122347 
688 2.064897 0.000000 0.000000 89.835402 0.021076 -0.621027 0.192921 
689 2.089321 0.000000 -0.113571 107.546576 -0.345903 5.850170 -0.160061 
690 2.064897 0.000000 -0.113571 103.223090 -0.020500 5.032346 -0.068033 
691 2.089321 0.000000 -0.136286 100.410703 0.248251 0.283333 -0.008245 
692 2.113744 0.000000 -0.113571 109.379152 -0.936543 11.352844 -0.209356 
693 2.089321 0.000000 -0.090857 107.245665 -0.325980 5.662533 -0.153380 
694 2.064897 0.000000 0.045429 102.337443 0.162645 0.893771 -0.047378 
695 2.016050 0.000000 0.045429 102.201193 0.200144 4.041120 -0.046145 
696 2.113744 0.000000 0.045429 95.931069 -0.358345 -4.982110 0.077228 
697 2.211438 0.000000 0.272571 98.464736 0.926158 1.523119 0.030152 
698 2.309132 0.000000 0.272571 98.764923 1.007339 2.852516 0.023634 
699 2.211438 0.000000 0.363428 99.515274 0.711129 3.161471 0.008621 
700 2.162591 0.000000 0.136286 98.073264 1.332016 -7.199294 0.032803 
701 2.162591 0.000000 0.090857 97.706298 1.422351 -15.239385 0.021922 
702 2.211438 0.000000 0.136286 93.183327 1.503189 -4.622017 0.129325 
703 2.162591 0.000000 0.181714 98.487992 1.137958 -2.606228 0.029203 
704 2.089321 0.000000 0.113571 104.471084 0.621616 -5.216938 -0.094181 
705 2.064897 0.000000 0.113571 102.558096 0.419441 -3.377858 -0.052975 
706 2.089321 0.000000 0.090857 104.378476 0.604783 -4.961247 -0.091985 
707 2.113744 0.000000 0.113571 105.236247 1.096428 -10.814969 -0.119283 
708 2.089321 0.000000 0.136286 101.953389 0.123971 0.242742 -0.039457 
709 2.162591 0.000000 -0.045429 112.763595 0.099903 7.847979 -0.277723 
710 2.211438 0.000000 -0.045429 142.982782 0.093935 11.018379 -1.056549 
711 2.162591 0.000000 0.000000 115.331594 -0.201698 -0.565395 -0.330174 
712 2.138168 0.000000 -0.113571 104.641434 -1.249071 15.512194 -0.119202 
713 2.138168 0.000000 -0.136286 102.734691 -0.927625 8.704795 -0.063105 
714 2.162591 0.000000 -0.113571 100.281957 -1.341664 12.221126 -0.020763 
715 2.138168 0.000000 -0.090857 104.218566 -1.287573 15.449376 -0.110185 
716 2.089321 0.000000 -0.068143 100.410039 0.248078 0.285378 -0.008232 
717 2.064897 0.000000 -0.068143 99.884171 0.178341 3.726287 0.000924 
718 2.113744 0.000000 -0.068143 90.240764 0.233748 5.523422 0.182604 
719 2.089321 0.000000 -0.045429 88.701679 0.164198 1.180799 0.213059 
720 2.101533 0.000000 -0.102214 110.143922 -0.717615 8.143113 -0.219851 
721 2.089321 0.000000 -0.102214 108.708058 -0.456516 6.258039 -0.185681 
722 2.101533 0.000000 -0.113571 110.290212 -0.705712 7.654931 -0.222303 
723 2.113744 0.000000 -0.102214 109.273552 -0.951799 11.975382 -0.208502 
724 2.101533 0.000000 -0.090857 110.385402 -0.755607 8.235423 -0.225333 
725 2.162591 0.000000 0.045429 114.247378 -0.386159 -8.919989 -0.313218 
726 2.211438 0.000000 0.045429 144.299969 -0.318339 -11.408798 -1.095274 
727 2.089321 0.000000 0.068143 101.953520 0.124110 0.244476 -0.039460 
728 2.064897 0.000000 0.068143 102.250742 0.406025 3.220250 -0.046575 
729 2.089321 0.000000 0.045429 91.429734 -0.130616 -2.915370 0.163209 
730 2.113744 0.000000 0.068143 93.991695 -0.399337 -7.023826 0.111607 
731 2.138168 0.000000 0.113571 101.433030 1.314148 -14.930645 -0.051331 
732 2.138168 0.000000 0.090857 101.109868 1.341261 -14.883275 -0.044652 
733 2.162591 0.000000 0.113571 97.893159 1.493879 -11.331712 0.028629 
734 2.138168 0.000000 0.136286 100.556506 1.274198 -7.145579 -0.016429 
735 2.101533 0.000000 0.102214 105.891745 0.912504 -7.709700 -0.127333 
736 2.089321 0.000000 0.102214 105.099336 0.709086 -5.737453 -0.107929 
737 2.101533 0.000000 0.090857 106.074154 0.952436 -7.797148 -0.131343 
738 2.113744 0.000000 0.102214 105.137923 1.110917 -11.413349 -0.118548 
739 2.101533 0.000000 0.113571 106.082621 0.907236 -7.236662 -0.130671 
740 2.138168 0.000000 -0.068143 99.188511 0.195411 9.100570 0.007878 
741 2.162591 0.000000 -0.068143 110.138073 0.194320 12.018866 -0.227489 
742 2.138168 0.000000 -0.045429 101.714869 0.115553 5.790904 -0.037946 
743 2.125956 0.000000 -0.102214 105.994840 -1.140177 15.406787 -0.147358 
744 2.125956 0.000000 -0.113571 106.889394 -1.100833 14.664839 -0.164161 
745 2.138168 0.000000 -0.102214 104.392714 -1.271735 15.475201 -0.113894 
746 2.125956 0.000000 -0.090857 106.756042 -1.108513 14.752623 -0.161572 
747 2.138168 0.000000 0.068143 101.947082 -0.508875 -10.334255 -0.050026 
748 2.138168 0.000000 0.045429 103.605668 -0.419447 -7.161348 -0.078560 
749 2.162591 0.000000 0.068143 112.347902 -0.551991 -13.069316 -0.279316 
750 2.125956 0.000000 0.102214 102.461925 1.231810 -14.786503 -0.071860 
751 2.125956 0.000000 0.090857 103.087596 1.216914 -14.140643 -0.082849 
752 2.138168 0.000000 0.102214 101.243272 1.330227 -14.902791 -0.047406 
753 2.125956 0.000000 0.113571 103.194435 1.211969 -14.052869 -0.084804 
754 2.406827 0.000000 -0.090857 102.754193 -1.119825 -1.579665 -0.056217 
755 2.406827 0.000000 -0.181714 100.336293 -1.125714 0.274319 -0.006871 
756 2.504521 0.000000 -0.090857 100.922309 -1.013744 0.210559 -0.018638 
757 2.406827 0.000000 0.000000 105.203946 -0.759769 1.443858 -0.107053 
758 2.260285 0.000000 -0.136286 92.110425 -1.205666 -0.407231 0.151405 
759 2.260285 0.000000 -0.181714 96.383103 -1.089068 1.378967 0.070721 
760 2.309132 0.000000 -0.136286 98.278203 -1.264205 -4.793091 0.031682 
761 2.260285 0.000000 -0.090857 74.577217 -1.347548 12.333899 0.428430 
762 2.187015 0.000000 -0.113571 96.883670 -1.394293 11.903130 0.046993 
763 2.187015 0.000000 -0.136286 97.218445 -1.172910 8.356717 0.047736 
764 2.211438 0.000000 -0.113571 91.973721 -1.394817 10.191933 0.143501 
765 2.187015 0.000000 -0.090857 94.239072 -1.543285 17.237987 0.081947 
766 2.150380 0.000000 -0.102214 103.055009 -1.378868 15.276847 -0.085562 
767 2.150380 0.000000 -0.113571 103.513875 -1.351625 15.344976 -0.095242 
768 2.162591 0.000000 -0.102214 100.516036 -1.444422 15.924898 -0.035916 
769 2.150380 0.000000 -0.090857 102.303642 -1.399832 15.457047 -0.070691 
770 2.406827 0.000000 0.090857 102.630070 0.487775 5.433166 -0.056269 
771 2.504521 0.000000 0.090857 100.921572 0.461491 3.603289 -0.019836 
772 2.406827 0.000000 0.181714 100.274132 1.434113 3.475447 -0.006904 
773 2.260285 0.000000 0.136286 90.751338 1.621529 3.357976 0.175029 
774 2.260285 0.000000 0.090857 71.217061 0.883453 -11.691744 0.479065 
775 2.309132 0.000000 0.136286 97.598729 1.536805 8.432770 0.040101 
776 2.260285 0.000000 0.181714 95.712275 1.343211 2.017567 0.083329 
777 2.187015 0.000000 0.113571 94.804875 1.533242 -10.685267 0.089551 
778 2.187015 0.000000 0.090857 91.655408 1.370669 -16.670195 0.131951 
779 2.211438 0.000000 0.113571 89.966425 1.570684 -8.686963 0.182811 
780 2.187015 0.000000 0.136286 95.599945 1.402579 -6.403872 0.081767 
781 2.150380 0.000000 0.102214 100.177933 1.401140 -14.746854 -0.025505 
782 2.150380 0.000000 0.090857 99.471660 1.408087 -14.926798 -0.011940 
783 2.162591 0.000000 0.102214 97.778672 1.415354 -15.390808 0.020045 
784 2.150380 0.000000 0.113571 100.569333 1.385614 -14.804286 -0.033528 
785 2.260285 0.000000 -0.045429 174.679713 -0.141316 1.327949 -2.051479 
786 2.309132 0.000000 -0.045429 130.533659 -0.444888 -12.326612 -0.719118 
787 2.260285 0.000000 0.000000 162.368697 -0.342492 0.717277 -1.636423 
788 2.187015 0.000000 -0.068143 123.805724 0.182610 15.319511 -0.556258 
789 2.211438 0.000000 -0.068143 142.748657 0.157648 18.453687 -1.071774 
790 2.187015 0.000000 -0.045429 126.519515 0.086524 9.850776 -0.610423 
791 2.174803 0.000000 -0.102214 97.214762 -1.498117 16.763946 0.026602 
792 2.174803 0.000000 -0.113571 98.664754 -1.375005 12.140019 0.011600 
793 2.187015 0.000000 -0.102214 94.265264 -1.541638 17.242794 0.081437 
794 2.174803 0.000000 -0.090857 96.803020 -1.501638 16.883714 0.034186 
795 2.260285 0.000000 0.045429 177.209223 -0.423888 0.021850 -2.140329 
796 2.309132 0.000000 0.045429 130.978903 -0.401967 16.122948 -0.741558 
797 2.187015 0.000000 0.068143 125.576671 -0.378233 -16.094312 -0.602867 
798 2.187015 0.000000 0.045429 127.724339 -0.366063 -10.614882 -0.642632 
799 2.211438 0.000000 0.068143 144.583439 -0.318139 -19.086804 -1.126878 
800 2.174803 0.000000 0.102214 94.579112 1.395493 -16.211944 0.079002 
801 2.174803 0.000000 0.090857 94.174458 1.389214 -16.328202 0.086263 
802 2.187015 0.000000 0.102214 91.683325 1.361022 -16.675392 0.131425 
803 2.174803 0.000000 0.113571 96.454472 1.511130 -11.032450 0.057254 
804 2.235862 0.000000 -0.068143 77.932767 -1.443182 12.892520 0.375818 
805 2.235862 0.000000 -0.090857 79.025839 -1.455963 13.073568 0.358188 
806 2.260285 0.000000 -0.068143 73.213480 -1.296776 12.107849 0.449150 
807 2.235862 0.000000 -0.045429 160.090430 0.040068 9.769561 -1.572439 
808 2.235862 0.000000 -0.113571 88.494601 -1.345201 5.689050 0.213453 
809 2.235862 0.000000 -0.136286 92.583487 -1.234390 3.817514 0.141220 
810 2.260285 0.000000 -0.113571 85.692872 -1.249246 -1.650644 0.265245 
811 2.223650 0.000000 -0.079500 84.293334 -1.512757 14.521161 0.268148 
812 2.211438 0.000000 -0.079500 89.882963 -1.559977 16.242314 0.165481 
813 2.223650 0.000000 -0.090857 84.304598 -1.511298 14.423768 0.268241 
814 2.235862 0.000000 -0.079500 78.893289 -1.454651 13.051617 0.360339 
815 2.223650 0.000000 -0.068143 152.809631 0.098814 17.014804 -1.364030 
816 2.235862 0.000000 0.068143 74.731225 1.084510 -12.275003 0.426339 
817 2.235862 0.000000 0.045429 161.796184 -0.360832 -9.634070 -1.627095 
818 2.260285 0.000000 0.068143 69.769043 0.825610 -11.450556 0.500048 
819 2.235862 0.000000 0.090857 75.891207 1.126038 -12.466140 0.408385 
820 2.235862 0.000000 0.113571 86.411966 1.623924 -3.700235 0.251664 
821 2.260285 0.000000 0.113571 83.490997 1.628706 4.431735 0.300696 
822 2.235862 0.000000 0.136286 91.147032 1.557062 -1.307937 0.168808 
823 2.223650 0.000000 0.079500 81.454489 1.265659 -13.942473 0.316917 
824 2.211438 0.000000 0.079500 87.283364 1.369924 -15.678836 0.213391 
825 2.223650 0.000000 0.068143 154.875990 -0.318755 -17.439861 -1.429082 
826 2.235862 0.000000 0.079500 75.749186 1.122062 -12.442762 0.410598 
827 2.223650 0.000000 0.090857 81.483973 1.266023 -13.850551 0.316692 
828 2.357979 0.000000 -0.045429 110.432399 -0.545440 -2.868672 -0.220384 
829 2.357979 0.000000 -0.090857 105.253932 -1.116544 -4.224034 -0.109748 
830 2.406827 0.000000 -0.045429 104.563661 -0.716329 -0.626572 -0.093446 
831 2.357979 0.000000 0.000000 112.431782 -0.575438 1.530165 -0.264358 
832 2.284709 0.000000 -0.068143 154.621979 -0.612141 -47.058513 -1.612283 
833 2.284709 0.000000 -0.090857 90.775386 -1.027477 -32.448492 0.070587 
834 2.309132 0.000000 -0.068143 120.204396 -0.676737 -18.173040 -0.477981 
835 2.284709 0.000000 -0.045429 158.666551 -0.319823 -15.765053 -1.542371 
836 2.248074 0.000000 -0.079500 76.271332 -1.404945 12.616495 0.402153 
837 2.248074 0.000000 -0.090857 76.566002 -1.410812 12.665393 0.397524 
838 2.260285 0.000000 -0.079500 73.724086 -1.315891 12.192049 0.441438 
839 2.248074 0.000000 -0.068143 75.672803 -1.388009 12.516861 0.411503 
840 2.357979 0.000000 0.045429 110.329341 -0.544465 6.335784 -0.221300 
841 2.406827 0.000000 0.045429 104.498628 -0.731119 3.862622 -0.093542 
842 2.357979 0.000000 0.090857 105.036156 0.724871 8.222834 -0.110073 
843 2.284709 0.000000 0.068143 156.893485 0.214760 53.281851 -1.745457 
844 2.284709 0.000000 0.045429 160.488683 -0.351816 19.249517 -1.612728 
845 2.309132 0.000000 0.068143 120.242794 0.163069 22.749460 -0.497589 
846 2.284709 0.000000 0.090857 88.556270 1.107072 37.813825 0.072668 
847 2.248074 0.000000 0.079500 72.997778 0.987760 -11.987890 0.452664 
848 2.248074 0.000000 0.068143 72.371045 0.951936 -11.883877 0.462030 
849 2.260285 0.000000 0.079500 70.314195 0.840199 -11.541384 0.492200 
850 2.248074 0.000000 0.090857 73.304566 1.004639 -12.038644 0.448050 
851 -8.241827 0.000000 -8.722278 99.755872 -0.003908 6.975560 0.000011 
852 -11.368037 0.000000 -8.722278 99.756106 -0.002543 6.975649 0.000006 
853 -8.241827 0.000000 -11.629704 99.755932 -0.004405 6.975496 0.000010 
854 10.515434 0.000000 -8.722278 99.756113 -0.036626 6.970096 0.000013 
855 10.515434 0.000000 -11.629704 99.756043 -0.026111 6.972552 0.000011 
856 13.641644 0.000000 -8.722278 99.756393 -0.037975 6.970225 0.000008 
857 -8.241827 0.000000 8.722278 99.756994 0.004789 6.975585 -0.000012 
858 -11.368037 0.000000 8.722278 99.756736 0.003249 6.975661 -0.000007 
859 -8.241827 0.000000 11.629704 99.756941 0.005235 6.975505 -0.000010 
860 -3.552511 0.000000 -4.361139 99.754200 -0.006691 6.975212 0.000045 
861 -5.115617 0.000000 -4.361139 99.755158 -0.004444 6.975616 0.000025 
862 -3.552511 0.000000 -5.814852 99.754510 -0.007714 6.974949 0.000039 
863 10.515434 0.000000 8.722278 99.757467 0.044020 6.968276 -0.000011 
864 13.641644 0.000000 8.722278 99.757248 0.047477 6.967772 -0.000006 
865 10.515434 0.000000 11.629704 99.757177 0.030644 6.971753 -0.000010 
866 5.826119 0.000000 -4.361139 99.754842 -0.071502 6.953094 0.000062 
867 5.826119 0.000000 -5.814852 99.754815 -0.050413 6.963284 0.000049 
868 7.389224 0.000000 -4.361139 99.756223 -0.075028 6.953670 0.000034 
869 -3.552511 0.000000 4.361139 99.758652 0.008307 6.975545 -0.000045 
870 -5.115617 0.000000 4.361139 99.757648 0.005749 6.975778 -0.000025 
871 -3.552511 0.000000 5.814852 99.758478 0.009267 6.975146 -0.000041 
872 -1.207854 0.000000 -2.180570 99.751483 0.002314 6.965765 0.000112 
873 -1.989406 0.000000 -2.180570 99.750075 0.003686 6.975373 0.000127 
874 -1.207854 0.000000 -2.907426 99.752094 -0.005435 6.967753 0.000097 
875 5.826119 0.000000 4.361139 99.760797 0.085193 6.946549 -0.000048 
876 7.389224 0.000000 4.361139 99.759749 0.092842 6.944720 -0.000025 
877 5.826119 0.000000 5.814852 99.759514 0.058942 6.960322 -0.000041 
878 3.481461 0.000000 -2.180570 99.747711 -0.132550 6.885009 0.000297 
879 3.481461 0.000000 -2.907426 99.751091 -0.080571 6.928170 0.000171 
880 4.263014 0.000000 -2.180570 99.754901 -0.134898 6.886983 0.000151 
881 -1.207854 0.000000 2.180570 99.772930 0.015929 6.983422 -0.000341 
882 -1.989406 0.000000 2.180570 99.761469 0.004270 6.977172 -0.000103 
883 -1.207854 0.000000 2.907426 99.767474 0.005425 6.977508 -0.000223 
884 -0.817078 0.000000 -1.090285 99.729320 -0.020620 6.971763 0.000546 
885 -1.207854 0.000000 -1.090285 99.739040 -0.020853 6.982712 0.000337 
886 -0.817078 0.000000 -1.453713 99.741230 -0.017644 6.961401 0.000323 
887 3.481461 0.000000 2.180570 99.768840 0.150163 6.865119 -0.000097 
888 4.263014 0.000000 2.180570 99.767691 0.176998 6.856769 -0.000064 
889 3.481461 0.000000 2.907426 99.766297 0.104830 6.916353 -0.000116 
890 -0.230913 0.000000 -0.545142 99.555774 0.026837 7.013379 0.003946 
891 -0.426301 0.000000 -0.545142 99.668984 0.015114 7.024761 0.001675 
892 -0.230913 0.000000 -0.726857 99.603820 0.010891 6.961082 0.003062 
893 0.941416 0.000000 -0.545142 99.538017 0.010954 6.572960 0.004898 
894 0.941416 0.000000 -0.726857 99.598800 0.004712 6.723724 0.003487 
895 -0.817078 0.000000 1.090285 99.763183 0.002537 6.982331 -0.000145 
896 -1.207854 0.000000 1.090285 99.761512 0.008198 6.979775 -0.000108 
897 -0.817078 0.000000 1.453713 99.773677 0.030398 6.988754 -0.000363 
898 -0.230913 0.000000 0.545142 99.742136 -0.000355 6.942671 0.000331 
899 -0.426301 0.000000 0.545142 99.783988 -0.007146 6.968791 -0.000541 
900 -0.230913 0.000000 0.726857 99.765322 -0.025573 6.985337 -0.000192 
901 -0.133219 0.000000 -0.272571 99.439883 -0.002341 7.546707 0.005476 
902 -0.230913 0.000000 -0.272571 99.686307 0.129512 7.443470 0.000722 
903 -0.133219 0.000000 -0.363428 99.266927 0.065976 7.206881 0.009413 
904 0.941416 0.000000 0.545142 100.092742 0.003123 6.537422 -0.006129 
905 0.941416 0.000000 0.726857 99.959916 0.014677 6.697147 -0.003684 
906 -0.133219 0.000000 0.272571 99.907643 -0.144150 6.419389 -0.002277 
907 -0.230913 0.000000 0.272571 99.946815 0.062612 6.599764 -0.003293 
908 -0.133219 0.000000 0.363428 99.644782 -0.057855 6.722930 0.002572 
909 0.037745 0.000000 -0.113571 86.539407 0.037570 3.379116 0.249951 
910 0.013322 0.000000 -0.113571 85.684385 0.009814 10.354425 0.255097 
911 0.037745 0.000000 -0.136286 91.147664 0.060886 4.968747 0.166741 
912 0.648333 0.000000 -0.272571 101.350611 -0.004091 1.878575 -0.027548 
913 0.648333 0.000000 -0.363428 99.629284 0.031377 6.469665 0.003215 
914 0.746027 0.000000 -0.272571 102.246585 0.034183 2.797450 -0.046219 
915 0.648333 0.000000 0.272571 101.654969 -0.021598 1.881858 -0.033727 
916 0.746027 0.000000 0.272571 102.758009 0.015203 2.797442 -0.056703 
917 0.648333 0.000000 0.363428 100.034768 -0.023575 6.236349 -0.004585 
918 0.037745 0.000000 0.113571 90.523231 -0.110163 7.112951 0.175494 
919 0.013322 0.000000 0.113571 89.738765 -0.126777 1.660048 0.194418 
920 0.037745 0.000000 0.136286 94.169139 -0.095233 6.676954 0.108758 
921 0.098804 0.000000 -0.079500 90.066345 -0.068010 -14.778485 0.166965 
922 0.098804 0.000000 -0.090857 90.210820 -0.026476 -14.962366 0.163813 
923 0.098804 0.000000 -0.068143 90.057344 -0.070766 -14.758261 0.167186 
924 0.098804 0.000000 0.079500 94.861605 -0.074737 16.030068 0.074431 
925 0.098804 0.000000 0.068143 94.856755 -0.073885 16.033556 0.074512 
926 0.098804 0.000000 0.090857 94.926272 -0.088052 16.004117 0.073286 
927 0.233134 0.000000 -0.068143 86.521230 0.022146 -6.415386 0.247292 
928 0.233134 0.000000 -0.045429 88.014883 -0.011963 -4.774676 0.223058 
929 0.184287 0.000000 -0.113571 98.353328 -0.227714 -7.174089 0.027510 
930 0.184287 0.000000 -0.136286 98.133736 -0.187229 -3.722912 0.035587 
931 0.233134 0.000000 0.068143 86.561132 -0.035300 6.482902 0.246514 
932 0.233134 0.000000 0.045429 88.016989 -0.034504 4.912083 0.222888 
933 0.184287 0.000000 0.113571 101.106945 -0.347590 12.623162 -0.038208 
934 0.184287 0.000000 0.136286 100.450014 -0.301793 11.703595 -0.022727 
935 0.501792 0.000000 -0.045429 100.380266 -0.003749 5.045540 -0.010166 
936 0.550639 0.000000 -0.045429 101.479554 -0.005346 6.388354 -0.033891 
937 0.501792 0.000000 0.000000 101.507729 -0.006752 6.614632 -0.034757 
938 0.501792 0.000000 0.045429 100.512348 -0.018528 5.044546 -0.012818 
939 0.550639 0.000000 0.045429 101.535474 -0.008727 6.390346 -0.035029 
940 0.428522 0.000000 -0.068143 99.004592 -0.000280 2.136502 0.019353 
941 0.452945 0.000000 -0.068143 99.157990 0.000991 3.661507 0.015429 
942 0.428522 0.000000 -0.045429 99.177173 -0.001945 1.381321 0.016198 
943 0.367463 0.000000 -0.102214 104.578481 0.080875 -3.124000 -0.094642 
944 0.367463 0.000000 -0.113571 104.657670 0.074292 -2.626650 -0.096013 
945 0.367463 0.000000 -0.090857 104.895619 0.078678 -2.870737 -0.101134 
946 0.428522 0.000000 0.068143 99.334313 -0.035523 2.133806 0.012814 
947 0.428522 0.000000 0.045429 99.503213 -0.035551 1.379834 0.009721 
948 0.452945 0.000000 0.068143 99.474218 -0.031575 3.662223 0.009147 
949 0.367463 0.000000 0.102214 105.809433 0.013207 3.422409 -0.120735 
950 0.367463 0.000000 0.090857 106.121462 0.012140 3.164045 -0.127178 
951 0.367463 0.000000 0.113571 105.786121 0.016944 2.913881 -0.119919 
952 1.722968 0.000000 -0.545142 99.444835 -0.163839 6.103022 0.007345 
953 1.722968 0.000000 -0.726857 99.507125 -0.138357 6.430168 0.005697 
954 1.722968 0.000000 0.545142 100.169406 0.164610 5.836155 -0.006800 
955 1.722968 0.000000 0.726857 99.951636 0.136649 6.294194 -0.002997 
956 1.429886 0.000000 -0.272571 101.137878 -0.028594 1.293624 -0.023054 
957 1.429886 0.000000 -0.363428 99.672096 -0.040464 5.705159 0.003292 
958 1.527580 0.000000 -0.272571 101.212143 -0.061889 1.377694 -0.024580 
959 1.429886 0.000000 0.272571 100.965909 0.065047 1.223174 -0.019562 
960 1.527580 0.000000 0.272571 101.852422 0.075594 1.248864 -0.037548 
961 1.429886 0.000000 0.363428 100.102298 0.072827 5.234966 -0.004788 
962 3.090685 0.000000 -1.090285 99.747496 -0.289167 6.607442 0.000670 
963 3.090685 0.000000 -1.453713 99.742458 -0.207129 6.771667 0.000554 
964 3.481461 0.000000 -1.090285 99.761604 -0.301417 6.618634 0.000373 
965 2.504521 0.000000 -0.545142 99.689679 -0.554483 5.435690 0.003211 
966 2.504521 0.000000 -0.726857 99.668412 -0.394802 6.111669 0.002870 
967 2.699909 0.000000 -0.545142 99.764064 -0.581100 5.470242 0.001687 
968 3.090685 0.000000 1.090285 99.790892 0.357961 6.497155 -0.000056 
969 3.481461 0.000000 1.090285 99.793807 0.379430 6.469040 -0.000080 
970 3.090685 0.000000 1.453713 99.781157 0.246160 6.716348 -0.000145 
971 2.504521 0.000000 0.545142 99.791059 0.662354 5.127217 0.001502 
972 2.699909 0.000000 0.545142 99.858700 0.707296 5.038901 0.000235 
973 2.504521 0.000000 0.726857 99.786659 0.482796 5.930735 0.000722 
974 2.406827 0.000000 -0.272571 99.773735 -0.961892 2.335027 0.003882 
975 2.406827 0.000000 -0.363428 99.548535 -0.747685 3.703676 0.007581 
976 2.504521 0.000000 -0.272571 99.943030 -0.987571 2.535451 0.000399 
977 2.406827 0.000000 0.272571 99.790485 1.088548 2.944181 0.003201 
978 2.504521 0.000000 0.272571 100.047861 1.117561 2.698701 -0.001811 
979 2.406827 0.000000 0.363428 99.636766 0.902107 3.677833 0.005817 
980 2.357979 0.000000 -0.136286 101.257117 -1.321475 -2.486011 -0.026093 
981 2.357979 0.000000 -0.181714 99.794536 -1.189075 -0.414916 0.003946 
982 2.406827 0.000000 -0.136286 101.269768 -1.267425 -0.852490 -0.025790 
983 2.284709 0.000000 -0.113571 91.968129 -1.175399 -10.660614 0.142683 
984 2.284709 0.000000 -0.136286 94.690935 -1.226735 -4.183452 0.101462 
985 2.309132 0.000000 -0.113571 100.299953 -1.190790 -9.371287 -0.014932 
986 2.357979 0.000000 0.136286 100.995053 1.407881 6.112643 -0.023935 
987 2.406827 0.000000 0.136286 101.149203 1.403051 4.505899 -0.025343 
988 2.357979 0.000000 0.181714 99.578723 1.358478 4.180082 0.006476 
989 2.284709 0.000000 0.113571 90.334942 1.539144 14.446364 0.162853 
990 2.309132 0.000000 0.113571 99.522213 1.492933 13.387340 -0.008612 
991 2.284709 0.000000 0.136286 93.628535 1.606326 7.594015 0.117345 
1 11 62 60 61 
2 62 10 24 60 
3 60 24 14 63 
4 61 60 63 6 
5 24 66 64 65 
6 66 23 40 64 
7 64 40 27 67 
8 65 64 67 14 
9 40 70 68 69 
10 69 68 71 27 
11 6 63 92 93 
12 63 14 36 92 
13 92 36 19 94 
14 93 92 94 20 
15 14 67 95 96 
16 67 27 52 95 
17 95 52 35 97 
18 96 95 97 36 
19 27 71 98 99 
20 99 98 100 52 
21 68 112 110 111 
22 112 56 80 110 
23 110 80 43 113 
24 111 110 113 71 
25 80 116 114 115 
26 115 114 117 43 
27 71 113 133 134 
28 113 43 102 133 
29 133 102 76 135 
30 134 133 135 98 
31 43 117 136 137 
32 137 136 138 102 
33 114 141 139 140 
34 141 106 129 139 
35 139 129 83 142 
36 140 139 142 117 
37 129 149 147 148 
38 147 150 132 151 
39 148 147 151 83 
40 117 142 152 153 
41 142 83 144 152 
42 152 144 125 154 
43 153 152 154 136 
44 83 151 155 156 
45 151 132 157 155 
46 156 155 158 144 
47 12 161 159 160 
48 161 7 162 159 
49 159 162 13 25 
50 160 159 25 10 
51 25 165 163 164 
52 165 13 166 163 
53 163 166 26 41 
54 164 163 41 23 
55 41 169 167 168 
56 169 26 170 167 
57 167 170 42 57 
58 168 167 57 39 
59 39 173 171 172 
60 173 57 174 171 
61 171 174 55 81 
62 172 171 81 56 
63 81 177 175 176 
64 177 55 178 175 
65 175 178 82 107 
66 176 175 107 79 
67 79 181 179 180 
68 181 107 182 179 
69 179 182 105 130 
70 180 179 130 106 
71 106 185 183 184 
72 185 130 186 183 
73 184 183 149 129 
74 195 197 109 198 
75 150 195 198 132 
76 149 201 199 200 
77 201 128 202 199 
78 199 202 150 203 
79 200 199 203 147 
80 132 198 210 157 
81 198 109 211 210 
82 19 38 213 214 
83 38 21 215 213 
84 213 215 9 216 
85 214 213 216 22 
86 35 54 217 218 
87 54 37 219 217 
88 217 219 21 220 
89 218 217 220 38 
90 51 78 221 222 
91 78 53 223 221 
92 221 223 37 224 
93 222 221 224 54 
94 76 104 225 226 
95 104 75 227 225 
96 225 227 78 228 
97 226 225 228 51 
98 101 127 229 230 
99 127 103 231 229 
100 229 231 75 232 
101 230 229 232 104 
102 125 146 233 234 
103 146 124 235 233 
104 233 235 127 236 
105 234 233 236 101 
106 144 158 237 238 
107 237 239 146 240 
108 238 237 240 125 
109 155 243 241 242 
110 243 157 244 241 
111 241 244 143 245 
112 242 241 245 158 
113 130 247 246 186 
114 247 105 248 246 
115 249 251 195 252 
116 202 249 252 150 
117 186 255 253 254 
118 255 246 256 253 
119 253 256 196 250 
120 254 253 250 128 
121 128 259 257 258 
122 259 250 260 257 
123 257 260 249 261 
124 258 257 261 202 
125 262 263 124 264 
126 239 262 264 146 
127 157 266 265 244 
128 266 210 267 265 
129 143 268 269 270 
130 268 212 271 269 
131 269 271 262 272 
132 270 269 272 239 
133 244 275 273 274 
134 275 265 276 273 
135 273 276 268 277 
136 274 273 277 143 
137 278 280 194 281 
138 197 278 281 109 
139 283 131 284 282 
140 282 284 197 285 
141 251 282 285 195 
142 107 287 286 182 
143 287 82 288 286 
144 286 288 108 192 
145 182 286 192 105 
146 105 290 289 248 
147 290 192 291 289 
148 246 293 292 256 
149 293 248 294 292 
150 292 294 131 283 
151 256 292 283 196 
152 196 297 295 296 
153 297 283 298 295 
154 295 298 282 299 
155 296 295 299 251 
156 109 281 300 211 
157 281 194 301 300 
158 210 304 303 267 
159 304 211 305 303 
160 303 305 145 306 
161 124 209 307 235 
162 209 126 308 307 
163 307 308 103 309 
164 235 307 309 127 
165 310 311 209 312 
166 263 310 312 124 
167 212 306 313 271 
168 306 145 314 313 
169 313 314 263 315 
170 271 313 315 262 
171 267 318 316 317 
172 318 303 319 316 
173 316 319 306 320 
174 317 316 320 212 
175 131 322 321 284 
176 322 279 323 321 
177 321 323 278 324 
178 284 321 324 197 
179 211 326 325 305 
180 326 300 327 325 
181 325 327 302 328 
182 305 325 328 145 
183 192 334 333 291 
184 334 108 335 333 
185 289 339 337 338 
186 339 291 340 337 
187 337 340 191 341 
188 338 337 341 279 
189 345 347 126 348 
190 311 345 348 209 
191 302 351 349 350 
192 351 207 352 349 
193 349 352 311 353 
194 350 349 353 310 
195 354 355 59 356 
196 280 354 356 194 
197 291 358 357 340 
198 358 333 359 357 
199 357 359 336 360 
200 191 360 361 362 
201 360 336 363 361 
202 361 363 354 364 
203 362 361 364 280 
204 340 367 365 366 
205 367 357 368 365 
206 365 368 360 369 
207 366 365 369 191 
208 194 356 370 301 
209 356 59 371 370 
210 373 346 374 372 
211 372 374 345 375 
212 352 372 375 311 
213 301 378 376 377 
214 378 370 379 376 
215 376 379 346 373 
216 377 376 373 207 
217 207 382 380 381 
218 382 373 383 380 
219 380 383 372 384 
220 381 380 384 352 
221 57 386 385 174 
222 386 42 387 385 
223 385 387 58 89 
224 174 385 89 55 
225 55 389 388 178 
226 389 89 390 388 
227 388 390 88 188 
228 178 388 188 82 
229 82 392 391 288 
230 392 188 393 391 
231 391 393 187 330 
232 288 391 330 108 
233 108 395 394 335 
234 395 330 396 394 
235 333 399 398 359 
236 399 335 400 398 
237 359 398 401 336 
238 75 123 402 227 
239 123 77 403 402 
240 402 403 53 404 
241 227 402 404 78 
242 103 206 405 231 
243 206 121 406 405 
244 405 406 123 407 
245 231 405 407 75 
246 126 344 408 308 
247 344 204 409 408 
248 408 409 206 410 
249 308 408 410 103 
250 411 413 344 414 
251 347 411 414 126 
252 346 416 415 374 
253 415 417 347 418 
254 374 415 418 345 
255 419 420 332 421 
256 355 419 421 59 
257 335 423 422 400 
258 423 394 424 422 
259 336 401 426 363 
260 401 193 427 426 
261 426 427 355 428 
262 363 426 428 354 
263 398 431 429 430 
264 431 400 432 429 
265 429 432 193 433 
266 430 429 433 401 
267 59 421 434 371 
268 421 332 435 434 
269 370 437 436 379 
270 437 371 438 436 
271 436 438 208 416 
272 379 436 416 346 
273 439 441 411 442 
274 417 439 442 347 
275 416 445 443 444 
276 445 208 446 443 
277 443 446 417 447 
278 444 443 447 415 
279 88 453 452 189 
280 453 90 454 452 
281 452 454 5 455 
282 189 452 455 91 
283 187 457 456 331 
284 457 189 458 456 
285 456 458 91 459 
286 331 456 459 190 
287 330 461 460 396 
288 461 187 462 460 
289 460 462 331 463 
290 396 460 463 329 
291 394 465 464 424 
292 465 396 466 464 
293 464 466 329 467 
294 424 464 467 397 
295 193 425 468 427 
296 425 397 469 468 
297 468 469 419 470 
298 427 468 470 355 
299 422 473 471 472 
300 473 424 474 471 
301 471 474 397 475 
302 472 471 475 425 
303 371 477 476 438 
304 477 434 478 476 
305 476 478 412 440 
306 438 476 440 208 
307 91 455 482 205 
308 455 5 483 482 
309 482 483 122 484 
310 205 482 484 121 
311 190 459 485 343 
312 459 91 486 485 
313 485 486 205 487 
314 343 485 487 204 
315 342 489 488 413 
316 489 343 490 488 
317 488 490 204 491 
318 413 488 491 344 
319 412 493 492 441 
320 493 342 494 492 
321 492 494 413 495 
322 441 492 495 411 
323 440 498 496 497 
324 498 412 499 496 
325 496 499 441 500 
326 497 496 500 439 
327 454 510 508 509 
328 508 511 504 512 
329 509 508 512 5 
330 5 512 513 514 
331 512 504 515 513 
332 514 513 516 483 
333 7 518 517 162 
334 518 16 519 517 
335 517 519 15 32 
336 162 517 32 13 
337 13 521 520 166 
338 521 32 522 520 
339 520 522 31 48 
340 166 520 48 26 
341 26 524 523 170 
342 524 48 525 523 
343 523 525 47 85 
344 170 523 85 42 
345 42 527 526 387 
346 527 85 528 526 
347 526 528 84 449 
348 387 526 449 58 
349 58 531 529 530 
350 531 449 532 529 
351 529 532 448 502 
352 530 529 502 90 
353 90 535 533 534 
354 535 502 536 533 
355 533 536 501 510 
356 534 533 510 454 
357 15 538 537 33 
358 538 17 539 537 
359 537 539 8 540 
360 33 537 540 18 
361 31 542 541 49 
362 542 33 543 541 
363 541 543 18 544 
364 49 541 544 34 
365 546 49 547 545 
366 545 547 34 548 
367 448 554 553 503 
368 554 450 555 553 
369 553 555 87 556 
370 503 553 556 451 
371 501 558 557 511 
372 558 503 559 557 
373 557 559 451 560 
374 511 557 560 504 
375 510 563 561 562 
376 563 501 564 561 
377 561 564 511 565 
378 562 561 565 508 
379 18 540 566 45 
380 540 8 567 566 
381 566 567 29 568 
382 45 566 568 28 
383 34 544 569 73 
384 544 18 570 569 
385 569 570 45 571 
386 73 569 571 44 
387 548 34 573 572 
388 572 573 73 574 
389 451 556 578 506 
390 556 87 579 578 
391 578 579 480 580 
392 506 578 580 479 
393 504 560 581 515 
394 560 451 582 581 
395 581 582 506 583 
396 515 581 583 505 
397 21 46 584 215 
398 46 28 585 584 
399 584 585 30 586 
400 215 584 586 9 
401 37 74 587 219 
402 74 44 588 587 
403 587 588 46 589 
404 219 587 589 21 
405 53 120 590 223 
406 120 72 591 590 
407 590 591 74 592 
408 223 590 592 37 
409 77 481 593 403 
410 481 118 594 593 
411 593 594 120 595 
412 403 593 595 53 
413 122 507 596 597 
414 507 479 598 596 
415 596 598 481 599 
416 597 596 599 77 
417 483 516 600 601 
418 516 505 602 600 
419 600 602 507 603 
420 601 600 603 122 
421 513 606 604 605 
422 606 515 607 604 
423 604 607 505 608 
424 605 604 608 516 
425 555 618 616 617 
426 617 616 620 87 
427 87 620 621 622 
428 622 621 624 579 
429 85 626 625 528 
430 626 47 627 625 
431 625 627 86 550 
432 528 625 550 84 
433 84 630 628 629 
434 630 550 631 628 
435 628 631 549 610 
436 629 628 610 450 
437 450 634 632 633 
438 634 610 635 632 
439 632 635 609 618 
440 633 632 618 555 
441 86 637 636 551 
442 637 545 638 636 
443 636 638 548 639 
444 551 636 639 50 
445 641 551 642 640 
446 640 642 50 643 
447 618 650 648 649 
448 650 609 651 648 
449 649 648 652 616 
450 50 639 653 576 
451 639 548 654 653 
452 653 654 572 655 
453 576 653 655 119 
454 643 50 657 656 
455 656 657 576 658 
456 118 577 662 594 
457 577 119 663 662 
458 662 663 72 664 
459 594 662 664 120 
460 480 615 665 666 
461 615 575 667 665 
462 665 667 577 668 
463 666 665 668 118 
464 579 624 669 670 
465 624 613 671 669 
466 669 671 615 672 
467 670 669 672 480 
468 621 675 673 674 
469 673 676 613 677 
470 674 673 677 624 
471 610 679 678 635 
472 679 549 680 678 
473 678 680 611 645 
474 635 678 645 609 
475 609 682 681 651 
476 682 645 683 681 
477 616 652 685 686 
478 685 687 612 688 
479 686 685 688 620 
480 648 691 689 690 
481 691 651 692 689 
482 690 689 693 652 
483 620 688 694 695 
484 688 612 696 694 
485 695 694 675 621 
486 613 661 697 671 
487 661 614 698 697 
488 697 698 575 699 
489 671 697 699 615 
490 700 702 661 703 
491 676 700 703 613 
492 675 706 704 705 
493 704 707 676 708 
494 705 704 708 673 
495 709 710 647 711 
496 687 709 711 612 
497 651 713 712 692 
498 713 681 714 712 
499 652 693 716 717 
500 693 619 718 716 
501 716 718 687 719 
502 717 716 719 685 
503 689 722 720 721 
504 722 692 723 720 
505 720 723 619 724 
506 721 720 724 693 
507 612 711 725 696 
508 711 647 726 725 
509 694 729 727 728 
510 729 696 730 727 
511 727 730 623 706 
512 728 727 706 675 
513 731 733 700 734 
514 707 731 734 676 
515 706 737 735 736 
516 737 623 738 735 
517 735 738 707 739 
518 736 735 739 704 
519 619 715 740 718 
520 715 684 741 740 
521 740 741 709 742 
522 718 740 742 687 
523 692 744 743 723 
524 744 712 745 743 
525 743 745 715 746 
526 723 743 746 619 
527 696 748 747 730 
528 748 725 749 747 
529 747 749 701 732 
530 730 747 732 623 
531 623 751 750 738 
532 751 732 752 750 
533 750 752 731 753 
534 738 750 753 707 
535 755 640 756 754 
536 754 756 643 757 
537 645 759 758 683 
538 759 611 760 758 
539 681 763 762 714 
540 763 683 764 762 
541 762 764 644 765 
542 712 767 766 745 
543 767 714 768 766 
544 766 768 684 769 
545 745 766 769 715 
546 757 643 771 770 
547 770 771 656 772 
548 773 775 614 776 
549 702 773 776 661 
550 778 659 779 777 
551 777 779 702 780 
552 733 777 780 700 
553 732 782 781 752 
554 782 701 783 781 
555 781 783 733 784 
556 752 781 784 731 
557 785 786 552 787 
558 710 785 787 647 
559 684 765 788 741 
560 765 644 789 788 
561 788 789 710 790 
562 741 788 790 709 
563 714 792 791 768 
564 792 762 793 791 
565 791 793 765 794 
566 768 791 794 684 
567 647 787 795 726 
568 787 552 796 795 
569 725 798 797 749 
570 798 726 799 797 
571 797 799 659 778 
572 749 797 778 701 
573 701 801 800 783 
574 801 778 802 800 
575 800 802 777 803 
576 783 800 803 733 
577 804 806 785 807 
578 789 804 807 710 
579 683 809 808 764 
580 809 758 810 808 
581 808 810 761 805 
582 764 808 805 644 
583 644 813 811 812 
584 813 805 814 811 
585 811 814 804 815 
586 812 811 815 789 
587 726 817 816 799 
588 817 795 818 816 
589 659 819 820 779 
590 819 774 821 820 
591 820 821 773 822 
592 779 820 822 702 
593 799 825 823 824 
594 825 816 826 823 
595 823 826 819 827 
596 824 823 827 659 
597 646 829 828 786 
598 829 754 830 828 
599 828 830 757 831 
600 786 828 831 552 
601 761 833 832 806 
602 833 646 834 832 
603 832 834 786 835 
604 806 832 835 785 
605 805 837 836 814 
606 837 761 838 836 
607 836 838 806 839 
608 814 836 839 804 
609 552 831 840 796 
610 831 757 841 840 
611 840 841 770 842 
612 796 840 842 660 
613 795 844 843 818 
614 844 796 845 843 
615 843 845 660 846 
616 818 843 846 774 
617 816 848 847 826 
618 848 818 849 847 
619 847 849 774 850 
620 826 847 850 819 
621 1 853 851 852 
622 853 12 160 851 
623 851 160 10 62 
624 852 851 62 11 
625 16 855 854 519 
626 855 2 856 854 
627 854 856 17 538 
628 519 854 538 15 
629 20 94 857 858 
630 94 19 214 857 
631 857 214 22 859 
632 858 857 859 4 
633 10 862 860 861 
634 862 25 164 860 
635 860 164 23 66 
636 861 860 66 24 
637 28 568 863 585 
638 568 29 864 863 
639 863 864 3 865 
640 585 863 865 30 
641 32 867 866 522 
642 867 15 868 866 
643 866 868 33 542 
644 522 866 542 31 
645 36 97 869 870 
646 97 35 218 869 
647 869 218 38 871 
648 870 869 871 19 
649 23 874 872 873 
650 874 41 168 872 
651 872 168 39 70 
652 873 872 70 40 
653 44 571 875 588 
654 571 45 876 875 
655 875 876 28 877 
656 588 875 877 46 
657 48 879 878 525 
658 879 31 880 878 
659 878 880 49 546 
660 525 878 546 47 
661 52 100 881 882 
662 100 51 222 881 
663 881 222 54 883 
664 882 881 883 35 
665 70 886 884 885 
666 886 39 172 884 
667 884 172 56 112 
668 885 884 112 68 
669 72 574 887 591 
670 574 73 888 887 
671 887 888 44 889 
672 591 887 889 74 
673 56 892 890 891 
674 892 81 176 890 
675 890 176 79 116 
676 891 890 116 80 
677 89 894 893 390 
678 894 58 530 893 
679 893 530 90 453 
680 390 893 453 88 
681 98 135 895 896 
682 135 76 226 895 
683 895 226 51 897 
684 896 895 897 100 
685 102 138 898 899 
686 138 101 230 898 
687 898 230 104 900 
688 899 898 900 76 
689 116 903 901 902 
690 903 79 180 901 
691 901 180 106 141 
692 902 901 141 114 
693 121 484 904 406 
694 484 122 597 904 
695 904 597 77 905 
696 406 904 905 123 
697 136 154 906 907 
698 154 125 234 906 
699 906 234 101 908 
700 907 906 908 138 
701 183 911 909 910 
702 911 186 254 909 
703 909 254 128 201 
704 910 909 201 149 
705 188 913 912 393 
706 913 88 914 912 
707 912 914 189 457 
708 393 912 457 187 
709 204 487 915 409 
710 487 205 916 915 
711 915 916 121 917 
712 409 915 917 206 
713 158 245 918 919 
714 245 143 270 918 
715 918 270 239 920 
716 919 918 920 237 
717 250 922 921 260 
718 922 196 296 921 
719 921 296 251 923 
720 260 921 923 249 
721 265 925 924 276 
722 925 267 317 924 
723 924 317 212 926 
724 276 924 926 268 
725 279 341 927 323 
726 341 191 362 927 
727 927 362 280 928 
728 323 927 928 278 
729 248 930 929 294 
730 930 289 338 929 
731 929 338 279 322 
732 294 929 322 131 
733 300 932 931 327 
734 932 301 377 931 
735 931 377 207 351 
736 327 931 351 302 
737 145 328 933 314 
738 328 302 350 933 
739 933 350 310 934 
740 314 933 934 263 
741 329 463 935 420 
742 463 331 936 935 
743 935 936 190 937 
744 420 935 937 332 
745 332 937 938 435 
746 937 190 939 938 
747 938 939 343 489 
748 435 938 489 342 
749 397 467 940 469 
750 467 329 941 940 
751 940 941 420 942 
752 469 940 942 419 
753 400 944 943 432 
754 944 422 472 943 
755 943 472 425 945 
756 432 943 945 193 
757 434 947 946 478 
758 947 435 948 946 
759 946 948 342 493 
760 478 946 493 412 
761 208 950 949 446 
762 950 440 497 949 
763 949 497 439 951 
764 446 949 951 417 
765 449 953 952 532 
766 953 84 629 952 
767 952 629 450 554 
768 532 952 554 448 
769 479 580 954 598 
770 580 480 666 954 
771 954 666 118 955 
772 598 954 955 481 
773 502 957 956 536 
774 957 448 958 956 
775 956 958 503 558 
776 536 956 558 501 
777 505 583 959 602 
778 583 506 960 959 
779 959 960 479 961 
780 602 959 961 507 
781 47 963 962 627 
782 963 546 964 962 
783 962 964 545 637 
784 627 962 637 86 
785 550 966 965 631 
786 966 86 967 965 
787 965 967 551 641 
788 631 965 641 549 
789 119 655 968 663 
790 655 572 969 968 
791 968 969 574 970 
792 663 968 970 72 
793 575 658 971 667 
794 658 576 972 971 
795 971 972 119 973 
796 667 971 973 577 
797 549 975 974 680 
798 975 641 976 974 
799 974 976 640 755 
800 680 974 755 611 
801 614 772 977 698 
802 772 656 978 977 
803 977 978 658 979 
804 698 977 979 575 
805 611 981 980 760 
806 981 755 982 980 
807 980 982 754 829 
808 760 980 829 646 
809 758 984 983 810 
810 984 760 985 983 
811 983 985 646 833 
812 810 983 833 761 
813 660 842 986 775 
814 842 770 987 986 
815 986 987 772 988 
816 775 986 988 614 
817 774 846 989 821 
818 846 660 990 989 
819 989 990 775 991 
820 821 989 991 773 
