2 0.000000 100.000000 262.180540
991 820 
1 -11.368037 0.000000 -11.667797 99.756038 0.000060 6.975609 0.000007 
2 13.641644 0.000000 -11.667797 99.756203 0.000551 6.971944 0.000009 
3 13.641644 0.000000 11.667797 99.757131 -0.000648 6.970709 -0.000008 
4 -11.368037 0.000000 11.667797 99.756819 -0.000071 6.975612 -0.000008 
5 1.136804 0.000000 0.000000 101.695847 -0.001866 6.297681 -0.038171 
6 -11.368037 0.000000 0.000000 99.756413 -0.000005 6.975865 -0.000000 
7 1.136804 0.000000 -11.667797 99.754950 0.000283 6.973708 0.000032 
8 13.641644 0.000000 0.000000 99.825056 0.010532 5.992424 -0.000095 
9 1.136804 0.000000 11.667797 99.758193 -0.000312 6.973491 -0.000033 
10 -5.115617 0.000000 -5.833899 99.754938 0.000108 6.975470 0.000030 
11 -11.368037 0.000000 -5.833899 99.756095 0.000036 6.975752 0.000006 
12 -5.115617 0.000000 -11.667797 99.755505 0.000129 6.975208 0.000019 
13 1.136804 0.000000 -5.833899 99.750522 0.000496 6.968214 0.000128 
14 -5.115617 0.000000 0.000000 99.756282 -0.000005 6.976548 0.000001 
15 7.389224 0.000000 -5.833899 99.755478 0.001751 6.960704 0.000039 
16 7.389224 0.000000 -11.667797 99.755569 0.000464 6.972193 0.000022 
17 13.641644 0.000000 -5.833899 99.756904 0.001159 6.962182 0.000009 
18 7.389224 0.000000 0.000000 100.010156 0.018206 3.338851 -0.001318 
19 -5.115617 0.000000 5.833899 99.757986 -0.000123 6.975577 -0.000031 
20 -11.368037 0.000000 5.833899 99.756749 -0.000047 6.975765 -0.000007 
21 1.136804 0.000000 5.833899 99.763818 -0.000533 6.967393 -0.000136 
22 -5.115617 0.000000 11.667797 99.757439 -0.000145 6.975198 -0.000020 
23 -1.989406 0.000000 -2.916949 99.750058 0.000199 6.974824 0.000128 
24 -5.115617 0.000000 -2.916949 99.755078 0.000065 6.976035 0.000026 
25 -1.989406 0.000000 -5.833899 99.752902 0.000225 6.973868 0.000072 
26 1.136804 0.000000 -2.916949 99.737001 0.000802 6.947851 0.000426 
27 -1.989406 0.000000 0.000000 99.753659 0.000316 6.979894 0.000049 
28 7.389224 0.000000 5.833899 99.759325 -0.001237 6.956157 -0.000031 
29 13.641644 0.000000 5.833899 99.758323 -0.001493 6.952306 -0.000006 
30 7.389224 0.000000 11.667797 99.757685 -0.000521 6.971526 -0.000020 
31 4.263014 0.000000 -2.916949 99.751692 0.002105 6.916274 0.000176 
32 4.263014 0.000000 -5.833899 99.752859 0.000866 6.962017 0.000090 
33 7.389224 0.000000 -2.916949 99.758279 0.002347 6.920314 0.000040 
34 4.263014 0.000000 0.000000 100.115362 0.016900 1.764633 -0.002620 
35 -1.989406 0.000000 2.916949 99.762519 -0.000196 6.976022 -0.000123 
36 -5.115617 0.000000 2.916949 99.757654 -0.000077 6.976193 -0.000026 
37 1.136804 0.000000 2.916949 99.785778 -0.000792 6.944285 -0.000542 
38 -1.989406 0.000000 5.833899 99.760427 -0.000243 6.974066 -0.000078 
39 -0.426301 0.000000 -1.458475 99.721985 0.002334 6.956910 0.000713 
40 -1.989406 0.000000 -1.458475 99.749368 -0.001451 6.976868 0.000139 
41 -0.426301 0.000000 -2.916949 99.737479 0.012997 6.968892 0.000387 
42 1.136804 0.000000 -1.458475 99.670325 -0.000819 6.876918 0.001853 
43 -0.426301 0.000000 0.000000 99.973523 -0.064675 7.047176 -0.004437 
44 4.263014 0.000000 2.916949 99.767412 -0.002203 6.899404 -0.000114 
45 7.389224 0.000000 2.916949 99.763947 -0.002803 6.884358 -0.000024 
46 4.263014 0.000000 5.833899 99.761599 -0.000952 6.959449 -0.000081 
47 2.699909 0.000000 -1.458475 99.717285 0.007021 6.733219 0.001113 
48 2.699909 0.000000 -2.916949 99.741217 0.017185 6.923221 0.000376 
49 4.263014 0.000000 -1.458475 99.761831 0.004783 6.741723 0.000213 
50 2.699909 0.000000 0.000000 100.214350 0.060556 1.099691 -0.004413 
51 -0.426301 0.000000 1.458475 99.775950 0.000491 6.982636 -0.000400 
52 -1.989406 0.000000 1.458475 99.760470 -0.010443 6.978449 -0.000085 
53 1.136804 0.000000 1.458475 99.846748 -0.005100 6.875071 -0.001664 
54 -0.426301 0.000000 2.916949 99.772156 -0.011902 6.970265 -0.000307 
55 0.355251 0.000000 -0.729237 99.675817 0.024534 6.734514 0.001938 
56 -0.426301 0.000000 -0.729237 99.666917 0.016572 6.991170 0.001763 
57 0.355251 0.000000 -1.458475 99.717944 0.001869 6.923250 0.000840 
58 1.136804 0.000000 -0.729237 99.599513 0.024690 6.656517 0.003563 
59 0.355251 0.000000 0.000000 68.826803 -0.009274 0.045327 0.526287 
60 -8.241827 0.000000 -2.916949 99.755975 0.000031 6.975925 0.000008 
61 -11.368037 0.000000 -2.916949 99.756223 0.000017 6.975829 0.000003 
62 -8.241827 0.000000 -5.833899 99.755770 0.000059 6.975730 0.000013 
63 -8.241827 0.000000 0.000000 99.756395 -0.000006 6.976037 -0.000000 
64 -3.552511 0.000000 -1.458475 99.754324 0.000059 6.976936 0.000040 
65 -5.115617 0.000000 -1.458475 99.755545 0.000032 6.976367 0.000016 
66 -3.552511 0.000000 -2.916949 99.753611 0.000106 6.976035 0.000055 
67 -3.552511 0.000000 0.000000 99.756038 -0.000001 6.977514 0.000005 
68 -1.207854 0.000000 -0.729237 99.741841 0.003066 6.982611 0.000281 
69 -1.989406 0.000000 -0.729237 99.751966 0.005089 6.973839 0.000091 
70 -1.207854 0.000000 -1.458475 99.740596 0.000654 6.974320 0.000317 
71 -1.207854 0.000000 0.000000 99.751650 -0.000191 6.984415 0.000083 
72 2.699909 0.000000 1.458475 99.804995 -0.006735 6.672850 -0.000556 
73 4.263014 0.000000 1.458475 99.783480 -0.004781 6.622616 -0.000060 
74 2.699909 0.000000 2.916949 99.777631 -0.003658 6.911608 -0.000335 
75 0.355251 0.000000 0.729237 99.958257 -0.021399 6.986768 -0.004047 
76 -0.426301 0.000000 0.729237 99.773218 -0.041171 6.982024 -0.000345 
77 1.136804 0.000000 0.729237 100.031687 -0.009293 6.606441 -0.004998 
78 0.355251 0.000000 1.458475 99.822659 -0.001288 6.956508 -0.001296 
79 -0.035525 0.000000 -0.364619 98.894723 0.007456 6.959546 0.017140 
80 -0.426301 0.000000 -0.364619 99.733350 0.002810 7.062323 0.000338 
81 -0.035525 0.000000 -0.729237 99.563224 0.025729 6.873467 0.003992 
82 0.355251 0.000000 -0.364619 100.145935 0.097038 5.818640 -0.006307 
83 -0.035525 0.000000 0.000000 166.501730 -0.073824 7.324617 -1.777648 
84 1.918356 0.000000 -0.729237 99.463748 0.009991 6.173501 0.006885 
85 1.918356 0.000000 -1.458475 99.683353 0.006634 6.798851 0.001700 
86 2.699909 0.000000 -0.729237 99.723010 0.034190 5.925428 0.002021 
87 1.918356 0.000000 0.000000 101.885415 -0.157543 4.163197 -0.039799 
88 0.746027 0.000000 -0.364619 99.518240 0.035967 6.440643 0.005464 
89 0.746027 0.000000 -0.729237 99.609091 0.030682 6.811261 0.003163 
90 1.136804 0.000000 -0.364619 99.398407 -0.005184 5.782751 0.008652 
91 0.746027 0.000000 0.000000 101.990596 0.001495 6.731219 -0.044739 
92 -8.241827 0.000000 2.916949 99.756841 -0.000043 6.975959 -0.000009 
93 -11.368037 0.000000 2.916949 99.756609 -0.000028 6.975838 -0.000004 
94 -8.241827 0.000000 5.833899 99.757089 -0.000072 6.975767 -0.000014 
95 -3.552511 0.000000 1.458475 99.757922 -0.000063 6.977239 -0.000032 
96 -5.115617 0.000000 1.458475 99.757069 -0.000043 6.976472 -0.000014 
97 -3.552511 0.000000 2.916949 99.759014 -0.000114 6.976438 -0.000053 
98 -1.207854 0.000000 0.729237 99.760427 -0.002549 6.980575 -0.000087 
99 -1.989406 0.000000 0.729237 99.759606 -0.001170 6.987206 -0.000080 
100 -1.207854 0.000000 1.458475 99.764101 0.000103 6.980127 -0.000160 
101 -0.035525 0.000000 0.364619 99.411786 -0.135896 6.815371 0.007083 
102 -0.426301 0.000000 0.364619 99.809328 -0.014834 6.914369 -0.000971 
103 0.355251 0.000000 0.364619 100.699375 -0.045344 7.086150 -0.019058 
104 -0.035525 0.000000 0.729237 99.786294 -0.015507 7.019117 -0.000657 
105 0.159863 0.000000 -0.182309 97.460651 -0.073964 0.569064 0.050109 
106 -0.035525 0.000000 -0.182309 96.926137 0.262217 9.845810 0.050832 
107 0.159863 0.000000 -0.364619 98.993918 0.082974 5.782016 0.016677 
108 0.355251 0.000000 -0.182309 101.368765 0.143423 3.148894 -0.028556 
109 0.159863 0.000000 0.000000 117.111069 0.132073 0.152025 -0.371504 
110 -0.817078 0.000000 -0.364619 99.741832 -0.006938 6.997845 0.000260 
111 -1.207854 0.000000 -0.364619 99.745419 -0.000050 6.983584 0.000208 
112 -0.817078 0.000000 -0.729237 99.728403 0.002620 6.982893 0.000548 
113 -0.817078 0.000000 0.000000 99.764597 -0.014908 7.002508 -0.000201 
114 -0.230913 0.000000 -0.182309 100.216829 -0.010543 7.464913 -0.009914 
115 -0.426301 0.000000 -0.182309 99.862076 -0.056900 7.099636 -0.002284 
116 -0.230913 0.000000 -0.364619 99.454803 0.054590 7.297978 0.005548 
117 -0.230913 0.000000 0.000000 101.222217 -0.079998 7.093595 -0.029626 
118 1.918356 0.000000 0.729237 100.129231 -0.012945 5.943729 -0.006119 
119 2.699909 0.000000 0.729237 99.844104 0.005027 5.621100 -0.000044 
120 1.918356 0.000000 1.458475 99.856917 -0.004362 6.742724 -0.001687 
121 0.746027 0.000000 0.364619 100.017212 -0.036906 6.241872 -0.004241 
122 1.136804 0.000000 0.364619 100.416932 -0.022146 5.862427 -0.011793 
123 0.746027 0.000000 0.729237 99.956803 -0.033823 6.761054 -0.003708 
124 0.159863 0.000000 0.182309 99.218859 -0.255333 10.314295 0.004917 
125 -0.035525 0.000000 0.182309 98.295713 0.073045 3.929524 0.032251 
126 0.355251 0.000000 0.182309 102.281198 -0.062248 6.165561 -0.049946 
127 0.159863 0.000000 0.364619 99.672521 -0.099123 7.495524 0.000920 
128 0.062169 0.000000 -0.091155 83.590050 0.074272 -4.948461 0.298821 
129 -0.035525 0.000000 -0.091155 102.426503 0.114592 26.006144 -0.116752 
130 0.062169 0.000000 -0.182309 95.017903 0.105024 4.363428 0.095255 
131 0.159863 0.000000 -0.091155 97.471506 -0.041865 -13.028046 0.032957 
132 0.062169 0.000000 0.000000 197.501090 0.012044 0.782337 -2.900729 
133 -0.817078 0.000000 0.364619 99.768076 -0.010529 6.986878 -0.000249 
134 -1.207854 0.000000 0.364619 99.756086 -0.000341 6.983476 -0.000005 
135 -0.817078 0.000000 0.729237 99.763436 0.001600 6.981913 -0.000149 
136 -0.230913 0.000000 0.182309 100.447110 -0.069386 6.628775 -0.013357 
137 -0.426301 0.000000 0.182309 99.915210 0.000847 6.938367 -0.003119 
138 -0.230913 0.000000 0.364619 99.705993 -0.042855 6.702920 0.001378 
139 -0.133219 0.000000 -0.091155 103.177550 -0.027132 9.786738 -0.074139 
140 -0.230913 0.000000 -0.091155 100.783201 -0.057150 7.553737 -0.021432 
141 -0.133219 0.000000 -0.182309 99.797229 -0.143779 8.974033 -0.004004 
142 -0.133219 0.000000 0.000000 106.515756 0.055515 7.289557 -0.139875 
143 0.062169 0.000000 0.091155 88.374767 -0.008600 11.615100 0.205499 
144 -0.035525 0.000000 0.091155 104.803498 0.035607 -11.001766 -0.110481 
145 0.159863 0.000000 0.091155 101.219384 -0.026810 13.789703 -0.043552 
146 0.062169 0.000000 0.182309 96.974057 -0.102013 7.918847 0.053331 
147 0.013322 0.000000 -0.045577 69.666400 0.170216 -13.578061 0.496220 
148 -0.035525 0.000000 -0.045577 144.620463 -0.028176 37.530462 -1.232361 
149 0.013322 0.000000 -0.091155 73.202752 0.004827 11.317548 0.451327 
150 0.062169 0.000000 -0.045577 194.992460 0.057591 -18.968921 -2.838188 
151 0.013322 0.000000 0.000000 247.636161 0.003076 3.667748 -5.133712 
152 -0.133219 0.000000 0.091155 103.647187 -0.100426 4.665861 -0.076452 
153 -0.230913 0.000000 0.091155 100.925385 -0.091766 6.600419 -0.022951 
154 -0.133219 0.000000 0.182309 100.323570 -0.171407 5.170602 -0.009158 
155 0.013322 0.000000 0.045577 77.641601 -0.154759 15.383802 0.373510 
156 -0.035525 0.000000 0.045577 144.426088 -0.083726 -21.414185 -1.131747 
157 0.062169 0.000000 0.045577 193.344863 -0.002495 19.819893 -2.777506 
158 0.013322 0.000000 0.091155 79.614864 -0.142802 -0.548497 0.366115 
159 -1.989406 0.000000 -8.750848 99.754386 0.000215 6.974257 0.000042 
160 -5.115617 0.000000 -8.750848 99.755213 0.000126 6.975243 0.000024 
161 -1.989406 0.000000 -11.667797 99.755136 0.000194 6.974622 0.000027 
162 1.136804 0.000000 -8.750848 99.753846 0.000361 6.972255 0.000056 
163 -0.426301 0.000000 -4.375424 99.748477 0.000378 6.970202 0.000166 
164 -1.989406 0.000000 -4.375424 99.751519 0.000219 6.974023 0.000100 
165 -0.426301 0.000000 -5.833899 99.751552 0.000337 6.971613 0.000102 
166 1.136804 0.000000 -4.375424 99.749675 0.005563 6.962490 0.000153 
167 0.355251 0.000000 -2.187712 99.737137 0.015940 6.946034 0.000426 
168 -0.426301 0.000000 -2.187712 99.736714 -0.000572 6.963012 0.000410 
169 0.355251 0.000000 -2.916949 99.739655 0.000681 6.958344 0.000358 
170 1.136804 0.000000 -2.187712 99.733397 0.004388 6.926514 0.000527 
171 -0.035525 0.000000 -1.093856 99.688485 0.013440 6.917910 0.001435 
172 -0.426301 0.000000 -1.093856 99.712570 0.001008 6.955009 0.000903 
173 -0.035525 0.000000 -1.458475 99.702788 -0.001039 6.948008 0.001108 
174 0.355251 0.000000 -1.093856 99.701847 0.019001 6.880703 0.001220 
175 0.159863 0.000000 -0.546928 99.453645 0.033431 6.558536 0.006596 
176 -0.035525 0.000000 -0.546928 99.439122 0.042585 6.829752 0.006521 
177 0.159863 0.000000 -0.729237 99.593864 0.027837 6.764522 0.003530 
178 0.355251 0.000000 -0.546928 99.675896 0.044273 6.528199 0.002210 
179 0.062169 0.000000 -0.273464 97.118372 0.162502 5.825713 0.053406 
180 -0.035525 0.000000 -0.273464 97.826957 0.026329 7.649174 0.037138 
181 0.062169 0.000000 -0.364619 98.636006 0.036304 6.373779 0.023031 
182 0.159863 0.000000 -0.273464 98.342641 0.244413 4.227086 0.031080 
183 0.013322 0.000000 -0.136732 91.483180 0.070199 8.872262 0.155211 
184 -0.035525 0.000000 -0.136732 97.504472 0.209226 13.265863 0.031685 
185 0.013322 0.000000 -0.182309 95.076665 0.207058 7.559751 0.090324 
186 0.062169 0.000000 -0.136732 92.233008 0.098476 1.898593 0.148946 
187 0.550639 0.000000 -0.182309 101.297156 -0.000212 5.124288 -0.028737 
188 0.550639 0.000000 -0.364619 99.875126 0.059208 6.521282 -0.001757 
189 0.746027 0.000000 -0.182309 101.868241 0.011031 5.237749 -0.040457 
190 0.550639 0.000000 0.000000 101.441386 -0.007094 6.631827 -0.033434 
191 0.257557 0.000000 -0.091155 101.438813 0.027187 -10.013909 -0.039011 
192 0.257557 0.000000 -0.182309 100.040661 0.035152 1.173971 -0.000951 
193 0.355251 0.000000 -0.091155 104.643895 0.100399 -4.285381 -0.096872 
194 0.257557 0.000000 0.000000 82.939879 -0.034806 0.061706 0.312097 
195 0.111016 0.000000 -0.045577 145.799066 -0.004674 -13.512940 -1.143997 
196 0.111016 0.000000 -0.091155 90.204809 0.014579 -14.959832 0.163930 
197 0.159863 0.000000 -0.045577 115.966033 0.116371 -8.407192 -0.351882 
198 0.111016 0.000000 0.000000 148.928397 -0.020275 0.213296 -1.217971 
199 0.037745 0.000000 -0.068366 70.763848 0.169598 -13.627752 0.480673 
200 0.013322 0.000000 -0.068366 69.658432 0.175912 -13.207709 0.497323 
201 0.037745 0.000000 -0.091155 80.741582 0.051427 -0.900291 0.347998 
202 0.062169 0.000000 -0.068366 76.209453 0.116929 -14.503889 0.398174 
203 0.037745 0.000000 -0.045577 70.308685 0.170615 -13.703700 0.486887 
204 0.550639 0.000000 0.182309 101.583581 -0.017278 5.137545 -0.034562 
205 0.746027 0.000000 0.182309 102.264365 -0.007020 5.256387 -0.048563 
206 0.550639 0.000000 0.364619 100.287432 -0.067788 6.232033 -0.009641 
207 0.257557 0.000000 0.091155 104.136584 -0.036430 10.538034 -0.095548 
208 0.355251 0.000000 0.091155 106.166946 0.007356 4.611091 -0.129268 
209 0.257557 0.000000 0.182309 101.403146 -0.182861 8.717487 -0.035863 
210 0.111016 0.000000 0.045577 145.536582 -0.040820 13.782850 -1.137087 
211 0.159863 0.000000 0.045577 115.914222 0.073860 8.592737 -0.350995 
212 0.111016 0.000000 0.091155 94.889391 -0.093385 15.997403 0.074008 
213 -1.989406 0.000000 8.750848 99.758779 -0.000236 6.974219 -0.000045 
214 -5.115617 0.000000 8.750848 99.757750 -0.000142 6.975272 -0.000026 
215 1.136804 0.000000 8.750848 99.759580 -0.000394 6.971886 -0.000058 
216 -1.989406 0.000000 11.667797 99.757904 -0.000215 6.974552 -0.000028 
217 -0.426301 0.000000 4.375424 99.765997 -0.000389 6.970688 -0.000184 
218 -1.989406 0.000000 4.375424 99.761750 -0.000229 6.974596 -0.000105 
219 1.136804 0.000000 4.375424 99.773142 -0.002652 6.961871 -0.000315 
220 -0.426301 0.000000 5.833899 99.762306 -0.000359 6.971573 -0.000112 
221 0.355251 0.000000 2.187712 99.793783 -0.003610 6.959864 -0.000724 
222 -0.426301 0.000000 2.187712 99.776284 0.000979 6.974170 -0.000395 
223 1.136804 0.000000 2.187712 99.813481 -0.004500 6.925419 -0.001069 
224 0.355251 0.000000 2.916949 99.780820 -0.000474 6.961806 -0.000468 
225 -0.035525 0.000000 1.093856 99.799901 -0.021070 6.993170 -0.000893 
226 -0.426301 0.000000 1.093856 99.776364 -0.001857 6.988365 -0.000416 
227 0.355251 0.000000 1.093856 99.859003 -0.021795 6.966820 -0.002036 
228 -0.035525 0.000000 1.458475 99.781279 -0.004498 6.968571 -0.000486 
229 0.159863 0.000000 0.546928 99.813601 -0.082064 7.122147 -0.001349 
230 -0.035525 0.000000 0.546928 99.683917 -0.014890 7.017594 0.001387 
231 0.355251 0.000000 0.546928 100.058707 -0.073652 7.004865 -0.006082 
232 0.159863 0.000000 0.729237 99.859440 -0.019610 7.040931 -0.002148 
233 0.062169 0.000000 0.273464 98.127318 -0.029040 7.421715 0.031595 
234 -0.035525 0.000000 0.273464 98.591346 -0.044910 6.125322 0.024222 
235 0.159863 0.000000 0.273464 99.362937 -0.063493 8.421309 0.005608 
236 0.062169 0.000000 0.364619 99.260326 -0.150161 7.163210 0.009605 
237 0.013322 0.000000 0.136732 94.388315 -0.044492 3.734272 0.107690 
238 -0.035525 0.000000 0.136732 99.403920 0.105995 0.725874 0.011832 
239 0.062169 0.000000 0.136732 95.194256 -0.117424 8.946711 0.085800 
240 0.013322 0.000000 0.182309 96.888874 0.022170 5.561273 0.058162 
241 0.037745 0.000000 0.068366 78.400471 -0.070360 15.573205 0.361084 
242 0.013322 0.000000 0.068366 77.571907 -0.151274 15.450095 0.374387 
243 0.037745 0.000000 0.045577 78.095923 -0.061774 15.476674 0.366150 
244 0.062169 0.000000 0.068366 82.946952 -0.084658 16.194699 0.285753 
245 0.037745 0.000000 0.091155 86.097882 -0.012237 9.086333 0.250459 
246 0.111016 0.000000 -0.136732 95.244987 -0.006170 -1.567625 0.092593 
247 0.111016 0.000000 -0.182309 96.151063 0.038068 1.987070 0.075102 
248 0.159863 0.000000 -0.136732 97.485850 -0.192864 -3.141141 0.048661 
249 0.086592 0.000000 -0.068366 89.395170 -0.092386 -14.662398 0.179351 
250 0.086592 0.000000 -0.091155 89.833845 -0.114052 -14.902816 0.170777 
251 0.111016 0.000000 -0.068366 90.208975 -0.000245 -14.709030 0.164599 
252 0.086592 0.000000 -0.045577 168.368826 0.016604 -17.278048 -1.864659 
253 0.086592 0.000000 -0.113943 91.702283 0.103609 -3.779161 0.157640 
254 0.062169 0.000000 -0.113943 89.046143 0.115425 -0.822823 0.207009 
255 0.086592 0.000000 -0.136732 93.706168 0.092314 -0.237953 0.121909 
256 0.111016 0.000000 -0.113943 94.315628 0.034505 -5.062667 0.107893 
257 0.074381 0.000000 -0.079760 86.182494 -0.043632 -14.641061 0.235822 
258 0.062169 0.000000 -0.079760 77.226917 0.101046 -14.591576 0.382308 
259 0.074381 0.000000 -0.091155 84.578318 0.066607 -9.010979 0.276531 
260 0.086592 0.000000 -0.079760 89.525723 -0.087247 -14.708576 0.176880 
261 0.074381 0.000000 -0.068366 83.323057 0.003851 -14.704586 0.284104 
262 0.111016 0.000000 0.136732 97.920398 -0.113651 11.191636 0.028633 
263 0.159863 0.000000 0.136732 99.923098 -0.334087 11.685652 -0.012129 
264 0.111016 0.000000 0.182309 98.039781 -0.184654 9.522505 0.029749 
265 0.086592 0.000000 0.068366 94.408531 -0.033914 15.954480 0.083248 
266 0.086592 0.000000 0.045577 167.611023 -0.008923 17.612942 -1.840367 
267 0.111016 0.000000 0.068366 94.889910 -0.083433 16.055899 0.073811 
268 0.086592 0.000000 0.091155 94.822911 -0.034950 15.986678 0.075304 
269 0.086592 0.000000 0.113943 95.177052 -0.060772 12.206706 0.079232 
270 0.062169 0.000000 0.113943 92.804092 -0.060357 10.202576 0.128330 
271 0.111016 0.000000 0.113943 97.573120 -0.062722 12.724472 0.031757 
272 0.086592 0.000000 0.136732 96.531637 -0.074961 10.428682 0.057288 
273 0.074381 0.000000 0.079760 91.687440 -0.035278 15.841554 0.134246 
274 0.062169 0.000000 0.079760 83.860790 -0.078590 16.113218 0.270773 
275 0.074381 0.000000 0.068366 89.184480 -0.050214 16.011370 0.178976 
276 0.086592 0.000000 0.079760 94.508418 -0.037094 15.965804 0.081325 
277 0.074381 0.000000 0.091155 89.243304 -0.048008 14.812146 0.181623 
278 0.208710 0.000000 -0.045577 95.445873 -0.025908 -5.230951 0.086272 
279 0.208710 0.000000 -0.091155 98.835213 -0.058173 -12.435201 0.007696 
280 0.257557 0.000000 -0.045577 82.065285 0.016311 -4.042931 0.324894 
281 0.208710 0.000000 0.000000 96.570699 0.071620 0.116953 0.067408 
282 0.135439 0.000000 -0.068366 90.884946 0.057668 -15.069235 0.151284 
283 0.135439 0.000000 -0.091155 92.155787 0.037739 -14.690770 0.129149 
284 0.159863 0.000000 -0.068366 114.502931 0.003580 -12.625084 -0.327031 
285 0.135439 0.000000 -0.045577 129.360120 0.100678 -10.635363 -0.684716 
286 0.257557 0.000000 -0.273464 99.805164 0.133409 4.272785 0.002065 
287 0.257557 0.000000 -0.364619 99.744805 0.095472 5.587413 0.001975 
288 0.355251 0.000000 -0.273464 100.362849 0.093725 5.186415 -0.009961 
289 0.208710 0.000000 -0.136732 99.126818 -0.143770 -3.482942 0.016172 
290 0.208710 0.000000 -0.182309 98.593349 0.023284 0.323153 0.027925 
291 0.257557 0.000000 -0.136732 100.390081 0.154640 -2.896866 -0.008658 
292 0.135439 0.000000 -0.113943 95.600981 -0.010597 -5.748919 0.082740 
293 0.135439 0.000000 -0.136732 96.476695 -0.114060 -2.374728 0.068660 
294 0.159863 0.000000 -0.113943 96.964318 -0.145938 -6.646388 0.055373 
295 0.123228 0.000000 -0.079760 90.357504 0.047178 -14.867156 0.161449 
296 0.111016 0.000000 -0.079760 90.205859 0.007095 -14.805284 0.164371 
297 0.123228 0.000000 -0.091155 90.186067 0.034790 -14.955645 0.164280 
298 0.135439 0.000000 -0.079760 92.094615 0.040880 -14.896877 0.129666 
299 0.123228 0.000000 -0.068366 90.189345 0.031255 -14.956377 0.164219 
300 0.208710 0.000000 0.045577 95.448980 -0.045570 5.413390 0.086019 
301 0.257557 0.000000 0.045577 82.087571 -0.047837 4.130456 0.324457 
302 0.208710 0.000000 0.091155 102.219719 -0.099361 13.125266 -0.062115 
303 0.135439 0.000000 0.068366 95.410867 -0.124692 16.083749 0.063806 
304 0.135439 0.000000 0.045577 129.032627 -0.076850 10.889488 -0.676801 
305 0.159863 0.000000 0.068366 114.506162 -0.058487 12.678540 -0.327241 
306 0.135439 0.000000 0.091155 96.544448 -0.095802 15.658829 0.043396 
307 0.257557 0.000000 0.273464 100.710355 -0.148320 7.944712 -0.020572 
308 0.355251 0.000000 0.273464 101.089137 -0.175197 6.729212 -0.026433 
309 0.257557 0.000000 0.364619 100.386355 -0.085291 7.480451 -0.013338 
310 0.208710 0.000000 0.136732 101.337162 -0.291896 11.048703 -0.039138 
311 0.257557 0.000000 0.136732 102.289913 0.046452 9.699561 -0.055731 
312 0.208710 0.000000 0.182309 100.194628 -0.175618 9.986908 -0.013873 
313 0.135439 0.000000 0.113943 98.752355 -0.124765 12.656835 0.008776 
314 0.159863 0.000000 0.113943 99.909262 -0.268461 12.803154 -0.014585 
315 0.135439 0.000000 0.136732 99.035644 -0.231827 11.444342 0.006091 
316 0.123228 0.000000 0.079760 94.947297 -0.122447 16.034078 0.072790 
317 0.111016 0.000000 0.079760 94.884955 -0.088982 16.032512 0.073980 
318 0.123228 0.000000 0.068366 94.840748 -0.110942 15.988618 0.074958 
319 0.135439 0.000000 0.079760 96.501337 -0.094164 15.878169 0.043537 
320 0.123228 0.000000 0.091155 94.830437 -0.114664 15.986755 0.075160 
321 0.184287 0.000000 -0.068366 103.184499 0.004364 -10.379612 -0.075478 
322 0.184287 0.000000 -0.091155 97.460986 -0.039933 -12.884761 0.033534 
323 0.208710 0.000000 -0.068366 93.362694 0.042400 -8.270860 0.121500 
324 0.184287 0.000000 -0.045577 104.572677 -0.018264 -6.816433 -0.098191 
325 0.184287 0.000000 0.068366 103.296570 -0.100527 10.527662 -0.078102 
326 0.184287 0.000000 0.045577 104.610780 -0.094345 6.971500 -0.099203 
327 0.208710 0.000000 0.068366 93.345697 -0.039510 8.429042 0.121553 
328 0.184287 0.000000 0.091155 101.131792 -0.083894 13.824507 -0.041876 
329 0.452945 0.000000 -0.091155 98.826533 0.002802 2.825006 0.022534 
330 0.452945 0.000000 -0.182309 99.620167 -0.002772 1.189169 0.007441 
331 0.550639 0.000000 -0.091155 100.903881 -0.003326 5.632605 -0.021332 
332 0.452945 0.000000 0.000000 101.441386 -0.007094 6.631829 -0.033434 
333 0.306404 0.000000 -0.136732 101.663613 0.127627 -1.173411 -0.033688 
334 0.306404 0.000000 -0.182309 100.777161 0.125440 1.945119 -0.015984 
335 0.355251 0.000000 -0.136732 103.821695 0.173078 0.145549 -0.077900 
336 0.306404 0.000000 -0.091155 103.498693 0.113875 -6.294574 -0.075161 
337 0.233134 0.000000 -0.113943 100.235533 -0.005739 -6.323229 -0.008715 
338 0.208710 0.000000 -0.113943 99.952811 -0.076371 -6.977128 -0.003925 
339 0.233134 0.000000 -0.136732 99.653456 -0.012686 -3.161048 0.005920 
340 0.257557 0.000000 -0.113943 101.464789 0.013775 -10.016724 -0.039544 
341 0.233134 0.000000 -0.091155 101.610711 -0.062782 -10.032628 -0.042539 
342 0.452945 0.000000 0.091155 99.160055 -0.029993 2.821207 0.015932 
343 0.550639 0.000000 0.091155 101.073487 -0.014739 5.634184 -0.024759 
344 0.452945 0.000000 0.182309 99.948963 -0.029250 1.187834 0.000879 
345 0.306404 0.000000 0.136732 103.231092 0.003376 7.371602 -0.071100 
346 0.306404 0.000000 0.091155 105.447976 -0.005647 6.671988 -0.116379 
347 0.355251 0.000000 0.136732 105.068311 -0.057354 5.567442 -0.107035 
348 0.306404 0.000000 0.182309 101.907819 -0.109795 7.597301 -0.044293 
349 0.233134 0.000000 0.113943 102.703127 -0.109299 10.516159 -0.065853 
350 0.208710 0.000000 0.113943 102.690007 -0.147174 11.889699 -0.068662 
351 0.233134 0.000000 0.091155 104.371515 -0.064456 10.562040 -0.100497 
352 0.257557 0.000000 0.113943 104.162866 -0.047277 10.540891 -0.096102 
353 0.233134 0.000000 0.136732 101.735074 -0.130355 10.307802 -0.045629 
354 0.306404 0.000000 -0.045577 73.207886 0.192936 -2.143665 0.463597 
355 0.355251 0.000000 -0.045577 68.068945 0.005710 -1.059647 0.536550 
356 0.306404 0.000000 0.000000 73.818891 0.063811 0.032860 0.455077 
357 0.281981 0.000000 -0.113943 102.663271 0.136479 -8.232129 -0.060753 
358 0.281981 0.000000 -0.136732 101.417784 0.130989 -1.957287 -0.028942 
359 0.306404 0.000000 -0.113943 103.493352 0.103348 -6.295314 -0.075052 
360 0.281981 0.000000 -0.091155 102.440166 0.128667 -8.562218 -0.056732 
361 0.281981 0.000000 -0.068366 75.699340 0.216790 -4.607709 0.424833 
362 0.257557 0.000000 -0.068366 81.126765 0.030060 -6.216968 0.337980 
363 0.306404 0.000000 -0.068366 72.576775 0.154909 -3.148422 0.472268 
364 0.281981 0.000000 -0.045577 76.813791 0.155153 -3.148951 0.408970 
365 0.269769 0.000000 -0.102549 101.659219 0.083898 -9.755253 -0.042977 
366 0.257557 0.000000 -0.102549 101.436432 0.028416 -10.013651 -0.038962 
367 0.269769 0.000000 -0.113943 101.600547 0.104689 -10.029605 -0.042328 
368 0.281981 0.000000 -0.102549 102.457621 0.142181 -8.940718 -0.057752 
369 0.269769 0.000000 -0.091155 101.519671 0.066952 -10.021744 -0.040668 
370 0.306404 0.000000 0.045577 73.344495 0.031279 2.180914 0.461583 
371 0.355251 0.000000 0.045577 68.047766 -0.025451 1.150440 0.536818 
372 0.281981 0.000000 0.113943 104.997416 0.080153 8.684339 -0.109988 
373 0.281981 0.000000 0.091155 104.839199 0.071008 9.027422 -0.107276 
374 0.306404 0.000000 0.113943 105.425510 -0.027190 6.670809 -0.115904 
375 0.281981 0.000000 0.136732 103.140025 -0.058672 8.442696 -0.070915 
376 0.281981 0.000000 0.068366 75.697677 0.148588 4.654117 0.424818 
377 0.257557 0.000000 0.068366 81.193815 -0.041803 6.308732 0.336776 
378 0.281981 0.000000 0.045577 76.869928 0.084154 3.264118 0.408035 
379 0.306404 0.000000 0.068366 72.690994 -0.011531 3.181378 0.470590 
380 0.269769 0.000000 0.102549 104.293621 0.024077 10.267489 -0.098258 
381 0.257557 0.000000 0.102549 104.134176 -0.035436 10.537772 -0.095497 
382 0.269769 0.000000 0.091155 104.200818 0.007161 10.543881 -0.096898 
383 0.281981 0.000000 0.102549 104.899709 0.103042 9.416519 -0.109263 
384 0.269769 0.000000 0.113943 104.265505 0.048828 10.549806 -0.098260 
385 0.746027 0.000000 -1.093856 99.689678 0.018759 6.866916 0.001481 
386 0.746027 0.000000 -1.458475 99.709802 0.002098 6.907182 0.001025 
387 1.136804 0.000000 -1.093856 99.670090 0.001074 6.824187 0.001930 
388 0.550639 0.000000 -0.546928 99.674703 0.041737 6.706983 0.001997 
389 0.550639 0.000000 -0.729237 99.672526 0.028815 6.771091 0.001954 
390 0.746027 0.000000 -0.546928 99.622252 0.037513 6.694222 0.003059 
391 0.452945 0.000000 -0.273464 100.245169 0.108994 6.017262 -0.008531 
392 0.452945 0.000000 -0.364619 100.148338 0.093510 6.336835 -0.006985 
393 0.550639 0.000000 -0.273464 101.278769 -0.007450 1.080255 -0.025856 
394 0.404098 0.000000 -0.136732 97.939309 -0.000664 0.457026 0.040768 
395 0.404098 0.000000 -0.182309 101.522241 0.109159 4.746574 -0.032931 
396 0.452945 0.000000 -0.136732 98.991440 0.001875 2.260398 0.019559 
397 0.404098 0.000000 -0.091155 100.835658 0.032365 -1.313804 -0.016956 
398 0.330828 0.000000 -0.113943 103.471304 0.108131 -6.298215 -0.074599 
399 0.330828 0.000000 -0.136732 102.166727 0.139425 -0.978022 -0.043902 
400 0.355251 0.000000 -0.113943 104.524621 0.105916 -4.527728 -0.094591 
401 0.330828 0.000000 -0.091155 103.465279 0.106897 -6.297808 -0.074474 
402 0.746027 0.000000 1.093856 99.903013 -0.011331 6.894986 -0.002815 
403 1.136804 0.000000 1.093856 99.926787 0.002612 6.801366 -0.003162 
404 0.746027 0.000000 1.458475 99.845117 -0.001722 6.918700 -0.001692 
405 0.550639 0.000000 0.546928 100.030493 -0.059614 6.721759 -0.005129 
406 0.746027 0.000000 0.546928 100.061298 -0.018907 6.650072 -0.005649 
407 0.550639 0.000000 0.729237 99.989467 -0.021524 6.896010 -0.004545 
408 0.452945 0.000000 0.273464 100.790679 -0.069641 5.773394 -0.019210 
409 0.550639 0.000000 0.273464 101.587225 -0.018414 1.079384 -0.032113 
410 0.452945 0.000000 0.364619 100.601354 -0.040342 6.465342 -0.016243 
411 0.404098 0.000000 0.136732 98.284120 -0.039072 0.454216 0.034002 
412 0.404098 0.000000 0.091155 101.509517 0.015859 2.012982 -0.030823 
413 0.452945 0.000000 0.136732 99.326438 -0.030049 2.256949 0.012916 
414 0.404098 0.000000 0.182309 102.239135 -0.109518 4.355151 -0.047182 
415 0.330828 0.000000 0.113943 105.441118 -0.042290 6.674561 -0.116238 
416 0.330828 0.000000 0.091155 105.434557 -0.043277 6.674130 -0.116099 
417 0.355251 0.000000 0.113943 106.104053 0.004946 4.859628 -0.128169 
418 0.330828 0.000000 0.136732 103.557672 0.010392 6.933849 -0.077227 
419 0.404098 0.000000 -0.045577 67.323292 0.035335 0.793466 0.546694 
420 0.452945 0.000000 -0.045577 99.383997 0.003395 4.473363 0.010281 
421 0.404098 0.000000 0.000000 68.388715 0.017854 0.003555 0.532298 
422 0.379675 0.000000 -0.113943 104.233199 0.072191 -2.093554 -0.086895 
423 0.379675 0.000000 -0.136732 103.681282 0.133758 1.735398 -0.075284 
424 0.404098 0.000000 -0.113943 100.498990 0.036014 -1.579522 -0.010254 
425 0.379675 0.000000 -0.091155 103.939727 0.067751 -2.087334 -0.080783 
426 0.330828 0.000000 -0.068366 69.718947 0.075608 -2.987389 0.513034 
427 0.355251 0.000000 -0.068366 66.796573 0.028265 -1.792839 0.553500 
428 0.330828 0.000000 -0.045577 70.272072 0.001748 -1.902026 0.505822 
429 0.343039 0.000000 -0.102549 103.898634 0.125369 -5.978084 -0.083068 
430 0.330828 0.000000 -0.102549 103.468084 0.107472 -6.297998 -0.074532 
431 0.343039 0.000000 -0.113943 103.998734 0.117788 -5.828415 -0.084972 
432 0.355251 0.000000 -0.102549 104.627284 0.100858 -4.650872 -0.096851 
433 0.343039 0.000000 -0.091155 103.723510 0.124086 -6.313937 -0.079845 
434 0.404098 0.000000 0.045577 67.365796 -0.004183 -0.834334 0.546115 
435 0.452945 0.000000 0.045577 99.687955 -0.024881 4.473217 0.004230 
436 0.330828 0.000000 0.068366 69.860510 -0.072132 3.069843 0.511008 
437 0.330828 0.000000 0.045577 70.339187 -0.065122 1.969196 0.504852 
438 0.355251 0.000000 0.068366 66.828323 -0.034409 1.857676 0.553052 
439 0.379675 0.000000 0.113943 105.176967 0.026760 2.368518 -0.106780 
440 0.379675 0.000000 0.091155 104.827090 0.030250 2.361126 -0.099429 
441 0.404098 0.000000 0.113943 101.198166 0.016842 2.111116 -0.024553 
442 0.379675 0.000000 0.136732 104.757106 -0.067954 3.783460 -0.098837 
443 0.343039 0.000000 0.102549 105.786739 -0.012266 6.345047 -0.123109 
444 0.330828 0.000000 0.102549 105.437611 -0.042817 6.674330 -0.116164 
445 0.343039 0.000000 0.091155 105.667127 -0.019604 6.688431 -0.121028 
446 0.355251 0.000000 0.102549 106.217050 0.006459 4.984044 -0.130690 
447 0.343039 0.000000 0.113943 105.846727 -0.012007 6.191085 -0.124186 
448 1.527580 0.000000 -0.364619 99.396511 -0.024460 5.685315 0.008801 
449 1.527580 0.000000 -0.729237 99.495246 -0.006238 6.502644 0.005841 
450 1.918356 0.000000 -0.364619 98.734816 0.024206 3.959109 0.023576 
451 1.527580 0.000000 0.000000 101.179823 -0.078094 4.203464 -0.025503 
452 0.941416 0.000000 -0.182309 101.621473 0.013087 5.013991 -0.035206 
453 0.941416 0.000000 -0.364619 99.351700 0.037824 6.186450 0.009097 
454 1.136804 0.000000 -0.182309 100.641499 0.005503 3.952281 -0.014433 
455 0.941416 0.000000 0.000000 102.142019 0.003572 6.277253 -0.047240 
456 0.648333 0.000000 -0.091155 101.553906 -0.000560 5.691335 -0.034559 
457 0.648333 0.000000 -0.182309 101.552787 0.006480 4.622351 -0.033433 
458 0.746027 0.000000 -0.091155 102.020219 0.008091 6.392481 -0.044899 
459 0.648333 0.000000 0.000000 101.783941 -0.001737 6.693822 -0.040478 
460 0.501792 0.000000 -0.136732 99.510512 0.001939 3.394498 0.008614 
461 0.501792 0.000000 -0.182309 100.787589 -0.001628 3.191993 -0.016833 
462 0.550639 0.000000 -0.136732 101.318015 -0.000761 5.942410 -0.030065 
463 0.501792 0.000000 -0.091155 99.525720 0.000023 3.495653 0.008241 
464 0.428522 0.000000 -0.113943 98.172650 0.020246 -0.255953 0.036206 
465 0.428522 0.000000 -0.136732 98.957025 0.000108 1.278966 0.020587 
466 0.452945 0.000000 -0.113943 98.864679 0.001740 2.307285 0.022045 
467 0.428522 0.000000 -0.091155 98.321087 0.018275 0.127530 0.033295 
468 0.379675 0.000000 -0.068366 66.062850 0.062681 -0.303701 0.563560 
469 0.404098 0.000000 -0.068366 97.946237 0.002649 1.064650 0.040540 
470 0.379675 0.000000 -0.045577 66.993042 0.040398 -0.229334 0.551188 
471 0.391886 0.000000 -0.102549 102.644634 0.046025 -1.900470 -0.053953 
472 0.379675 0.000000 -0.102549 104.243216 0.072851 -2.093836 -0.087104 
473 0.391886 0.000000 -0.113943 102.462686 0.045859 -1.828682 -0.050195 
474 0.404098 0.000000 -0.102549 100.595748 0.036662 -1.634311 -0.012218 
475 0.391886 0.000000 -0.091155 102.297825 0.045345 -1.753516 -0.046792 
476 0.379675 0.000000 0.068366 66.094031 0.004581 0.328095 0.563147 
477 0.379675 0.000000 0.045577 67.054545 -0.015017 0.238115 0.550363 
478 0.404098 0.000000 0.068366 98.290550 -0.035044 1.058904 0.033785 
479 1.527580 0.000000 0.364619 100.328304 -0.012480 5.184018 -0.009264 
480 1.918356 0.000000 0.364619 101.006631 -0.024382 3.414990 -0.021400 
481 1.527580 0.000000 0.729237 100.063216 -0.028376 6.385941 -0.005343 
482 0.941416 0.000000 0.182309 102.777638 -0.004160 5.033992 -0.058858 
483 1.136804 0.000000 0.182309 103.057158 -0.010224 4.009096 -0.063685 
484 0.941416 0.000000 0.364619 100.190555 -0.010220 6.233389 -0.007700 
485 0.648333 0.000000 0.091155 101.746151 -0.009281 5.699775 -0.038477 
486 0.746027 0.000000 0.091155 102.193030 -0.000896 6.399572 -0.048437 
487 0.648333 0.000000 0.182309 101.911224 -0.012015 4.632262 -0.040736 
488 0.501792 0.000000 0.136732 99.827288 -0.026334 3.397351 0.002297 
489 0.501792 0.000000 0.091155 99.812756 -0.025602 3.492684 0.002521 
490 0.550639 0.000000 0.136732 101.561689 -0.014939 5.949714 -0.035018 
491 0.501792 0.000000 0.182309 101.104233 -0.023166 3.195422 -0.023228 
492 0.428522 0.000000 0.113943 98.677003 -0.017916 1.674940 0.026004 
493 0.428522 0.000000 0.091155 98.805999 -0.018974 1.834125 0.023401 
494 0.452945 0.000000 0.113943 99.197717 -0.030939 2.305705 0.015450 
495 0.428522 0.000000 0.136732 99.291899 -0.030690 1.275243 0.013949 
496 0.391886 0.000000 0.102549 103.428484 0.030903 2.215191 -0.070236 
497 0.379675 0.000000 0.102549 105.185334 0.026645 2.368749 -0.106957 
498 0.391886 0.000000 0.091155 103.061417 0.024576 2.105651 -0.062609 
499 0.404098 0.000000 0.102549 101.303228 0.018273 2.135123 -0.026690 
500 0.391886 0.000000 0.113943 103.237090 0.027600 2.161502 -0.066257 
501 1.332192 0.000000 -0.182309 101.153055 -0.023913 2.921930 -0.024048 
502 1.332192 0.000000 -0.364619 99.641273 -0.011654 5.743071 0.003863 
503 1.527580 0.000000 -0.182309 101.024569 -0.032791 3.663438 -0.021939 
504 1.332192 0.000000 0.000000 100.852833 -0.083836 3.950626 -0.018691 
505 1.332192 0.000000 0.182309 101.101314 -0.170104 2.700354 -0.022880 
506 1.527580 0.000000 0.182309 101.636697 -0.141181 3.255660 -0.034064 
507 1.332192 0.000000 0.364619 100.242288 -0.030383 5.369747 -0.007735 
508 1.234498 0.000000 -0.091155 98.592852 -0.016588 1.218316 0.027797 
509 1.136804 0.000000 -0.091155 100.399552 -0.003549 4.422788 -0.009963 
510 1.234498 0.000000 -0.182309 100.107716 -0.002808 0.668463 -0.002200 
511 1.332192 0.000000 -0.091155 99.640069 -0.028844 2.090239 0.006749 
512 1.234498 0.000000 0.000000 78.667678 -0.018230 0.644971 0.381098 
513 1.234498 0.000000 0.091155 99.771380 -0.024315 1.193143 0.004425 
514 1.136804 0.000000 0.091155 101.487771 -0.009183 4.424770 -0.031935 
515 1.332192 0.000000 0.091155 100.136599 -0.064186 2.062861 -0.003160 
516 1.234498 0.000000 0.182309 101.521883 -0.011450 0.665273 -0.030714 
517 4.263014 0.000000 -8.750848 99.754382 0.000533 6.970167 0.000048 
518 4.263014 0.000000 -11.667797 99.755147 0.000381 6.972778 0.000029 
519 7.389224 0.000000 -8.750848 99.755363 0.000662 6.969192 0.000030 
520 2.699909 0.000000 -4.375424 99.746437 0.000885 6.954320 0.000229 
521 2.699909 0.000000 -5.833899 99.751075 0.000682 6.964491 0.000122 
522 4.263014 0.000000 -4.375424 99.751469 0.001249 6.949726 0.000135 
523 1.918356 0.000000 -2.187712 99.729431 0.001676 6.902145 0.000640 
524 1.918356 0.000000 -2.916949 99.739964 0.008192 6.936697 0.000382 
525 2.699909 0.000000 -2.187712 99.733639 0.001702 6.877734 0.000590 
526 1.527580 0.000000 -1.093856 99.642679 0.003604 6.744970 0.002584 
527 1.527580 0.000000 -1.458475 99.680100 0.002364 6.847080 0.001700 
528 1.918356 0.000000 -1.093856 99.638926 0.002676 6.647118 0.002790 
529 1.332192 0.000000 -0.546928 99.539941 0.006930 6.339040 0.005162 
530 1.136804 0.000000 -0.546928 99.516305 0.019118 6.419256 0.005530 
531 1.332192 0.000000 -0.729237 99.581834 -0.005420 6.596456 0.003995 
532 1.527580 0.000000 -0.546928 99.438139 0.001892 6.257206 0.007290 
533 1.234498 0.000000 -0.273464 99.784937 -0.025784 4.929382 0.001867 
534 1.136804 0.000000 -0.273464 101.006116 0.006029 0.940412 -0.020312 
535 1.234498 0.000000 -0.364619 99.573076 -0.013627 5.706469 0.005264 
536 1.332192 0.000000 -0.273464 101.084568 -0.026044 0.337825 -0.021820 
537 10.515434 0.000000 -2.916949 99.759116 0.002288 6.927024 0.000014 
538 10.515434 0.000000 -5.833899 99.756529 0.001152 6.961317 0.000017 
539 13.641644 0.000000 -2.916949 99.759097 0.002181 6.932656 0.000006 
540 10.515434 0.000000 0.000000 99.884603 0.013777 5.139393 -0.000335 
541 5.826119 0.000000 -1.458475 99.767267 -0.002571 6.769227 0.000067 
542 5.826119 0.000000 -2.916949 99.756339 0.002291 6.916565 0.000083 
543 7.389224 0.000000 -1.458475 99.767613 0.004519 6.793540 0.000027 
544 5.826119 0.000000 0.000000 100.076416 0.011179 2.378920 -0.002095 
545 3.481461 0.000000 -0.729237 99.795624 0.009243 6.036245 0.000440 
546 3.481461 0.000000 -1.458475 99.749886 0.002727 6.728728 0.000468 
547 4.263014 0.000000 -0.729237 99.804306 0.011533 6.151229 0.000126 
548 3.481461 0.000000 0.000000 100.133571 0.015927 1.441267 -0.002881 
549 2.309132 0.000000 -0.364619 99.321931 0.002581 3.489924 0.012297 
550 2.309132 0.000000 -0.729237 99.605889 0.012982 5.947834 0.004329 
551 2.699909 0.000000 -0.364619 99.881378 0.012819 3.684966 0.001013 
552 2.309132 0.000000 0.000000 134.451083 0.152410 1.144037 -0.807843 
553 1.722968 0.000000 -0.182309 100.783275 -0.065792 3.752964 -0.017136 
554 1.722968 0.000000 -0.364619 98.577592 0.003535 5.231675 0.025509 
555 1.918356 0.000000 -0.182309 100.687012 -0.130688 4.104026 -0.015473 
556 1.722968 0.000000 0.000000 101.703172 -0.104840 4.302993 -0.036206 
557 1.429886 0.000000 -0.091155 100.938906 -0.050357 2.798171 -0.019650 
558 1.429886 0.000000 -0.182309 101.029478 -0.024621 2.762880 -0.021459 
559 1.527580 0.000000 -0.091155 101.065193 -0.044397 3.284673 -0.022496 
560 1.429886 0.000000 0.000000 100.852469 -0.083823 3.951435 -0.018684 
561 1.283345 0.000000 -0.136732 99.117549 -0.021778 1.580258 0.017321 
562 1.234498 0.000000 -0.136732 98.799881 -0.015059 1.107454 0.023736 
563 1.283345 0.000000 -0.182309 99.785938 -0.025123 1.233324 0.004124 
564 1.332192 0.000000 -0.136732 99.788907 -0.020909 2.473985 0.003605 
565 1.283345 0.000000 -0.091155 98.839141 -0.020572 1.615167 0.022821 
566 10.515434 0.000000 2.916949 99.764359 -0.003123 6.866533 -0.000008 
567 13.641644 0.000000 2.916949 99.765823 -0.003435 6.842698 -0.000004 
568 10.515434 0.000000 5.833899 99.758528 -0.001391 6.954214 -0.000012 
569 5.826119 0.000000 1.458475 99.787260 -0.011292 6.552615 -0.000043 
570 7.389224 0.000000 1.458475 99.792817 -0.005657 6.461663 -0.000036 
571 5.826119 0.000000 2.916949 99.765024 -0.002583 6.891556 -0.000055 
572 3.481461 0.000000 0.729237 99.866788 -0.005920 5.389724 -0.000242 
573 4.263014 0.000000 0.729237 99.888771 -0.003381 5.078699 -0.000356 
574 3.481461 0.000000 1.458475 99.786434 -0.006859 6.649297 -0.000155 
575 2.309132 0.000000 0.364619 99.465132 -0.059177 3.064885 0.009729 
576 2.699909 0.000000 0.364619 100.048741 -0.015748 2.751109 -0.001732 
577 2.309132 0.000000 0.729237 99.892946 -0.016619 5.672938 -0.001078 
578 1.722968 0.000000 0.182309 102.576252 -0.138893 3.454394 -0.053384 
579 1.918356 0.000000 0.182309 102.872375 -0.218396 3.744474 -0.059679 
580 1.722968 0.000000 0.364619 100.809909 -0.049126 4.608558 -0.018388 
581 1.429886 0.000000 0.091155 101.158569 -0.094408 2.727228 -0.024050 
582 1.527580 0.000000 0.091155 101.555394 -0.077372 3.196977 -0.032372 
583 1.429886 0.000000 0.182309 101.305119 -0.140884 2.605612 -0.026954 
584 4.263014 0.000000 8.750848 99.759156 -0.000588 6.969284 -0.000046 
585 7.389224 0.000000 8.750848 99.758269 -0.000747 6.967731 -0.000026 
586 4.263014 0.000000 11.667797 99.758061 -0.000423 6.972351 -0.000028 
587 2.699909 0.000000 4.375424 99.767857 -0.004663 6.950850 -0.000194 
588 4.263014 0.000000 4.375424 99.764244 -0.001359 6.944493 -0.000113 
589 2.699909 0.000000 5.833899 99.763335 -0.000755 6.962775 -0.000120 
590 1.918356 0.000000 2.187712 99.807113 0.000108 6.880517 -0.000880 
591 2.699909 0.000000 2.187712 99.786993 -0.002269 6.853390 -0.000441 
592 1.918356 0.000000 2.916949 99.791636 -0.008389 6.922293 -0.000629 
593 1.527580 0.000000 1.093856 99.930232 -0.004752 6.679383 -0.003067 
594 1.918356 0.000000 1.093856 99.915755 -0.003758 6.536888 -0.002589 
595 1.527580 0.000000 1.458475 99.871928 -0.001065 6.804691 -0.002071 
596 1.332192 0.000000 0.546928 100.158437 -0.033146 6.176584 -0.006986 
597 1.136804 0.000000 0.546928 100.153647 -0.014797 6.385637 -0.007153 
598 1.527580 0.000000 0.546928 100.183573 -0.032361 5.992643 -0.007266 
599 1.332192 0.000000 0.729237 100.045211 -0.009923 6.497761 -0.005127 
600 1.234498 0.000000 0.273464 100.640499 -0.031877 4.809468 -0.015164 
601 1.136804 0.000000 0.273464 102.679735 -0.010884 0.936576 -0.054401 
602 1.332192 0.000000 0.273464 101.350682 -0.014234 0.333313 -0.027207 
603 1.234498 0.000000 0.364619 100.378022 -0.025136 5.591136 -0.010701 
604 1.283345 0.000000 0.136732 99.766507 -0.083412 1.489201 0.004442 
605 1.234498 0.000000 0.136732 99.979325 -0.019525 1.086263 0.000295 
606 1.283345 0.000000 0.091155 99.555046 -0.069784 1.537257 0.008642 
607 1.332192 0.000000 0.136732 100.136544 -0.097311 2.357679 -0.003290 
608 1.283345 0.000000 0.182309 100.281309 -0.107424 1.214821 -0.005783 
609 2.113744 0.000000 -0.182309 101.822110 0.034624 4.681639 -0.038966 
610 2.113744 0.000000 -0.364619 99.513956 0.017056 3.897839 0.008178 
611 2.309132 0.000000 -0.182309 98.260501 0.008231 -0.032479 0.034487 
612 2.113744 0.000000 0.000000 96.147810 -0.028822 -0.826629 0.075491 
613 2.113744 0.000000 0.182309 100.417991 -0.051290 -2.321945 -0.008917 
614 2.309132 0.000000 0.182309 97.927378 -0.074419 3.424540 0.039850 
615 2.113744 0.000000 0.364619 100.119397 -0.032398 2.600059 -0.003065 
616 2.016050 0.000000 -0.091155 100.502852 -0.076101 3.251924 -0.011140 
617 1.918356 0.000000 -0.091155 101.214571 -0.143713 3.901742 -0.025963 
618 2.016050 0.000000 -0.182309 100.156590 -0.054909 1.765972 -0.003446 
619 2.113744 0.000000 -0.091155 109.539408 0.027160 11.541315 -0.213208 
620 2.016050 0.000000 0.000000 101.885428 -0.157542 4.163058 -0.039800 
621 2.016050 0.000000 0.091155 102.245723 -0.333944 2.316147 -0.045966 
622 1.918356 0.000000 0.091155 102.449421 -0.184512 3.808890 -0.051043 
623 2.113744 0.000000 0.091155 104.397594 -0.051366 -10.896634 -0.101760 
624 2.016050 0.000000 0.182309 102.697649 -0.160215 1.659919 -0.054959 
625 2.309132 0.000000 -1.093856 99.663640 0.012060 6.560297 0.002412 
626 2.309132 0.000000 -1.458475 99.697610 0.002914 6.756427 0.001474 
627 2.699909 0.000000 -1.093856 99.710325 0.003627 6.524959 0.001528 
628 2.113744 0.000000 -0.546928 99.357564 0.048738 5.233734 0.010068 
629 1.918356 0.000000 -0.546928 99.117149 -0.001748 5.478057 0.014578 
630 2.113744 0.000000 -0.729237 99.530590 0.029792 6.026027 0.005735 
631 2.309132 0.000000 -0.546928 99.563760 0.055940 5.148851 0.006054 
632 2.016050 0.000000 -0.273464 99.630535 0.022243 2.694613 0.006650 
633 1.918356 0.000000 -0.273464 99.823507 -0.148589 3.053031 0.002592 
634 2.016050 0.000000 -0.364619 99.264270 0.023587 3.724362 0.013273 
635 2.113744 0.000000 -0.273464 99.744166 0.042340 3.474733 0.003903 
636 3.090685 0.000000 -0.364619 99.911027 0.034321 3.949111 0.000219 
637 3.090685 0.000000 -0.729237 99.774755 0.008739 5.976453 0.000928 
638 3.481461 0.000000 -0.364619 99.928118 0.016086 4.200599 -0.000327 
639 3.090685 0.000000 0.000000 100.144694 0.034676 1.262108 -0.003055 
640 2.504521 0.000000 -0.182309 100.323988 0.018353 1.587250 -0.006742 
641 2.504521 0.000000 -0.364619 99.747434 0.078563 3.449818 0.003854 
642 2.699909 0.000000 -0.182309 100.075417 0.064299 2.032047 -0.001922 
643 2.504521 0.000000 0.000000 101.190701 0.048129 1.043627 -0.024065 
644 2.211438 0.000000 -0.091155 90.772235 -0.002321 16.462585 0.148938 
645 2.211438 0.000000 -0.182309 97.227028 0.105185 4.348537 0.052798 
646 2.309132 0.000000 -0.091155 106.714323 0.101657 -14.312494 -0.159280 
647 2.211438 0.000000 0.000000 141.792939 0.026006 -0.193789 -1.010528 
648 2.064897 0.000000 -0.136732 100.257945 -0.018989 1.261362 -0.005325 
649 2.016050 0.000000 -0.136732 100.349790 -0.100274 3.803923 -0.008456 
650 2.064897 0.000000 -0.182309 102.197025 0.020338 2.631990 -0.045116 
651 2.113744 0.000000 -0.136732 105.640886 0.098786 7.153433 -0.121118 
652 2.064897 0.000000 -0.091155 101.612561 0.001009 4.447782 -0.034490 
653 3.090685 0.000000 0.364619 100.095623 -0.006313 2.360356 -0.002471 
654 3.481461 0.000000 0.364619 100.095751 -0.027588 2.091480 -0.002353 
655 3.090685 0.000000 0.729237 99.852240 -0.009348 5.519458 -0.000093 
656 2.504521 0.000000 0.182309 100.422612 -0.066071 1.708992 -0.008763 
657 2.699909 0.000000 0.182309 100.215028 -0.003849 1.246438 -0.004461 
658 2.504521 0.000000 0.364619 99.882205 0.030141 3.079496 0.001406 
659 2.211438 0.000000 0.091155 88.450270 -0.041811 -15.967787 0.192158 
660 2.309132 0.000000 0.091155 106.322629 0.084232 17.438639 -0.160861 
661 2.211438 0.000000 0.182309 96.418662 0.021193 -1.364561 0.070158 
662 2.309132 0.000000 1.093856 99.851554 -0.010684 6.442909 -0.001184 
663 2.699909 0.000000 1.093856 99.814926 -0.007527 6.408582 -0.000409 
664 2.309132 0.000000 1.458475 99.831891 -0.003498 6.695712 -0.001124 
665 2.113744 0.000000 0.546928 99.965731 0.005710 4.772972 -0.001593 
666 1.918356 0.000000 0.546928 100.267538 -0.038098 5.167847 -0.008029 
667 2.309132 0.000000 0.546928 99.860149 0.006246 4.679195 0.000606 
668 2.113744 0.000000 0.729237 100.012888 -0.000005 5.746416 -0.003560 
669 2.016050 0.000000 0.273464 100.935634 -0.034490 1.587636 -0.019052 
670 1.918356 0.000000 0.273464 103.236225 -0.246039 2.942483 -0.066644 
671 2.113744 0.000000 0.273464 99.927930 -0.025294 0.871737 0.001365 
672 2.016050 0.000000 0.364619 100.640689 -0.021446 2.961613 -0.013732 
673 2.064897 0.000000 0.136732 102.548193 -0.206687 0.945179 -0.051707 
674 2.016050 0.000000 0.136732 102.300520 -0.383015 2.746139 -0.047308 
675 2.064897 0.000000 0.091155 101.994911 -0.199547 -1.677422 -0.040582 
676 2.113744 0.000000 0.136732 102.203447 -0.000248 -5.736406 -0.047845 
677 2.064897 0.000000 0.182309 101.180169 -0.053719 -0.937375 -0.023831 
678 2.211438 0.000000 -0.273464 98.645205 0.056239 3.367480 0.025778 
679 2.211438 0.000000 -0.364619 99.370898 0.024778 3.819570 0.011083 
680 2.309132 0.000000 -0.273464 98.927716 0.037442 2.292385 0.020805 
681 2.162591 0.000000 -0.136732 100.112755 0.091780 9.178836 -0.010682 
682 2.162591 0.000000 -0.182309 99.551884 0.089470 5.513978 0.005901 
683 2.211438 0.000000 -0.136732 94.924072 0.072605 7.147219 0.093833 
684 2.162591 0.000000 -0.091155 100.774771 -0.041927 15.826370 -0.040603 
685 2.064897 0.000000 -0.045577 100.275982 -0.012264 1.194841 -0.005670 
686 2.016050 0.000000 -0.045577 100.793225 -0.127879 4.502404 -0.017956 
687 2.113744 0.000000 -0.045577 92.833643 -0.018198 3.365112 0.137059 
688 2.064897 0.000000 0.000000 89.465666 0.087753 -0.655437 0.199546 
689 2.089321 0.000000 -0.113943 107.737445 0.058846 5.890298 -0.164206 
690 2.064897 0.000000 -0.113943 103.388256 0.037171 5.130348 -0.071545 
691 2.089321 0.000000 -0.136732 100.519177 0.047676 0.335951 -0.010422 
692 2.113744 0.000000 -0.113943 109.610655 0.027476 11.395194 -0.214435 
693 2.089321 0.000000 -0.091155 107.477551 0.056346 5.732739 -0.158429 
694 2.064897 0.000000 0.045577 102.490832 -0.187330 0.853379 -0.050513 
695 2.016050 0.000000 0.045577 102.329465 -0.368648 3.594632 -0.048438 
696 2.113744 0.000000 0.045577 95.756637 -0.026972 -5.072062 0.080494 
697 2.211438 0.000000 0.273464 98.528720 0.017821 1.218630 0.029061 
698 2.309132 0.000000 0.273464 98.871293 -0.031307 2.446880 0.021848 
699 2.211438 0.000000 0.364619 99.608490 -0.019779 2.696058 0.007088 
700 2.162591 0.000000 0.136732 98.024726 -0.072881 -7.310290 0.033771 
701 2.162591 0.000000 0.091155 97.832829 -0.107752 -15.272422 0.019548 
702 2.211438 0.000000 0.136732 93.510003 -0.038766 -5.013312 0.123074 
703 2.162591 0.000000 0.182309 98.460140 -0.003948 -2.763040 0.029797 
704 2.089321 0.000000 0.113943 103.613326 -0.024122 -5.161052 -0.076236 
705 2.064897 0.000000 0.113943 102.198611 -0.109642 -3.441107 -0.045641 
706 2.089321 0.000000 0.091155 103.575008 -0.030907 -4.942759 -0.075221 
707 2.113744 0.000000 0.113943 104.448827 -0.050263 -10.755306 -0.102524 
708 2.089321 0.000000 0.136732 102.123675 -0.067369 0.234751 -0.042930 
709 2.162591 0.000000 -0.045577 111.642007 -0.052913 7.808217 -0.252491 
710 2.211438 0.000000 -0.045577 141.485477 0.013875 11.010314 -1.013937 
711 2.162591 0.000000 0.000000 114.314124 -0.087035 -0.614606 -0.306810 
712 2.138168 0.000000 -0.113943 104.904118 -0.011323 15.568504 -0.124725 
713 2.138168 0.000000 -0.136732 102.836373 0.118976 8.880295 -0.065419 
714 2.162591 0.000000 -0.113943 100.565609 0.022437 12.400390 -0.026721 
715 2.138168 0.000000 -0.091155 104.485520 -0.019137 15.505988 -0.115766 
716 2.089321 0.000000 -0.068366 100.518710 0.047556 0.338342 -0.010413 
717 2.064897 0.000000 -0.068366 100.055947 -0.130182 4.105795 -0.002807 
718 2.113744 0.000000 -0.068366 89.392688 0.033163 5.536139 0.197830 
719 2.089321 0.000000 -0.045577 88.014065 0.097939 1.165387 0.225216 
720 2.101533 0.000000 -0.102549 110.413749 0.044262 8.096095 -0.225674 
721 2.089321 0.000000 -0.102549 108.931642 0.057853 6.310968 -0.190593 
722 2.101533 0.000000 -0.113943 110.492638 0.043751 7.694082 -0.226782 
723 2.113744 0.000000 -0.102549 109.507212 0.025678 12.052424 -0.213709 
724 2.101533 0.000000 -0.091155 110.603075 0.041518 8.268559 -0.230141 
725 2.162591 0.000000 0.045577 113.385068 0.008292 -8.941492 -0.293612 
726 2.211438 0.000000 0.045577 142.781446 0.026843 -11.494991 -1.051868 
727 2.089321 0.000000 0.068366 102.123974 -0.067681 0.236432 -0.042937 
728 2.064897 0.000000 0.068366 102.322883 -0.499642 2.730310 -0.047768 
729 2.089321 0.000000 0.045577 91.540121 0.097339 -3.104731 0.161076 
730 2.113744 0.000000 0.068366 94.155295 0.008778 -7.106940 0.108427 
731 2.138168 0.000000 0.113943 101.192286 -0.102392 -14.911292 -0.046224 
732 2.138168 0.000000 0.091155 100.910753 -0.101750 -14.870691 -0.040413 
733 2.162591 0.000000 0.113943 97.903294 -0.126597 -11.353946 0.028602 
734 2.138168 0.000000 0.136732 100.171714 -0.011053 -7.141170 -0.008537 
735 2.101533 0.000000 0.102549 104.912263 -0.022372 -7.572654 -0.106393 
736 2.089321 0.000000 0.102549 104.134155 -0.014838 -5.703744 -0.087646 
737 2.101533 0.000000 0.091155 105.070571 -0.021903 -7.736891 -0.109968 
738 2.113744 0.000000 0.102549 104.374104 -0.052072 -11.382274 -0.102351 
739 2.101533 0.000000 0.113943 105.065111 -0.020111 -7.185375 -0.109031 
740 2.138168 0.000000 -0.068366 98.219525 -0.040760 9.099648 0.027012 
741 2.162591 0.000000 -0.068366 108.954568 -0.032013 12.025497 -0.201571 
742 2.138168 0.000000 -0.045577 100.779333 -0.051668 5.758878 -0.018964 
743 2.125956 0.000000 -0.102549 106.298111 0.015164 15.410614 -0.153678 
744 2.125956 0.000000 -0.113943 107.150459 0.014365 14.710996 -0.169763 
745 2.138168 0.000000 -0.102549 104.667100 -0.015698 15.533120 -0.119648 
746 2.125956 0.000000 -0.091155 107.004855 0.013466 14.811563 -0.166942 
747 2.138168 0.000000 0.068366 101.609739 -0.030621 -10.354850 -0.043176 
748 2.138168 0.000000 0.045577 103.088508 -0.036600 -7.195517 -0.067902 
749 2.162591 0.000000 0.068366 111.562567 -0.094002 -13.068320 -0.261700 
750 2.125956 0.000000 0.102549 102.116041 -0.098958 -14.697716 -0.064372 
751 2.125956 0.000000 0.091155 102.621795 -0.086486 -14.101642 -0.073010 
752 2.138168 0.000000 0.102549 101.032704 -0.102038 -14.888295 -0.042928 
753 2.125956 0.000000 0.113943 102.723677 -0.084800 -14.000228 -0.074817 
754 2.406827 0.000000 -0.091155 102.665217 -0.076011 -0.510081 -0.054041 
755 2.406827 0.000000 -0.182309 100.314930 0.068273 0.642510 -0.006350 
756 2.504521 0.000000 -0.091155 100.863435 0.042805 1.172714 -0.017481 
757 2.406827 0.000000 0.000000 105.048577 -0.097546 1.085063 -0.103639 
758 2.260285 0.000000 -0.136732 92.460307 0.100133 0.251898 0.145102 
759 2.260285 0.000000 -0.182309 96.538710 0.046689 1.708977 0.067735 
760 2.309132 0.000000 -0.136732 98.305366 0.014550 -3.912460 0.032075 
761 2.260285 0.000000 -0.091155 75.522656 0.141849 12.512613 0.413974 
762 2.187015 0.000000 -0.113943 97.142603 0.022581 12.188205 0.041476 
763 2.187015 0.000000 -0.136732 97.464275 0.084435 8.659200 0.042573 
764 2.211438 0.000000 -0.113943 92.516583 0.060645 10.522006 0.132997 
765 2.187015 0.000000 -0.091155 94.666886 -0.037471 17.332750 0.073776 
766 2.150380 0.000000 -0.102549 103.346342 -0.034708 15.336069 -0.091566 
767 2.150380 0.000000 -0.113943 103.791540 -0.031233 15.402582 -0.100992 
768 2.162591 0.000000 -0.102549 100.862097 -0.039907 15.996967 -0.042907 
769 2.150380 0.000000 -0.091155 102.620714 -0.036761 15.517976 -0.077182 
770 2.406827 0.000000 0.091155 102.668614 -0.110913 2.969545 -0.054967 
771 2.504521 0.000000 0.091155 100.934141 -0.012472 1.198209 -0.018914 
772 2.406827 0.000000 0.182309 100.319257 -0.029427 2.681131 -0.007114 
773 2.260285 0.000000 0.136732 91.374207 0.044515 2.361588 0.164518 
774 2.260285 0.000000 0.091155 72.869991 -0.100176 -12.013575 0.454563 
775 2.309132 0.000000 0.136732 97.816772 -0.028715 6.951512 0.038355 
776 2.260285 0.000000 0.182309 95.975476 -0.005703 1.498871 0.078646 
777 2.187015 0.000000 0.113943 95.017425 -0.110722 -10.860047 0.085374 
778 2.187015 0.000000 0.091155 92.177594 -0.098594 -16.797411 0.122113 
779 2.211438 0.000000 0.113943 90.606447 -0.079674 -9.040306 0.170874 
780 2.187015 0.000000 0.136732 95.740854 -0.080553 -6.637154 0.078963 
781 2.150380 0.000000 0.102549 100.092811 -0.101769 -14.752827 -0.023623 
782 2.150380 0.000000 0.091155 99.452063 -0.103296 -14.941179 -0.011396 
783 2.162591 0.000000 0.102549 97.883948 -0.107055 -15.432765 0.018055 
784 2.150380 0.000000 0.113943 100.441007 -0.100861 -14.803253 -0.030754 
785 2.260285 0.000000 -0.045577 172.816220 0.074120 1.824116 -1.986878 
786 2.309132 0.000000 -0.045577 129.753311 0.135994 -11.357600 -0.696494 
787 2.260285 0.000000 0.000000 160.839645 0.029131 0.471670 -1.586961 
788 2.187015 0.000000 -0.068366 122.485022 -0.012788 15.345110 -0.523805 
789 2.211438 0.000000 -0.068366 141.191586 0.045822 18.471133 -1.027625 
790 2.187015 0.000000 -0.045577 125.218770 -0.041655 9.809366 -0.577597 
791 2.174803 0.000000 -0.102549 97.625917 -0.040645 16.844920 0.018543 
792 2.174803 0.000000 -0.113943 98.945613 0.023882 12.409107 0.005578 
793 2.187015 0.000000 -0.102549 94.689564 -0.039047 17.336890 0.073332 
794 2.174803 0.000000 -0.091155 97.194569 -0.040053 16.974540 0.026508 
795 2.260285 0.000000 0.045577 174.838469 0.021914 -0.903547 -2.056931 
796 2.309132 0.000000 0.045577 130.152116 0.139420 14.002101 -0.713565 
797 2.187015 0.000000 0.068366 124.430392 0.008796 -16.085647 -0.574167 
798 2.187015 0.000000 0.045577 126.536554 -0.001429 -10.639185 -0.612469 
799 2.211438 0.000000 0.068366 143.019744 0.028429 -19.118521 -1.082017 
800 2.174803 0.000000 0.102549 94.921767 -0.112054 -16.293875 0.072436 
801 2.174803 0.000000 0.091155 94.520332 -0.113458 -16.423860 0.079615 
802 2.187015 0.000000 0.102549 92.201430 -0.105928 -16.801871 0.121658 
803 2.174803 0.000000 0.113943 96.568040 -0.124442 -11.148318 0.055031 
804 2.235862 0.000000 -0.068366 78.786786 0.073720 13.052925 0.362226 
805 2.235862 0.000000 -0.091155 79.842617 0.067262 13.227360 0.345019 
806 2.260285 0.000000 -0.068366 74.184241 0.178783 12.291073 0.434560 
807 2.235862 0.000000 -0.045577 158.387480 0.049785 9.917276 -1.518495 
808 2.235862 0.000000 -0.113943 88.974220 0.077509 6.193522 0.204522 
809 2.235862 0.000000 -0.136732 92.907817 0.076678 4.290477 0.134972 
810 2.260285 0.000000 -0.113943 86.342966 0.122301 -0.838971 0.254417 
811 2.223650 0.000000 -0.079760 84.939257 0.039035 14.647747 0.257076 
812 2.211438 0.000000 -0.079760 88.961042 0.010573 15.878459 0.183381 
813 2.223650 0.000000 -0.091155 85.230107 0.037417 14.743780 0.251845 
814 2.235862 0.000000 -0.079760 79.715559 0.067757 13.206375 0.347102 
815 2.223650 0.000000 -0.068366 151.141076 0.045094 17.122440 -1.313680 
816 2.235862 0.000000 0.068366 76.223267 -0.075741 -12.565570 0.403211 
817 2.235862 0.000000 0.045577 159.891228 0.020860 -9.935178 -1.566391 
818 2.260285 0.000000 0.068366 71.486359 -0.119484 -11.784301 0.475082 
819 2.235862 0.000000 0.091155 77.312783 -0.075786 -12.744175 0.386031 
820 2.235862 0.000000 0.113943 87.212367 -0.002977 -4.410635 0.237455 
821 2.260285 0.000000 0.113943 84.639271 0.056192 3.116831 0.282648 
822 2.235862 0.000000 0.136732 91.662004 -0.005488 -1.947688 0.159428 
823 2.223650 0.000000 0.079760 82.543098 -0.060943 -14.167078 0.298593 
824 2.211438 0.000000 0.079760 86.615311 -0.049231 -15.388389 0.226098 
825 2.223650 0.000000 0.068366 153.071281 0.020641 -17.522419 -1.373785 
826 2.235862 0.000000 0.079760 77.180760 -0.076029 -12.722497 0.388126 
827 2.223650 0.000000 0.091155 82.840332 -0.059675 -14.262721 0.293405 
828 2.357979 0.000000 -0.045577 110.137645 0.069003 -2.115773 -0.213478 
829 2.357979 0.000000 -0.091155 105.111535 -0.020949 -3.035570 -0.105765 
830 2.406827 0.000000 -0.045577 104.409123 -0.100787 0.037017 -0.090128 
831 2.357979 0.000000 0.000000 112.103684 0.070633 1.144312 -0.256855 
832 2.284709 0.000000 -0.068366 152.730543 0.143956 -45.231696 -1.537255 
833 2.284709 0.000000 -0.091155 91.055620 0.144448 -30.008495 0.080834 
834 2.309132 0.000000 -0.068366 119.590059 0.144476 -16.692829 -0.458045 
835 2.284709 0.000000 -0.045577 157.223962 0.146753 -14.836180 -1.493951 
836 2.248074 0.000000 -0.079760 77.196650 0.099090 12.789874 0.387709 
837 2.248074 0.000000 -0.091155 77.463894 0.095969 12.834059 0.383462 
838 2.260285 0.000000 -0.079760 74.686769 0.165023 12.374205 0.426874 
839 2.248074 0.000000 -0.068366 76.597966 0.111804 12.690769 0.397168 
840 2.357979 0.000000 0.045577 110.101715 0.047866 4.508686 -0.214272 
841 2.406827 0.000000 0.045577 104.413284 -0.101563 2.196479 -0.090697 
842 2.357979 0.000000 0.091155 105.029437 -0.023838 5.657012 -0.106319 
843 2.284709 0.000000 0.068366 154.455205 0.133516 49.535834 -1.631023 
844 2.284709 0.000000 0.045577 158.670599 0.160783 17.265557 -1.547448 
845 2.309132 0.000000 0.068366 119.691471 0.130149 19.768563 -0.471686 
846 2.284709 0.000000 0.091155 89.473890 0.089820 33.749607 0.085538 
847 2.248074 0.000000 0.079760 74.595315 -0.079824 -12.298434 0.428428 
848 2.248074 0.000000 0.068366 73.980123 -0.084524 -12.197141 0.437816 
849 2.260285 0.000000 0.079760 72.006301 -0.112275 -11.870571 0.467417 
850 2.248074 0.000000 0.091155 74.868094 -0.080280 -12.343071 0.424241 
851 -8.241827 0.000000 -8.750848 99.755754 0.000077 6.975576 0.000013 
852 -11.368037 0.000000 -8.750848 99.756040 0.000051 6.975671 0.000007 
853 -8.241827 0.000000 -11.667797 99.755825 0.000087 6.975491 0.000012 
854 10.515434 0.000000 -8.750848 99.756028 0.000732 6.969048 0.000017 
855 10.515434 0.000000 -11.667797 99.755948 0.000519 6.971967 0.000014 
856 13.641644 0.000000 -8.750848 99.756374 0.000761 6.969209 0.000010 
857 -8.241827 0.000000 8.750848 99.757129 -0.000090 6.975595 -0.000014 
858 -11.368037 0.000000 8.750848 99.756814 -0.000062 6.975680 -0.000008 
859 -8.241827 0.000000 11.667797 99.757061 -0.000100 6.975494 -0.000013 
860 -3.552511 0.000000 -4.375424 99.753767 0.000136 6.975290 0.000053 
861 -5.115617 0.000000 -4.375424 99.754912 0.000090 6.975710 0.000030 
862 -3.552511 0.000000 -5.833899 99.754103 0.000154 6.974946 0.000047 
863 10.515434 0.000000 8.750848 99.757698 -0.000852 6.966908 -0.000014 
864 13.641644 0.000000 8.750848 99.757424 -0.000920 6.966317 -0.000007 
865 10.515434 0.000000 11.667797 99.757348 -0.000595 6.971030 -0.000012 
866 5.826119 0.000000 -4.375424 99.754445 0.001430 6.948817 0.000076 
867 5.826119 0.000000 -5.833899 99.754399 0.001000 6.960919 0.000061 
868 7.389224 0.000000 -4.375424 99.756122 0.001512 6.949511 0.000042 
869 -3.552511 0.000000 4.375424 99.759149 -0.000149 6.975595 -0.000055 
870 -5.115617 0.000000 4.375424 99.757938 -0.000104 6.975858 -0.000031 
871 -3.552511 0.000000 5.833899 99.758935 -0.000170 6.975118 -0.000050 
872 -1.207854 0.000000 -2.187712 99.748175 0.008118 6.968701 0.000174 
873 -1.989406 0.000000 -2.187712 99.750885 0.004806 6.973432 0.000113 
874 -1.207854 0.000000 -2.916949 99.751501 0.002471 6.967232 0.000110 
875 5.826119 0.000000 4.375424 99.761767 -0.001600 6.941128 -0.000059 
876 7.389224 0.000000 4.375424 99.760474 -0.001751 6.938932 -0.000030 
877 5.826119 0.000000 5.833899 99.760226 -0.001116 6.957465 -0.000051 
878 3.481461 0.000000 -2.187712 99.746040 0.010424 6.867783 0.000356 
879 3.481461 0.000000 -2.916949 99.748318 0.001899 6.918657 0.000241 
880 4.263014 0.000000 -2.187712 99.753593 0.002967 6.869161 0.000204 
881 -1.207854 0.000000 2.187712 99.774328 0.000529 6.983703 -0.000369 
882 -1.989406 0.000000 2.187712 99.762383 0.001409 6.977631 -0.000122 
883 -1.207854 0.000000 2.916949 99.769134 0.003487 6.978164 -0.000257 
884 -0.817078 0.000000 -1.093856 99.726576 0.001835 6.974244 0.000597 
885 -1.207854 0.000000 -1.093856 99.737723 -0.000697 6.983649 0.000362 
886 -0.817078 0.000000 -1.458475 99.740227 0.006458 6.961430 0.000343 
887 3.481461 0.000000 2.187712 99.776021 -0.009728 6.840288 -0.000204 
888 4.263014 0.000000 2.187712 99.771139 -0.003073 6.832737 -0.000097 
889 3.481461 0.000000 2.916949 99.770085 -0.001895 6.904679 -0.000174 
890 -0.230913 0.000000 -0.546928 99.554548 0.026321 7.017332 0.003965 
891 -0.426301 0.000000 -0.546928 99.668128 0.015792 7.027787 0.001687 
892 -0.230913 0.000000 -0.729237 99.602507 0.011802 6.964373 0.003084 
893 0.941416 0.000000 -0.546928 99.523227 0.027925 6.583117 0.005179 
894 0.941416 0.000000 -0.729237 99.584936 0.013550 6.737766 0.003744 
895 -0.817078 0.000000 1.093856 99.765284 0.000496 6.984765 -0.000190 
896 -1.207854 0.000000 1.093856 99.762383 -0.009521 6.979390 -0.000125 
897 -0.817078 0.000000 1.458475 99.774944 -0.005757 6.987598 -0.000387 
898 -0.230913 0.000000 0.546928 99.745211 0.000313 6.945685 0.000265 
899 -0.426301 0.000000 0.546928 99.786134 -0.009086 6.970858 -0.000587 
900 -0.230913 0.000000 0.729237 99.768484 -0.027275 6.987623 -0.000258 
901 -0.133219 0.000000 -0.273464 99.438635 -0.005722 7.552209 0.005492 
902 -0.230913 0.000000 -0.273464 99.685001 0.128000 7.449551 0.000739 
903 -0.133219 0.000000 -0.364619 99.266241 0.062149 7.212174 0.009419 
904 0.941416 0.000000 0.546928 100.106044 -0.011634 6.550473 -0.006413 
905 0.941416 0.000000 0.729237 99.978435 -0.009757 6.707540 -0.004068 
906 -0.133219 0.000000 0.273464 99.910823 -0.142395 6.426367 -0.002349 
907 -0.230913 0.000000 0.273464 99.948955 0.065030 6.603193 -0.003340 
908 -0.133219 0.000000 0.364619 99.649166 -0.058165 6.729078 0.002476 
909 0.037745 0.000000 -0.113943 86.587395 0.048236 3.455178 0.249068 
910 0.013322 0.000000 -0.113943 85.775773 0.019172 10.379558 0.253478 
911 0.037745 0.000000 -0.136732 91.188190 0.070655 5.018088 0.165953 
912 0.648333 0.000000 -0.273464 101.280405 -0.004934 1.883421 -0.026127 
913 0.648333 0.000000 -0.364619 99.619294 0.037404 6.481195 0.003399 
914 0.746027 0.000000 -0.273464 102.167830 0.025391 2.804175 -0.044613 
915 0.648333 0.000000 0.273464 101.593200 -0.019510 1.883503 -0.032473 
916 0.746027 0.000000 0.273464 102.702705 0.001582 2.801315 -0.055569 
917 0.648333 0.000000 0.364619 100.049704 -0.050919 6.245139 -0.004895 
918 0.037745 0.000000 0.113943 90.566426 -0.099367 7.082786 0.174755 
919 0.013322 0.000000 0.113943 89.818431 -0.118021 1.668574 0.192985 
920 0.037745 0.000000 0.136732 94.207457 -0.085492 6.665158 0.108052 
921 0.098804 0.000000 -0.079760 90.082622 -0.050592 -14.779605 0.166668 
922 0.098804 0.000000 -0.091155 90.226494 -0.008803 -14.964677 0.163524 
923 0.098804 0.000000 -0.068366 90.073198 -0.053451 -14.761343 0.166892 
924 0.098804 0.000000 0.079760 94.892988 -0.056125 16.036154 0.073816 
925 0.098804 0.000000 0.068366 94.888179 -0.055287 16.039203 0.073897 
926 0.098804 0.000000 0.091155 94.957598 -0.068765 16.009723 0.072674 
927 0.233134 0.000000 -0.068366 86.795507 0.017477 -6.477495 0.242458 
928 0.233134 0.000000 -0.045577 88.294410 -0.017022 -4.814459 0.218092 
929 0.184287 0.000000 -0.113943 98.338527 -0.207128 -7.081920 0.027934 
930 0.184287 0.000000 -0.136732 98.116278 -0.168807 -3.648919 0.035985 
931 0.233134 0.000000 0.068366 86.838160 -0.040430 6.533937 0.241644 
932 0.233134 0.000000 0.045577 88.298724 -0.039714 4.943492 0.217890 
933 0.184287 0.000000 0.113943 101.098135 -0.326733 12.612561 -0.038002 
934 0.184287 0.000000 0.136732 100.441302 -0.282360 11.700344 -0.022543 
935 0.501792 0.000000 -0.045577 100.319471 -0.002831 5.056486 -0.008956 
936 0.550639 0.000000 -0.045577 101.412438 -0.005688 6.403651 -0.032549 
937 0.501792 0.000000 0.000000 101.441386 -0.007094 6.631828 -0.033434 
938 0.501792 0.000000 0.045577 100.454391 -0.016298 5.054568 -0.011663 
939 0.550639 0.000000 0.045577 101.469923 -0.009005 6.405238 -0.033717 
940 0.428522 0.000000 -0.068366 98.951551 0.002094 2.140485 0.020401 
941 0.452945 0.000000 -0.068366 99.103318 0.003404 3.666374 0.016509 
942 0.428522 0.000000 -0.045577 98.900834 0.001703 1.901713 0.021501 
943 0.367463 0.000000 -0.102549 104.604476 0.089437 -3.117224 -0.095182 
944 0.367463 0.000000 -0.113943 104.683135 0.082966 -2.630159 -0.096548 
945 0.367463 0.000000 -0.091155 104.921261 0.087590 -2.868793 -0.101671 
946 0.428522 0.000000 0.068366 99.288205 -0.029752 2.135175 0.013729 
947 0.428522 0.000000 0.045577 99.237456 -0.029534 1.895753 0.014833 
948 0.452945 0.000000 0.068366 99.425920 -0.027354 3.665162 0.010105 
949 0.367463 0.000000 0.102549 105.836934 0.015818 3.416066 -0.121313 
950 0.367463 0.000000 0.091155 106.149716 0.015085 3.162654 -0.127776 
951 0.367463 0.000000 0.113943 105.815402 0.018993 2.918017 -0.120541 
952 1.722968 0.000000 -0.546928 99.244201 -0.011292 5.959449 0.011507 
953 1.722968 0.000000 -0.729237 99.388171 0.003268 6.337494 0.008183 
954 1.722968 0.000000 0.546928 100.382202 -0.012348 5.711064 -0.010920 
955 1.722968 0.000000 0.729237 100.075863 -0.030943 6.208841 -0.005373 
956 1.429886 0.000000 -0.273464 101.082774 -0.028129 1.351343 -0.021955 
957 1.429886 0.000000 -0.364619 99.554731 0.017907 5.709855 0.005625 
958 1.527580 0.000000 -0.273464 100.631844 -0.039689 1.529004 -0.012911 
959 1.429886 0.000000 0.273464 101.250080 -0.120453 1.355197 -0.025343 
960 1.527580 0.000000 0.273464 102.424074 -0.089652 1.441115 -0.049278 
961 1.429886 0.000000 0.364619 100.208620 -0.002908 5.264922 -0.006949 
962 3.090685 0.000000 -1.093856 99.741780 0.006103 6.523728 0.000902 
963 3.090685 0.000000 -1.458475 99.737407 0.003475 6.727991 0.000718 
964 3.481461 0.000000 -1.093856 99.762191 0.007254 6.542534 0.000470 
965 2.504521 0.000000 -0.546928 99.688465 0.011718 5.109593 0.003610 
966 2.504521 0.000000 -0.729237 99.654180 0.019294 5.910229 0.003411 
967 2.699909 0.000000 -0.546928 99.769068 0.010540 5.159039 0.001952 
968 3.090685 0.000000 1.093856 99.804178 -0.005388 6.385849 -0.000165 
969 3.481461 0.000000 1.093856 99.804638 -0.006255 6.353336 -0.000133 
970 3.090685 0.000000 1.458475 99.791525 -0.003215 6.660912 -0.000272 
971 2.504521 0.000000 0.546928 99.846339 -0.015432 4.673733 0.000886 
972 2.699909 0.000000 0.546928 99.906461 -0.017283 4.564923 -0.000214 
973 2.504521 0.000000 0.729237 99.830897 -0.012687 5.664228 0.000171 
974 2.406827 0.000000 -0.273464 99.777676 0.004327 2.219574 0.003949 
975 2.406827 0.000000 -0.364619 99.559281 0.037136 3.351524 0.007672 
976 2.504521 0.000000 -0.273464 99.935205 0.018048 2.382997 0.000728 
977 2.406827 0.000000 0.273464 99.841924 -0.041945 2.523878 0.002522 
978 2.504521 0.000000 0.273464 100.082500 -0.040041 2.286857 -0.002174 
979 2.406827 0.000000 0.364619 99.703029 -0.020920 3.185201 0.004916 
980 2.357979 0.000000 -0.136732 101.214294 -0.053229 -1.687906 -0.024719 
981 2.357979 0.000000 -0.182309 99.789582 -0.006452 -0.034369 0.004204 
982 2.406827 0.000000 -0.136732 101.222657 -0.006443 -0.128541 -0.024604 
983 2.284709 0.000000 -0.113943 92.330974 0.122243 -9.373052 0.138712 
984 2.284709 0.000000 -0.136732 94.926814 0.064125 -3.329993 0.097781 
985 2.309132 0.000000 -0.113943 100.285736 0.071528 -8.134434 -0.012340 
986 2.357979 0.000000 0.136732 101.072611 -0.133473 4.612154 -0.023696 
987 2.406827 0.000000 0.136732 101.202459 -0.082848 2.990964 -0.025089 
988 2.357979 0.000000 0.182309 99.654693 -0.086274 3.430899 0.005716 
989 2.284709 0.000000 0.113943 91.136261 0.072143 12.267217 0.154369 
990 2.309132 0.000000 0.113943 99.755381 0.076723 11.173833 -0.007600 
991 2.284709 0.000000 0.136732 94.124693 0.054424 6.244898 0.110154 
1 11 62 60 61 
2 62 10 24 60 
3 60 24 14 63 
4 61 60 63 6 
5 24 66 64 65 
6 66 23 40 64 
7 64 40 27 67 
8 65 64 67 14 
9 40 70 68 69 
10 69 68 71 27 
11 6 63 92 93 
12 63 14 36 92 
13 92 36 19 94 
14 93 92 94 20 
15 14 67 95 96 
16 67 27 52 95 
17 95 52 35 97 
18 96 95 97 36 
19 27 71 98 99 
20 99 98 100 52 
21 68 112 110 111 
22 112 56 80 110 
23 110 80 43 113 
24 111 110 113 71 
25 80 116 114 115 
26 115 114 117 43 
27 71 113 133 134 
28 113 43 102 133 
29 133 102 76 135 
30 134 133 135 98 
31 43 117 136 137 
32 137 136 138 102 
33 114 141 139 140 
34 141 106 129 139 
35 139 129 83 142 
36 140 139 142 117 
37 129 149 147 148 
38 147 150 132 151 
39 148 147 151 83 
40 117 142 152 153 
41 142 83 144 152 
42 152 144 125 154 
43 153 152 154 136 
44 83 151 155 156 
45 151 132 157 155 
46 156 155 158 144 
47 12 161 159 160 
48 161 7 162 159 
49 159 162 13 25 
50 160 159 25 10 
51 25 165 163 164 
52 165 13 166 163 
53 163 166 26 41 
54 164 163 41 23 
55 41 169 167 168 
56 169 26 170 167 
57 167 170 42 57 
58 168 167 57 39 
59 39 173 171 172 
60 173 57 174 171 
61 171 174 55 81 
62 172 171 81 56 
63 81 177 175 176 
64 177 55 178 175 
65 175 178 82 107 
66 176 175 107 79 
67 79 181 179 180 
68 181 107 182 179 
69 179 182 105 130 
70 180 179 130 106 
71 106 185 183 184 
72 185 130 186 183 
73 184 183 149 129 
74 195 197 109 198 
75 150 195 198 132 
76 149 201 199 200 
77 201 128 202 199 
78 199 202 150 203 
79 200 199 203 147 
80 132 198 210 157 
81 198 109 211 210 
82 19 38 213 214 
83 38 21 215 213 
84 213 215 9 216 
85 214 213 216 22 
86 35 54 217 218 
87 54 37 219 217 
88 217 219 21 220 
89 218 217 220 38 
90 51 78 221 222 
91 78 53 223 221 
92 221 223 37 224 
93 222 221 224 54 
94 76 104 225 226 
95 104 75 227 225 
96 225 227 78 228 
97 226 225 228 51 
98 101 127 229 230 
99 127 103 231 229 
100 229 231 75 232 
101 230 229 232 104 
102 125 146 233 234 
103 146 124 235 233 
104 233 235 127 236 
105 234 233 236 101 
106 144 158 237 238 
107 237 239 146 240 
108 238 237 240 125 
109 155 243 241 242 
110 243 157 244 241 
111 241 244 143 245 
112 242 241 245 158 
113 130 247 246 186 
114 247 105 248 246 
115 249 251 195 252 
116 202 249 252 150 
117 186 255 253 254 
118 255 246 256 253 
119 253 256 196 250 
120 254 253 250 128 
121 128 259 257 258 
122 259 250 260 257 
123 257 260 249 261 
124 258 257 261 202 
125 262 263 124 264 
126 239 262 264 146 
127 157 266 265 244 
128 266 210 267 265 
129 143 268 269 270 
130 268 212 271 269 
131 269 271 262 272 
132 270 269 272 239 
133 244 275 273 274 
134 275 265 276 273 
135 273 276 268 277 
136 274 273 277 143 
137 278 280 194 281 
138 197 278 281 109 
139 283 131 284 282 
140 282 284 197 285 
141 251 282 285 195 
142 107 287 286 182 
143 287 82 288 286 
144 286 288 108 192 
145 182 286 192 105 
146 105 290 289 248 
147 290 192 291 289 
148 246 293 292 256 
149 293 248 294 292 
150 292 294 131 283 
151 256 292 283 196 
152 196 297 295 296 
153 297 283 298 295 
154 295 298 282 299 
155 296 295 299 251 
156 109 281 300 211 
157 281 194 301 300 
158 210 304 303 267 
159 304 211 305 303 
160 303 305 145 306 
161 124 209 307 235 
162 209 126 308 307 
163 307 308 103 309 
164 235 307 309 127 
165 310 311 209 312 
166 263 310 312 124 
167 212 306 313 271 
168 306 145 314 313 
169 313 314 263 315 
170 271 313 315 262 
171 267 318 316 317 
172 318 303 319 316 
173 316 319 306 320 
174 317 316 320 212 
175 131 322 321 284 
176 322 279 323 321 
177 321 323 278 324 
178 284 321 324 197 
179 211 326 325 305 
180 326 300 327 325 
181 325 327 302 328 
182 305 325 328 145 
183 192 334 333 291 
184 334 108 335 333 
185 289 339 337 338 
186 339 291 340 337 
187 337 340 191 341 
188 338 337 341 279 
189 345 347 126 348 
190 311 345 348 209 
191 302 351 349 350 
192 351 207 352 349 
193 349 352 311 353 
194 350 349 353 310 
195 354 355 59 356 
196 280 354 356 194 
197 291 358 357 340 
198 358 333 359 357 
199 357 359 336 360 
200 191 360 361 362 
201 360 336 363 361 
202 361 363 354 364 
203 362 361 364 280 
204 340 367 365 366 
205 367 357 368 365 
206 365 368 360 369 
207 366 365 369 191 
208 194 356 370 301 
209 356 59 371 370 
210 373 346 374 372 
211 372 374 345 375 
212 352 372 375 311 
213 301 378 376 377 
214 378 370 379 376 
215 376 379 346 373 
216 377 376 373 207 
217 207 382 380 381 
218 382 373 383 380 
219 380 383 372 384 
220 381 380 384 352 
221 57 386 385 174 
222 386 42 387 385 
223 385 387 58 89 
224 174 385 89 55 
225 55 389 388 178 
226 389 89 390 388 
227 388 390 88 188 
228 178 388 188 82 
229 82 392 391 288 
230 392 188 393 391 
231 391 393 187 330 
232 288 391 330 108 
233 108 395 394 335 
234 395 330 396 394 
235 333 399 398 359 
236 399 335 400 398 
237 359 398 401 336 
238 75 123 402 227 
239 123 77 403 402 
240 402 403 53 404 
241 227 402 404 78 
242 103 206 405 231 
243 206 121 406 405 
244 405 406 123 407 
245 231 405 407 75 
246 126 344 408 308 
247 344 204 409 408 
248 408 409 206 410 
249 308 408 410 103 
250 411 413 344 414 
251 347 411 414 126 
252 346 416 415 374 
253 415 417 347 418 
254 374 415 418 345 
255 419 420 332 421 
256 355 419 421 59 
257 335 423 422 400 
258 423 394 424 422 
259 336 401 426 363 
260 401 193 427 426 
261 426 427 355 428 
262 363 426 428 354 
263 398 431 429 430 
264 431 400 432 429 
265 429 432 193 433 
266 430 429 433 401 
267 59 421 434 371 
268 421 332 435 434 
269 370 437 436 379 
270 437 371 438 436 
271 436 438 208 416 
272 379 436 416 346 
273 439 441 411 442 
274 417 439 442 347 
275 416 445 443 444 
276 445 208 446 443 
277 443 446 417 447 
278 444 443 447 415 
279 88 453 452 189 
280 453 90 454 452 
281 452 454 5 455 
282 189 452 455 91 
283 187 457 456 331 
284 457 189 458 456 
285 456 458 91 459 
286 331 456 459 190 
287 330 461 460 396 
288 461 187 462 460 
289 460 462 331 463 
290 396 460 463 329 
291 394 465 464 424 
292 465 396 466 464 
293 464 466 329 467 
294 424 464 467 397 
295 193 425 468 427 
296 425 397 469 468 
297 468 469 419 470 
298 427 468 470 355 
299 422 473 471 472 
300 473 424 474 471 
301 471 474 397 475 
302 472 471 475 425 
303 371 477 476 438 
304 477 434 478 476 
305 476 478 412 440 
306 438 476 440 208 
307 91 455 482 205 
308 455 5 483 482 
309 482 483 122 484 
310 205 482 484 121 
311 190 459 485 343 
312 459 91 486 485 
313 485 486 205 487 
314 343 485 487 204 
315 342 489 488 413 
316 489 343 490 488 
317 488 490 204 491 
318 413 488 491 344 
319 412 493 492 441 
320 493 342 494 492 
321 492 494 413 495 
322 441 492 495 411 
323 440 498 496 497 
324 498 412 499 496 
325 496 499 441 500 
326 497 496 500 439 
327 454 510 508 509 
328 508 511 504 512 
329 509 508 512 5 
330 5 512 513 514 
331 512 504 515 513 
332 514 513 516 483 
333 7 518 517 162 
334 518 16 519 517 
335 517 519 15 32 
336 162 517 32 13 
337 13 521 520 166 
338 521 32 522 520 
339 520 522 31 48 
340 166 520 48 26 
341 26 524 523 170 
342 524 48 525 523 
343 523 525 47 85 
344 170 523 85 42 
345 42 527 526 387 
346 527 85 528 526 
347 526 528 84 449 
348 387 526 449 58 
349 58 531 529 530 
350 531 449 532 529 
351 529 532 448 502 
352 530 529 502 90 
353 90 535 533 534 
354 535 502 536 533 
355 533 536 501 510 
356 534 533 510 454 
357 15 538 537 33 
358 538 17 539 537 
359 537 539 8 540 
360 33 537 540 18 
361 31 542 541 49 
362 542 33 543 541 
363 541 543 18 544 
364 49 541 544 34 
365 546 49 547 545 
366 545 547 34 548 
367 448 554 553 503 
368 554 450 555 553 
369 553 555 87 556 
370 503 553 556 451 
371 501 558 557 511 
372 558 503 559 557 
373 557 559 451 560 
374 511 557 560 504 
375 510 563 561 562 
376 563 501 564 561 
377 561 564 511 565 
378 562 561 565 508 
379 18 540 566 45 
380 540 8 567 566 
381 566 567 29 568 
382 45 566 568 28 
383 34 544 569 73 
384 544 18 570 569 
385 569 570 45 571 
386 73 569 571 44 
387 548 34 573 572 
388 572 573 73 574 
389 451 556 578 506 
390 556 87 579 578 
391 578 579 480 580 
392 506 578 580 479 
393 504 560 581 515 
394 560 451 582 581 
395 581 582 506 583 
396 515 581 583 505 
397 21 46 584 215 
398 46 28 585 584 
399 584 585 30 586 
400 215 584 586 9 
401 37 74 587 219 
402 74 44 588 587 
403 587 588 46 589 
404 219 587 589 21 
405 53 120 590 223 
406 120 72 591 590 
407 590 591 74 592 
408 223 590 592 37 
409 77 481 593 403 
410 481 118 594 593 
411 593 594 120 595 
412 403 593 595 53 
413 122 507 596 597 
414 507 479 598 596 
415 596 598 481 599 
416 597 596 599 77 
417 483 516 600 601 
418 516 505 602 600 
419 600 602 507 603 
420 601 600 603 122 
421 513 606 604 605 
422 606 515 607 604 
423 604 607 505 608 
424 605 604 608 516 
425 555 618 616 617 
426 617 616 620 87 
427 87 620 621 622 
428 622 621 624 579 
429 85 626 625 528 
430 626 47 627 625 
431 625 627 86 550 
432 528 625 550 84 
433 84 630 628 629 
434 630 550 631 628 
435 628 631 549 610 
436 629 628 610 450 
437 450 634 632 633 
438 634 610 635 632 
439 632 635 609 618 
440 633 632 618 555 
441 86 637 636 551 
442 637 545 638 636 
443 636 638 548 639 
444 551 636 639 50 
445 641 551 642 640 
446 640 642 50 643 
447 618 650 648 649 
448 650 609 651 648 
449 649 648 652 616 
450 50 639 653 576 
451 639 548 654 653 
452 653 654 572 655 
453 576 653 655 119 
454 643 50 657 656 
455 656 657 576 658 
456 118 577 662 594 
457 577 119 663 662 
458 662 663 72 664 
459 594 662 664 120 
460 480 615 665 666 
461 615 575 667 665 
462 665 667 577 668 
463 666 665 668 118 
464 579 624 669 670 
465 624 613 671 669 
466 669 671 615 672 
467 670 669 672 480 
468 621 675 673 674 
469 673 676 613 677 
470 674 673 677 624 
471 610 679 678 635 
472 679 549 680 678 
473 678 680 611 645 
474 635 678 645 609 
475 609 682 681 651 
476 682 645 683 681 
477 616 652 685 686 
478 685 687 612 688 
479 686 685 688 620 
480 648 691 689 690 
481 691 651 692 689 
482 690 689 693 652 
483 620 688 694 695 
484 688 612 696 694 
485 695 694 675 621 
486 613 661 697 671 
487 661 614 698 697 
488 697 698 575 699 
489 671 697 699 615 
490 700 702 661 703 
491 676 700 703 613 
492 675 706 704 705 
493 704 707 676 708 
494 705 704 708 673 
495 709 710 647 711 
496 687 709 711 612 
497 651 713 712 692 
498 713 681 714 712 
499 652 693 716 717 
500 693 619 718 716 
501 716 718 687 719 
502 717 716 719 685 
503 689 722 720 721 
504 722 692 723 720 
505 720 723 619 724 
506 721 720 724 693 
507 612 711 725 696 
508 711 647 726 725 
509 694 729 727 728 
510 729 696 730 727 
511 727 730 623 706 
512 728 727 706 675 
513 731 733 700 734 
514 707 731 734 676 
515 706 737 735 736 
516 737 623 738 735 
517 735 738 707 739 
518 736 735 739 704 
519 619 715 740 718 
520 715 684 741 740 
521 740 741 709 742 
522 718 740 742 687 
523 692 744 743 723 
524 744 712 745 743 
525 743 745 715 746 
526 723 743 746 619 
527 696 748 747 730 
528 748 725 749 747 
529 747 749 701 732 
530 730 747 732 623 
531 623 751 750 738 
532 751 732 752 750 
533 750 752 731 753 
534 738 750 753 707 
535 755 640 756 754 
536 754 756 643 757 
537 645 759 758 683 
538 759 611 760 758 
539 681 763 762 714 
540 763 683 764 762 
541 762 764 644 765 
542 712 767 766 745 
543 767 714 768 766 
544 766 768 684 769 
545 745 766 769 715 
546 757 643 771 770 
547 770 771 656 772 
548 773 775 614 776 
549 702 773 776 661 
550 778 659 779 777 
551 777 779 702 780 
552 733 777 780 700 
553 732 782 781 752 
554 782 701 783 781 
555 781 783 733 784 
556 752 781 784 731 
557 785 786 552 787 
558 710 785 787 647 
559 684 765 788 741 
560 765 644 789 788 
561 788 789 710 790 
562 741 788 790 709 
563 714 792 791 768 
564 792 762 793 791 
565 791 793 765 794 
566 768 791 794 684 
567 647 787 795 726 
568 787 552 796 795 
569 725 798 797 749 
570 798 726 799 797 
571 797 799 659 778 
572 749 797 778 701 
573 701 801 800 783 
574 801 778 802 800 
575 800 802 777 803 
576 783 800 803 733 
577 804 806 785 807 
578 789 804 807 710 
579 683 809 808 764 
580 809 758 810 808 
581 808 810 761 805 
582 764 808 805 644 
583 644 813 811 812 
584 813 805 814 811 
585 811 814 804 815 
586 812 811 815 789 
587 726 817 816 799 
588 817 795 818 816 
589 659 819 820 779 
590 819 774 821 820 
591 820 821 773 822 
592 779 820 822 702 
593 799 825 823 824 
594 825 816 826 823 
595 823 826 819 827 
596 824 823 827 659 
597 646 829 828 786 
598 829 754 830 828 
599 828 830 757 831 
600 786 828 831 552 
601 761 833 832 806 
602 833 646 834 832 
603 832 834 786 835 
604 806 832 835 785 
605 805 837 836 814 
606 837 761 838 836 
607 836 838 806 839 
608 814 836 839 804 
609 552 831 840 796 
610 831 757 841 840 
611 840 841 770 842 
612 796 840 842 660 
613 795 844 843 818 
614 844 796 845 843 
615 843 845 660 846 
616 818 843 846 774 
617 816 848 847 826 
618 848 818 849 847 
619 847 849 774 850 
620 826 847 850 819 
621 1 853 851 852 
622 853 12 160 851 
623 851 160 10 62 
624 852 851 62 11 
625 16 855 854 519 
626 855 2 856 854 
627 854 856 17 538 
628 519 854 538 15 
629 20 94 857 858 
630 94 19 214 857 
631 857 214 22 859 
632 858 857 859 4 
633 10 862 860 861 
634 862 25 164 860 
635 860 164 23 66 
636 861 860 66 24 
637 28 568 863 585 
638 568 29 864 863 
639 863 864 3 865 
640 585 863 865 30 
641 32 867 866 522 
642 867 15 868 866 
643 866 868 33 542 
644 522 866 542 31 
645 36 97 869 870 
646 97 35 218 869 
647 869 218 38 871 
648 870 869 871 19 
649 23 874 872 873 
650 874 41 168 872 
651 872 168 39 70 
652 873 872 70 40 
653 44 571 875 588 
654 571 45 876 875 
655 875 876 28 877 
656 588 875 877 46 
657 48 879 878 525 
658 879 31 880 878 
659 878 880 49 546 
660 525 878 546 47 
661 52 100 881 882 
662 100 51 222 881 
663 881 222 54 883 
664 882 881 883 35 
665 70 886 884 885 
666 886 39 172 884 
667 884 172 56 112 
668 885 884 112 68 
669 72 574 887 591 
670 574 73 888 887 
671 887 888 44 889 
672 591 887 889 74 
673 56 892 890 891 
674 892 81 176 890 
675 890 176 79 116 
676 891 890 116 80 
677 89 894 893 390 
678 894 58 530 893 
679 893 530 90 453 
680 390 893 453 88 
681 98 135 895 896 
682 135 76 226 895 
683 895 226 51 897 
684 896 895 897 100 
685 102 138 898 899 
686 138 101 230 898 
687 898 230 104 900 
688 899 898 900 76 
689 116 903 901 902 
690 903 79 180 901 
691 901 180 106 141 
692 902 901 141 114 
693 121 484 904 406 
694 484 122 597 904 
695 904 597 77 905 
696 406 904 905 123 
697 136 154 906 907 
698 154 125 234 906 
699 906 234 101 908 
700 907 906 908 138 
701 183 911 909 910 
702 911 186 254 909 
703 909 254 128 201 
704 910 909 201 149 
705 188 913 912 393 
706 913 88 914 912 
707 912 914 189 457 
708 393 912 457 187 
709 204 487 915 409 
710 487 205 916 915 
711 915 916 121 917 
712 409 915 917 206 
713 158 245 918 919 
714 245 143 270 918 
715 918 270 239 920 
716 919 918 920 237 
717 250 922 921 260 
718 922 196 296 921 
719 921 296 251 923 
720 260 921 923 249 
721 265 925 924 276 
722 925 267 317 924 
723 924 317 212 926 
724 276 924 926 268 
725 279 341 927 323 
726 341 191 362 927 
727 927 362 280 928 
728 323 927 928 278 
729 248 930 929 294 
730 930 289 338 929 
731 929 338 279 322 
732 294 929 322 131 
733 300 932 931 327 
734 932 301 377 931 
735 931 377 207 351 
736 327 931 351 302 
737 145 328 933 314 
738 328 302 350 933 
739 933 350 310 934 
740 314 933 934 263 
741 329 463 935 420 
742 463 331 936 935 
743 935 936 190 937 
744 420 935 937 332 
745 332 937 938 435 
746 937 190 939 938 
747 938 939 343 489 
748 435 938 489 342 
749 397 467 940 469 
750 467 329 941 940 
751 940 941 420 942 
752 469 940 942 419 
753 400 944 943 432 
754 944 422 472 943 
755 943 472 425 945 
756 432 943 945 193 
757 434 947 946 478 
758 947 435 948 946 
759 946 948 342 493 
760 478 946 493 412 
761 208 950 949 446 
762 950 440 497 949 
763 949 497 439 951 
764 446 949 951 417 
765 449 953 952 532 
766 953 84 629 952 
767 952 629 450 554 
768 532 952 554 448 
769 479 580 954 598 
770 580 480 666 954 
771 954 666 118 955 
772 598 954 955 481 
773 502 957 956 536 
774 957 448 958 956 
775 956 958 503 558 
776 536 956 558 501 
777 505 583 959 602 
778 583 506 960 959 
779 959 960 479 961 
780 602 959 961 507 
781 47 963 962 627 
782 963 546 964 962 
783 962 964 545 637 
784 627 962 637 86 
785 550 966 965 631 
786 966 86 967 965 
787 965 967 551 641 
788 631 965 641 549 
789 119 655 968 663 
790 655 572 969 968 
791 968 969 574 970 
792 663 968 970 72 
793 575 658 971 667 
794 658 576 972 971 
795 971 972 119 973 
796 667 971 973 577 
797 549 975 974 680 
798 975 641 976 974 
799 974 976 640 755 
800 680 974 755 611 
801 614 772 977 698 
802 772 656 978 977 
803 977 978 658 979 
804 698 977 979 575 
805 611 981 980 760 
806 981 755 982 980 
807 980 982 754 829 
808 760 980 829 646 
809 758 984 983 810 
810 984 760 985 983 
811 983 985 646 833 
812 810 983 833 761 
813 660 842 986 775 
814 842 770 987 986 
815 986 987 772 988 
816 775 986 988 614 
817 774 846 989 821 
818 846 660 990 989 
819 989 990 775 991 
820 821 989 991 773 
