2 0.000000 100.000000 262.180540
1001 826 
1 -11.368037 0.000000 -11.528932 99.756222 -0.000033 6.975581 0.000004 
2 13.641644 0.000000 -11.528932 99.756348 -0.000181 6.973638 0.000004 
3 13.641644 0.000000 11.528932 99.756751 0.000205 6.972899 -0.000003 
4 -11.368037 0.000000 11.528932 99.756609 0.000010 6.975593 -0.000004 
5 1.136804 0.000000 0.000000 101.642690 0.043401 6.202304 -0.036971 
6 -11.368037 0.000000 0.000000 99.756391 -0.000026 6.975703 0.000000 
7 1.136804 0.000000 -11.528932 99.755765 -0.000145 6.974490 0.000014 
8 13.641644 0.000000 0.000000 99.787612 -0.001494 6.528460 -0.000019 
9 1.136804 0.000000 11.528932 99.757275 0.000051 6.974350 -0.000016 
10 -5.115617 0.000000 -5.764466 99.755520 -0.002942 6.975216 0.000018 
11 -11.368037 0.000000 -5.764466 99.756237 -0.000034 6.975641 0.000003 
12 -5.115617 0.000000 -11.528932 99.755965 -0.000075 6.975317 0.000009 
13 1.136804 0.000000 -5.764466 99.753773 -0.013256 6.970697 0.000059 
14 -5.115617 0.000000 0.000000 99.755858 0.000772 6.975390 0.000011 
15 7.389224 0.000000 -5.764466 99.756579 -0.002505 6.968141 0.000007 
16 7.389224 0.000000 -11.528932 99.756078 -0.000177 6.973759 0.000009 
17 13.641644 0.000000 -5.764466 99.756724 -0.000359 6.968342 0.000004 
18 7.389224 0.000000 0.000000 99.883686 -0.001620 5.143094 -0.000320 
19 -5.115617 0.000000 5.764466 99.757195 0.002057 6.975541 -0.000016 
20 -11.368037 0.000000 5.764466 99.756570 -0.000007 6.975662 -0.000003 
21 1.136804 0.000000 5.764466 99.760773 0.013413 6.970218 -0.000080 
22 -5.115617 0.000000 11.528932 99.756930 0.000015 6.975334 -0.000010 
23 -1.989406 0.000000 -2.882233 99.755009 -0.003429 6.969765 0.000036 
24 -5.115617 0.000000 -2.882233 99.755523 -0.001008 6.975003 0.000019 
25 -1.989406 0.000000 -5.764466 99.755186 -0.004243 6.973409 0.000027 
26 1.136804 0.000000 -2.882233 99.767248 0.052617 6.950917 -0.000182 
27 -1.989406 0.000000 0.000000 99.749419 -0.003839 6.970696 0.000146 
28 7.389224 0.000000 5.764466 99.757171 0.001339 6.965023 -0.000000 
29 13.641644 0.000000 5.764466 99.757425 0.000511 6.962486 -0.000002 
30 7.389224 0.000000 11.528932 99.756988 0.000143 6.973332 -0.000008 
31 4.263014 0.000000 -2.882233 99.759015 -0.008418 6.948517 -0.000014 
32 4.263014 0.000000 -5.764466 99.756353 -0.004915 6.968744 0.000011 
33 7.389224 0.000000 -2.882233 99.757846 -0.003043 6.947152 0.000011 
34 4.263014 0.000000 0.000000 100.053958 -0.012089 2.608574 -0.001760 
35 -1.989406 0.000000 2.882233 99.756798 0.009494 6.974389 -0.000006 
36 -5.115617 0.000000 2.882233 99.756647 0.002322 6.975424 -0.000005 
37 1.136804 0.000000 2.882233 99.757467 -0.049052 6.947899 0.000017 
38 -1.989406 0.000000 5.764466 99.757995 0.005357 6.974118 -0.000030 
39 -0.426301 0.000000 -1.441116 99.743390 0.019505 6.930456 0.000322 
40 -1.989406 0.000000 -1.441116 99.750351 0.007803 6.968582 0.000131 
41 -0.426301 0.000000 -2.882233 99.755514 0.033562 6.960090 0.000039 
42 1.136804 0.000000 -1.441116 99.771672 0.004922 6.886161 -0.000181 
43 -0.426301 0.000000 0.000000 99.946767 -0.096038 7.012845 -0.003855 
44 4.263014 0.000000 2.882233 99.755367 0.010699 6.934378 0.000078 
45 7.389224 0.000000 2.882233 99.759601 0.001157 6.924619 0.000007 
46 4.263014 0.000000 5.764466 99.757521 0.003510 6.966499 -0.000010 
47 2.699909 0.000000 -1.441116 99.778662 -0.012790 6.879617 -0.000311 
48 2.699909 0.000000 -2.882233 99.767548 0.033395 6.951918 -0.000189 
49 4.263014 0.000000 -1.441116 99.763819 0.001862 6.869201 -0.000001 
50 2.699909 0.000000 0.000000 100.151999 -0.073079 1.960767 -0.003427 
51 -0.426301 0.000000 1.441116 99.752342 -0.014807 6.975721 0.000081 
52 -1.989406 0.000000 1.441116 99.754663 -0.012536 6.975032 0.000036 
53 1.136804 0.000000 1.441116 99.790236 0.030077 6.871940 -0.000532 
54 -0.426301 0.000000 2.882233 99.760665 -0.033629 6.968160 -0.000075 
55 0.355251 0.000000 -0.720558 99.821893 0.019242 6.659544 -0.000876 
56 -0.426301 0.000000 -0.720558 99.740245 0.067761 6.856805 0.000486 
57 0.355251 0.000000 -1.441116 99.771037 -0.008536 6.904665 -0.000193 
58 1.136804 0.000000 -0.720558 99.901285 -0.102045 6.695824 -0.002511 
59 0.355251 0.000000 0.000000 68.672492 0.020120 0.044353 0.528409 
60 -8.241827 0.000000 -2.882233 99.756066 -0.001065 6.975650 0.000007 
61 -11.368037 0.000000 -2.882233 99.756296 -0.000032 6.975680 0.000002 
62 -8.241827 0.000000 -5.764466 99.756055 -0.000066 6.975586 0.000007 
63 -8.241827 0.000000 0.000000 99.756271 -0.000405 6.975752 0.000003 
64 -3.552511 0.000000 -1.441116 99.753890 -0.002835 6.976288 0.000049 
65 -5.115617 0.000000 -1.441116 99.755579 -0.000250 6.975193 0.000017 
66 -3.552511 0.000000 -2.882233 99.754768 -0.004105 6.973906 0.000035 
67 -3.552511 0.000000 0.000000 99.754922 0.000807 6.977106 0.000028 
68 -1.207854 0.000000 -0.720558 99.740747 -0.007651 6.953724 0.000343 
69 -1.989406 0.000000 -0.720558 99.749120 0.003642 6.968789 0.000155 
70 -1.207854 0.000000 -1.441116 99.746168 0.018028 6.956734 0.000231 
71 -1.207854 0.000000 0.000000 99.738175 -0.010047 6.965256 0.000378 
72 2.699909 0.000000 1.441116 99.741476 -0.019815 6.799091 0.000541 
73 4.263014 0.000000 1.441116 99.760611 0.003849 6.786349 0.000177 
74 2.699909 0.000000 2.882233 99.751306 -0.026367 6.938839 0.000153 
75 0.355251 0.000000 0.720558 99.844065 -0.007121 6.940761 -0.001701 
76 -0.426301 0.000000 0.720558 99.670519 0.052589 6.897044 0.001822 
77 1.136804 0.000000 0.720558 99.679033 -0.016377 6.611414 0.002038 
78 0.355251 0.000000 1.441116 99.777155 0.025324 6.953139 -0.000383 
79 -0.035525 0.000000 -0.360279 98.893040 0.080640 6.908401 0.017243 
80 -0.426301 0.000000 -0.360279 99.736422 -0.033130 7.012237 0.000347 
81 -0.035525 0.000000 -0.720558 99.597222 -0.004394 6.813348 0.003397 
82 0.355251 0.000000 -0.360279 99.903209 0.078847 5.813838 -0.001446 
83 -0.035525 0.000000 0.000000 166.093937 -0.081651 7.307084 -1.764060 
84 1.918356 0.000000 -0.720558 99.885581 0.011030 6.579447 -0.002042 
85 1.918356 0.000000 -1.441116 99.796449 0.007408 6.877717 -0.000663 
86 2.699909 0.000000 -0.720558 99.845689 0.016904 6.626038 -0.001307 
87 1.918356 0.000000 0.000000 101.940211 0.343822 3.360128 -0.040322 
88 0.746027 0.000000 -0.360279 99.530630 -0.092532 6.271695 0.005431 
89 0.746027 0.000000 -0.720558 99.754645 0.043402 6.750322 0.000344 
90 1.136804 0.000000 -0.360279 99.476206 0.119547 5.661001 0.007242 
91 0.746027 0.000000 0.000000 101.960185 0.000686 6.611043 -0.043959 
92 -8.241827 0.000000 2.882233 99.756539 0.000339 6.975746 -0.000003 
93 -11.368037 0.000000 2.882233 99.756494 -0.000018 6.975695 -0.000002 
94 -8.241827 0.000000 5.764466 99.756746 -0.000023 6.975641 -0.000007 
95 -3.552511 0.000000 1.441116 99.756558 0.004382 6.977188 -0.000005 
96 -5.115617 0.000000 1.441116 99.756277 0.001731 6.975474 0.000003 
97 -3.552511 0.000000 2.882233 99.757193 0.004372 6.975502 -0.000016 
98 -1.207854 0.000000 0.720558 99.741839 -0.035316 6.962857 0.000308 
99 -1.989406 0.000000 0.720558 99.751398 -0.010446 6.972328 0.000105 
100 -1.207854 0.000000 1.441116 99.753150 -0.031151 6.973145 0.000068 
101 -0.035525 0.000000 0.360279 99.306093 -0.115396 6.686168 0.009358 
102 -0.426301 0.000000 0.360279 99.714513 -0.053824 6.755326 0.001138 
103 0.355251 0.000000 0.360279 100.720734 0.009569 7.032568 -0.019412 
104 -0.035525 0.000000 0.720558 99.558269 -0.016318 6.882951 0.004078 
105 0.159863 0.000000 -0.180140 97.349802 0.004529 0.664500 0.052257 
106 -0.035525 0.000000 -0.180140 96.862626 0.291781 9.966116 0.051822 
107 0.159863 0.000000 -0.360279 98.986887 0.104866 5.736395 0.016868 
108 0.355251 0.000000 -0.180140 101.618243 0.126751 3.051256 -0.033559 
109 0.159863 0.000000 0.000000 116.656060 0.312190 0.264789 -0.360880 
110 -0.817078 0.000000 -0.360279 99.748610 0.045754 6.901043 0.000259 
111 -1.207854 0.000000 -0.360279 99.737157 -0.008641 6.962192 0.000403 
112 -0.817078 0.000000 -0.720558 99.724142 -0.017884 6.949909 0.000679 
113 -0.817078 0.000000 0.000000 99.743207 0.047752 6.902479 0.000365 
114 -0.230913 0.000000 -0.180140 100.218411 0.012970 7.355723 -0.009784 
115 -0.426301 0.000000 -0.180140 99.853826 -0.097178 7.045922 -0.002044 
116 -0.230913 0.000000 -0.360279 99.475330 0.045663 7.214019 0.005261 
117 -0.230913 0.000000 0.000000 101.176139 -0.023442 7.002047 -0.028564 
118 1.918356 0.000000 0.720558 99.590399 0.013958 6.279783 0.004232 
119 2.699909 0.000000 0.720558 99.660031 0.009197 6.341191 0.002767 
120 1.918356 0.000000 1.441116 99.753720 -0.001892 6.819985 0.000268 
121 0.746027 0.000000 0.360279 99.742558 -0.073005 6.223054 0.001269 
122 1.136804 0.000000 0.360279 100.019573 0.111385 5.708652 -0.003652 
123 0.746027 0.000000 0.720558 99.616977 -0.023194 6.806263 0.003013 
124 0.159863 0.000000 0.180140 99.240996 -0.050185 10.310480 0.004492 
125 -0.035525 0.000000 0.180140 98.257747 0.072233 3.764952 0.033124 
126 0.355251 0.000000 0.180140 102.750672 0.009329 6.161669 -0.059567 
127 0.159863 0.000000 0.360279 99.685450 -0.099655 7.490459 0.000669 
128 0.062169 0.000000 -0.090070 83.385398 0.030117 -5.106419 0.302080 
129 -0.035525 0.000000 -0.090070 102.762005 0.147783 26.404091 -0.125723 
130 0.062169 0.000000 -0.180140 94.924828 0.102100 4.289945 0.097086 
131 0.159863 0.000000 -0.090070 97.695004 0.291882 -13.057688 0.028510 
132 0.062169 0.000000 0.000000 196.662590 -0.075029 0.793289 -2.867681 
133 -0.817078 0.000000 0.360279 99.723659 0.054946 6.900423 0.000757 
134 -1.207854 0.000000 0.360279 99.740063 -0.010533 6.967842 0.000337 
135 -0.817078 0.000000 0.720558 99.713951 0.044558 6.919358 0.000925 
136 -0.230913 0.000000 0.180140 100.406904 -0.013524 6.557850 -0.012455 
137 -0.426301 0.000000 0.180140 99.890118 -0.035081 6.904436 -0.002571 
138 -0.230913 0.000000 0.360279 99.660624 -0.028260 6.626973 0.002384 
139 -0.133219 0.000000 -0.090070 103.178682 0.077460 9.813471 -0.074215 
140 -0.230913 0.000000 -0.090070 100.762442 -0.026763 7.437625 -0.020839 
141 -0.133219 0.000000 -0.180140 99.799517 -0.134341 8.988357 -0.004075 
142 -0.133219 0.000000 0.000000 106.453261 0.169431 7.342532 -0.138624 
143 0.062169 0.000000 0.090070 88.303769 0.027185 11.655310 0.206660 
144 -0.035525 0.000000 0.090070 105.142782 0.039496 -11.380818 -0.118453 
145 0.159863 0.000000 0.090070 101.484797 0.260387 13.826980 -0.049042 
146 0.062169 0.000000 0.180140 96.931622 -0.103832 7.959847 0.054089 
147 0.013322 0.000000 -0.045035 69.782984 0.145437 -13.601473 0.494531 
148 -0.035525 0.000000 -0.045035 144.947346 -0.034754 37.138592 -1.238901 
149 0.013322 0.000000 -0.090070 72.354296 -0.013795 11.166867 0.464016 
150 0.062169 0.000000 -0.045035 194.288365 -0.060188 -18.705688 -2.809788 
151 0.013322 0.000000 0.000000 246.702947 -0.021251 3.667437 -5.087579 
152 -0.133219 0.000000 0.090070 103.632255 0.003228 4.561660 -0.076045 
153 -0.230913 0.000000 0.090070 100.880919 -0.029219 6.522160 -0.021950 
154 -0.133219 0.000000 0.180140 100.283971 -0.140742 5.007331 -0.008197 
155 0.013322 0.000000 0.045035 77.804918 -0.168944 15.416103 0.370871 
156 -0.035525 0.000000 0.045035 144.716546 -0.091163 -21.055655 -1.138623 
157 0.062169 0.000000 0.045035 192.630603 -0.053959 19.563564 -2.748929 
158 0.013322 0.000000 0.090070 78.972872 -0.150981 -0.487403 0.376303 
159 -1.989406 0.000000 -8.646699 99.755494 -0.003704 6.974536 0.000020 
160 -5.115617 0.000000 -8.646699 99.755797 -0.000100 6.975283 0.000013 
161 -1.989406 0.000000 -11.528932 99.755811 -0.000110 6.974975 0.000013 
162 1.136804 0.000000 -8.646699 99.755489 -0.004344 6.973497 0.000021 
163 -0.426301 0.000000 -4.323349 99.756662 -0.018922 6.968224 0.000005 
164 -1.989406 0.000000 -4.323349 99.752941 -0.010000 6.973740 0.000072 
165 -0.426301 0.000000 -5.764466 99.755197 -0.006224 6.971949 0.000029 
166 1.136804 0.000000 -4.323349 99.755326 -0.021923 6.966711 0.000034 
167 0.355251 0.000000 -2.161675 99.776990 0.008613 6.937829 -0.000358 
168 -0.426301 0.000000 -2.161675 99.754314 0.040334 6.948132 0.000080 
169 0.355251 0.000000 -2.882233 99.762531 0.046308 6.953387 -0.000091 
170 1.136804 0.000000 -2.161675 99.786059 0.017839 6.936096 -0.000537 
171 -0.035525 0.000000 -1.080837 99.825328 0.016433 6.829667 -0.001174 
172 -0.426301 0.000000 -1.080837 99.779494 0.016020 6.879748 -0.000328 
173 -0.035525 0.000000 -1.441116 99.751602 0.004856 6.914739 0.000180 
174 0.355251 0.000000 -1.080837 99.911576 -0.023184 6.838419 -0.002909 
175 0.159863 0.000000 -0.540419 99.492904 0.005593 6.465840 0.005936 
176 -0.035525 0.000000 -0.540419 99.499449 0.037999 6.717594 0.005473 
177 0.159863 0.000000 -0.720558 99.656755 0.020804 6.689039 0.002379 
178 0.355251 0.000000 -0.540419 99.681193 0.001574 6.490483 0.002153 
179 0.062169 0.000000 -0.270209 96.999857 0.194699 5.837459 0.055691 
180 -0.035525 0.000000 -0.270209 97.762634 0.093835 7.686246 0.038338 
181 0.062169 0.000000 -0.360279 98.557336 0.111300 6.387437 0.024564 
182 0.159863 0.000000 -0.270209 98.239562 0.218507 4.235385 0.033100 
183 0.013322 0.000000 -0.135105 91.248609 0.067990 8.916618 0.159418 
184 -0.035525 0.000000 -0.135105 97.499522 0.240274 13.468440 0.031239 
185 0.013322 0.000000 -0.180140 95.010859 0.260711 7.584901 0.091534 
186 0.062169 0.000000 -0.135105 92.093906 0.065636 1.760923 0.151561 
187 0.550639 0.000000 -0.180140 101.283122 -0.021722 5.020927 -0.028348 
188 0.550639 0.000000 -0.360279 99.834847 0.004990 6.395997 -0.000791 
189 0.746027 0.000000 -0.180140 101.856821 0.007770 5.138083 -0.040121 
190 0.550639 0.000000 0.000000 101.401305 -0.024046 6.518144 -0.032471 
191 0.257557 0.000000 -0.090070 101.449786 -0.011204 -10.017452 -0.039241 
192 0.257557 0.000000 -0.180140 100.025858 0.133020 0.984559 -0.000616 
193 0.355251 0.000000 -0.090070 104.734947 0.054352 -4.284640 -0.098777 
194 0.257557 0.000000 0.000000 82.721022 -0.133884 -0.012556 0.315721 
195 0.111016 0.000000 -0.045035 145.247493 0.003132 -13.259906 -1.127266 
196 0.111016 0.000000 -0.090070 90.255409 0.244735 -14.763442 0.163594 
197 0.159863 0.000000 -0.045035 115.467486 0.303019 -8.168208 -0.339955 
198 0.111016 0.000000 0.000000 148.255194 0.001621 0.194463 -1.197964 
199 0.037745 0.000000 -0.067552 70.801641 0.121312 -13.642696 0.480099 
200 0.013322 0.000000 -0.067552 69.776034 0.151275 -13.243540 0.495589 
201 0.037745 0.000000 -0.090070 80.227308 0.007721 -1.201483 0.356214 
202 0.062169 0.000000 -0.067552 76.200952 0.110639 -14.496079 0.398327 
203 0.037745 0.000000 -0.045035 70.388205 0.115986 -13.717081 0.485733 
204 0.550639 0.000000 0.180140 101.514497 -0.039403 5.042938 -0.033063 
205 0.746027 0.000000 0.180140 102.215773 -0.005824 5.162015 -0.047471 
206 0.550639 0.000000 0.360279 100.188446 -0.033759 6.165847 -0.007574 
207 0.257557 0.000000 0.090070 103.998787 -0.081199 10.523489 -0.092650 
208 0.355251 0.000000 0.090070 106.047034 0.015763 4.609769 -0.126722 
209 0.257557 0.000000 0.180140 101.458952 0.003837 8.767309 -0.037078 
210 0.111016 0.000000 0.045035 144.945800 -0.042076 13.554830 -1.119302 
211 0.159863 0.000000 0.045035 115.518847 0.207841 8.522332 -0.341728 
212 0.111016 0.000000 0.090070 94.953382 0.180193 16.056931 0.072600 
213 -1.989406 0.000000 8.646699 99.757644 0.003282 6.974688 -0.000023 
214 -5.115617 0.000000 8.646699 99.757102 -0.000012 6.975346 -0.000013 
215 1.136804 0.000000 8.646699 99.757947 0.004305 6.973265 -0.000027 
216 -1.989406 0.000000 11.528932 99.757161 0.000025 6.974949 -0.000014 
217 -0.426301 0.000000 4.323349 99.760784 0.016382 6.971566 -0.000082 
218 -1.989406 0.000000 4.323349 99.759862 0.011304 6.975347 -0.000069 
219 1.136804 0.000000 4.323349 99.761531 0.021026 6.965502 -0.000088 
220 -0.426301 0.000000 5.764466 99.758961 0.007121 6.972508 -0.000047 
221 0.355251 0.000000 2.161675 99.776178 -0.092736 6.952341 -0.000363 
222 -0.426301 0.000000 2.161675 99.759637 -0.049189 6.965999 -0.000051 
223 1.136804 0.000000 2.161675 99.781021 -0.013698 6.929341 -0.000427 
224 0.355251 0.000000 2.882233 99.763272 -0.046464 6.960281 -0.000116 
225 -0.035525 0.000000 1.080837 99.660076 0.064756 6.942764 0.001966 
226 -0.426301 0.000000 1.080837 99.696985 0.057965 6.938784 0.001236 
227 0.355251 0.000000 1.080837 99.681673 0.046933 6.943327 0.001535 
228 -0.035525 0.000000 1.441116 99.769580 -0.001972 6.979973 -0.000269 
229 0.159863 0.000000 0.540419 99.716902 -0.013249 7.061155 0.000668 
230 -0.035525 0.000000 0.540419 99.602466 0.014145 6.950640 0.003104 
231 0.355251 0.000000 0.540419 99.895822 -0.044419 6.916205 -0.002701 
232 0.159863 0.000000 0.720558 99.763928 0.009750 6.995038 -0.000177 
233 0.062169 0.000000 0.270209 98.039830 -0.053724 7.360462 0.033401 
234 -0.035525 0.000000 0.270209 98.503432 -0.010847 5.994328 0.026114 
235 0.159863 0.000000 0.270209 99.323593 0.017005 8.402448 0.006422 
236 0.062169 0.000000 0.360279 99.153772 -0.062105 7.084245 0.011834 
237 0.013322 0.000000 0.135105 94.231734 -0.053381 3.648996 0.110706 
238 -0.035525 0.000000 0.135105 99.429551 0.101673 0.498610 0.011351 
239 0.062169 0.000000 0.135105 95.132830 -0.077283 9.073482 0.086741 
240 0.013322 0.000000 0.180140 96.872205 0.025529 5.497553 0.058555 
241 0.037745 0.000000 0.067552 78.505966 -0.062304 15.592399 0.359369 
242 0.013322 0.000000 0.067552 77.738851 -0.165377 15.480744 0.371699 
243 0.037745 0.000000 0.045035 78.230849 -0.066084 15.503471 0.363957 
244 0.062169 0.000000 0.067552 83.015741 -0.002139 16.208994 0.284566 
245 0.037745 0.000000 0.090070 85.679889 -0.047719 9.238852 0.257360 
246 0.111016 0.000000 -0.135105 95.180133 -0.008256 -1.646497 0.093803 
247 0.111016 0.000000 -0.180140 96.164051 -0.005206 2.000789 0.074847 
248 0.159863 0.000000 -0.135105 97.516511 0.013387 -3.166130 0.048051 
249 0.086592 0.000000 -0.067552 89.390525 0.044467 -14.653467 0.179461 
250 0.086592 0.000000 -0.090070 89.837117 0.028307 -14.900642 0.170726 
251 0.111016 0.000000 -0.067552 90.257120 0.221028 -14.709862 0.163722 
252 0.086592 0.000000 -0.045035 167.765418 -0.030793 -17.029464 -1.843524 
253 0.086592 0.000000 -0.112587 91.603550 0.061335 -4.049702 0.159239 
254 0.062169 0.000000 -0.112587 88.702728 0.066566 -1.061693 0.213069 
255 0.086592 0.000000 -0.135105 93.589278 0.048842 -0.392668 0.124089 
256 0.111016 0.000000 -0.112587 94.293270 0.125879 -5.252550 0.108117 
257 0.074381 0.000000 -0.078811 86.168293 0.026737 -14.632005 0.236093 
258 0.062169 0.000000 -0.078811 77.199999 0.100864 -14.592594 0.382721 
259 0.074381 0.000000 -0.090070 84.204425 0.043437 -9.461148 0.282010 
260 0.086592 0.000000 -0.078811 89.543537 0.055297 -14.716787 0.176537 
261 0.074381 0.000000 -0.067552 83.977817 0.044408 -14.632720 0.273361 
262 0.111016 0.000000 0.135105 97.970961 0.014673 11.255247 0.027501 
263 0.159863 0.000000 0.135105 99.982943 -0.068674 11.721819 -0.013399 
264 0.111016 0.000000 0.180140 98.125638 -0.110565 9.481704 0.028144 
265 0.086592 0.000000 0.067552 94.457479 0.174081 15.962785 0.082294 
266 0.086592 0.000000 0.045035 166.979745 -0.039992 17.355966 -1.818347 
267 0.111016 0.000000 0.067552 94.973873 0.178650 16.073450 0.072158 
268 0.086592 0.000000 0.090070 94.872405 0.191646 15.994382 0.074337 
269 0.086592 0.000000 0.112587 95.183786 0.022056 12.382198 0.078673 
270 0.062169 0.000000 0.112587 92.549779 -0.028707 10.379946 0.132679 
271 0.111016 0.000000 0.112587 97.647913 0.134887 12.811770 0.030073 
272 0.086592 0.000000 0.135105 96.502559 0.003664 10.542967 0.057610 
273 0.074381 0.000000 0.078811 91.745296 0.109823 15.846165 0.133169 
274 0.062169 0.000000 0.078811 83.914052 0.007449 16.132400 0.269818 
275 0.074381 0.000000 0.067552 89.833046 0.084203 15.927009 0.167635 
276 0.086592 0.000000 0.078811 94.578627 0.177484 15.974892 0.079965 
277 0.074381 0.000000 0.090070 89.009835 0.038641 15.091770 0.184949 
278 0.208710 0.000000 -0.045035 95.114147 -0.094847 -5.242407 0.092581 
279 0.208710 0.000000 -0.090070 99.065675 0.074776 -12.382959 0.003265 
280 0.257557 0.000000 -0.045035 81.863793 -0.062836 -4.030582 0.328207 
281 0.208710 0.000000 0.000000 96.151896 -0.043341 0.026226 0.075481 
282 0.135439 0.000000 -0.067552 90.985878 0.357961 -15.085682 0.149386 
283 0.135439 0.000000 -0.090070 92.313501 0.356188 -14.866325 0.125708 
284 0.159863 0.000000 -0.067552 113.978233 0.213668 -12.267111 -0.314157 
285 0.135439 0.000000 -0.045035 128.813162 0.211308 -10.361592 -0.670024 
286 0.257557 0.000000 -0.270209 99.658954 0.151230 4.312399 0.004947 
287 0.257557 0.000000 -0.360279 99.633602 0.099570 5.578124 0.004202 
288 0.355251 0.000000 -0.270209 100.396641 0.142794 5.092011 -0.010543 
289 0.208710 0.000000 -0.135105 99.233097 0.136324 -3.736809 0.013881 
290 0.208710 0.000000 -0.180140 98.614684 0.245714 0.179208 0.027505 
291 0.257557 0.000000 -0.135105 100.561825 0.258864 -3.140097 -0.012261 
292 0.135439 0.000000 -0.112587 95.604416 0.142710 -5.896134 0.082501 
293 0.135439 0.000000 -0.135105 96.442295 0.001765 -2.468823 0.069279 
294 0.159863 0.000000 -0.112587 97.084503 0.136066 -6.699404 0.052970 
295 0.123228 0.000000 -0.078811 90.445016 0.319797 -14.875181 0.159833 
296 0.111016 0.000000 -0.078811 90.258538 0.235431 -14.815179 0.163385 
297 0.123228 0.000000 -0.090070 90.576186 0.313320 -15.018776 0.157029 
298 0.135439 0.000000 -0.078811 92.207012 0.356754 -14.903263 0.127563 
299 0.123228 0.000000 -0.067552 90.256285 0.284992 -14.966402 0.162973 
300 0.208710 0.000000 0.045035 95.319339 -0.148610 5.444969 0.088455 
301 0.257557 0.000000 0.045035 81.931997 -0.143616 3.979984 0.327129 
302 0.208710 0.000000 0.090070 102.530100 -0.032389 13.081846 -0.068356 
303 0.135439 0.000000 0.067552 95.529581 0.210765 16.105826 0.061466 
304 0.135439 0.000000 0.045035 128.493380 0.058528 10.695892 -0.662495 
305 0.159863 0.000000 0.067552 114.101194 0.193679 12.479410 -0.317486 
306 0.135439 0.000000 0.090070 96.722909 0.245928 15.848401 0.039345 
307 0.257557 0.000000 0.270209 100.606021 0.022974 7.840274 -0.018304 
308 0.355251 0.000000 0.270209 101.146744 -0.058667 6.708183 -0.027567 
309 0.257557 0.000000 0.360279 100.425511 -0.062794 7.483254 -0.014129 
310 0.208710 0.000000 0.135105 101.556524 0.012423 11.126156 -0.043752 
311 0.257557 0.000000 0.135105 102.607305 0.061369 9.789968 -0.062411 
312 0.208710 0.000000 0.180140 100.224701 0.101026 10.044143 -0.014589 
313 0.135439 0.000000 0.112587 98.831003 0.135525 12.719663 0.007062 
314 0.159863 0.000000 0.112587 100.051526 0.007386 12.799274 -0.017413 
315 0.135439 0.000000 0.135105 99.092860 -0.013327 11.522983 0.004783 
316 0.123228 0.000000 0.078811 95.060198 0.191262 16.056795 0.070570 
317 0.111016 0.000000 0.078811 94.973177 0.179830 16.048363 0.072251 
318 0.123228 0.000000 0.067552 94.936670 0.183188 16.005719 0.073081 
319 0.135439 0.000000 0.078811 96.628198 0.243427 15.889504 0.041046 
320 0.123228 0.000000 0.090070 95.200667 0.195051 16.050333 0.067918 
321 0.184287 0.000000 -0.112587 98.455179 0.071080 -7.353015 0.025251 
322 0.184287 0.000000 -0.135105 98.233513 0.105356 -3.766132 0.033598 
323 0.208710 0.000000 -0.112587 100.238091 0.104490 -7.241828 -0.010013 
324 0.184287 0.000000 -0.090070 97.683109 0.207461 -12.916618 0.029113 
325 0.452945 0.000000 -0.090070 98.834764 -0.021414 2.806004 0.022382 
326 0.452945 0.000000 -0.180140 99.599189 -0.032901 1.161731 0.007865 
327 0.550639 0.000000 -0.090070 100.883422 -0.021629 5.548243 -0.020825 
328 0.452945 0.000000 0.000000 101.401305 -0.024046 6.518146 -0.032471 
329 0.306404 0.000000 -0.135105 101.844750 0.092137 -1.336814 -0.037415 
330 0.306404 0.000000 -0.180140 100.992506 0.242136 1.754372 -0.020262 
331 0.355251 0.000000 -0.135105 104.067183 0.112564 -0.010396 -0.082999 
332 0.306404 0.000000 -0.090070 103.574662 0.053498 -6.300304 -0.076741 
333 0.233134 0.000000 -0.112587 101.754139 -0.038534 -10.045567 -0.045482 
334 0.233134 0.000000 -0.135105 99.842105 0.136139 -3.411792 0.001990 
335 0.257557 0.000000 -0.112587 101.443149 -0.008851 -10.016646 -0.039105 
336 0.233134 0.000000 -0.090070 101.640612 -0.039413 -10.035096 -0.043152 
337 0.184287 0.000000 -0.067552 102.740204 0.169779 -10.202522 -0.065967 
338 0.208710 0.000000 -0.067552 93.108485 -0.001763 -8.183131 0.126385 
339 0.184287 0.000000 -0.045035 104.205264 0.160958 -6.730595 -0.090406 
340 0.196498 0.000000 -0.101329 97.853789 0.162758 -13.083890 0.025342 
341 0.184287 0.000000 -0.101329 97.690043 0.199219 -13.063343 0.028596 
342 0.196498 0.000000 -0.112587 99.215408 0.086095 -7.396275 0.010159 
343 0.208710 0.000000 -0.101329 99.435483 0.061268 -11.904035 -0.002913 
344 0.196498 0.000000 -0.090070 97.776845 0.168553 -13.074292 0.026872 
345 0.184287 0.000000 0.112587 101.339139 -0.032547 12.706578 -0.043108 
346 0.184287 0.000000 0.090070 101.430359 0.120452 13.868030 -0.048045 
347 0.208710 0.000000 0.112587 103.098274 -0.021957 11.907069 -0.077103 
348 0.184287 0.000000 0.135105 100.575675 0.020483 11.650864 -0.025121 
349 0.184287 0.000000 0.067552 103.069318 0.158763 10.422335 -0.073193 
350 0.184287 0.000000 0.045035 104.372845 0.176570 7.010652 -0.094287 
351 0.208710 0.000000 0.067552 93.288139 -0.070224 8.339486 0.122777 
352 0.452945 0.000000 0.090070 99.094400 -0.044104 2.802041 0.017245 
353 0.550639 0.000000 0.090070 101.018650 -0.032165 5.552439 -0.023560 
354 0.452945 0.000000 0.180140 99.860516 -0.053681 1.162229 0.002652 
355 0.306404 0.000000 0.135105 103.631145 -0.029359 7.441383 -0.079479 
356 0.306404 0.000000 0.090070 105.339270 0.013300 6.673511 -0.114090 
357 0.355251 0.000000 0.135105 105.182736 -0.011378 5.494463 -0.109360 
358 0.306404 0.000000 0.180140 102.207416 -0.006756 7.636988 -0.050468 
359 0.233134 0.000000 0.112587 104.513295 -0.088120 10.574514 -0.103486 
360 0.233134 0.000000 0.090070 104.381923 -0.093256 10.561758 -0.100715 
361 0.257557 0.000000 0.112587 103.992008 -0.078493 10.522749 -0.092507 
362 0.233134 0.000000 0.135105 102.015758 -0.068375 10.376618 -0.051489 
363 0.196498 0.000000 0.101329 101.566208 0.038352 13.841575 -0.050729 
364 0.184287 0.000000 0.101329 101.446851 0.100711 13.826555 -0.048265 
365 0.196498 0.000000 0.090070 101.502604 0.041090 13.833757 -0.049415 
366 0.208710 0.000000 0.101329 102.819178 -0.034189 12.576160 -0.072994 
367 0.196498 0.000000 0.112587 102.141469 0.056955 12.408527 -0.058685 
368 0.306404 0.000000 -0.045035 73.160028 0.085827 -2.108469 0.464316 
369 0.355251 0.000000 -0.045035 67.921132 0.033215 -1.045511 0.538563 
370 0.306404 0.000000 0.000000 73.637687 0.068720 0.025970 0.457749 
371 0.281981 0.000000 -0.112587 102.704953 0.072213 -8.245799 -0.061631 
372 0.281981 0.000000 -0.135105 101.719330 0.115375 -2.191066 -0.035164 
373 0.306404 0.000000 -0.112587 103.579783 0.043816 -6.301596 -0.076848 
374 0.281981 0.000000 -0.090070 102.483850 0.064982 -8.560554 -0.057623 
375 0.281981 0.000000 -0.067552 75.642028 0.111167 -4.535959 0.425770 
376 0.257557 0.000000 -0.067552 80.960313 -0.031814 -6.157504 0.340751 
377 0.306404 0.000000 -0.067552 72.519705 0.064804 -3.114775 0.473119 
378 0.281981 0.000000 -0.045035 76.717229 0.034191 -3.103410 0.410483 
379 0.269769 0.000000 -0.101329 101.621962 0.027422 -9.805406 -0.042317 
380 0.257557 0.000000 -0.101329 101.449192 -0.010993 -10.017380 -0.039229 
381 0.269769 0.000000 -0.112587 101.621688 0.041967 -10.032951 -0.042763 
382 0.281981 0.000000 -0.101329 102.412626 0.079878 -9.377903 -0.057630 
383 0.269769 0.000000 -0.090070 101.544058 0.023066 -10.025710 -0.041171 
384 0.306404 0.000000 0.045035 73.135182 0.056245 2.099508 0.464683 
385 0.355251 0.000000 0.045035 67.925562 0.005815 1.135039 0.538483 
386 0.281981 0.000000 0.112587 104.887250 0.055851 8.688196 -0.107682 
387 0.281981 0.000000 0.090070 104.729150 0.041803 9.014174 -0.104945 
388 0.306404 0.000000 0.112587 105.316762 -0.002548 6.671925 -0.113613 
389 0.281981 0.000000 0.135105 103.586018 -0.077475 8.584570 -0.080376 
390 0.281981 0.000000 0.067552 75.670812 0.079828 4.565299 0.425308 
391 0.257557 0.000000 0.067552 81.092745 -0.126154 6.130568 0.338637 
392 0.281981 0.000000 0.045035 76.721696 0.020075 3.151320 0.410385 
393 0.306404 0.000000 0.067552 72.510411 0.009175 3.115460 0.473253 
394 0.269769 0.000000 0.101329 104.118351 -0.024744 10.303314 -0.094679 
395 0.257557 0.000000 0.101329 103.998181 -0.080957 10.523423 -0.092637 
396 0.269769 0.000000 0.090070 104.073152 -0.030283 10.530025 -0.094210 
397 0.281981 0.000000 0.101329 104.759686 0.079444 9.852089 -0.107166 
398 0.269769 0.000000 0.112587 104.137409 -0.000658 10.535955 -0.095561 
399 0.746027 0.000000 -1.080837 99.890492 -0.068013 6.884136 -0.002551 
400 0.746027 0.000000 -1.441116 99.769725 -0.000155 6.899299 -0.000160 
401 1.136804 0.000000 -1.080837 99.843021 -0.050784 6.851847 -0.001558 
402 0.550639 0.000000 -0.540419 99.691072 -0.070484 6.610502 0.001799 
403 0.550639 0.000000 -0.720558 99.835471 0.008490 6.733732 -0.001246 
404 0.746027 0.000000 -0.540419 99.834384 -0.016703 6.671142 -0.001141 
405 0.452945 0.000000 -0.270209 100.249106 0.050180 5.886914 -0.008454 
406 0.452945 0.000000 -0.360279 99.936476 0.059924 6.210525 -0.002587 
407 0.550639 0.000000 -0.270209 101.268522 -0.035963 1.854224 -0.025875 
408 0.404098 0.000000 -0.135105 97.943988 -0.030021 0.451971 0.040677 
409 0.404098 0.000000 -0.180140 101.836619 0.025272 4.666743 -0.039248 
410 0.452945 0.000000 -0.135105 98.973594 -0.023786 2.206649 0.019936 
411 0.404098 0.000000 -0.090070 100.892794 -0.001587 -1.115229 -0.018060 
412 0.330828 0.000000 -0.112587 103.577568 0.043951 -6.305003 -0.076807 
413 0.330828 0.000000 -0.135105 102.371520 0.070939 -1.205266 -0.048139 
414 0.355251 0.000000 -0.112587 104.618769 0.057587 -4.533274 -0.096564 
415 0.330828 0.000000 -0.090070 103.571196 0.042736 -6.304593 -0.076674 
416 0.746027 0.000000 1.080837 99.722186 0.006251 6.898714 0.000789 
417 1.136804 0.000000 1.080837 99.746789 -0.013845 6.829012 0.000394 
418 0.746027 0.000000 1.441116 99.784934 0.048899 6.914057 -0.000484 
419 0.550639 0.000000 0.540419 99.765490 -0.033523 6.694400 0.000203 
420 0.746027 0.000000 0.540419 99.846165 -0.050418 6.573475 -0.001247 
421 0.550639 0.000000 0.720558 99.872138 0.007463 6.855908 -0.002145 
422 0.452945 0.000000 0.270209 100.778241 -0.067562 5.689496 -0.018863 
423 0.550639 0.000000 0.270209 101.517506 -0.055502 1.857877 -0.030926 
424 0.452945 0.000000 0.360279 100.610126 0.008410 6.383897 -0.016315 
425 0.404098 0.000000 0.135105 98.217456 -0.051999 0.449256 0.035313 
426 0.404098 0.000000 0.090070 101.431081 -0.017693 1.931330 -0.029199 
427 0.452945 0.000000 0.135105 99.237947 -0.045999 2.204393 0.014697 
428 0.404098 0.000000 0.180140 102.769634 -0.084709 4.301828 -0.058011 
429 0.330828 0.000000 0.112587 105.313022 -0.017107 6.671102 -0.113534 
430 0.330828 0.000000 0.090070 105.306425 -0.018082 6.670693 -0.113394 
431 0.355251 0.000000 0.112587 105.984860 0.015414 4.863451 -0.125644 
432 0.330828 0.000000 0.135105 103.925937 -0.010625 7.042893 -0.085020 
433 0.404098 0.000000 -0.045035 67.261739 0.022398 0.817807 0.547519 
434 0.452945 0.000000 -0.045035 99.385022 -0.017384 4.411569 0.010316 
435 0.404098 0.000000 0.000000 68.239629 0.006515 -0.013908 0.534335 
436 0.379675 0.000000 -0.112587 104.303880 0.022727 -2.093690 -0.088368 
437 0.379675 0.000000 -0.135105 103.872054 0.068305 1.606397 -0.079199 
438 0.404098 0.000000 -0.112587 100.566454 0.002599 -1.603271 -0.011618 
439 0.379675 0.000000 -0.090070 103.994123 0.018374 -2.087304 -0.081913 
440 0.330828 0.000000 -0.067552 69.693622 -0.013359 -2.923770 0.513425 
441 0.355251 0.000000 -0.067552 66.739050 0.035229 -1.748646 0.554284 
442 0.330828 0.000000 -0.045035 70.179500 -0.019197 -1.854778 0.507140 
443 0.343039 0.000000 -0.101329 104.028437 0.066414 -5.952793 -0.085736 
444 0.330828 0.000000 -0.101329 103.573341 0.043145 -6.304731 -0.076719 
445 0.343039 0.000000 -0.112587 104.094161 0.063384 -5.850445 -0.086983 
446 0.355251 0.000000 -0.101329 104.717365 0.056948 -4.589243 -0.098679 
447 0.343039 0.000000 -0.090070 103.842033 0.063886 -6.320383 -0.082312 
448 0.404098 0.000000 0.045035 67.252862 -0.011426 -0.845301 0.547634 
449 0.452945 0.000000 0.045035 99.620731 -0.038251 4.411691 0.005625 
450 0.330828 0.000000 0.067552 69.660553 -0.051505 2.986803 0.513848 
451 0.330828 0.000000 0.045035 70.200204 -0.050932 1.946619 0.506814 
452 0.355251 0.000000 0.067552 66.748946 -0.002115 1.833220 0.554122 
453 0.379675 0.000000 0.112587 105.038087 -0.003401 2.370227 -0.103862 
454 0.379675 0.000000 0.090070 104.679547 -0.005472 2.362056 -0.096339 
455 0.404098 0.000000 0.112587 101.108551 -0.016284 2.120223 -0.022743 
456 0.379675 0.000000 0.135105 104.814237 -0.059761 3.690887 -0.099965 
457 0.343039 0.000000 0.101329 105.675842 0.009937 6.311203 -0.120721 
458 0.330828 0.000000 0.101329 105.308645 -0.017754 6.670831 -0.113441 
459 0.343039 0.000000 0.090070 105.541245 0.004438 6.685570 -0.118365 
460 0.355251 0.000000 0.101329 106.095904 0.018691 4.920638 -0.128055 
461 0.343039 0.000000 0.112587 105.718091 0.009629 6.206773 -0.121484 
462 1.527580 0.000000 -0.360279 99.855889 -0.089047 5.568400 -0.000221 
463 1.527580 0.000000 -0.720558 99.973741 0.095773 6.523115 -0.003731 
464 1.918356 0.000000 -0.360279 99.676127 0.068174 5.795493 0.003108 
465 1.527580 0.000000 0.000000 101.697010 0.069524 3.327322 -0.035336 
466 0.941416 0.000000 -0.180140 101.626888 0.044252 4.921502 -0.035225 
467 0.941416 0.000000 -0.360279 99.420651 -0.003795 6.230916 0.007671 
468 1.136804 0.000000 -0.180140 100.670065 0.063585 3.882743 -0.014954 
469 0.941416 0.000000 0.000000 102.105121 0.033153 6.168500 -0.046351 
470 0.648333 0.000000 -0.090070 101.529827 -0.015023 5.606323 -0.033974 
471 0.648333 0.000000 -0.180140 101.538152 -0.005676 4.528983 -0.033051 
472 0.746027 0.000000 -0.090070 101.987023 0.009583 6.466188 -0.044316 
473 0.648333 0.000000 0.000000 101.749891 -0.008620 6.576089 -0.039629 
474 0.501792 0.000000 -0.135105 99.494616 -0.021410 3.323575 0.008977 
475 0.501792 0.000000 -0.180140 100.146654 -0.027586 2.573243 -0.003597 
476 0.550639 0.000000 -0.135105 101.301524 -0.020100 5.831169 -0.029600 
477 0.501792 0.000000 -0.090070 99.502222 -0.018470 4.448674 0.007952 
478 0.428522 0.000000 -0.112587 97.808520 -0.012274 -0.687481 0.043302 
479 0.428522 0.000000 -0.135105 98.946234 -0.028258 1.257006 0.020806 
480 0.452945 0.000000 -0.112587 98.855256 -0.023619 2.258601 0.022254 
481 0.428522 0.000000 -0.090070 98.349592 -0.015848 0.148648 0.032734 
482 0.379675 0.000000 -0.067552 65.981794 0.046701 -0.315837 0.564630 
483 0.404098 0.000000 -0.067552 97.949507 -0.024377 1.053426 0.040478 
484 0.379675 0.000000 -0.045035 66.920138 0.020899 -0.235034 0.552164 
485 0.391886 0.000000 -0.101329 102.566686 0.008083 -1.877000 -0.052345 
486 0.379675 0.000000 -0.101329 104.313629 0.022763 -2.093901 -0.088572 
487 0.391886 0.000000 -0.112587 102.499169 0.007780 -1.848675 -0.050950 
488 0.404098 0.000000 -0.101329 100.613793 0.002871 -1.624797 -0.012578 
489 0.391886 0.000000 -0.090070 102.515433 0.005902 -1.600843 -0.051198 
490 0.379675 0.000000 0.067552 65.998902 0.004603 0.353362 0.564402 
491 0.379675 0.000000 0.045035 66.933904 -0.016809 0.231875 0.551980 
492 0.404098 0.000000 0.067552 98.222446 -0.046393 1.046280 0.035125 
493 1.527580 0.000000 0.360279 99.520831 0.030174 5.273991 0.006779 
494 1.918356 0.000000 0.360279 99.797840 0.097911 4.692195 0.001836 
495 1.527580 0.000000 0.720558 99.604493 -0.031768 6.436453 0.003752 
496 0.941416 0.000000 0.180140 102.703366 0.033291 4.940866 -0.057239 
497 1.136804 0.000000 0.180140 102.924948 0.051815 3.934189 -0.060903 
498 0.941416 0.000000 0.360279 99.887477 -0.068571 6.122860 -0.001500 
499 0.648333 0.000000 0.090070 101.696712 -0.023345 5.617677 -0.037378 
500 0.746027 0.000000 0.090070 102.130637 0.002796 6.474409 -0.047258 
501 0.648333 0.000000 0.180140 101.848194 -0.021928 4.545135 -0.039371 
502 0.501792 0.000000 0.135105 99.745700 -0.042145 3.328937 0.003971 
503 0.501792 0.000000 0.090070 99.717344 -0.037260 4.445522 0.003669 
504 0.550639 0.000000 0.135105 101.498214 -0.035220 5.846108 -0.033607 
505 0.501792 0.000000 0.180140 100.405395 -0.047946 2.581681 -0.008791 
506 0.428522 0.000000 0.112587 98.244195 -0.042591 1.794103 0.034486 
507 0.428522 0.000000 0.090070 98.725744 -0.042528 1.829311 0.024988 
508 0.452945 0.000000 0.112587 99.118445 -0.045586 2.258298 0.017043 
509 0.428522 0.000000 0.135105 99.212069 -0.049549 1.253509 0.015539 
510 0.391886 0.000000 0.101329 103.225630 -0.007840 2.198332 -0.066036 
511 0.379675 0.000000 0.101329 105.044159 -0.003582 2.370356 -0.103989 
512 0.391886 0.000000 0.090070 103.141434 -0.013116 1.994698 -0.064213 
513 0.404098 0.000000 0.101329 101.159097 -0.015874 2.130449 -0.023770 
514 0.391886 0.000000 0.112587 103.149709 -0.008527 2.176947 -0.064460 
515 1.332192 0.000000 -0.180140 101.981575 0.074260 2.518200 -0.040659 
516 1.332192 0.000000 -0.360279 99.856779 -0.115325 5.637352 -0.000317 
517 1.527580 0.000000 -0.180140 102.187052 0.039524 2.650475 -0.044922 
518 1.332192 0.000000 0.000000 101.278866 0.068347 3.517907 -0.026979 
519 1.332192 0.000000 0.180140 101.215264 0.103641 2.218632 -0.024946 
520 1.527580 0.000000 0.180140 101.611268 0.124394 2.420291 -0.033072 
521 1.332192 0.000000 0.360279 99.872956 -0.097652 5.289996 -0.000260 
522 1.234498 0.000000 -0.090070 98.893782 0.040601 1.178603 0.021863 
523 1.136804 0.000000 -0.090070 100.447504 0.043920 4.361361 -0.010872 
524 1.234498 0.000000 -0.180140 100.181295 0.068624 0.654283 -0.003672 
525 1.332192 0.000000 -0.090070 100.242807 0.055412 1.918450 -0.005230 
526 1.234498 0.000000 0.000000 79.098061 0.000544 0.600059 0.374314 
527 1.234498 0.000000 0.090070 99.691131 0.042269 1.138876 0.006038 
528 1.136804 0.000000 0.090070 101.396105 0.040032 4.359488 -0.030018 
529 1.332192 0.000000 0.090070 100.158378 0.061827 1.858672 -0.003516 
530 1.234498 0.000000 0.180140 101.380960 0.059621 0.647892 -0.027852 
531 4.263014 0.000000 -8.646699 99.755806 -0.003193 6.972642 0.000016 
532 4.263014 0.000000 -11.528932 99.755885 -0.000167 6.974034 0.000013 
533 7.389224 0.000000 -8.646699 99.756127 -0.001826 6.972238 0.000010 
534 2.699909 0.000000 -4.323349 99.756647 -0.016165 6.964361 0.000011 
535 2.699909 0.000000 -5.764466 99.754373 -0.012084 6.969156 0.000050 
536 4.263014 0.000000 -4.323349 99.758726 -0.012634 6.964334 -0.000031 
537 1.918356 0.000000 -2.161675 99.782532 0.078569 6.930798 -0.000460 
538 1.918356 0.000000 -2.882233 99.769897 0.045219 6.951157 -0.000235 
539 2.699909 0.000000 -2.161675 99.774350 0.042293 6.934131 -0.000300 
540 1.527580 0.000000 -1.080837 99.803423 0.010279 6.781567 -0.000671 
541 1.527580 0.000000 -1.441116 99.785002 0.005030 6.871080 -0.000426 
542 1.918356 0.000000 -1.080837 99.893076 0.026835 6.782936 -0.002464 
543 1.332192 0.000000 -0.540419 99.821144 0.024471 6.297469 -0.000392 
544 1.136804 0.000000 -0.540419 99.742014 0.060581 6.302106 0.001181 
545 1.332192 0.000000 -0.720558 99.973791 -0.005758 6.598752 -0.003830 
546 1.527580 0.000000 -0.540419 100.019182 -0.041898 6.386724 -0.004463 
547 1.234498 0.000000 -0.270209 99.881746 0.022506 4.724942 0.000131 
548 1.136804 0.000000 -0.270209 101.039845 0.086472 0.925849 -0.020991 
549 1.234498 0.000000 -0.360279 99.748167 0.116506 5.689614 0.001792 
550 1.332192 0.000000 -0.270209 102.049006 0.115125 0.694084 -0.041449 
551 10.515434 0.000000 -2.882233 99.757883 -0.000952 6.949743 0.000007 
552 10.515434 0.000000 -5.764466 99.756593 -0.001051 6.968015 0.000007 
553 13.641644 0.000000 -2.882233 99.757876 -0.000614 6.952542 0.000003 
554 10.515434 0.000000 0.000000 99.812612 -0.000996 6.168631 -0.000061 
555 5.826119 0.000000 -1.441116 99.761960 -0.003893 6.872147 0.000033 
556 5.826119 0.000000 -2.882233 99.758638 -0.007942 6.947866 -0.000006 
557 7.389224 0.000000 -1.441116 99.761766 -0.005229 6.881231 0.000024 
558 5.826119 0.000000 0.000000 99.967063 -0.000661 3.934002 -0.000889 
559 3.481461 0.000000 -0.720558 99.775255 0.003127 6.569756 0.000174 
560 3.481461 0.000000 -1.441116 99.768114 0.021816 6.872549 -0.000091 
561 4.263014 0.000000 -0.720558 99.778824 0.006711 6.605647 0.000055 
562 3.481461 0.000000 0.000000 100.064757 -0.023584 2.216216 -0.001787 
563 2.309132 0.000000 -0.360279 99.299634 -0.116869 5.265542 0.011184 
564 2.309132 0.000000 -0.720558 99.794573 0.012028 6.608848 -0.000263 
565 2.699909 0.000000 -0.360279 99.826884 0.012488 5.481432 0.000455 
566 2.309132 0.000000 0.000000 135.797432 -0.083874 1.672086 -0.844375 
567 1.722968 0.000000 -0.180140 102.230045 0.018144 2.607881 -0.045778 
568 1.722968 0.000000 -0.360279 99.807233 0.171698 5.778982 0.000509 
569 1.918356 0.000000 -0.180140 102.039130 0.047164 2.593965 -0.041871 
570 1.722968 0.000000 0.000000 102.149844 0.098741 3.120070 -0.044434 
571 1.429886 0.000000 -0.090070 101.726583 0.074177 2.453166 -0.035432 
572 1.429886 0.000000 -0.180140 101.967212 0.063725 2.363016 -0.040290 
573 1.527580 0.000000 -0.090070 101.954003 0.058105 2.646242 -0.040162 
574 1.429886 0.000000 0.000000 101.278455 0.068333 3.518783 -0.026971 
575 1.283345 0.000000 -0.135105 99.665651 0.046776 1.374022 0.006487 
576 1.234498 0.000000 -0.135105 99.072153 0.044777 1.065190 0.018357 
577 1.283345 0.000000 -0.180140 100.492577 0.067091 1.058821 -0.009988 
578 1.332192 0.000000 -0.135105 100.399900 0.051471 2.212813 -0.008504 
579 1.283345 0.000000 -0.090070 99.361587 0.040877 1.458712 0.012515 
580 10.515434 0.000000 2.882233 99.760701 0.002116 6.913596 0.000000 
581 13.641644 0.000000 2.882233 99.761748 0.001415 6.899626 -0.000001 
582 10.515434 0.000000 5.764466 99.757360 0.001607 6.963643 -0.000002 
583 5.826119 0.000000 1.441116 99.771099 0.006060 6.740369 0.000030 
584 7.389224 0.000000 1.441116 99.776231 0.002094 6.687390 -0.000002 
585 5.826119 0.000000 2.882233 99.757680 0.005165 6.930652 0.000037 
586 3.481461 0.000000 0.720558 99.786606 0.000984 6.159416 0.000469 
587 4.263014 0.000000 0.720558 99.814501 0.003308 5.999957 0.000107 
588 3.481461 0.000000 1.441116 99.748613 -0.015785 6.803684 0.000392 
589 2.309132 0.000000 0.360279 99.089947 -0.062740 4.773486 0.015839 
590 2.699909 0.000000 0.360279 99.860357 0.022751 4.426296 0.000832 
591 2.309132 0.000000 0.720558 99.541088 0.006816 6.311465 0.005174 
592 1.722968 0.000000 0.180140 102.109457 0.158616 2.492858 -0.043258 
593 1.918356 0.000000 0.180140 102.040216 0.557456 2.615772 -0.041936 
594 1.722968 0.000000 0.360279 99.523302 0.106081 5.002833 0.007007 
595 1.429886 0.000000 0.090070 101.295120 0.098737 2.376145 -0.026636 
596 1.527580 0.000000 0.090070 101.614707 0.071077 2.594974 -0.033229 
597 1.429886 0.000000 0.180140 101.249827 0.089221 2.194316 -0.025635 
598 4.263014 0.000000 8.646699 99.757557 0.003527 6.971906 -0.000018 
599 7.389224 0.000000 8.646699 99.757134 0.002231 6.971191 -0.000008 
600 4.263014 0.000000 11.528932 99.757176 0.000096 6.973749 -0.000013 
601 2.699909 0.000000 4.323349 99.759357 0.016700 6.960272 -0.000037 
602 4.263014 0.000000 4.323349 99.755734 0.010401 6.959232 0.000036 
603 2.699909 0.000000 5.764466 99.760826 0.010572 6.967358 -0.000077 
604 1.918356 0.000000 2.161675 99.758290 -0.056379 6.907733 0.000056 
605 2.699909 0.000000 2.161675 99.744981 -0.034955 6.906894 0.000323 
606 1.918356 0.000000 2.882233 99.753521 -0.039687 6.941442 0.000105 
607 1.527580 0.000000 1.080837 99.722301 0.064364 6.705066 0.001050 
608 1.918356 0.000000 1.080837 99.678232 0.016552 6.671777 0.001974 
609 1.527580 0.000000 1.441116 99.770728 0.009055 6.839048 -0.000097 
610 1.332192 0.000000 0.540419 99.626424 0.006700 6.171189 0.003649 
611 1.136804 0.000000 0.540419 99.727040 0.058586 6.370953 0.001393 
612 1.527580 0.000000 0.540419 99.547322 -0.041751 6.067240 0.005352 
613 1.332192 0.000000 0.720558 99.651337 0.021573 6.513818 0.002718 
614 1.234498 0.000000 0.270209 100.353197 0.020084 4.763284 -0.009345 
615 1.136804 0.000000 0.270209 102.540267 0.071139 0.917831 -0.051535 
616 1.332192 0.000000 0.270209 101.218627 0.114786 0.648282 -0.024564 
617 1.234498 0.000000 0.360279 100.070830 0.116328 5.557806 -0.004507 
618 1.283345 0.000000 0.135105 99.739981 0.059895 1.242263 0.005039 
619 1.234498 0.000000 0.135105 99.874237 0.044349 1.032334 0.002407 
620 1.283345 0.000000 0.090070 99.548598 0.051902 1.364995 0.008821 
621 1.332192 0.000000 0.135105 100.171983 0.067207 2.089836 -0.003880 
622 1.283345 0.000000 0.180140 100.241704 0.083924 0.966180 -0.004934 
623 2.113744 0.000000 -0.180140 101.410443 0.045951 5.868652 -0.031852 
624 2.113744 0.000000 -0.360279 99.690722 0.011836 5.781655 0.002833 
625 2.309132 0.000000 -0.180140 98.237659 -0.094710 0.820306 0.034868 
626 2.113744 0.000000 0.000000 97.531477 -0.074303 -0.361720 0.048747 
627 2.113744 0.000000 0.180140 100.790734 0.054705 -1.809109 -0.016205 
628 2.309132 0.000000 0.180140 97.848851 -0.128499 4.237154 0.040763 
629 2.113744 0.000000 0.360279 99.653203 -0.020587 4.134945 0.005214 
630 2.016050 0.000000 -0.090070 101.652321 0.101783 1.682338 -0.033604 
631 1.918356 0.000000 -0.090070 101.994976 0.102298 2.852199 -0.041112 
632 2.016050 0.000000 -0.180140 101.799277 0.101892 0.824421 -0.036378 
633 2.113744 0.000000 -0.090070 107.703895 0.050775 11.344678 -0.172883 
634 2.016050 0.000000 0.000000 102.115379 0.144488 3.136925 -0.043741 
635 2.016050 0.000000 0.090070 102.360638 0.009286 1.582306 -0.048020 
636 1.918356 0.000000 0.090070 102.052408 0.424398 2.891145 -0.042323 
637 2.113744 0.000000 0.090070 105.593380 0.019019 -11.020228 -0.127141 
638 2.016050 0.000000 0.180140 102.494743 0.173776 0.802168 -0.050585 
639 2.309132 0.000000 -1.080837 99.870910 -0.010281 6.826508 -0.002080 
640 2.309132 0.000000 -1.441116 99.791136 -0.019246 6.882027 -0.000563 
641 2.699909 0.000000 -1.080837 99.779259 0.001228 6.808503 -0.000226 
642 2.113744 0.000000 -0.540419 99.600545 0.045459 6.326077 0.003971 
643 1.918356 0.000000 -0.540419 99.813834 0.084868 6.293882 -0.000242 
644 2.113744 0.000000 -0.720558 99.860603 0.010985 6.619804 -0.001596 
645 2.309132 0.000000 -0.540419 99.784795 0.008651 6.345162 0.000273 
646 2.016050 0.000000 -0.270209 100.051659 0.059650 4.876442 -0.003412 
647 1.918356 0.000000 -0.270209 101.918131 0.063246 1.381541 -0.038922 
648 2.016050 0.000000 -0.360279 99.805515 0.055145 5.698764 0.000638 
649 2.113744 0.000000 -0.270209 99.751861 0.022516 5.407354 0.002033 
650 3.090685 0.000000 -0.360279 99.832391 -0.053035 5.647125 0.000160 
651 3.090685 0.000000 -0.720558 99.797228 -0.031763 6.591092 -0.000293 
652 3.481461 0.000000 -0.360279 99.825293 0.000509 5.731187 0.000206 
653 3.090685 0.000000 0.000000 100.065884 -0.021438 2.102738 -0.001760 
654 2.504521 0.000000 -0.180140 100.251655 -0.110578 2.780540 -0.005814 
655 2.504521 0.000000 -0.360279 99.740571 -0.033892 5.346086 0.002324 
656 2.699909 0.000000 -0.180140 100.001083 -0.037400 3.503061 -0.001249 
657 2.504521 0.000000 0.000000 101.225529 -0.060217 1.835896 -0.024998 
658 2.211438 0.000000 -0.090070 90.345461 -0.041856 16.392858 0.156897 
659 2.211438 0.000000 -0.180140 96.954824 -0.028484 5.357834 0.057105 
660 2.309132 0.000000 -0.090070 107.661419 -0.058345 -14.664094 -0.180602 
661 2.211438 0.000000 0.000000 144.001756 0.022525 0.072545 -1.073651 
662 2.064897 0.000000 -0.135105 101.722058 0.115580 0.619035 -0.034777 
663 2.016050 0.000000 -0.135105 101.607986 0.102988 1.628177 -0.032684 
664 2.064897 0.000000 -0.180140 101.712526 0.041197 4.025889 -0.036165 
665 2.113744 0.000000 -0.135105 104.573477 0.081156 7.743888 -0.099559 
666 2.064897 0.000000 -0.090070 102.122668 0.140044 3.384693 -0.044052 
667 3.090685 0.000000 0.360279 99.891850 -0.044860 4.083919 0.000494 
668 3.481461 0.000000 0.360279 99.959711 0.008236 3.666238 -0.000539 
669 3.090685 0.000000 0.720558 99.741578 -0.062273 6.260309 0.001242 
670 2.504521 0.000000 0.180140 100.294977 -0.049587 2.448763 -0.006508 
671 2.699909 0.000000 0.180140 100.101695 -0.046825 1.804032 -0.002361 
672 2.504521 0.000000 0.360279 99.611461 -0.059589 4.785934 0.005465 
673 2.211438 0.000000 0.090070 88.289575 0.034890 -15.946658 0.195065 
674 2.309132 0.000000 0.090070 107.193133 -0.049142 18.883011 -0.184694 
675 2.211438 0.000000 0.180140 96.249823 -0.024507 -0.906525 0.073515 
676 2.309132 0.000000 1.080837 99.658755 -0.015430 6.683497 0.002346 
677 2.699909 0.000000 1.080837 99.691037 -0.033502 6.688540 0.001696 
678 2.309132 0.000000 1.441116 99.742284 -0.000458 6.809817 0.000510 
679 2.113744 0.000000 0.540419 99.336111 0.017780 5.742959 0.009936 
680 1.918356 0.000000 0.540419 99.512194 0.027529 5.847708 0.006313 
681 2.309132 0.000000 0.540419 99.507006 -0.034607 5.787867 0.006486 
682 2.113744 0.000000 0.720558 99.652752 -0.000164 6.275277 0.002995 
683 2.016050 0.000000 0.270209 100.393564 0.046475 3.139038 -0.008872 
684 1.918356 0.000000 0.270209 102.415489 0.269529 1.371444 -0.049089 
685 2.113744 0.000000 0.270209 99.705978 -0.008421 2.232649 0.005373 
686 2.016050 0.000000 0.360279 99.932116 0.052654 4.431249 -0.000607 
687 2.064897 0.000000 0.135105 102.551772 0.070425 0.573616 -0.051720 
688 2.016050 0.000000 0.135105 102.332644 0.019892 1.516509 -0.047427 
689 2.064897 0.000000 0.090070 102.499957 0.047083 -2.124791 -0.051076 
690 2.113744 0.000000 0.135105 103.196687 0.064170 -5.793111 -0.068312 
691 2.064897 0.000000 0.180140 101.544475 0.031659 -0.091338 -0.031129 
692 2.211438 0.000000 -0.270209 98.556583 -0.008527 5.167686 0.025989 
693 2.211438 0.000000 -0.360279 99.294385 0.001636 5.608846 0.010917 
694 2.309132 0.000000 -0.270209 98.849033 0.029062 4.002847 0.021284 
695 2.162591 0.000000 -0.135105 99.537040 0.036676 9.737515 -0.000244 
696 2.162591 0.000000 -0.180140 99.231138 0.014574 6.592655 0.010972 
697 2.211438 0.000000 -0.135105 94.515481 -0.044542 7.710612 0.100737 
698 2.162591 0.000000 -0.090070 99.831643 -0.027174 15.928862 -0.022009 
699 2.064897 0.000000 -0.045035 101.690352 0.117718 0.554624 -0.034125 
700 2.016050 0.000000 -0.045035 101.707374 0.104653 2.662445 -0.035149 
701 2.113744 0.000000 -0.045035 95.169044 -0.071623 3.929515 0.092741 
702 2.064897 0.000000 0.000000 90.602273 0.021642 -0.321070 0.179112 
703 2.089321 0.000000 -0.112587 106.273281 0.124198 5.717915 -0.132672 
704 2.064897 0.000000 -0.112587 103.200342 0.143852 4.567500 -0.067119 
705 2.089321 0.000000 -0.135105 101.678137 0.142710 0.220459 -0.033851 
706 2.113744 0.000000 -0.112587 107.762874 0.051366 11.210209 -0.173851 
707 2.089321 0.000000 -0.090070 106.014532 0.124453 5.437817 -0.126867 
708 2.064897 0.000000 0.045035 102.564833 0.056180 0.503338 -0.051980 
709 2.016050 0.000000 0.045035 102.263706 0.008441 2.626349 -0.046476 
710 2.113744 0.000000 0.045035 96.315243 -0.087773 -4.695397 0.070132 
711 2.211438 0.000000 0.270209 98.157941 -0.105414 2.594097 0.035828 
712 2.309132 0.000000 0.270209 98.583946 -0.073375 3.917915 0.026585 
713 2.211438 0.000000 0.360279 99.253559 -0.050089 4.285408 0.013036 
714 2.162591 0.000000 0.135105 98.377877 0.027649 -7.487430 0.026573 
715 2.162591 0.000000 0.090070 98.049188 -0.054981 -15.555531 0.014438 
716 2.211438 0.000000 0.135105 93.296444 -0.039661 -5.046945 0.127030 
717 2.162591 0.000000 0.180140 98.517544 0.034876 -2.371286 0.028867 
718 2.089321 0.000000 0.112587 105.001225 0.099477 -5.383204 -0.105425 
719 2.064897 0.000000 0.112587 103.012267 0.085533 -3.835137 -0.062624 
720 2.089321 0.000000 0.090070 104.869744 0.096853 -5.057256 -0.102325 
721 2.113744 0.000000 0.112587 105.651362 0.020383 -10.888253 -0.128076 
722 2.089321 0.000000 0.135105 102.580227 0.068749 0.185059 -0.052274 
723 2.162591 0.000000 -0.045035 113.904036 -0.048381 8.164284 -0.304079 
724 2.211438 0.000000 -0.045035 143.916453 0.028882 11.234475 -1.083816 
725 2.162591 0.000000 0.000000 116.114947 -0.103502 -0.271332 -0.348277 
726 2.138168 0.000000 -0.112587 103.748589 -0.006049 15.390612 -0.100064 
727 2.138168 0.000000 -0.135105 102.109155 0.080342 9.443048 -0.051546 
728 2.162591 0.000000 -0.112587 99.823839 -0.010856 12.801604 -0.012868 
729 2.138168 0.000000 -0.090070 103.396298 -0.013484 15.338544 -0.092607 
730 2.089321 0.000000 -0.067552 101.677740 0.142672 0.221883 -0.033843 
731 2.064897 0.000000 -0.067552 101.495202 0.105987 1.510164 -0.030357 
732 2.113744 0.000000 -0.067552 92.428377 0.012336 6.062654 0.142024 
733 2.089321 0.000000 -0.045035 90.446390 0.046996 1.810332 0.181617 
734 2.101533 0.000000 -0.101329 108.232524 0.084251 8.187301 -0.178132 
735 2.089321 0.000000 -0.101329 106.797652 0.120239 5.995353 -0.144170 
736 2.101533 0.000000 -0.112587 108.500570 0.085330 7.519655 -0.182893 
737 2.113744 0.000000 -0.101329 107.685652 0.048156 11.713195 -0.173340 
738 2.101533 0.000000 -0.090070 108.536873 0.078225 8.117027 -0.184614 
739 2.162591 0.000000 0.045035 114.695629 -0.049171 -8.684237 -0.323051 
740 2.211438 0.000000 0.045035 144.862987 0.033977 -11.278723 -1.111250 
741 2.089321 0.000000 0.067552 102.580335 0.068747 0.186271 -0.052276 
742 2.064897 0.000000 0.067552 102.371432 -0.062379 1.470697 -0.048208 
743 2.089321 0.000000 0.045035 91.764669 0.037609 -2.640046 0.157227 
744 2.113744 0.000000 0.067552 94.265528 -0.049458 -6.792896 0.106786 
745 2.138168 0.000000 0.112587 101.844792 -0.065783 -15.016856 -0.059787 
746 2.138168 0.000000 0.090070 101.525449 -0.064854 -14.969814 -0.053152 
747 2.162591 0.000000 0.112587 98.268667 -0.053328 -11.693984 0.020652 
748 2.138168 0.000000 0.135105 100.852137 0.055198 -7.315455 -0.022467 
749 2.101533 0.000000 0.101329 106.237670 0.058315 -7.930195 -0.134933 
750 2.089321 0.000000 0.101329 105.347334 0.096820 -5.696245 -0.113052 
751 2.101533 0.000000 0.090070 106.493656 0.059384 -7.859578 -0.140268 
752 2.113744 0.000000 0.101329 105.565076 0.018437 -11.379949 -0.127349 
753 2.101533 0.000000 0.112587 106.520307 0.063313 -7.273899 -0.139949 
754 2.138168 0.000000 -0.067552 100.876553 -0.067417 9.479858 -0.026595 
755 2.162591 0.000000 -0.067552 111.517088 -0.036770 12.354252 -0.258869 
756 2.138168 0.000000 -0.045035 103.077994 -0.082907 6.209774 -0.066364 
757 2.125956 0.000000 -0.101329 104.909921 0.030103 15.224469 -0.123788 
758 2.125956 0.000000 -0.112587 105.639329 0.028709 14.532490 -0.137086 
759 2.138168 0.000000 -0.101329 103.519951 -0.012206 15.356600 -0.095221 
760 2.125956 0.000000 -0.090070 105.556300 0.027455 14.587393 -0.135493 
761 2.138168 0.000000 0.067552 102.250104 -0.106172 -10.090438 -0.055691 
762 2.138168 0.000000 0.045035 104.023618 -0.115097 -6.868463 -0.086810 
763 2.162591 0.000000 0.067552 112.734638 -0.097937 -12.867308 -0.287468 
764 2.125956 0.000000 0.101329 102.922381 -0.047712 -14.842785 -0.081333 
765 2.125956 0.000000 0.090070 103.530151 -0.031110 -14.212012 -0.092047 
766 2.138168 0.000000 0.101329 101.636535 -0.066016 -14.986007 -0.055457 
767 2.125956 0.000000 0.112587 103.607992 -0.029455 -14.157441 -0.093505 
768 2.406827 0.000000 -0.090070 102.858687 -0.087180 0.051447 -0.057992 
769 2.406827 0.000000 -0.180140 100.362499 -0.043427 1.815142 -0.007593 
770 2.504521 0.000000 -0.090070 100.902191 -0.053933 1.909581 -0.018490 
771 2.406827 0.000000 0.000000 105.270705 -0.153389 1.770553 -0.108508 
772 2.260285 0.000000 -0.135105 92.058434 -0.064024 0.549070 0.152494 
773 2.260285 0.000000 -0.180140 96.317692 -0.070650 2.596309 0.071616 
774 2.309132 0.000000 -0.135105 98.436533 -0.100863 -3.844792 0.029546 
775 2.260285 0.000000 -0.090070 75.485907 0.032104 12.510245 0.414537 
776 2.187015 0.000000 -0.112587 96.631198 -0.034689 12.590865 0.050388 
777 2.187015 0.000000 -0.135105 97.186694 -0.010020 9.224346 0.046966 
778 2.211438 0.000000 -0.112587 91.863610 -0.047015 11.007293 0.143991 
779 2.187015 0.000000 -0.090070 94.071776 -0.034684 17.224756 0.085381 
780 2.150380 0.000000 -0.101329 102.392725 -0.025936 15.190487 -0.071502 
781 2.150380 0.000000 -0.112587 102.802878 -0.024919 15.251018 -0.080103 
782 2.162591 0.000000 -0.101329 100.099627 -0.027993 15.653404 -0.026497 
783 2.150380 0.000000 -0.090070 102.339235 -0.026075 15.182461 -0.070383 
784 2.406827 0.000000 0.090070 102.767936 -0.204247 3.723097 -0.057515 
785 2.504521 0.000000 0.090070 100.923766 -0.044615 1.924616 -0.018931 
786 2.406827 0.000000 0.180140 100.265092 -0.037942 3.445782 -0.006496 
787 2.260285 0.000000 0.135105 90.828474 -0.014505 2.917395 0.174168 
788 2.260285 0.000000 0.090070 72.560409 -0.050662 -11.960761 0.459192 
789 2.309132 0.000000 0.135105 97.870651 -0.090525 7.880766 0.035922 
790 2.260285 0.000000 0.180140 95.692247 -0.093025 2.203913 0.083813 
791 2.187015 0.000000 0.112587 95.126142 -0.018500 -11.226112 0.082499 
792 2.187015 0.000000 0.090070 92.206656 -0.021235 -16.806486 0.121547 
793 2.211438 0.000000 0.112587 90.321746 -0.000836 -9.413671 0.175337 
794 2.187015 0.000000 0.135105 96.066091 0.004304 -6.801325 0.072505 
795 2.150380 0.000000 0.101329 100.601877 -0.059488 -14.834008 -0.034079 
796 2.150380 0.000000 0.090070 100.549193 -0.059394 -14.826162 -0.032996 
797 2.162591 0.000000 0.101329 98.327829 -0.054609 -15.287165 0.009794 
798 2.150380 0.000000 0.112587 100.988347 -0.062604 -14.890834 -0.042039 
799 2.260285 0.000000 -0.045035 174.922498 0.059286 1.933678 -2.060162 
800 2.309132 0.000000 -0.045035 131.013671 -0.077267 -11.090400 -0.728758 
801 2.260285 0.000000 0.000000 163.136811 0.003288 0.884760 -1.661440 
802 2.187015 0.000000 -0.067552 125.036125 -0.008636 15.604415 -0.587753 
803 2.211438 0.000000 -0.067552 143.777864 0.025602 18.589367 -1.101764 
804 2.187015 0.000000 -0.045035 127.554065 -0.029480 10.116753 -0.637239 
805 2.174803 0.000000 -0.101329 96.877935 -0.027780 16.742697 0.033435 
806 2.174803 0.000000 -0.112587 98.321195 -0.011195 12.748352 0.017042 
807 2.187015 0.000000 -0.101329 94.099872 -0.032473 17.230013 0.084834 
808 2.174803 0.000000 -0.090070 96.553392 -0.027477 16.842054 0.039379 
809 2.260285 0.000000 0.045035 177.324351 -0.000913 -0.296352 -2.144401 
810 2.309132 0.000000 0.045035 131.483659 -0.052241 14.980125 -0.751236 
811 2.187015 0.000000 0.067552 126.018291 0.012240 -15.983343 -0.613608 
812 2.187015 0.000000 0.045035 128.235240 0.008598 -10.451125 -0.655350 
813 2.211438 0.000000 0.067552 145.068894 0.039641 -18.892984 -1.140193 
814 2.174803 0.000000 0.101329 95.070824 -0.048039 -16.346021 0.069434 
815 2.174803 0.000000 0.090070 94.742389 -0.047811 -16.442446 0.075352 
816 2.187015 0.000000 0.101329 92.244653 -0.027357 -16.813592 0.120823 
817 2.174803 0.000000 0.112587 96.805232 -0.017496 -11.480006 0.049696 
818 2.235862 0.000000 -0.067552 162.039287 0.050411 17.432256 -1.656062 
819 2.235862 0.000000 -0.090070 79.381647 0.005606 13.154775 0.352551 
820 2.260285 0.000000 -0.067552 73.715528 0.059477 12.217694 0.441675 
821 2.235862 0.000000 -0.045035 160.839830 0.038256 10.087547 -1.597121 
822 2.235862 0.000000 -0.112587 88.287732 -0.066461 6.509068 0.216290 
823 2.235862 0.000000 -0.135105 92.505351 -0.047328 4.762013 0.142008 
824 2.260285 0.000000 -0.112587 85.623066 -0.077900 -0.741405 0.266813 
825 2.223650 0.000000 -0.078811 84.512182 -0.012161 14.581230 0.264508 
826 2.211438 0.000000 -0.078811 89.895600 -0.038146 16.260820 0.165437 
827 2.223650 0.000000 -0.090070 84.460676 -0.010811 14.453516 0.265749 
828 2.235862 0.000000 -0.078811 79.252643 0.005850 13.133435 0.354653 
829 2.223650 0.000000 -0.067552 153.696050 0.034213 17.298761 -1.392172 
830 2.235862 0.000000 0.067552 164.097288 0.017390 -17.419641 -1.723136 
831 2.235862 0.000000 0.045035 162.300375 0.012719 -9.566960 -1.643294 
832 2.260285 0.000000 0.067552 70.691675 -0.096823 -11.651322 0.486692 
833 2.235862 0.000000 0.090070 76.699411 -0.013412 -12.643355 0.395735 
834 2.235862 0.000000 0.112587 86.480489 -0.026503 -4.381510 0.250193 
835 2.260285 0.000000 0.112587 83.644876 -0.034022 3.633400 0.299033 
836 2.235862 0.000000 0.135105 91.259039 -0.023019 -1.762221 0.166868 
837 2.223650 0.000000 0.078811 82.135493 0.010160 -14.101898 0.305490 
838 2.211438 0.000000 0.078811 87.814844 0.031811 -15.811390 0.203855 
839 2.223650 0.000000 0.067552 155.281011 0.018850 -17.372434 -1.441399 
840 2.235862 0.000000 0.078811 76.561479 -0.013804 -12.620714 0.397906 
841 2.223650 0.000000 0.090070 82.088212 0.009618 -13.977110 0.306617 
842 2.357979 0.000000 -0.045035 110.618085 -0.043513 -1.566968 -0.223882 
843 2.357979 0.000000 -0.090070 105.483695 -0.105884 -2.650406 -0.113385 
844 2.406827 0.000000 -0.045035 104.642569 -0.130951 0.682072 -0.095055 
845 2.357979 0.000000 0.000000 112.588136 -0.047438 1.806701 -0.267935 
846 2.284709 0.000000 -0.067552 155.781317 -0.070261 -44.124699 -1.621481 
847 2.284709 0.000000 -0.090070 91.749761 -0.060214 -32.410460 0.053154 
848 2.309132 0.000000 -0.067552 120.875660 -0.040715 -16.685936 -0.488935 
849 2.284709 0.000000 -0.045035 158.939560 -0.072497 -14.403175 -1.546924 
850 2.248074 0.000000 -0.078811 76.680816 0.018002 12.707994 0.395856 
851 2.248074 0.000000 -0.090070 77.005588 0.015828 12.761723 0.390728 
852 2.260285 0.000000 -0.078811 74.216643 0.051274 12.300318 0.434059 
853 2.248074 0.000000 -0.067552 76.136545 0.022495 12.617944 0.404401 
854 2.357979 0.000000 0.045035 110.568256 -0.064109 5.331845 -0.225377 
855 2.406827 0.000000 0.045035 104.569137 -0.258768 3.036981 -0.094399 
856 2.357979 0.000000 0.090070 105.364570 -0.082873 6.454610 -0.114336 
857 2.284709 0.000000 0.067552 158.076459 -0.016161 49.920087 -1.748018 
858 2.284709 0.000000 0.045035 160.784582 -0.018109 17.972670 -1.617470 
859 2.309132 0.000000 0.067552 121.021825 -0.041495 20.982841 -0.508656 
860 2.284709 0.000000 0.090070 89.839066 -0.002357 37.567984 0.051759 
861 2.248074 0.000000 0.078811 73.819671 -0.030494 -12.169162 0.440257 
862 2.248074 0.000000 0.067552 73.242458 -0.036730 -12.073829 0.448976 
863 2.260285 0.000000 0.078811 71.225402 -0.080700 -11.739570 0.478912 
864 2.248074 0.000000 0.090070 74.165054 -0.027548 -12.226155 0.435007 
865 -8.241827 0.000000 -8.646699 99.756068 -0.000057 6.975522 0.000007 
866 -11.368037 0.000000 -8.646699 99.756216 -0.000034 6.975605 0.000004 
867 -8.241827 0.000000 -11.528932 99.756116 -0.000049 6.975498 0.000006 
868 10.515434 0.000000 -8.646699 99.756302 -0.000252 6.972078 0.000007 
869 10.515434 0.000000 -11.528932 99.756241 -0.000180 6.973651 0.000006 
870 13.641644 0.000000 -8.646699 99.756443 -0.000245 6.972154 0.000004 
871 -8.241827 0.000000 8.646699 99.756770 -0.000002 6.975560 -0.000007 
872 -11.368037 0.000000 8.646699 99.756606 0.000002 6.975624 -0.000004 
873 -8.241827 0.000000 11.528932 99.756734 0.000012 6.975516 -0.000006 
874 -3.552511 0.000000 -4.323349 99.755067 -0.002801 6.974229 0.000029 
875 -5.115617 0.000000 -4.323349 99.755627 -0.001395 6.974906 0.000017 
876 -3.552511 0.000000 -5.764466 99.755466 -0.002562 6.974328 0.000021 
877 10.515434 0.000000 8.646699 99.757011 0.000261 6.970772 -0.000005 
878 13.641644 0.000000 8.646699 99.756910 0.000298 6.970432 -0.000003 
879 10.515434 0.000000 11.528932 99.756840 0.000180 6.973076 -0.000005 
880 5.826119 0.000000 -4.323349 99.755290 -0.008185 6.961062 0.000043 
881 5.826119 0.000000 -5.764466 99.756473 -0.003507 6.968322 0.000009 
882 7.389224 0.000000 -4.323349 99.756899 -0.002814 6.962368 0.000009 
883 -3.552511 0.000000 4.323349 99.757373 0.004213 6.975049 -0.000018 
884 -5.115617 0.000000 4.323349 99.756850 0.002488 6.975318 -0.000008 
885 -3.552511 0.000000 5.764466 99.757329 0.003597 6.974861 -0.000017 
886 -1.207854 0.000000 -2.161675 99.751035 0.022938 6.962067 0.000126 
887 -1.989406 0.000000 -2.161675 99.751729 0.011579 6.969761 0.000101 
888 -1.207854 0.000000 -2.882233 99.752550 0.019421 6.966983 0.000089 
889 5.826119 0.000000 4.323349 99.759008 0.004000 6.955370 -0.000024 
890 7.389224 0.000000 4.323349 99.757675 0.001244 6.955449 0.000003 
891 5.826119 0.000000 5.764466 99.757239 0.002097 6.965672 -0.000003 
892 3.481461 0.000000 -2.161675 99.765767 0.022869 6.931620 -0.000126 
893 3.481461 0.000000 -2.882233 99.761295 0.002115 6.950871 -0.000063 
894 4.263014 0.000000 -2.161675 99.759902 -0.006949 6.927027 -0.000002 
895 -1.207854 0.000000 2.161675 99.756986 -0.026604 6.972282 -0.000007 
896 -1.989406 0.000000 2.161675 99.756658 -0.013422 6.974802 -0.000004 
897 -1.207854 0.000000 2.882233 99.759536 -0.019840 6.973272 -0.000059 
898 -0.817078 0.000000 -1.080837 99.733874 0.006491 6.944818 0.000492 
899 -1.207854 0.000000 -1.080837 99.745290 0.013748 6.949998 0.000257 
900 -0.817078 0.000000 -1.441116 99.748418 -0.004076 6.942398 0.000206 
901 3.481461 0.000000 2.161675 99.749521 -0.016706 6.904634 0.000236 
902 4.263014 0.000000 2.161675 99.756696 0.011953 6.898578 0.000101 
903 3.481461 0.000000 2.882233 99.754139 0.001541 6.937222 0.000099 
904 -0.230913 0.000000 -0.540419 99.568825 -0.011462 6.962216 0.003758 
905 -0.426301 0.000000 -0.540419 99.721181 0.080574 6.867233 0.000852 
906 -0.230913 0.000000 -0.720558 99.627153 -0.009938 6.913962 0.002663 
907 0.941416 0.000000 -0.540419 99.704258 0.031566 6.481178 0.001705 
908 0.941416 0.000000 -0.720558 99.772883 0.027885 6.661880 0.000099 
909 -0.817078 0.000000 1.080837 99.742534 -0.013488 6.973928 0.000279 
910 -1.207854 0.000000 1.080837 99.748463 -0.036556 6.970415 0.000166 
911 -0.817078 0.000000 1.441116 99.750218 -0.059334 6.971071 0.000129 
912 -0.230913 0.000000 0.540419 99.695278 0.003793 6.888325 0.001340 
913 -0.426301 0.000000 0.540419 99.671811 0.099432 6.855430 0.001852 
914 -0.230913 0.000000 0.720558 99.621225 -0.059458 6.872654 0.002837 
915 -0.133219 0.000000 -0.270209 99.496013 -0.040309 7.421200 0.004547 
916 -0.230913 0.000000 -0.270209 99.698617 0.146036 7.351518 0.000612 
917 -0.133219 0.000000 -0.360279 99.288957 0.073925 7.101477 0.009127 
918 0.941416 0.000000 0.540419 99.855607 -0.019385 6.491046 -0.001328 
919 0.941416 0.000000 0.720558 99.684869 -0.003958 6.739385 0.001751 
920 -0.133219 0.000000 0.270209 99.867628 -0.079137 6.351371 -0.001389 
921 -0.230913 0.000000 0.270209 99.909445 0.079264 6.520068 -0.002441 
922 -0.133219 0.000000 0.360279 99.585768 0.014706 6.652430 0.003842 
923 0.037745 0.000000 -0.112587 86.322688 0.026019 3.252416 0.253781 
924 0.013322 0.000000 -0.112587 85.360738 0.017307 10.416719 0.260504 
925 0.037745 0.000000 -0.135105 90.988348 0.066055 4.909099 0.169702 
926 0.648333 0.000000 -0.270209 101.268514 -0.036012 1.847444 -0.025873 
927 0.648333 0.000000 -0.360279 99.676982 -0.022855 6.344640 0.002424 
928 0.746027 0.000000 -0.270209 102.159604 0.038578 2.756484 -0.044418 
929 0.648333 0.000000 0.270209 101.517471 -0.055544 1.851076 -0.030923 
930 0.746027 0.000000 0.270209 102.662712 0.026404 2.752537 -0.054721 
931 0.648333 0.000000 0.360279 100.063405 -0.093777 6.068213 -0.004952 
932 0.037745 0.000000 0.112587 90.410005 -0.119732 7.195319 0.177424 
933 0.013322 0.000000 0.112587 89.521865 -0.124993 1.591035 0.198329 
934 0.037745 0.000000 0.135105 94.090255 -0.105339 6.719101 0.110187 
935 0.098804 0.000000 -0.078811 90.107419 0.132536 -14.784819 0.166204 
936 0.098804 0.000000 -0.090070 90.268242 0.205292 -14.969976 0.162750 
937 0.098804 0.000000 -0.067552 90.098694 0.127937 -14.759362 0.166437 
938 0.098804 0.000000 0.078811 94.960599 0.182329 16.047785 0.072492 
939 0.098804 0.000000 0.067552 94.955205 0.182420 16.052531 0.072579 
940 0.098804 0.000000 0.090070 95.035233 0.178612 16.023257 0.071153 
941 0.233134 0.000000 -0.067552 86.548535 -0.029328 -6.374450 0.246872 
942 0.233134 0.000000 -0.045035 88.002185 -0.113328 -4.770265 0.223285 
943 0.233134 0.000000 0.067552 86.889012 -0.129817 6.488522 0.240818 
944 0.233134 0.000000 0.045035 88.054733 -0.138874 4.737708 0.222390 
945 0.501792 0.000000 -0.045035 100.300406 -0.022510 4.980499 -0.008498 
946 0.550639 0.000000 -0.045035 101.378019 -0.023269 6.298037 -0.031717 
947 0.501792 0.000000 0.000000 101.401305 -0.024046 6.518145 -0.032471 
948 0.501792 0.000000 0.045035 100.405425 -0.031632 4.978094 -0.010603 
949 0.550639 0.000000 0.045035 101.423817 -0.026801 6.301268 -0.032650 
950 0.428522 0.000000 -0.067552 98.955227 -0.023854 2.114438 0.020339 
951 0.452945 0.000000 -0.067552 99.109065 -0.019058 3.626354 0.016424 
952 0.428522 0.000000 -0.045035 99.124203 -0.028260 1.365354 0.017253 
953 0.367463 0.000000 -0.101329 104.703882 0.039754 -3.146339 -0.097280 
954 0.367463 0.000000 -0.112587 104.783894 0.034188 -2.619436 -0.098653 
955 0.367463 0.000000 -0.090070 105.020268 0.040237 -2.878313 -0.103754 
956 0.428522 0.000000 0.067552 99.219149 -0.046476 2.108841 0.015111 
957 0.428522 0.000000 0.045035 99.388752 -0.049426 1.362065 0.012002 
958 0.452945 0.000000 0.067552 99.359472 -0.041138 3.625020 0.011455 
959 0.367463 0.000000 0.101329 105.711153 0.005669 3.446342 -0.118673 
960 0.367463 0.000000 0.090070 106.028839 0.007797 3.174719 -0.125219 
961 0.367463 0.000000 0.112587 105.688014 0.003444 2.908917 -0.117842 
962 1.722968 0.000000 -0.540419 99.936427 0.053050 6.299971 -0.002698 
963 1.722968 0.000000 -0.720558 99.872127 0.014915 6.564108 -0.001753 
964 1.722968 0.000000 0.540419 99.638915 0.072362 6.003967 0.003603 
965 1.722968 0.000000 0.720558 99.582961 -0.029630 6.358926 0.004280 
966 1.429886 0.000000 -0.270209 102.038029 0.104170 1.162340 -0.041312 
967 1.429886 0.000000 -0.360279 99.825716 -0.102254 5.648215 0.000291 
968 1.527580 0.000000 -0.270209 102.292475 0.053196 0.984879 -0.046472 
969 1.429886 0.000000 0.270209 101.220040 0.119312 1.074483 -0.024667 
970 1.527580 0.000000 0.270209 101.684456 0.109396 0.938664 -0.034062 
971 1.429886 0.000000 0.360279 99.598615 -0.088467 5.201596 0.005305 
972 3.090685 0.000000 -1.080837 99.769953 0.008858 6.790712 -0.000016 
973 3.090685 0.000000 -1.441116 99.769380 0.025866 6.872259 -0.000116 
974 3.481461 0.000000 -1.080837 99.769923 0.015180 6.789977 -0.000014 
975 2.504521 0.000000 -0.540419 99.752292 0.013911 6.250316 0.001041 
976 2.504521 0.000000 -0.720558 99.767666 0.011162 6.570534 0.000324 
977 2.699909 0.000000 -0.540419 99.779336 0.010758 6.235420 0.000520 
978 3.090685 0.000000 1.080837 99.741771 -0.010245 6.660074 0.000722 
979 3.481461 0.000000 1.080837 99.757655 -0.009165 6.643454 0.000427 
980 3.090685 0.000000 1.441116 99.743936 -0.021013 6.803549 0.000486 
981 2.504521 0.000000 0.540419 99.637991 -0.019858 5.844360 0.003811 
982 2.699909 0.000000 0.540419 99.681987 0.012909 5.826171 0.002956 
983 2.504521 0.000000 0.720558 99.585391 0.008722 6.351779 0.004240 
984 2.406827 0.000000 -0.270209 99.680138 -0.078182 3.970451 0.004810 
985 2.406827 0.000000 -0.360279 99.500091 -0.154836 5.130776 0.007338 
986 2.504521 0.000000 -0.270209 99.871097 -0.195622 4.263039 0.000755 
987 2.406827 0.000000 0.270209 99.584501 -0.070601 4.035839 0.006663 
988 2.504521 0.000000 0.270209 99.798004 -0.042474 3.788336 0.002601 
989 2.406827 0.000000 0.360279 99.301528 -0.020796 4.969931 0.011451 
990 2.357979 0.000000 -0.135105 101.406122 -0.103460 -1.165619 -0.028457 
991 2.357979 0.000000 -0.180140 99.852713 -0.024579 0.968295 0.002850 
992 2.406827 0.000000 -0.135105 101.345779 -0.027268 0.569175 -0.027129 
993 2.284709 0.000000 -0.112587 92.157664 -0.064898 -9.864590 0.140965 
994 2.284709 0.000000 -0.135105 94.778960 -0.078386 -3.228222 0.100652 
995 2.309132 0.000000 -0.112587 100.682757 -0.072478 -8.379697 -0.020724 
996 2.357979 0.000000 0.135105 101.133274 -0.251885 5.348676 -0.025661 
997 2.406827 0.000000 0.135105 101.227047 -0.147057 3.595011 -0.025986 
998 2.357979 0.000000 0.180140 99.580926 -0.164145 4.254481 0.006551 
999 2.284709 0.000000 0.112587 90.700441 -0.005194 13.759060 0.158412 
1000 2.309132 0.000000 0.112587 100.035462 -0.022174 12.362095 -0.015992 
1001 2.284709 0.000000 0.135105 93.811662 -0.049948 7.149091 0.114826 
1 11 62 60 61 
2 62 10 24 60 
3 60 24 14 63 
4 61 60 63 6 
5 24 66 64 65 
6 66 23 40 64 
7 64 40 27 67 
8 65 64 67 14 
9 40 70 68 69 
10 69 68 71 27 
11 6 63 92 93 
12 63 14 36 92 
13 92 36 19 94 
14 93 92 94 20 
15 14 67 95 96 
16 67 27 52 95 
17 95 52 35 97 
18 96 95 97 36 
19 27 71 98 99 
20 99 98 100 52 
21 68 112 110 111 
22 112 56 80 110 
23 110 80 43 113 
24 111 110 113 71 
25 80 116 114 115 
26 115 114 117 43 
27 71 113 133 134 
28 113 43 102 133 
29 133 102 76 135 
30 134 133 135 98 
31 43 117 136 137 
32 137 136 138 102 
33 114 141 139 140 
34 141 106 129 139 
35 139 129 83 142 
36 140 139 142 117 
37 129 149 147 148 
38 147 150 132 151 
39 148 147 151 83 
40 117 142 152 153 
41 142 83 144 152 
42 152 144 125 154 
43 153 152 154 136 
44 83 151 155 156 
45 151 132 157 155 
46 156 155 158 144 
47 12 161 159 160 
48 161 7 162 159 
49 159 162 13 25 
50 160 159 25 10 
51 25 165 163 164 
52 165 13 166 163 
53 163 166 26 41 
54 164 163 41 23 
55 41 169 167 168 
56 169 26 170 167 
57 167 170 42 57 
58 168 167 57 39 
59 39 173 171 172 
60 173 57 174 171 
61 171 174 55 81 
62 172 171 81 56 
63 81 177 175 176 
64 177 55 178 175 
65 175 178 82 107 
66 176 175 107 79 
67 79 181 179 180 
68 181 107 182 179 
69 179 182 105 130 
70 180 179 130 106 
71 106 185 183 184 
72 185 130 186 183 
73 184 183 149 129 
74 195 197 109 198 
75 150 195 198 132 
76 149 201 199 200 
77 201 128 202 199 
78 199 202 150 203 
79 200 199 203 147 
80 132 198 210 157 
81 198 109 211 210 
82 19 38 213 214 
83 38 21 215 213 
84 213 215 9 216 
85 214 213 216 22 
86 35 54 217 218 
87 54 37 219 217 
88 217 219 21 220 
89 218 217 220 38 
90 51 78 221 222 
91 78 53 223 221 
92 221 223 37 224 
93 222 221 224 54 
94 76 104 225 226 
95 104 75 227 225 
96 225 227 78 228 
97 226 225 228 51 
98 101 127 229 230 
99 127 103 231 229 
100 229 231 75 232 
101 230 229 232 104 
102 125 146 233 234 
103 146 124 235 233 
104 233 235 127 236 
105 234 233 236 101 
106 144 158 237 238 
107 237 239 146 240 
108 238 237 240 125 
109 155 243 241 242 
110 243 157 244 241 
111 241 244 143 245 
112 242 241 245 158 
113 130 247 246 186 
114 247 105 248 246 
115 249 251 195 252 
116 202 249 252 150 
117 186 255 253 254 
118 255 246 256 253 
119 253 256 196 250 
120 254 253 250 128 
121 128 259 257 258 
122 259 250 260 257 
123 257 260 249 261 
124 258 257 261 202 
125 262 263 124 264 
126 239 262 264 146 
127 157 266 265 244 
128 266 210 267 265 
129 143 268 269 270 
130 268 212 271 269 
131 269 271 262 272 
132 270 269 272 239 
133 244 275 273 274 
134 275 265 276 273 
135 273 276 268 277 
136 274 273 277 143 
137 278 280 194 281 
138 197 278 281 109 
139 283 131 284 282 
140 282 284 197 285 
141 251 282 285 195 
142 107 287 286 182 
143 287 82 288 286 
144 286 288 108 192 
145 182 286 192 105 
146 105 290 289 248 
147 290 192 291 289 
148 246 293 292 256 
149 293 248 294 292 
150 292 294 131 283 
151 256 292 283 196 
152 196 297 295 296 
153 297 283 298 295 
154 295 298 282 299 
155 296 295 299 251 
156 109 281 300 211 
157 281 194 301 300 
158 210 304 303 267 
159 304 211 305 303 
160 303 305 145 306 
161 124 209 307 235 
162 209 126 308 307 
163 307 308 103 309 
164 235 307 309 127 
165 310 311 209 312 
166 263 310 312 124 
167 212 306 313 271 
168 306 145 314 313 
169 313 314 263 315 
170 271 313 315 262 
171 267 318 316 317 
172 318 303 319 316 
173 316 319 306 320 
174 317 316 320 212 
175 248 322 321 294 
176 322 289 323 321 
177 294 321 324 131 
178 192 330 329 291 
179 330 108 331 329 
180 289 334 333 323 
181 334 291 335 333 
182 333 335 191 336 
183 323 333 336 279 
184 131 324 337 284 
185 324 279 338 337 
186 337 338 278 339 
187 284 337 339 197 
188 321 342 340 341 
189 342 323 343 340 
190 340 343 279 344 
191 341 340 344 324 
192 145 346 345 314 
193 345 347 310 348 
194 314 345 348 263 
195 211 350 349 305 
196 350 300 351 349 
197 349 351 302 346 
198 305 349 346 145 
199 355 357 126 358 
200 311 355 358 209 
201 302 360 359 347 
202 360 207 361 359 
203 359 361 311 362 
204 347 359 362 310 
205 346 365 363 364 
206 365 302 366 363 
207 363 366 347 367 
208 364 363 367 345 
209 368 369 59 370 
210 280 368 370 194 
211 291 372 371 335 
212 372 329 373 371 
213 371 373 332 374 
214 191 374 375 376 
215 374 332 377 375 
216 375 377 368 378 
217 376 375 378 280 
218 335 381 379 380 
219 381 371 382 379 
220 379 382 374 383 
221 380 379 383 191 
222 194 370 384 301 
223 370 59 385 384 
224 387 356 388 386 
225 386 388 355 389 
226 361 386 389 311 
227 301 392 390 391 
228 392 384 393 390 
229 390 393 356 387 
230 391 390 387 207 
231 207 396 394 395 
232 396 387 397 394 
233 394 397 386 398 
234 395 394 398 361 
235 57 400 399 174 
236 400 42 401 399 
237 399 401 58 89 
238 174 399 89 55 
239 55 403 402 178 
240 403 89 404 402 
241 402 404 88 188 
242 178 402 188 82 
243 82 406 405 288 
244 406 188 407 405 
245 405 407 187 326 
246 288 405 326 108 
247 108 409 408 331 
248 409 326 410 408 
249 329 413 412 373 
250 413 331 414 412 
251 373 412 415 332 
252 75 123 416 227 
253 123 77 417 416 
254 416 417 53 418 
255 227 416 418 78 
256 103 206 419 231 
257 206 121 420 419 
258 419 420 123 421 
259 231 419 421 75 
260 126 354 422 308 
261 354 204 423 422 
262 422 423 206 424 
263 308 422 424 103 
264 425 427 354 428 
265 357 425 428 126 
266 356 430 429 388 
267 429 431 357 432 
268 388 429 432 355 
269 433 434 328 435 
270 369 433 435 59 
271 331 437 436 414 
272 437 408 438 436 
273 332 415 440 377 
274 415 193 441 440 
275 440 441 369 442 
276 377 440 442 368 
277 412 445 443 444 
278 445 414 446 443 
279 443 446 193 447 
280 444 443 447 415 
281 59 435 448 385 
282 435 328 449 448 
283 384 451 450 393 
284 451 385 452 450 
285 450 452 208 430 
286 393 450 430 356 
287 453 455 425 456 
288 431 453 456 357 
289 430 459 457 458 
290 459 208 460 457 
291 457 460 431 461 
292 458 457 461 429 
293 88 467 466 189 
294 467 90 468 466 
295 466 468 5 469 
296 189 466 469 91 
297 187 471 470 327 
298 471 189 472 470 
299 470 472 91 473 
300 327 470 473 190 
301 326 475 474 410 
302 475 187 476 474 
303 474 476 327 477 
304 410 474 477 325 
305 408 479 478 438 
306 479 410 480 478 
307 478 480 325 481 
308 438 478 481 411 
309 193 439 482 441 
310 439 411 483 482 
311 482 483 433 484 
312 441 482 484 369 
313 436 487 485 486 
314 487 438 488 485 
315 485 488 411 489 
316 486 485 489 439 
317 385 491 490 452 
318 491 448 492 490 
319 490 492 426 454 
320 452 490 454 208 
321 91 469 496 205 
322 469 5 497 496 
323 496 497 122 498 
324 205 496 498 121 
325 190 473 499 353 
326 473 91 500 499 
327 499 500 205 501 
328 353 499 501 204 
329 352 503 502 427 
330 503 353 504 502 
331 502 504 204 505 
332 427 502 505 354 
333 426 507 506 455 
334 507 352 508 506 
335 506 508 427 509 
336 455 506 509 425 
337 454 512 510 511 
338 512 426 513 510 
339 510 513 455 514 
340 511 510 514 453 
341 468 524 522 523 
342 522 525 518 526 
343 523 522 526 5 
344 5 526 527 528 
345 526 518 529 527 
346 528 527 530 497 
347 7 532 531 162 
348 532 16 533 531 
349 531 533 15 32 
350 162 531 32 13 
351 13 535 534 166 
352 535 32 536 534 
353 534 536 31 48 
354 166 534 48 26 
355 26 538 537 170 
356 538 48 539 537 
357 537 539 47 85 
358 170 537 85 42 
359 42 541 540 401 
360 541 85 542 540 
361 540 542 84 463 
362 401 540 463 58 
363 58 545 543 544 
364 545 463 546 543 
365 543 546 462 516 
366 544 543 516 90 
367 90 549 547 548 
368 549 516 550 547 
369 547 550 515 524 
370 548 547 524 468 
371 15 552 551 33 
372 552 17 553 551 
373 551 553 8 554 
374 33 551 554 18 
375 31 556 555 49 
376 556 33 557 555 
377 555 557 18 558 
378 49 555 558 34 
379 560 49 561 559 
380 559 561 34 562 
381 462 568 567 517 
382 568 464 569 567 
383 567 569 87 570 
384 517 567 570 465 
385 515 572 571 525 
386 572 517 573 571 
387 571 573 465 574 
388 525 571 574 518 
389 524 577 575 576 
390 577 515 578 575 
391 575 578 525 579 
392 576 575 579 522 
393 18 554 580 45 
394 554 8 581 580 
395 580 581 29 582 
396 45 580 582 28 
397 34 558 583 73 
398 558 18 584 583 
399 583 584 45 585 
400 73 583 585 44 
401 562 34 587 586 
402 586 587 73 588 
403 465 570 592 520 
404 570 87 593 592 
405 592 593 494 594 
406 520 592 594 493 
407 518 574 595 529 
408 574 465 596 595 
409 595 596 520 597 
410 529 595 597 519 
411 21 46 598 215 
412 46 28 599 598 
413 598 599 30 600 
414 215 598 600 9 
415 37 74 601 219 
416 74 44 602 601 
417 601 602 46 603 
418 219 601 603 21 
419 53 120 604 223 
420 120 72 605 604 
421 604 605 74 606 
422 223 604 606 37 
423 77 495 607 417 
424 495 118 608 607 
425 607 608 120 609 
426 417 607 609 53 
427 122 521 610 611 
428 521 493 612 610 
429 610 612 495 613 
430 611 610 613 77 
431 497 530 614 615 
432 530 519 616 614 
433 614 616 521 617 
434 615 614 617 122 
435 527 620 618 619 
436 620 529 621 618 
437 618 621 519 622 
438 619 618 622 530 
439 569 632 630 631 
440 631 630 634 87 
441 87 634 635 636 
442 636 635 638 593 
443 85 640 639 542 
444 640 47 641 639 
445 639 641 86 564 
446 542 639 564 84 
447 84 644 642 643 
448 644 564 645 642 
449 642 645 563 624 
450 643 642 624 464 
451 464 648 646 647 
452 648 624 649 646 
453 646 649 623 632 
454 647 646 632 569 
455 86 651 650 565 
456 651 559 652 650 
457 650 652 562 653 
458 565 650 653 50 
459 655 565 656 654 
460 654 656 50 657 
461 632 664 662 663 
462 664 623 665 662 
463 663 662 666 630 
464 50 653 667 590 
465 653 562 668 667 
466 667 668 586 669 
467 590 667 669 119 
468 657 50 671 670 
469 670 671 590 672 
470 118 591 676 608 
471 591 119 677 676 
472 676 677 72 678 
473 608 676 678 120 
474 494 629 679 680 
475 629 589 681 679 
476 679 681 591 682 
477 680 679 682 118 
478 593 638 683 684 
479 638 627 685 683 
480 683 685 629 686 
481 684 683 686 494 
482 635 689 687 688 
483 687 690 627 691 
484 688 687 691 638 
485 624 693 692 649 
486 693 563 694 692 
487 692 694 625 659 
488 649 692 659 623 
489 623 696 695 665 
490 696 659 697 695 
491 630 666 699 700 
492 699 701 626 702 
493 700 699 702 634 
494 662 705 703 704 
495 705 665 706 703 
496 704 703 707 666 
497 634 702 708 709 
498 702 626 710 708 
499 709 708 689 635 
500 627 675 711 685 
501 675 628 712 711 
502 711 712 589 713 
503 685 711 713 629 
504 714 716 675 717 
505 690 714 717 627 
506 689 720 718 719 
507 718 721 690 722 
508 719 718 722 687 
509 723 724 661 725 
510 701 723 725 626 
511 665 727 726 706 
512 727 695 728 726 
513 666 707 730 731 
514 707 633 732 730 
515 730 732 701 733 
516 731 730 733 699 
517 703 736 734 735 
518 736 706 737 734 
519 734 737 633 738 
520 735 734 738 707 
521 626 725 739 710 
522 725 661 740 739 
523 708 743 741 742 
524 743 710 744 741 
525 741 744 637 720 
526 742 741 720 689 
527 745 747 714 748 
528 721 745 748 690 
529 720 751 749 750 
530 751 637 752 749 
531 749 752 721 753 
532 750 749 753 718 
533 633 729 754 732 
534 729 698 755 754 
535 754 755 723 756 
536 732 754 756 701 
537 706 758 757 737 
538 758 726 759 757 
539 757 759 729 760 
540 737 757 760 633 
541 710 762 761 744 
542 762 739 763 761 
543 761 763 715 746 
544 744 761 746 637 
545 637 765 764 752 
546 765 746 766 764 
547 764 766 745 767 
548 752 764 767 721 
549 769 654 770 768 
550 768 770 657 771 
551 659 773 772 697 
552 773 625 774 772 
553 695 777 776 728 
554 777 697 778 776 
555 776 778 658 779 
556 726 781 780 759 
557 781 728 782 780 
558 780 782 698 783 
559 759 780 783 729 
560 771 657 785 784 
561 784 785 670 786 
562 787 789 628 790 
563 716 787 790 675 
564 792 673 793 791 
565 791 793 716 794 
566 747 791 794 714 
567 746 796 795 766 
568 796 715 797 795 
569 795 797 747 798 
570 766 795 798 745 
571 799 800 566 801 
572 724 799 801 661 
573 698 779 802 755 
574 779 658 803 802 
575 802 803 724 804 
576 755 802 804 723 
577 728 806 805 782 
578 806 776 807 805 
579 805 807 779 808 
580 782 805 808 698 
581 661 801 809 740 
582 801 566 810 809 
583 739 812 811 763 
584 812 740 813 811 
585 811 813 673 792 
586 763 811 792 715 
587 715 815 814 797 
588 815 792 816 814 
589 814 816 791 817 
590 797 814 817 747 
591 818 820 799 821 
592 803 818 821 724 
593 697 823 822 778 
594 823 772 824 822 
595 822 824 775 819 
596 778 822 819 658 
597 658 827 825 826 
598 827 819 828 825 
599 825 828 818 829 
600 826 825 829 803 
601 740 831 830 813 
602 831 809 832 830 
603 673 833 834 793 
604 833 788 835 834 
605 834 835 787 836 
606 793 834 836 716 
607 813 839 837 838 
608 839 830 840 837 
609 837 840 833 841 
610 838 837 841 673 
611 660 843 842 800 
612 843 768 844 842 
613 842 844 771 845 
614 800 842 845 566 
615 775 847 846 820 
616 847 660 848 846 
617 846 848 800 849 
618 820 846 849 799 
619 819 851 850 828 
620 851 775 852 850 
621 850 852 820 853 
622 828 850 853 818 
623 566 845 854 810 
624 845 771 855 854 
625 854 855 784 856 
626 810 854 856 674 
627 809 858 857 832 
628 858 810 859 857 
629 857 859 674 860 
630 832 857 860 788 
631 830 862 861 840 
632 862 832 863 861 
633 861 863 788 864 
634 840 861 864 833 
635 1 867 865 866 
636 867 12 160 865 
637 865 160 10 62 
638 866 865 62 11 
639 16 869 868 533 
640 869 2 870 868 
641 868 870 17 552 
642 533 868 552 15 
643 20 94 871 872 
644 94 19 214 871 
645 871 214 22 873 
646 872 871 873 4 
647 10 876 874 875 
648 876 25 164 874 
649 874 164 23 66 
650 875 874 66 24 
651 28 582 877 599 
652 582 29 878 877 
653 877 878 3 879 
654 599 877 879 30 
655 32 881 880 536 
656 881 15 882 880 
657 880 882 33 556 
658 536 880 556 31 
659 36 97 883 884 
660 97 35 218 883 
661 883 218 38 885 
662 884 883 885 19 
663 23 888 886 887 
664 888 41 168 886 
665 886 168 39 70 
666 887 886 70 40 
667 44 585 889 602 
668 585 45 890 889 
669 889 890 28 891 
670 602 889 891 46 
671 48 893 892 539 
672 893 31 894 892 
673 892 894 49 560 
674 539 892 560 47 
675 52 100 895 896 
676 100 51 222 895 
677 895 222 54 897 
678 896 895 897 35 
679 70 900 898 899 
680 900 39 172 898 
681 898 172 56 112 
682 899 898 112 68 
683 72 588 901 605 
684 588 73 902 901 
685 901 902 44 903 
686 605 901 903 74 
687 56 906 904 905 
688 906 81 176 904 
689 904 176 79 116 
690 905 904 116 80 
691 89 908 907 404 
692 908 58 544 907 
693 907 544 90 467 
694 404 907 467 88 
695 98 135 909 910 
696 135 76 226 909 
697 909 226 51 911 
698 910 909 911 100 
699 102 138 912 913 
700 138 101 230 912 
701 912 230 104 914 
702 913 912 914 76 
703 116 917 915 916 
704 917 79 180 915 
705 915 180 106 141 
706 916 915 141 114 
707 121 498 918 420 
708 498 122 611 918 
709 918 611 77 919 
710 420 918 919 123 
711 136 154 920 921 
712 154 125 234 920 
713 920 234 101 922 
714 921 920 922 138 
715 183 925 923 924 
716 925 186 254 923 
717 923 254 128 201 
718 924 923 201 149 
719 188 927 926 407 
720 927 88 928 926 
721 926 928 189 471 
722 407 926 471 187 
723 204 501 929 423 
724 501 205 930 929 
725 929 930 121 931 
726 423 929 931 206 
727 158 245 932 933 
728 245 143 270 932 
729 932 270 239 934 
730 933 932 934 237 
731 250 936 935 260 
732 936 196 296 935 
733 935 296 251 937 
734 260 935 937 249 
735 265 939 938 276 
736 939 267 317 938 
737 938 317 212 940 
738 276 938 940 268 
739 279 336 941 338 
740 336 191 376 941 
741 941 376 280 942 
742 338 941 942 278 
743 300 944 943 351 
744 944 301 391 943 
745 943 391 207 360 
746 351 943 360 302 
747 325 477 945 434 
748 477 327 946 945 
749 945 946 190 947 
750 434 945 947 328 
751 328 947 948 449 
752 947 190 949 948 
753 948 949 353 503 
754 449 948 503 352 
755 411 481 950 483 
756 481 325 951 950 
757 950 951 434 952 
758 483 950 952 433 
759 414 954 953 446 
760 954 436 486 953 
761 953 486 439 955 
762 446 953 955 193 
763 448 957 956 492 
764 957 449 958 956 
765 956 958 352 507 
766 492 956 507 426 
767 208 960 959 460 
768 960 454 511 959 
769 959 511 453 961 
770 460 959 961 431 
771 463 963 962 546 
772 963 84 643 962 
773 962 643 464 568 
774 546 962 568 462 
775 493 594 964 612 
776 594 494 680 964 
777 964 680 118 965 
778 612 964 965 495 
779 516 967 966 550 
780 967 462 968 966 
781 966 968 517 572 
782 550 966 572 515 
783 519 597 969 616 
784 597 520 970 969 
785 969 970 493 971 
786 616 969 971 521 
787 47 973 972 641 
788 973 560 974 972 
789 972 974 559 651 
790 641 972 651 86 
791 564 976 975 645 
792 976 86 977 975 
793 975 977 565 655 
794 645 975 655 563 
795 119 669 978 677 
796 669 586 979 978 
797 978 979 588 980 
798 677 978 980 72 
799 589 672 981 681 
800 672 590 982 981 
801 981 982 119 983 
802 681 981 983 591 
803 563 985 984 694 
804 985 655 986 984 
805 984 986 654 769 
806 694 984 769 625 
807 628 786 987 712 
808 786 670 988 987 
809 987 988 672 989 
810 712 987 989 589 
811 625 991 990 774 
812 991 769 992 990 
813 990 992 768 843 
814 774 990 843 660 
815 772 994 993 824 
816 994 774 995 993 
817 993 995 660 847 
818 824 993 847 775 
819 674 856 996 789 
820 856 784 997 996 
821 996 997 786 998 
822 789 996 998 628 
823 788 860 999 835 
824 860 674 1000 999 
825 999 1000 789 1001 
826 835 999 1001 787 
