2 0.000000 100.000000 262.180540
991 820 
1 -11.368037 0.000000 -11.572610 99.756198 -0.001446 6.975619 0.000004 
2 13.641644 0.000000 -11.572610 99.756296 -0.012845 6.973601 0.000005 
3 13.641644 0.000000 11.572610 99.756799 0.015679 6.972899 -0.000004 
4 -11.368037 0.000000 11.572610 99.756631 0.001766 6.975635 -0.000004 
5 1.136804 0.000000 0.000000 102.564472 0.009404 6.746878 -0.056499 
6 -11.368037 0.000000 0.000000 99.756385 0.000173 6.975769 0.000000 
7 1.136804 0.000000 -11.572610 99.755622 -0.006868 6.974565 0.000017 
8 13.641644 0.000000 0.000000 99.790906 -0.207989 6.481342 -0.000028 
9 1.136804 0.000000 11.572610 99.757413 0.007842 6.974427 -0.000018 
10 -5.115617 0.000000 -5.786305 99.755546 -0.002623 6.975480 0.000017 
11 -11.368037 0.000000 -5.786305 99.756218 -0.000852 6.975697 0.000004 
12 -5.115617 0.000000 -11.572610 99.755909 -0.003127 6.975386 0.000010 
13 1.136804 0.000000 -5.786305 99.753489 -0.012359 6.971530 0.000064 
14 -5.115617 0.000000 0.000000 99.756092 0.000312 6.976178 0.000005 
15 7.389224 0.000000 -5.786305 99.755889 -0.025228 6.967424 0.000022 
16 7.389224 0.000000 -11.572610 99.755951 -0.010995 6.973738 0.000012 
17 13.641644 0.000000 -5.786305 99.756679 -0.026455 6.968227 0.000005 
18 7.389224 0.000000 0.000000 99.905432 -0.389243 4.840398 -0.000468 
19 -5.115617 0.000000 5.786305 99.757270 0.003223 6.975671 -0.000017 
20 -11.368037 0.000000 5.786305 99.756582 0.001192 6.975722 -0.000004 
21 1.136804 0.000000 5.786305 99.760498 0.014269 6.970854 -0.000075 
22 -5.115617 0.000000 11.572610 99.756987 0.003639 6.975409 -0.000011 
23 -1.989406 0.000000 -2.893153 99.753543 0.010258 6.972784 0.000061 
24 -5.115617 0.000000 -2.893153 99.755509 -0.001506 6.975783 0.000018 
25 -1.989406 0.000000 -5.786305 99.754501 -0.005555 6.974493 0.000040 
26 1.136804 0.000000 -2.893153 99.749304 -0.019913 6.960299 0.000163 
27 -1.989406 0.000000 0.000000 99.750839 0.001052 6.977957 0.000108 
28 7.389224 0.000000 5.786305 99.757971 0.030979 6.964802 -0.000016 
29 13.641644 0.000000 5.786305 99.757457 0.036913 6.962674 -0.000003 
30 7.389224 0.000000 11.572610 99.757103 0.012798 6.973339 -0.000011 
31 4.263014 0.000000 -2.893153 99.753133 -0.042187 6.941967 0.000112 
32 4.263014 0.000000 -5.786305 99.754482 -0.020935 6.968157 0.000049 
33 7.389224 0.000000 -2.893153 99.757443 -0.052399 6.945355 0.000021 
34 4.263014 0.000000 0.000000 100.010586 -0.730957 3.344655 -0.001384 
35 -1.989406 0.000000 2.893153 99.758149 0.006370 6.974920 -0.000034 
36 -5.115617 0.000000 2.893153 99.756984 0.002126 6.976055 -0.000012 
37 1.136804 0.000000 2.893153 99.774263 0.022952 6.954699 -0.000327 
38 -1.989406 0.000000 5.786305 99.758745 0.006519 6.974849 -0.000046 
39 -0.426301 0.000000 -1.446576 99.731858 0.002593 6.949323 0.000526 
40 -1.989406 0.000000 -1.446576 99.750309 0.006628 6.974956 0.000123 
41 -0.426301 0.000000 -2.893153 99.748383 -0.003800 6.968851 0.000170 
42 1.136804 0.000000 -1.446576 99.702706 -0.033758 6.919424 0.001149 
43 -0.426301 0.000000 0.000000 99.864760 -0.055610 7.038105 -0.002251 
44 4.263014 0.000000 2.893153 99.762416 0.053924 6.932802 -0.000061 
45 7.389224 0.000000 2.893153 99.760499 0.073502 6.925268 -0.000012 
46 4.263014 0.000000 5.786305 99.759144 0.024607 6.966552 -0.000042 
47 2.699909 0.000000 -1.446576 99.733335 -0.084741 6.844477 0.000641 
48 2.699909 0.000000 -2.893153 99.746660 -0.023071 6.946838 0.000234 
49 4.263014 0.000000 -1.446576 99.760375 -0.095865 6.848789 0.000095 
50 2.699909 0.000000 0.000000 100.359027 -0.970458 4.975346 -0.009763 
51 -0.426301 0.000000 1.446576 99.767074 0.008450 6.988322 -0.000231 
52 -1.989406 0.000000 1.446576 99.757054 0.001635 6.978194 -0.000017 
53 1.136804 0.000000 1.446576 99.789448 0.030225 6.893775 -0.000546 
54 -0.426301 0.000000 2.893153 99.764643 0.003147 6.971920 -0.000159 
55 0.355251 0.000000 -0.723288 99.737451 0.011042 6.714510 0.000736 
56 -0.426301 0.000000 -0.723288 99.661734 0.007883 6.966905 0.001900 
57 0.355251 0.000000 -1.446576 99.747805 -0.016403 6.928184 0.000238 
58 1.136804 0.000000 -0.723288 99.723614 -0.002584 6.807929 0.000885 
59 0.355251 0.000000 0.000000 60.143508 -0.008774 0.045487 0.638276 
60 -8.241827 0.000000 -2.893153 99.756114 -0.000697 6.975786 0.000006 
61 -11.368037 0.000000 -2.893153 99.756282 -0.000377 6.975743 0.000002 
62 -8.241827 0.000000 -5.786305 99.756025 -0.001416 6.975671 0.000008 
63 -8.241827 0.000000 0.000000 99.756337 0.000222 6.975870 0.000001 
64 -3.552511 0.000000 -1.446576 99.754703 -0.001169 6.976137 0.000033 
65 -5.115617 0.000000 -1.446576 99.755701 -0.000657 6.976007 0.000014 
66 -3.552511 0.000000 -2.893153 99.754595 -0.002430 6.975505 0.000036 
67 -3.552511 0.000000 0.000000 99.755543 0.000393 6.976698 0.000016 
68 -1.207854 0.000000 -0.723288 99.738743 0.003864 6.979358 0.000347 
69 -1.989406 0.000000 -0.723288 99.752866 -0.002745 6.964902 0.000086 
70 -1.207854 0.000000 -1.446576 99.742917 -0.003001 6.970115 0.000277 
71 -1.207854 0.000000 0.000000 99.741207 0.002879 6.981042 0.000296 
72 2.699909 0.000000 1.446576 99.756601 0.112733 6.816882 0.000214 
73 4.263014 0.000000 1.446576 99.771022 0.140871 6.786235 -0.000033 
74 2.699909 0.000000 2.893153 99.763584 0.038370 6.939426 -0.000093 
75 0.355251 0.000000 0.723288 99.955269 -0.009171 6.990425 -0.003992 
76 -0.426301 0.000000 0.723288 99.754756 -0.038642 7.001023 -0.000003 
77 1.136804 0.000000 0.723288 99.991878 0.024330 6.698534 -0.004325 
78 0.355251 0.000000 1.446576 99.807130 0.018867 6.963279 -0.000995 
79 -0.035525 0.000000 -0.361644 98.888721 -0.013862 6.801885 0.017476 
80 -0.426301 0.000000 -0.361644 99.685529 0.001432 7.026021 0.001343 
81 -0.035525 0.000000 -0.723288 99.584233 0.016874 6.832708 0.003629 
82 0.355251 0.000000 -0.361644 100.388018 0.110578 5.767857 -0.011103 
83 -0.035525 0.000000 0.000000 155.822637 -0.052205 7.319244 -1.433427 
84 1.918356 0.000000 -0.723288 99.619562 -0.081341 6.624148 0.003206 
85 1.918356 0.000000 -1.446576 99.714489 -0.054732 6.895030 0.000948 
86 2.699909 0.000000 -0.723288 99.766381 -0.168487 6.404859 0.000562 
87 1.918356 0.000000 0.000000 102.976740 0.002177 4.936362 -0.062858 
88 0.746027 0.000000 -0.361644 99.631112 0.029011 6.460085 0.003191 
89 0.746027 0.000000 -0.723288 99.690084 0.021826 6.861024 0.001481 
90 1.136804 0.000000 -0.361644 99.729941 -0.005192 6.217677 0.001528 
91 0.746027 0.000000 0.000000 102.906784 0.003344 6.572725 -0.063301 
92 -8.241827 0.000000 2.893153 99.756601 0.001140 6.975844 -0.000004 
93 -11.368037 0.000000 2.893153 99.756497 0.000722 6.975761 -0.000002 
94 -8.241827 0.000000 5.786305 99.756764 0.001849 6.975738 -0.000007 
95 -3.552511 0.000000 1.446576 99.756791 0.001955 6.976731 -0.000009 
96 -5.115617 0.000000 1.446576 99.756580 0.001280 6.976194 -0.000004 
97 -3.552511 0.000000 2.893153 99.757644 0.003222 6.976211 -0.000026 
98 -1.207854 0.000000 0.723288 99.752927 0.004791 6.982080 0.000060 
99 -1.989406 0.000000 0.723288 99.756862 -0.001529 6.988434 -0.000027 
100 -1.207854 0.000000 1.446576 99.758029 0.005510 6.981532 -0.000041 
101 -0.035525 0.000000 0.361644 99.394062 -0.145591 6.954092 0.007244 
102 -0.426301 0.000000 0.361644 99.760541 -0.009395 6.953275 -0.000051 
103 0.355251 0.000000 0.361644 100.876789 -0.028586 7.039052 -0.022568 
104 -0.035525 0.000000 0.723288 99.782849 -0.007938 7.051487 -0.000634 
105 0.159863 0.000000 -0.180822 97.667351 -0.079879 0.357391 0.046095 
106 -0.035525 0.000000 -0.180822 96.907351 0.240110 9.086831 0.052634 
107 0.159863 0.000000 -0.361644 99.071925 0.078493 5.667778 0.015262 
108 0.355251 0.000000 -0.180822 101.536027 0.157269 3.213576 -0.031992 
109 0.159863 0.000000 0.000000 103.873838 0.091655 0.142724 -0.078980 
110 -0.817078 0.000000 -0.361644 99.726245 -0.003159 6.986182 0.000587 
111 -1.207854 0.000000 -0.361644 99.737758 0.001667 6.977913 0.000369 
112 -0.817078 0.000000 -0.723288 99.722899 0.008328 6.972478 0.000673 
113 -0.817078 0.000000 0.000000 99.740987 -0.013486 6.998989 0.000275 
114 -0.230913 0.000000 -0.180822 99.993759 -0.022105 7.333461 -0.005253 
115 -0.426301 0.000000 -0.180822 99.775482 -0.047141 7.068634 -0.000511 
116 -0.230913 0.000000 -0.361644 99.414868 0.051552 7.185120 0.006506 
117 -0.230913 0.000000 0.000000 100.805222 -0.083793 7.089725 -0.021196 
118 1.918356 0.000000 0.723288 99.777980 0.104639 6.267267 0.000507 
119 2.699909 0.000000 0.723288 99.766390 0.262770 6.358346 0.000617 
120 1.918356 0.000000 1.446576 99.770520 0.068527 6.817432 -0.000064 
121 0.746027 0.000000 0.361644 99.857150 -0.024344 6.227366 -0.001023 
122 1.136804 0.000000 0.361644 100.285292 0.008120 6.393178 -0.009801 
123 0.746027 0.000000 0.723288 99.889733 -0.002771 6.760493 -0.002366 
124 0.159863 0.000000 0.180822 99.402715 -0.260629 10.432056 0.001020 
125 -0.035525 0.000000 0.180822 98.276628 0.061191 4.671078 0.031988 
126 0.355251 0.000000 0.180822 102.401511 -0.053398 5.955654 -0.052154 
127 0.159863 0.000000 0.361644 99.719245 -0.065648 7.574882 -0.000131 
128 0.062169 0.000000 -0.090411 84.909429 0.071000 -5.768498 0.275711 
129 -0.035525 0.000000 -0.090411 101.227624 0.089304 23.268338 -0.078846 
130 0.062169 0.000000 -0.180822 95.247830 0.094231 3.864080 0.091291 
131 0.159863 0.000000 -0.090411 97.527568 -0.069077 -13.035622 0.031844 
132 0.062169 0.000000 0.000000 176.930285 0.023450 0.782364 -2.130494 
133 -0.817078 0.000000 0.361644 99.747207 -0.005829 6.989310 0.000164 
134 -1.207854 0.000000 0.361644 99.745399 0.003920 6.982777 0.000210 
135 -0.817078 0.000000 0.723288 99.749810 0.004419 6.986284 0.000117 
136 -0.230913 0.000000 0.180822 100.219806 -0.075148 6.751848 -0.008960 
137 -0.426301 0.000000 0.180822 99.827922 0.001309 6.962746 -0.001409 
138 -0.230913 0.000000 0.361644 99.651998 -0.038446 6.800674 0.002323 
139 -0.133219 0.000000 -0.090411 102.315586 -0.035329 9.284785 -0.055469 
140 -0.230913 0.000000 -0.090411 100.440747 -0.063416 7.438312 -0.014368 
141 -0.133219 0.000000 -0.180822 99.541606 -0.131420 8.559794 0.001818 
142 -0.133219 0.000000 0.000000 105.097773 0.026193 7.282475 -0.109858 
143 0.062169 0.000000 0.090411 89.743205 -0.010503 12.304055 0.179477 
144 -0.035525 0.000000 0.090411 103.592905 0.018484 -8.248958 -0.079954 
145 0.159863 0.000000 0.090411 101.248650 -0.069419 13.792725 -0.044153 
146 0.062169 0.000000 0.180822 97.204689 -0.104939 8.369591 0.048119 
147 0.013322 0.000000 -0.045206 72.535551 0.161262 -14.141021 0.453860 
148 -0.035525 0.000000 -0.045206 137.511006 -0.020471 32.997788 -0.999813 
149 0.013322 0.000000 -0.090411 74.745151 0.001459 9.191243 0.432868 
150 0.062169 0.000000 -0.045206 174.556694 0.071533 -17.249145 -2.076758 
151 0.013322 0.000000 0.000000 223.500472 -0.003161 3.664386 -3.996589 
152 -0.133219 0.000000 0.090411 102.776125 -0.100824 5.151830 -0.058948 
153 -0.230913 0.000000 0.090411 100.580581 -0.094608 6.707954 -0.016146 
154 -0.133219 0.000000 0.180822 100.065249 -0.165443 5.572471 -0.004413 
155 0.013322 0.000000 0.045206 80.505707 -0.149507 15.945898 0.326454 
156 -0.035525 0.000000 0.045206 137.291306 -0.067746 -16.909273 -0.913483 
157 0.062169 0.000000 0.045206 172.927997 0.007944 18.111938 -2.023213 
158 0.013322 0.000000 0.090411 81.250160 -0.127615 1.499064 0.339615 
159 -1.989406 0.000000 -8.679458 99.755315 -0.005275 6.974828 0.000023 
160 -5.115617 0.000000 -8.679458 99.755739 -0.003065 6.975387 0.000014 
161 -1.989406 0.000000 -11.572610 99.755717 -0.004717 6.975061 0.000015 
162 1.136804 0.000000 -8.679458 99.755045 -0.008847 6.973756 0.000030 
163 -0.426301 0.000000 -4.339729 99.752271 -0.008994 6.972252 0.000087 
164 -1.989406 0.000000 -4.339729 99.753724 -0.005277 6.974327 0.000055 
165 -0.426301 0.000000 -5.786305 99.753881 -0.008368 6.973203 0.000054 
166 1.136804 0.000000 -4.339729 99.750540 0.000449 6.968480 0.000127 
167 0.355251 0.000000 -2.169864 99.757123 0.010265 6.951269 0.000020 
168 -0.426301 0.000000 -2.169864 99.745930 -0.007519 6.962412 0.000227 
169 0.355251 0.000000 -2.893153 99.750280 -0.013134 6.963813 0.000139 
170 1.136804 0.000000 -2.169864 99.768045 -0.032383 6.946063 -0.000191 
171 -0.035525 0.000000 -1.084932 99.710420 0.000859 6.903509 0.001017 
172 -0.426301 0.000000 -1.084932 99.724516 -0.006031 6.933492 0.000695 
173 -0.035525 0.000000 -1.446576 99.712770 -0.005923 6.948066 0.000909 
174 0.355251 0.000000 -1.084932 99.745647 0.002149 6.877319 0.000351 
175 0.159863 0.000000 -0.542466 99.518200 0.020378 6.495343 0.005394 
176 -0.035525 0.000000 -0.542466 99.449003 0.033965 6.755489 0.006426 
177 0.159863 0.000000 -0.723288 99.638513 0.017067 6.729285 0.002688 
178 0.355251 0.000000 -0.542466 99.765348 0.029101 6.495509 0.000468 
179 0.062169 0.000000 -0.271233 97.384722 0.170107 5.525383 0.048566 
180 -0.035525 0.000000 -0.271233 97.882215 0.019592 7.337446 0.036523 
181 0.062169 0.000000 -0.361644 98.676830 0.026146 6.232579 0.022404 
182 0.159863 0.000000 -0.271233 98.585383 0.240098 4.024154 0.026467 
183 0.013322 0.000000 -0.135617 91.672111 0.053773 7.763502 0.153595 
184 -0.035525 0.000000 -0.135617 97.121790 0.182880 12.095925 0.042101 
185 0.013322 0.000000 -0.180822 95.234529 0.185480 6.868086 0.088318 
186 0.062169 0.000000 -0.135617 92.487628 0.085809 1.290541 0.144437 
187 0.550639 0.000000 -0.180822 102.162552 0.000352 5.058893 -0.046278 
188 0.550639 0.000000 -0.361644 99.961614 0.052686 6.583497 -0.003567 
189 0.746027 0.000000 -0.180822 102.942332 0.013857 5.127695 -0.062342 
190 0.550639 0.000000 0.000000 102.197331 -0.006440 6.528548 -0.048692 
191 0.257557 0.000000 -0.090411 101.565249 0.056453 -10.027219 -0.041605 
192 0.257557 0.000000 -0.180822 100.114034 0.030051 1.096954 -0.002402 
193 0.355251 0.000000 -0.090411 104.975614 0.110046 -4.298273 -0.103837 
194 0.257557 0.000000 0.000000 72.898227 0.003271 0.065319 0.468584 
195 0.111016 0.000000 -0.045206 130.182425 -0.001193 -12.196486 -0.709622 
196 0.111016 0.000000 -0.090411 90.888174 -0.015471 -14.869821 0.151823 
197 0.159863 0.000000 -0.045206 102.813690 0.085773 -7.497323 -0.062687 
198 0.111016 0.000000 0.000000 132.839846 -0.015429 0.218622 -0.764647 
199 0.037745 0.000000 -0.067808 73.266802 0.175013 -14.125667 0.443241 
200 0.013322 0.000000 -0.067808 72.534833 0.164940 -13.778127 0.454883 
201 0.037745 0.000000 -0.090411 81.652026 0.051004 -1.978890 0.332903 
202 0.062169 0.000000 -0.067808 78.047655 0.115031 -14.857979 0.368779 
203 0.037745 0.000000 -0.045206 72.888724 0.177762 -14.211755 0.448523 
204 0.550639 0.000000 0.180822 102.230730 -0.016087 5.062251 -0.047675 
205 0.746027 0.000000 0.180822 103.069672 -0.005106 5.121220 -0.064958 
206 0.550639 0.000000 0.361644 100.246636 -0.061495 6.123371 -0.008689 
207 0.257557 0.000000 0.090411 104.240444 -0.003807 10.547179 -0.097731 
208 0.355251 0.000000 0.090411 106.481799 0.014500 4.621634 -0.135973 
209 0.257557 0.000000 0.180822 101.435211 -0.148453 8.692708 -0.036469 
210 0.111016 0.000000 0.045206 129.930966 -0.033602 12.477896 -0.703775 
211 0.159863 0.000000 0.045206 102.790794 0.029622 7.672929 -0.062482 
212 0.111016 0.000000 0.090411 95.538380 -0.116929 16.151267 0.061154 
213 -1.989406 0.000000 8.679458 99.757768 0.006094 6.974861 -0.000026 
214 -5.115617 0.000000 8.679458 99.757160 0.003624 6.975465 -0.000015 
215 1.136804 0.000000 8.679458 99.758204 0.010141 6.973498 -0.000033 
216 -1.989406 0.000000 11.572610 99.757256 0.005412 6.975038 -0.000016 
217 -0.426301 0.000000 4.339729 99.762278 0.010511 6.972937 -0.000113 
218 -1.989406 0.000000 4.339729 99.759435 0.006305 6.975236 -0.000060 
219 1.136804 0.000000 4.339729 99.764787 0.002502 6.967067 -0.000155 
220 -0.426301 0.000000 5.786305 99.759900 0.009696 6.973356 -0.000067 
221 0.355251 0.000000 2.169864 99.783501 0.011538 6.967044 -0.000529 
222 -0.426301 0.000000 2.169864 99.769352 0.009947 6.977630 -0.000261 
223 1.136804 0.000000 2.169864 99.807548 0.023265 6.941523 -0.000973 
224 0.355251 0.000000 2.893153 99.772442 0.015450 6.966706 -0.000308 
225 -0.035525 0.000000 1.084932 99.791794 -0.011748 7.006272 -0.000749 
226 -0.426301 0.000000 1.084932 99.769604 0.004434 7.004261 -0.000303 
227 0.355251 0.000000 1.084932 99.847236 -0.005368 6.974796 -0.001812 
228 -0.035525 0.000000 1.446576 99.764239 0.008037 6.971887 -0.000151 
229 0.159863 0.000000 0.542466 99.837303 -0.078115 7.159730 -0.001875 
230 -0.035525 0.000000 0.542466 99.677309 -0.005367 7.078072 0.001434 
231 0.355251 0.000000 0.542466 100.066674 -0.066852 6.985538 -0.006214 
232 0.159863 0.000000 0.723288 99.866590 -0.009682 7.064434 -0.002324 
233 0.062169 0.000000 0.271233 98.389907 -0.011589 7.687324 0.026033 
234 -0.035525 0.000000 0.271233 98.646170 -0.040094 6.421586 0.022769 
235 0.159863 0.000000 0.271233 99.586939 -0.048456 8.561392 0.000914 
236 0.062169 0.000000 0.361644 99.291791 -0.119740 7.288027 0.008801 
237 0.013322 0.000000 0.135617 94.611631 -0.047501 4.807673 0.102552 
238 -0.035525 0.000000 0.135617 99.028265 0.088855 1.887836 0.018983 
239 0.062169 0.000000 0.135617 95.470983 -0.122280 9.479021 0.079542 
240 0.013322 0.000000 0.180822 97.051305 0.010249 6.221337 0.054234 
241 0.037745 0.000000 0.067808 80.900089 -0.064504 16.060771 0.319722 
242 0.013322 0.000000 0.067808 80.441700 -0.145461 16.007701 0.327287 
243 0.037745 0.000000 0.045206 80.665679 -0.054903 15.982051 0.323762 
244 0.062169 0.000000 0.067808 84.778799 -0.085878 16.548781 0.253869 
245 0.037745 0.000000 0.090411 87.039105 -0.013407 10.047178 0.232325 
246 0.111016 0.000000 -0.135617 95.331238 0.001036 -1.944785 0.090817 
247 0.111016 0.000000 -0.180822 96.433710 0.031320 1.702941 0.069764 
248 0.159863 0.000000 -0.135617 97.457466 -0.184653 -3.383729 0.049056 
249 0.086592 0.000000 -0.067808 90.109841 -0.104236 -14.777964 0.166182 
250 0.086592 0.000000 -0.090411 90.518844 -0.126374 -15.017345 0.158080 
251 0.111016 0.000000 -0.067808 90.900005 -0.023841 -14.820897 0.151753 
252 0.086592 0.000000 -0.045206 150.445543 0.026075 -15.340232 -1.286918 
253 0.086592 0.000000 -0.113014 92.057944 0.088546 -4.158538 0.150803 
254 0.062169 0.000000 -0.113014 89.430682 0.115838 -1.483563 0.199994 
255 0.086592 0.000000 -0.135617 93.861175 0.086559 -0.662497 0.118963 
256 0.111016 0.000000 -0.113014 94.457983 0.007816 -5.469745 0.104777 
257 0.074381 0.000000 -0.079110 87.123398 -0.051661 -14.801165 0.219044 
258 0.062169 0.000000 -0.079110 78.961042 0.098707 -14.931750 0.354219 
259 0.074381 0.000000 -0.090411 85.859439 0.064800 -9.271399 0.254219 
260 0.086592 0.000000 -0.079110 90.245152 -0.101148 -14.833948 0.163576 
261 0.074381 0.000000 -0.067808 85.152572 -0.015029 -14.837283 0.252889 
262 0.111016 0.000000 0.135617 98.015922 -0.093048 11.470313 0.026130 
263 0.159863 0.000000 0.135617 99.894580 -0.319529 11.795140 -0.011815 
264 0.111016 0.000000 0.180822 98.307664 -0.178366 9.742395 0.024066 
265 0.086592 0.000000 0.067808 95.110400 -0.051794 16.071286 0.069572 
266 0.086592 0.000000 0.045206 149.701038 0.002824 15.687043 -1.265648 
267 0.111016 0.000000 0.067808 95.567724 -0.104335 16.168336 0.060538 
268 0.086592 0.000000 0.090411 95.494089 -0.055552 16.098256 0.062172 
269 0.086592 0.000000 0.113014 95.557957 -0.074436 12.471352 0.071314 
270 0.062169 0.000000 0.113014 93.212721 -0.062099 10.765306 0.119549 
271 0.111016 0.000000 0.113014 97.727386 -0.089856 13.001139 0.028032 
272 0.086592 0.000000 0.135617 96.704951 -0.077418 10.770991 0.053213 
273 0.074381 0.000000 0.079110 92.619244 -0.045568 15.999086 0.116570 
274 0.062169 0.000000 0.079110 85.589468 -0.080586 16.451867 0.240377 
275 0.074381 0.000000 0.067808 90.922054 -0.053621 16.113054 0.147355 
276 0.086592 0.000000 0.079110 95.216156 -0.055377 16.081736 0.067526 
277 0.074381 0.000000 0.090411 90.577827 -0.049568 14.918536 0.157309 
278 0.208710 0.000000 -0.045206 84.168856 0.004604 -4.686483 0.289364 
279 0.208710 0.000000 -0.090411 98.917885 -0.026370 -12.388607 0.006177 
280 0.257557 0.000000 -0.045206 72.137205 0.032360 -3.645531 0.478293 
281 0.208710 0.000000 0.000000 85.347945 0.080682 0.113792 0.271571 
282 0.135439 0.000000 -0.067808 91.503572 0.014445 -15.172526 0.139689 
283 0.135439 0.000000 -0.090411 92.653984 -0.006070 -14.777417 0.119687 
284 0.159863 0.000000 -0.067808 101.592139 0.036651 -11.150113 -0.044529 
285 0.135439 0.000000 -0.045206 114.941484 0.064911 -9.631093 -0.330431 
286 0.257557 0.000000 -0.271233 99.965600 0.105993 4.220481 -0.001094 
287 0.257557 0.000000 -0.361644 99.971245 0.090083 5.454887 -0.002401 
288 0.355251 0.000000 -0.271233 100.506357 0.068791 5.213620 -0.012871 
289 0.208710 0.000000 -0.135617 99.139805 -0.151617 -3.550731 0.015867 
290 0.208710 0.000000 -0.180822 98.791379 -0.005229 0.271872 0.024019 
291 0.257557 0.000000 -0.135617 100.370294 0.152310 -2.985301 -0.008313 
292 0.135439 0.000000 -0.113014 95.810174 -0.034882 -6.114889 0.078302 
293 0.135439 0.000000 -0.135617 96.523651 -0.117212 -2.701215 0.067587 
294 0.159863 0.000000 -0.113014 96.969230 -0.156005 -6.791067 0.055083 
295 0.123228 0.000000 -0.079110 91.026423 0.009331 -14.975753 0.148992 
296 0.111016 0.000000 -0.079110 90.894821 -0.018688 -14.922659 0.151545 
297 0.123228 0.000000 -0.090411 90.866692 0.001775 -15.069336 0.151616 
298 0.135439 0.000000 -0.079110 92.606075 -0.003394 -14.973865 0.119990 
299 0.123228 0.000000 -0.067808 90.871465 -0.001217 -15.070373 0.151526 
300 0.208710 0.000000 0.045206 84.178590 -0.014819 4.864657 0.289030 
301 0.257557 0.000000 0.045206 72.179110 -0.009467 3.736070 0.477622 
302 0.208710 0.000000 0.090411 102.276311 -0.070118 13.072321 -0.063133 
303 0.135439 0.000000 0.067808 96.006402 -0.155774 16.181825 0.052089 
304 0.135439 0.000000 0.045206 114.653389 -0.077928 9.879196 -0.324300 
305 0.159863 0.000000 0.067808 101.618045 -0.031862 11.198821 -0.045164 
306 0.135439 0.000000 0.090411 97.016199 -0.131157 15.740087 0.034009 
307 0.257557 0.000000 0.271233 100.832995 -0.157847 7.910141 -0.022989 
308 0.355251 0.000000 0.271233 101.185736 -0.185924 6.588224 -0.028199 
309 0.257557 0.000000 0.361644 100.548096 -0.075139 7.534340 -0.016669 
310 0.208710 0.000000 0.135617 101.333806 -0.293327 10.974186 -0.038906 
311 0.257557 0.000000 0.135617 102.247437 0.044932 9.636879 -0.054741 
312 0.208710 0.000000 0.180822 100.356764 -0.197278 9.933083 -0.017019 
313 0.135439 0.000000 0.113014 98.972655 -0.146454 12.888238 0.003829 
314 0.159863 0.000000 0.113014 99.913888 -0.268684 12.785621 -0.014633 
315 0.135439 0.000000 0.135617 99.090378 -0.230920 11.663175 0.004501 
316 0.123228 0.000000 0.079110 95.598117 -0.149373 16.142351 0.060040 
317 0.111016 0.000000 0.079110 95.562172 -0.110093 16.143844 0.060724 
318 0.123228 0.000000 0.067808 95.508894 -0.135109 16.099317 0.061884 
319 0.135439 0.000000 0.079110 96.984547 -0.129267 15.948638 0.033962 
320 0.123228 0.000000 0.090411 95.495169 -0.140127 16.096832 0.062155 
321 0.184287 0.000000 -0.067808 91.466365 -0.005507 -9.445601 0.154468 
322 0.184287 0.000000 -0.090411 97.518715 -0.039459 -12.895595 0.032380 
323 0.208710 0.000000 -0.067808 82.070606 0.067531 -7.508642 0.320803 
324 0.184287 0.000000 -0.045206 92.556427 -0.057039 -6.047809 0.139673 
325 0.184287 0.000000 0.067808 91.606297 -0.118826 9.585678 0.151639 
326 0.184287 0.000000 0.045206 92.586784 -0.113777 6.217948 0.138901 
327 0.208710 0.000000 0.067808 82.086369 -0.012676 7.661005 0.320314 
328 0.184287 0.000000 0.090411 101.166077 -0.099107 13.828406 -0.042581 
329 0.452945 0.000000 -0.090411 98.912635 0.003978 2.820229 0.020834 
330 0.452945 0.000000 -0.180822 99.938306 -0.001466 1.180217 0.001094 
331 0.550639 0.000000 -0.090411 101.575896 -0.002629 5.558416 -0.034856 
332 0.452945 0.000000 0.000000 102.197330 -0.006440 6.528548 -0.048692 
333 0.306404 0.000000 -0.135617 101.820807 0.160830 -1.230024 -0.036902 
334 0.306404 0.000000 -0.180822 100.889801 0.124388 1.924703 -0.018247 
335 0.355251 0.000000 -0.135617 104.272939 0.206258 0.050681 -0.087289 
336 0.306404 0.000000 -0.090411 103.670238 0.128637 -6.306023 -0.078730 
337 0.233134 0.000000 -0.113014 100.148172 0.025714 -6.191649 -0.006799 
338 0.208710 0.000000 -0.113014 100.202910 -0.054779 -7.233907 -0.009296 
339 0.233134 0.000000 -0.135617 99.592658 -0.007514 -3.135883 0.007147 
340 0.257557 0.000000 -0.113014 101.583843 0.044891 -10.029307 -0.041987 
341 0.233134 0.000000 -0.090411 101.576190 -0.021368 -10.030169 -0.041833 
342 0.452945 0.000000 0.090411 99.063454 -0.027037 2.813562 0.017852 
343 0.550639 0.000000 0.090411 101.631555 -0.013704 5.558025 -0.035986 
344 0.452945 0.000000 0.180822 100.070599 -0.027037 1.178037 -0.001551 
345 0.306404 0.000000 0.135617 103.358012 0.037694 7.252028 -0.073547 
346 0.306404 0.000000 0.090411 105.600551 -0.008406 6.681013 -0.119611 
347 0.355251 0.000000 0.135617 105.494737 -0.028890 5.491256 -0.115929 
348 0.306404 0.000000 0.180822 101.979539 -0.093121 7.478769 -0.045577 
349 0.233134 0.000000 0.113014 102.601281 -0.077507 10.213376 -0.063134 
350 0.208710 0.000000 0.113014 102.926713 -0.125530 11.983429 -0.073753 
351 0.233134 0.000000 0.090411 104.322069 -0.024452 10.556377 -0.099453 
352 0.257557 0.000000 0.113014 104.260891 -0.011790 10.549518 -0.098163 
353 0.233134 0.000000 0.135617 101.654617 -0.126650 10.135103 -0.043640 
354 0.306404 0.000000 -0.045206 64.012119 0.174552 -1.949788 0.589862 
355 0.355251 0.000000 -0.045206 59.384666 0.005427 -0.901209 0.647265 
356 0.306404 0.000000 0.000000 64.623368 0.028060 0.022820 0.582382 
357 0.281981 0.000000 -0.113014 102.836461 0.147070 -8.253325 -0.064348 
358 0.281981 0.000000 -0.135617 101.489673 0.147802 -2.053578 -0.030439 
359 0.306404 0.000000 -0.113014 103.670475 0.120758 -6.306974 -0.078736 
360 0.281981 0.000000 -0.090411 102.615269 0.140664 -8.573510 -0.060342 
361 0.281981 0.000000 -0.067808 66.187008 0.192352 -4.227831 0.560137 
362 0.257557 0.000000 -0.067808 71.422096 0.041607 -5.655845 0.486689 
363 0.306404 0.000000 -0.067808 63.477193 0.164401 -2.778660 0.596290 
364 0.281981 0.000000 -0.045206 67.306444 0.144060 -2.846391 0.546172 
365 0.269769 0.000000 -0.101712 101.777677 0.103596 -9.800788 -0.045476 
366 0.257557 0.000000 -0.101712 101.564410 0.056975 -10.027125 -0.041588 
367 0.269769 0.000000 -0.113014 101.766673 0.120048 -10.046625 -0.045740 
368 0.281981 0.000000 -0.101712 102.591613 0.153174 -9.215521 -0.060999 
369 0.269769 0.000000 -0.090411 101.676413 0.097906 -10.037821 -0.043886 
370 0.306404 0.000000 0.045206 64.163254 0.018642 1.971994 0.587919 
371 0.355251 0.000000 0.045206 59.356058 -0.023965 0.991810 0.647587 
372 0.281981 0.000000 0.113014 105.141317 0.080686 8.702300 -0.113043 
373 0.281981 0.000000 0.090411 104.983395 0.074330 9.034868 -0.110315 
374 0.306404 0.000000 0.113014 105.586329 -0.027633 6.680126 -0.119310 
375 0.281981 0.000000 0.135617 103.215693 -0.015811 8.398127 -0.072401 
376 0.281981 0.000000 0.067808 66.173432 0.126501 4.274766 0.560279 
377 0.257557 0.000000 0.067808 71.498868 -0.013999 5.747341 0.485488 
378 0.281981 0.000000 0.045206 67.384503 0.081851 2.958252 0.545057 
379 0.306404 0.000000 0.067808 63.599961 -0.011433 2.796736 0.594722 
380 0.269769 0.000000 0.101712 104.391419 0.040767 10.309971 -0.100387 
381 0.257557 0.000000 0.101712 104.239522 -0.003447 10.547074 -0.097712 
382 0.269769 0.000000 0.090411 104.327660 0.037468 10.555166 -0.099567 
383 0.281981 0.000000 0.101712 105.035394 0.111917 9.695710 -0.112645 
384 0.269769 0.000000 0.113014 104.402122 0.061713 10.562275 -0.101137 
385 0.746027 0.000000 -1.084932 99.752714 -0.009172 6.893764 0.000187 
386 0.746027 0.000000 -1.446576 99.750230 -0.024271 6.927260 0.000190 
387 1.136804 0.000000 -1.084932 99.755737 -0.042291 6.895193 0.000125 
388 0.550639 0.000000 -0.542466 99.744443 0.034709 6.740204 0.000561 
389 0.550639 0.000000 -0.723288 99.759477 0.010733 6.771318 0.000220 
390 0.746027 0.000000 -0.542466 99.741949 0.039729 6.734506 0.000619 
391 0.452945 0.000000 -0.271233 100.247220 0.102790 6.091890 -0.008663 
392 0.452945 0.000000 -0.361644 100.281818 0.101850 6.398862 -0.009740 
393 0.550639 0.000000 -0.271233 102.150728 -0.003714 1.884768 -0.043832 
394 0.404098 0.000000 -0.135617 97.729888 0.000745 0.453782 0.044866 
395 0.404098 0.000000 -0.180822 101.693162 0.126164 5.023450 -0.036675 
396 0.452945 0.000000 -0.135617 99.109468 0.002902 2.234170 0.017232 
397 0.404098 0.000000 -0.090411 100.795254 0.031543 -1.122158 -0.016094 
398 0.330828 0.000000 -0.113014 103.691644 0.136356 -6.312558 -0.079182 
399 0.330828 0.000000 -0.135617 102.217826 0.146441 -1.153601 -0.044984 
400 0.355251 0.000000 -0.113014 104.847028 0.117069 -4.544665 -0.101357 
401 0.330828 0.000000 -0.090411 103.684617 0.135312 -6.312093 -0.079036 
402 0.746027 0.000000 1.084932 99.865085 0.013684 6.899897 -0.002064 
403 1.136804 0.000000 1.084932 99.878018 0.027473 6.828462 -0.002225 
404 0.746027 0.000000 1.446576 99.818212 0.022256 6.928541 -0.001168 
405 0.550639 0.000000 0.542466 99.978812 -0.033908 6.664050 -0.004017 
406 0.746027 0.000000 0.542466 99.970394 -0.002466 6.649830 -0.003830 
407 0.550639 0.000000 0.723288 99.948600 -0.009791 6.874953 -0.003699 
408 0.452945 0.000000 0.271233 100.722885 -0.063837 5.604940 -0.017652 
409 0.550639 0.000000 0.271233 102.232852 -0.017817 1.883077 -0.045510 
410 0.452945 0.000000 0.361644 100.648036 -0.031155 6.334850 -0.017016 
411 0.404098 0.000000 0.135617 97.912270 -0.036207 0.451086 0.041298 
412 0.404098 0.000000 0.090411 101.368104 0.026668 1.933254 -0.027923 
413 0.452945 0.000000 0.135617 99.257316 -0.027481 2.229129 0.014302 
414 0.404098 0.000000 0.180822 102.351350 -0.093843 3.948343 -0.049140 
415 0.330828 0.000000 0.113014 105.654823 -0.032939 6.687068 -0.120766 
416 0.330828 0.000000 0.090411 105.647187 -0.033709 6.686572 -0.120604 
417 0.355251 0.000000 0.113014 106.411744 0.011514 4.874375 -0.134722 
418 0.330828 0.000000 0.135617 103.578517 0.028657 6.931184 -0.077655 
419 0.404098 0.000000 -0.045206 59.151130 0.031674 1.112231 0.649991 
420 0.452945 0.000000 -0.045206 99.634244 0.004360 4.423120 0.005345 
421 0.404098 0.000000 0.000000 60.338330 0.021950 0.002583 0.635929 
422 0.379675 0.000000 -0.113014 104.437804 0.075915 -2.099166 -0.091167 
423 0.379675 0.000000 -0.135617 104.087188 0.149805 1.862766 -0.083764 
424 0.404098 0.000000 -0.113014 100.281938 0.038052 -1.591219 -0.005900 
425 0.379675 0.000000 -0.090411 104.098378 0.070431 -2.091897 -0.084085 
426 0.330828 0.000000 -0.067808 60.900368 0.092941 -2.737933 0.628364 
427 0.355251 0.000000 -0.067808 58.020976 0.027359 -1.628497 0.663091 
428 0.330828 0.000000 -0.045206 61.371509 0.011463 -1.711077 0.623061 
429 0.343039 0.000000 -0.101712 104.190426 0.143222 -5.973517 -0.089135 
430 0.330828 0.000000 -0.101712 103.687254 0.135704 -6.312268 -0.079091 
431 0.343039 0.000000 -0.113014 104.276588 0.136556 -5.856411 -0.090792 
432 0.355251 0.000000 -0.101712 104.970182 0.110643 -4.620091 -0.104010 
433 0.343039 0.000000 -0.090411 103.983500 0.145574 -6.330895 -0.085267 
434 0.404098 0.000000 0.045206 59.208917 -0.000149 -1.156942 0.649297 
435 0.452945 0.000000 0.045206 99.761172 -0.022285 4.417699 0.002819 
436 0.330828 0.000000 0.067808 61.053600 -0.063488 2.805643 0.626458 
437 0.330828 0.000000 0.045206 61.446884 -0.057778 1.760716 0.622118 
438 0.355251 0.000000 0.067808 58.055845 -0.032257 1.691857 0.662666 
439 0.379675 0.000000 0.113014 105.356893 0.040393 2.371705 -0.110570 
440 0.379675 0.000000 0.090411 104.959712 0.045542 2.363198 -0.102213 
441 0.404098 0.000000 0.113014 100.913887 0.030502 2.110061 -0.018807 
442 0.379675 0.000000 0.135617 105.128070 -0.045499 3.493480 -0.106412 
443 0.343039 0.000000 0.101712 106.063440 -0.006934 6.337889 -0.128962 
444 0.330828 0.000000 0.101712 105.650053 -0.033420 6.686758 -0.120665 
445 0.343039 0.000000 0.090411 105.919189 -0.013555 6.703451 -0.126381 
446 0.355251 0.000000 0.101712 106.538014 0.013334 4.950056 -0.137485 
447 0.343039 0.000000 0.113014 106.117243 -0.005940 6.217348 -0.129952 
448 1.527580 0.000000 -0.361644 99.688326 -0.032653 6.173181 0.002413 
449 1.527580 0.000000 -0.723288 99.664706 -0.045111 6.761840 0.002122 
450 1.918356 0.000000 -0.361644 99.277990 -0.099067 5.647455 0.011198 
451 1.527580 0.000000 0.000000 100.450950 0.007593 5.963135 -0.012595 
452 0.941416 0.000000 -0.180822 102.967747 0.022889 5.150066 -0.062888 
453 0.941416 0.000000 -0.361644 99.644914 0.022363 6.297413 0.003123 
454 1.136804 0.000000 -0.180822 102.332703 0.022325 4.566059 -0.049283 
455 0.941416 0.000000 0.000000 103.039053 0.010422 6.676217 -0.066162 
456 0.648333 0.000000 -0.090411 102.438087 0.000886 5.598516 -0.052491 
457 0.648333 0.000000 -0.180822 102.522653 0.008403 4.587501 -0.053194 
458 0.746027 0.000000 -0.090411 103.032025 0.010434 6.246208 -0.065461 
459 0.648333 0.000000 0.000000 102.639833 -0.000337 6.556103 -0.057792 
460 0.501792 0.000000 -0.135617 99.794263 0.002820 3.348719 0.002989 
461 0.501792 0.000000 -0.180822 101.494647 -0.000732 3.171395 -0.031122 
462 0.550639 0.000000 -0.135617 102.165607 -0.000175 5.845240 -0.047198 
463 0.501792 0.000000 -0.090411 99.777364 0.002976 4.452268 0.002465 
464 0.428522 0.000000 -0.113014 97.344861 0.028823 -0.654605 0.052355 
465 0.428522 0.000000 -0.135617 99.068694 0.001168 1.270462 0.018378 
466 0.452945 0.000000 -0.113014 98.946878 0.002817 2.280703 0.020431 
467 0.428522 0.000000 -0.090411 98.065479 0.020100 0.152622 0.038314 
468 0.379675 0.000000 -0.067808 57.487670 0.059495 -0.037963 0.669516 
469 0.404098 0.000000 -0.067808 97.740506 0.003591 1.057980 0.044567 
470 0.379675 0.000000 -0.045206 58.480355 0.027648 -0.051110 0.658004 
471 0.391886 0.000000 -0.101712 102.607663 0.047308 -1.885475 -0.053189 
472 0.379675 0.000000 -0.101712 104.446884 0.076400 -2.099403 -0.091356 
473 0.391886 0.000000 -0.113014 102.495437 0.047227 -1.843725 -0.050872 
474 0.404098 0.000000 -0.101712 100.349454 0.038449 -1.623359 -0.007265 
475 0.391886 0.000000 -0.090411 102.271064 0.046780 -1.747324 -0.046243 
476 0.379675 0.000000 0.067808 57.528351 0.007706 0.054246 0.669049 
477 0.379675 0.000000 0.045206 58.558986 -0.016765 0.060658 0.657084 
478 0.404098 0.000000 0.067808 97.920454 -0.032240 1.052275 0.041048 
479 1.527580 0.000000 0.361644 100.383227 0.036294 5.223526 -0.010408 
480 1.918356 0.000000 0.361644 100.055661 0.139717 4.489007 -0.003131 
481 1.527580 0.000000 0.723288 99.976913 0.039318 6.445805 -0.003693 
482 0.941416 0.000000 0.180822 103.252484 0.002946 5.129079 -0.068738 
483 1.136804 0.000000 0.180822 102.784395 0.002852 4.526625 -0.058512 
484 0.941416 0.000000 0.361644 99.937152 0.010675 6.420357 -0.002866 
485 0.648333 0.000000 0.090411 102.495114 -0.008095 5.596220 -0.053657 
486 0.746027 0.000000 0.090411 103.083514 0.001275 6.246050 -0.066522 
487 0.648333 0.000000 0.180822 102.627346 -0.010315 4.586868 -0.055341 
488 0.501792 0.000000 0.135617 99.921828 -0.024103 3.346509 0.000443 
489 0.501792 0.000000 0.090411 99.895922 -0.021440 4.446554 0.000103 
490 0.550639 0.000000 0.135617 102.224463 -0.013873 5.846413 -0.048402 
491 0.501792 0.000000 0.180822 101.586664 -0.021519 3.170951 -0.032991 
492 0.428522 0.000000 0.113014 97.768706 -0.009957 1.781409 0.043811 
493 0.428522 0.000000 0.090411 98.409882 -0.013909 1.826778 0.031216 
494 0.452945 0.000000 0.113014 99.097565 -0.028327 2.276688 0.017449 
495 0.428522 0.000000 0.135617 99.219348 -0.028246 1.266231 0.015392 
496 0.391886 0.000000 0.101712 103.346281 0.046416 2.201449 -0.068530 
497 0.379675 0.000000 0.101712 105.365201 0.040287 2.371915 -0.110745 
498 0.391886 0.000000 0.090411 102.981978 0.039368 2.098294 -0.060969 
499 0.404098 0.000000 0.101712 100.987830 0.031583 2.124703 -0.020306 
500 0.391886 0.000000 0.113014 103.225681 0.044143 2.170121 -0.066025 
501 1.332192 0.000000 -0.180822 99.131431 0.003593 4.150705 0.015573 
502 1.332192 0.000000 -0.361644 99.681237 -0.003073 6.328591 0.002360 
503 1.527580 0.000000 -0.180822 100.406045 -0.005308 4.667306 -0.010316 
504 1.332192 0.000000 0.000000 99.679284 -0.001653 6.337046 0.002388 
505 1.332192 0.000000 0.180822 100.570453 -0.005694 3.096258 -0.012400 
506 1.527580 0.000000 0.180822 100.929756 0.023176 3.881489 -0.020188 
507 1.332192 0.000000 0.361644 100.578520 0.023420 5.760604 -0.014922 
508 1.234498 0.000000 -0.090411 97.761260 0.002334 1.917730 0.043906 
509 1.136804 0.000000 -0.090411 101.083578 0.012043 5.419691 -0.024726 
510 1.234498 0.000000 -0.180822 100.641990 0.022218 0.793129 -0.012944 
511 1.332192 0.000000 -0.090411 98.085740 -0.002367 3.566421 0.036647 
512 1.234498 0.000000 0.000000 67.966525 -0.014757 0.015110 0.538055 
513 1.234498 0.000000 0.090411 98.601148 0.007241 1.858854 0.027436 
514 1.136804 0.000000 0.090411 101.470636 0.007651 5.402822 -0.032548 
515 1.332192 0.000000 0.090411 98.947581 -0.005761 3.377468 0.019797 
516 1.234498 0.000000 0.180822 101.236904 0.010896 0.786888 -0.024953 
517 4.263014 0.000000 -8.679458 99.755313 -0.012841 6.972626 0.000026 
518 4.263014 0.000000 -11.572610 99.755725 -0.009156 6.974060 0.000016 
519 7.389224 0.000000 -8.679458 99.755838 -0.015629 6.972084 0.000016 
520 2.699909 0.000000 -4.339729 99.749165 -0.022444 6.963424 0.000161 
521 2.699909 0.000000 -5.786305 99.753699 -0.016957 6.969585 0.000062 
522 4.263014 0.000000 -4.339729 99.753819 -0.029762 6.961521 0.000071 
523 1.918356 0.000000 -2.169864 99.759585 -0.044851 6.940978 -0.000015 
524 1.918356 0.000000 -2.893153 99.758162 -0.030981 6.959434 -0.000013 
525 2.699909 0.000000 -2.169864 99.744999 -0.046116 6.922320 0.000301 
526 1.527580 0.000000 -1.084932 99.715967 -0.038405 6.873914 0.000947 
527 1.527580 0.000000 -1.446576 99.723606 -0.049413 6.923148 0.000727 
528 1.918356 0.000000 -1.084932 99.690011 -0.076780 6.831127 0.001523 
529 1.332192 0.000000 -0.542466 99.686314 -0.015483 6.658511 0.001830 
530 1.136804 0.000000 -0.542466 99.709211 -0.010298 6.663286 0.001367 
531 1.332192 0.000000 -0.723288 99.700209 -0.032148 6.797204 0.001367 
532 1.527580 0.000000 -0.542466 99.650489 -0.032654 6.601748 0.002620 
533 1.234498 0.000000 -0.271233 99.994041 -0.020122 5.796354 -0.003241 
534 1.136804 0.000000 -0.271233 102.302306 0.030295 1.103669 -0.046698 
535 1.234498 0.000000 -0.361644 99.786266 -0.013430 6.282120 0.000324 
536 1.332192 0.000000 -0.271233 99.338728 0.011440 0.415217 0.013164 
537 10.515434 0.000000 -2.893153 99.757882 -0.050820 6.949023 0.000007 
538 10.515434 0.000000 -5.786305 99.756474 -0.026420 6.967749 0.000010 
539 13.641644 0.000000 -2.893153 99.757874 -0.048460 6.952106 0.000003 
540 10.515434 0.000000 0.000000 99.820821 -0.272115 6.052668 -0.000091 
541 5.826119 0.000000 -1.446576 99.762213 -0.101343 6.864163 0.000037 
542 5.826119 0.000000 -2.893153 99.756352 -0.051896 6.943219 0.000046 
543 7.389224 0.000000 -1.446576 99.762461 -0.096230 6.877833 0.000014 
544 5.826119 0.000000 0.000000 99.983816 -0.508447 3.715317 -0.001083 
545 3.481461 0.000000 -0.723288 99.785927 -0.191684 6.496855 0.000052 
546 3.481461 0.000000 -1.446576 99.756532 -0.094821 6.842259 0.000181 
547 4.263014 0.000000 -0.723288 99.784259 -0.185117 6.555851 0.000009 
548 3.481461 0.000000 0.000000 99.976420 -0.877324 3.959647 -0.001173 
549 2.309132 0.000000 -0.361644 99.353760 -0.310299 4.532330 0.010819 
550 2.309132 0.000000 -0.723288 99.642915 -0.147027 6.425841 0.002998 
551 2.699909 0.000000 -0.361644 99.974446 -0.334639 5.045621 -0.002046 
552 2.309132 0.000000 0.000000 155.142522 -0.978402 5.992631 -1.410607 
553 1.722968 0.000000 -0.180822 101.741451 -0.040040 4.574722 -0.037225 
554 1.722968 0.000000 -0.361644 99.412166 -0.059400 6.053090 0.008058 
555 1.918356 0.000000 -0.180822 102.931064 -0.088314 3.918698 -0.061017 
556 1.722968 0.000000 0.000000 101.796020 0.011696 5.636564 -0.039420 
557 1.429886 0.000000 -0.090411 99.703017 0.000796 4.305765 0.004077 
558 1.429886 0.000000 -0.180822 99.500003 0.002994 4.019273 0.008359 
559 1.527580 0.000000 -0.090411 100.458137 0.007416 4.759409 -0.011449 
560 1.429886 0.000000 0.000000 99.679290 -0.001653 6.337019 0.002388 
561 1.283345 0.000000 -0.135617 97.394086 -0.005428 2.440034 0.050844 
562 1.234498 0.000000 -0.135617 98.097679 0.004996 1.649031 0.037413 
563 1.283345 0.000000 -0.180822 98.073760 -0.001662 1.655610 0.037880 
564 1.332192 0.000000 -0.135617 98.031906 -0.002321 4.121670 0.037276 
565 1.283345 0.000000 -0.090411 97.187227 -0.006034 2.771447 0.054696 
566 10.515434 0.000000 2.893153 99.760772 0.082439 6.915412 -0.000004 
567 13.641644 0.000000 2.893153 99.761589 0.091965 6.902284 -0.000002 
568 10.515434 0.000000 5.786305 99.757557 0.034445 6.963737 -0.000007 
569 5.826119 0.000000 1.446576 99.772996 0.160551 6.749489 -0.000023 
570 7.389224 0.000000 1.446576 99.775686 0.182755 6.702998 -0.000015 
571 5.826119 0.000000 2.893153 99.761046 0.068290 6.929232 -0.000029 
572 3.481461 0.000000 0.723288 99.810204 0.318059 6.204712 -0.000068 
573 4.263014 0.000000 0.723288 99.821471 0.352025 6.051288 -0.000107 
574 3.481461 0.000000 1.446576 99.767622 0.123097 6.804854 0.000010 
575 2.309132 0.000000 0.361644 99.131861 0.424328 5.025533 0.014744 
576 2.699909 0.000000 0.361644 99.973848 0.598886 4.658374 -0.001683 
577 2.309132 0.000000 0.723288 99.657536 0.214402 6.341093 0.002812 
578 1.722968 0.000000 0.180822 102.043679 0.062102 4.343004 -0.043178 
579 1.918356 0.000000 0.180822 103.438998 0.084462 4.226756 -0.071750 
580 1.722968 0.000000 0.361644 99.985390 0.046016 4.858852 -0.002069 
581 1.429886 0.000000 0.090411 100.255088 0.000506 4.026237 -0.006729 
582 1.527580 0.000000 0.090411 100.804438 0.005329 4.570601 -0.018243 
583 1.429886 0.000000 0.180822 100.702479 -0.002699 3.427250 -0.015274 
584 4.263014 0.000000 8.679458 99.757909 0.014847 6.972051 -0.000025 
585 7.389224 0.000000 8.679458 99.757410 0.018488 6.971223 -0.000014 
586 4.263014 0.000000 11.572610 99.757320 0.010509 6.973787 -0.000016 
587 2.699909 0.000000 4.339729 99.763171 0.022038 6.961002 -0.000115 
588 4.263014 0.000000 4.339729 99.760500 0.035855 6.958193 -0.000058 
589 2.699909 0.000000 5.786305 99.760038 0.019686 6.968292 -0.000062 
590 1.918356 0.000000 2.169864 99.791049 0.043142 6.909378 -0.000599 
591 2.699909 0.000000 2.169864 99.764316 0.051112 6.905154 -0.000060 
592 1.918356 0.000000 2.893153 99.783211 0.023956 6.938760 -0.000484 
593 1.527580 0.000000 1.084932 99.842346 0.047144 6.733932 -0.001384 
594 1.918356 0.000000 1.084932 99.781153 0.092488 6.673444 -0.000082 
595 1.527580 0.000000 1.446576 99.803715 0.048659 6.838049 -0.000754 
596 1.332192 0.000000 0.542466 100.187525 0.025075 6.343729 -0.007778 
597 1.136804 0.000000 0.542466 100.092871 0.017967 6.590555 -0.006202 
598 1.527580 0.000000 0.542466 100.096955 0.041446 6.061943 -0.005615 
599 1.332192 0.000000 0.723288 100.010238 0.033718 6.581130 -0.004536 
600 1.234498 0.000000 0.271233 101.031051 0.000912 5.735104 -0.024016 
601 1.136804 0.000000 0.271233 102.792881 0.006372 1.095725 -0.056758 
602 1.332192 0.000000 0.271233 100.341510 -0.020841 0.329274 -0.006853 
603 1.234498 0.000000 0.361644 100.516028 0.009295 6.140883 -0.014118 
604 1.283345 0.000000 0.135617 98.537226 -0.002560 2.025943 0.028631 
605 1.234498 0.000000 0.135617 98.904257 0.007221 1.607542 0.021536 
606 1.283345 0.000000 0.090411 98.324548 -0.001387 2.523701 0.032591 
607 1.332192 0.000000 0.135617 99.220975 -0.004287 3.710168 0.014143 
608 1.283345 0.000000 0.180822 99.167242 -0.004374 1.311706 0.016414 
609 2.113744 0.000000 -0.180822 100.467698 -0.252855 5.821339 -0.012771 
610 2.113744 0.000000 -0.361644 99.264761 -0.210159 5.282782 0.011856 
611 2.309132 0.000000 -0.180822 98.452253 -0.549033 -1.383084 0.030494 
612 2.113744 0.000000 0.000000 122.484672 -0.552463 1.675469 -0.500561 
613 2.113744 0.000000 0.180822 99.505834 0.603727 -2.109909 0.009377 
614 2.309132 0.000000 0.180822 97.295337 0.694597 7.576163 0.047574 
615 2.113744 0.000000 0.361644 99.354991 0.279739 4.051832 0.011209 
616 2.016050 0.000000 -0.090411 103.514877 -0.104632 2.348682 -0.072086 
617 1.918356 0.000000 -0.090411 102.839083 -0.038587 4.273049 -0.059414 
618 2.016050 0.000000 -0.180822 103.182324 -0.084787 1.200301 -0.064804 
619 2.113744 0.000000 -0.090411 106.330328 -0.524121 11.185801 -0.143154 
620 2.016050 0.000000 0.000000 102.976745 0.002177 4.936280 -0.062858 
621 2.016050 0.000000 0.090411 103.926387 0.080677 2.716282 -0.080808 
622 1.918356 0.000000 0.090411 103.328351 0.037221 4.463666 -0.069667 
623 2.113744 0.000000 0.090411 103.037808 0.911252 -10.715950 -0.073245 
624 2.016050 0.000000 0.180822 104.357516 0.072786 1.600573 -0.089306 
625 2.309132 0.000000 -1.084932 99.699279 -0.093506 6.761316 0.001433 
626 2.309132 0.000000 -1.446576 99.712653 -0.071539 6.860879 0.001031 
627 2.699909 0.000000 -1.084932 99.736251 -0.117245 6.729482 0.000738 
628 2.113744 0.000000 -0.542466 99.428789 -0.107518 6.104601 0.007664 
629 1.918356 0.000000 -0.542466 99.413059 -0.099563 6.270195 0.007772 
630 2.113744 0.000000 -0.723288 99.599129 -0.116987 6.521589 0.003747 
631 2.309132 0.000000 -0.542466 99.572778 -0.163225 5.932725 0.005004 
632 2.016050 0.000000 -0.271233 99.504862 -0.140764 4.493949 0.007857 
633 1.918356 0.000000 -0.271233 102.517067 -0.118029 2.079529 -0.051409 
634 2.016050 0.000000 -0.361644 99.297025 -0.140329 5.355805 0.011140 
635 2.113744 0.000000 -0.271233 99.172134 -0.228427 4.849815 0.014132 
636 3.090685 0.000000 -0.361644 99.888990 -0.328127 5.319688 -0.000622 
637 3.090685 0.000000 -0.723288 99.787267 -0.190154 6.455673 0.000079 
638 3.481461 0.000000 -0.361644 99.861740 -0.321856 5.488075 -0.000259 
639 3.090685 0.000000 0.000000 99.998284 -0.953084 4.439989 -0.002028 
640 2.504521 0.000000 -0.180822 100.950397 -0.514338 2.522386 -0.019761 
641 2.504521 0.000000 -0.361644 99.913653 -0.286179 4.655582 -0.000449 
642 2.699909 0.000000 -0.180822 100.280586 -0.498475 3.303753 -0.006736 
643 2.504521 0.000000 0.000000 102.155531 -0.930134 5.228606 -0.046396 
644 2.211438 0.000000 -0.090411 87.655457 -0.851936 15.902731 0.206290 
645 2.211438 0.000000 -0.180822 95.996428 -0.447299 4.256908 0.076636 
646 2.309132 0.000000 -0.090411 113.603698 -0.686900 -21.759767 -0.337976 
647 2.211438 0.000000 0.000000 179.282911 -0.450219 2.921922 -2.215110 
648 2.064897 0.000000 -0.135617 103.538118 -0.080605 0.823981 -0.072083 
649 2.016050 0.000000 -0.135617 103.522600 -0.117369 2.332132 -0.072238 
650 2.064897 0.000000 -0.180822 101.074043 -0.210336 4.521737 -0.023645 
651 2.113744 0.000000 -0.135617 103.336278 -0.277759 8.061785 -0.074346 
652 2.064897 0.000000 -0.090411 104.334271 -0.122019 3.679629 -0.089919 
653 3.090685 0.000000 0.361644 99.955206 0.614016 4.215238 -0.000919 
654 3.481461 0.000000 0.361644 99.976984 0.642179 3.882938 -0.001089 
655 3.090685 0.000000 0.723288 99.804678 0.298476 6.277607 -0.000047 
656 2.504521 0.000000 0.180822 100.798074 0.805533 4.253194 -0.017899 
657 2.699909 0.000000 0.180822 100.261083 0.819862 3.669288 -0.006642 
658 2.504521 0.000000 0.361644 99.778903 0.543647 5.107904 0.001778 
659 2.211438 0.000000 0.090411 83.433624 0.700611 -15.028062 0.281250 
660 2.309132 0.000000 0.090411 112.033278 0.433382 31.959078 -0.357303 
661 2.211438 0.000000 0.180822 94.509789 0.721885 0.470478 0.106716 
662 2.309132 0.000000 1.084932 99.739806 0.124644 6.685770 0.000726 
663 2.699909 0.000000 1.084932 99.754618 0.160517 6.697327 0.000414 
664 2.309132 0.000000 1.446576 99.753019 0.091634 6.816639 0.000286 
665 2.113744 0.000000 0.542466 99.551732 0.223382 5.716990 0.005672 
666 1.918356 0.000000 0.542466 99.739780 0.112635 5.787463 0.001847 
667 2.309132 0.000000 0.542466 99.525741 0.290095 5.910688 0.005961 
668 2.113744 0.000000 0.723288 99.673417 0.155431 6.272712 0.002584 
669 2.016050 0.000000 0.271233 100.360495 0.207562 2.577894 -0.007892 
670 1.918356 0.000000 0.271233 104.361584 0.101738 2.826719 -0.089934 
671 2.113744 0.000000 0.271233 99.081388 0.366744 1.993926 0.017877 
672 2.016050 0.000000 0.361644 99.825710 0.208166 4.216620 0.001700 
673 2.064897 0.000000 0.135617 104.420590 0.072014 0.879383 -0.090444 
674 2.016050 0.000000 0.135617 104.026203 0.091828 2.832133 -0.082948 
675 2.064897 0.000000 0.090411 104.362631 0.242554 -1.668639 -0.089440 
676 2.113744 0.000000 0.135617 101.200556 0.817193 -6.007621 -0.027831 
677 2.064897 0.000000 0.180822 100.808465 0.327347 -1.192189 -0.016388 
678 2.211438 0.000000 -0.271233 97.861645 -0.260606 4.119900 0.040606 
679 2.211438 0.000000 -0.361644 99.099665 -0.228079 4.935974 0.015484 
680 2.309132 0.000000 -0.271233 98.678557 -0.281894 2.648826 0.025545 
681 2.162591 0.000000 -0.135617 98.480010 -0.420220 9.605861 0.020924 
682 2.162591 0.000000 -0.180822 98.266163 -0.363976 6.066626 0.030682 
683 2.211438 0.000000 -0.135617 93.260009 -0.562618 6.873446 0.125501 
684 2.162591 0.000000 -0.090411 98.245628 -0.789907 15.659043 0.010197 
685 2.064897 0.000000 -0.045206 103.623598 -0.080688 0.730099 -0.073839 
686 2.016050 0.000000 -0.045206 103.085553 -0.094754 3.871549 -0.064163 
687 2.113744 0.000000 -0.045206 119.825396 -0.335420 6.369455 -0.439881 
688 2.064897 0.000000 0.000000 111.605239 -0.350711 1.565060 -0.245830 
689 2.089321 0.000000 -0.113014 106.914935 -0.265679 5.742327 -0.146385 
690 2.064897 0.000000 -0.113014 105.086220 -0.150113 4.739834 -0.106560 
691 2.089321 0.000000 -0.135617 103.895377 -0.048994 0.239842 -0.079431 
692 2.113744 0.000000 -0.113014 106.394265 -0.522128 11.050068 -0.144212 
693 2.089321 0.000000 -0.090411 106.760393 -0.257346 5.502076 -0.142812 
694 2.064897 0.000000 0.045206 104.393699 0.065439 0.802001 -0.089869 
695 2.016050 0.000000 0.045206 103.661227 0.074212 4.355552 -0.076463 
696 2.113744 0.000000 0.045206 121.482936 -0.721130 -4.924256 -0.478287 
697 2.211438 0.000000 0.271233 97.275645 0.531722 3.039163 0.052793 
698 2.309132 0.000000 0.271233 98.141655 0.611450 4.972910 0.034311 
699 2.211438 0.000000 0.361644 98.942083 0.388372 4.453668 0.019048 
700 2.162591 0.000000 0.135617 96.418155 0.860951 -6.917362 0.065495 
701 2.162591 0.000000 0.090411 95.002002 0.864372 -15.026751 0.074807 
702 2.211438 0.000000 0.135617 90.803108 0.851484 -3.320535 0.174304 
703 2.162591 0.000000 0.180822 97.005664 0.687246 -1.922304 0.058573 
704 2.089321 0.000000 0.113014 104.849935 0.595238 -5.266403 -0.102160 
705 2.064897 0.000000 0.113014 104.411748 0.365942 -3.569928 -0.091469 
706 2.089321 0.000000 0.090411 104.827808 0.570704 -4.964305 -0.101384 
707 2.113744 0.000000 0.113014 103.104684 0.910522 -10.584796 -0.074344 
708 2.089321 0.000000 0.135617 104.355895 0.040809 0.255108 -0.089022 
709 2.162591 0.000000 -0.045206 143.072284 -0.346539 11.416997 -1.060015 
710 2.211438 0.000000 -0.045206 179.311589 -0.302180 15.241410 -2.238504 
711 2.162591 0.000000 0.000000 145.810970 -0.588829 2.038156 -1.126534 
712 2.138168 0.000000 -0.113014 102.619684 -0.688040 15.215432 -0.076278 
713 2.138168 0.000000 -0.135617 101.173237 -0.340006 9.467706 -0.032578 
714 2.162591 0.000000 -0.113014 98.112906 -0.640893 13.225384 0.019854 
715 2.138168 0.000000 -0.090411 102.270660 -0.710256 15.164023 -0.068974 
716 2.089321 0.000000 -0.067808 103.895112 -0.049045 0.241472 -0.079425 
717 2.064897 0.000000 -0.067808 103.394017 -0.146694 2.070764 -0.069463 
718 2.113744 0.000000 -0.067808 116.995722 -0.126932 8.392395 -0.375845 
719 2.089321 0.000000 -0.045206 113.336105 -0.190594 4.206054 -0.286280 
720 2.101533 0.000000 -0.101712 107.560660 -0.429222 8.047336 -0.163424 
721 2.089321 0.000000 -0.101712 107.369601 -0.311917 6.111998 -0.156569 
722 2.101533 0.000000 -0.113014 107.767046 -0.422804 7.456471 -0.166951 
723 2.113744 0.000000 -0.101712 106.257136 -0.528229 11.589676 -0.142518 
724 2.101533 0.000000 -0.090411 107.647588 -0.442358 8.029996 -0.165268 
725 2.162591 0.000000 0.045206 144.336863 -0.561688 -9.375432 -1.092134 
726 2.211438 0.000000 0.045206 181.135329 -0.324628 -12.116141 -2.295691 
727 2.089321 0.000000 0.067808 104.355991 0.040889 0.256856 -0.089024 
728 2.064897 0.000000 0.067808 104.270960 0.104174 2.782436 -0.088019 
729 2.089321 0.000000 0.045206 115.150778 -0.488826 -2.961687 -0.326871 
730 2.113744 0.000000 0.067808 119.527708 -0.678503 -8.030755 -0.435183 
731 2.138168 0.000000 0.113014 99.416986 0.924575 -14.630392 -0.009864 
732 2.138168 0.000000 0.090411 99.097529 0.928575 -14.583208 -0.003385 
733 2.162591 0.000000 0.113014 95.434396 0.954102 -11.610397 0.075656 
734 2.138168 0.000000 0.135617 99.109260 0.910061 -7.059223 0.012669 
735 2.101533 0.000000 0.101712 104.541744 0.817701 -7.694667 -0.098885 
736 2.089321 0.000000 0.101712 104.968005 0.669783 -5.711404 -0.105135 
737 2.101533 0.000000 0.090411 104.555686 0.846077 -7.675660 -0.099152 
738 2.113744 0.000000 0.101712 102.940959 0.917697 -11.104642 -0.072100 
739 2.101533 0.000000 0.113014 104.780308 0.814269 -7.121999 -0.103030 
740 2.138168 0.000000 -0.067808 127.082546 -0.245249 12.478603 -0.630575 
741 2.162591 0.000000 -0.067808 140.385452 -0.240602 15.956412 -0.996274 
742 2.138168 0.000000 -0.045206 129.717790 -0.328866 9.077054 -0.690921 
743 2.125956 0.000000 -0.101712 103.559663 -0.613085 15.075735 -0.095226 
744 2.125956 0.000000 -0.113014 104.264149 -0.598927 14.326704 -0.107663 
745 2.138168 0.000000 -0.101712 102.409172 -0.702574 15.184188 -0.071869 
746 2.125956 0.000000 -0.090411 104.178552 -0.602696 14.397011 -0.106081 
747 2.138168 0.000000 0.067808 129.113208 -0.696819 -11.868670 -0.681157 
748 2.138168 0.000000 0.045206 131.174757 -0.725257 -7.383140 -0.726185 
749 2.162591 0.000000 0.067808 142.326901 -0.538762 -15.176096 -1.048755 
750 2.125956 0.000000 0.101712 100.267431 0.919281 -14.484636 -0.026421 
751 2.125956 0.000000 0.090411 100.870332 0.925961 -13.825436 -0.036682 
752 2.138168 0.000000 0.101712 99.225319 0.926979 -14.601897 -0.005974 
753 2.125956 0.000000 0.113014 100.951730 0.926189 -13.756858 -0.038136 
754 2.406827 0.000000 -0.090411 105.161372 -0.780303 -0.060983 -0.105953 
755 2.406827 0.000000 -0.180822 101.222994 -0.373190 0.680331 -0.024670 
756 2.504521 0.000000 -0.090411 101.796497 -0.639334 2.707316 -0.037027 
757 2.406827 0.000000 0.000000 108.636297 -1.220279 5.585852 -0.183454 
758 2.260285 0.000000 -0.135617 90.723315 -0.611725 -2.234781 0.176391 
759 2.260285 0.000000 -0.180822 95.718818 -0.547663 0.719869 0.083709 
760 2.309132 0.000000 -0.135617 99.525285 -0.667881 -7.345356 0.004032 
761 2.260285 0.000000 -0.090411 67.660417 -0.760276 11.215779 0.529570 
762 2.187015 0.000000 -0.113014 95.422359 -0.660275 12.149815 0.074652 
763 2.187015 0.000000 -0.135617 96.160194 -0.481777 8.706266 0.067719 
764 2.211438 0.000000 -0.113014 89.781012 -0.673101 10.761566 0.182311 
765 2.187015 0.000000 -0.090411 91.977586 -0.850859 16.835579 0.125596 
766 2.150380 0.000000 -0.101712 101.192356 -0.758176 15.005658 -0.046564 
767 2.150380 0.000000 -0.113014 101.675098 -0.746404 15.076668 -0.056569 
768 2.162591 0.000000 -0.101712 98.469320 -0.788035 15.602863 0.005972 
769 2.150380 0.000000 -0.090411 100.359962 -0.767006 15.171836 -0.030289 
770 2.406827 0.000000 0.090411 104.543111 -0.062996 9.227868 -0.101442 
771 2.504521 0.000000 0.090411 101.573777 -0.069257 6.351121 -0.035757 
772 2.406827 0.000000 0.180822 100.751927 0.899294 6.015421 -0.018794 
773 2.260285 0.000000 0.135617 87.835411 0.898622 7.558872 0.222700 
774 2.260285 0.000000 0.090411 60.808607 0.190147 -9.967824 0.620292 
775 2.309132 0.000000 0.135617 97.817659 0.831737 14.290955 0.022678 
776 2.260285 0.000000 0.180822 94.190732 0.681761 4.790154 0.110470 
777 2.187015 0.000000 0.113014 92.580211 0.931405 -10.041622 0.132720 
778 2.187015 0.000000 0.090411 88.272030 0.724131 -16.049502 0.194994 
779 2.211438 0.000000 0.113014 86.570823 0.921936 -8.112805 0.243883 
780 2.187015 0.000000 0.135617 93.941809 0.865772 -5.647068 0.114230 
781 2.150380 0.000000 0.101712 98.077855 0.930718 -14.432817 0.017156 
782 2.150380 0.000000 0.090411 97.212543 0.911979 -14.583484 0.033621 
783 2.162591 0.000000 0.101712 95.237472 0.870016 -14.975600 0.070480 
784 2.150380 0.000000 0.113014 98.550844 0.935413 -14.502753 0.007653 
785 2.260285 0.000000 -0.045206 215.077518 -0.442379 2.022483 -3.626263 
786 2.309132 0.000000 -0.045206 147.816168 -0.819521 -15.028583 -1.207615 
787 2.260285 0.000000 0.000000 198.875259 -0.719577 4.444653 -2.957164 
788 2.187015 0.000000 -0.067808 156.182552 -0.195359 19.621607 -1.477804 
789 2.211438 0.000000 -0.067808 179.532523 -0.186822 23.872146 -2.280184 
790 2.187015 0.000000 -0.045206 159.521943 -0.340929 13.755810 -1.563659 
791 2.174803 0.000000 -0.101712 94.986045 -0.819288 16.395843 0.070816 
792 2.174803 0.000000 -0.113014 96.732663 -0.652718 12.291385 0.049129 
793 2.187015 0.000000 -0.101712 92.026209 -0.852107 16.844384 0.124672 
794 2.174803 0.000000 -0.090411 94.603292 -0.822001 16.497740 0.077737 
795 2.260285 0.000000 0.045206 220.135754 -0.536659 4.567438 -3.848090 
796 2.309132 0.000000 0.045206 148.481362 -0.814123 26.678488 -1.275912 
797 2.187015 0.000000 0.067808 157.929101 -0.188159 -18.627226 -1.528861 
798 2.187015 0.000000 0.045206 160.811861 -0.370812 -11.305697 -1.598841 
799 2.211438 0.000000 0.067808 181.890332 -0.081161 -22.813550 -2.360456 
800 2.174803 0.000000 0.101712 91.539132 0.781967 -15.686897 0.137390 
801 2.174803 0.000000 0.090411 91.129876 0.770968 -15.778894 0.144578 
802 2.187015 0.000000 0.101712 88.338387 0.715495 -16.061949 0.193783 
803 2.174803 0.000000 0.113014 94.001326 0.921681 -10.385283 0.105505 
804 2.235862 0.000000 -0.067808 72.286791 -0.812791 11.978236 0.463048 
805 2.235862 0.000000 -0.090411 73.697413 -0.817081 12.211723 0.441890 
806 2.260285 0.000000 -0.067808 65.808946 -0.730797 10.910901 0.554960 
807 2.235862 0.000000 -0.045206 199.299925 -0.324360 13.326701 -2.989817 
808 2.235862 0.000000 -0.113014 85.597946 -0.650755 4.893457 0.264862 
809 2.235862 0.000000 -0.135617 90.880761 -0.574315 3.092694 0.173079 
810 2.260285 0.000000 -0.113014 82.632534 -0.683722 -4.411941 0.315193 
811 2.223650 0.000000 -0.079110 80.334683 -0.833264 13.868170 0.335332 
812 2.211438 0.000000 -0.079110 87.121777 -0.850563 15.760831 0.216067 
813 2.223650 0.000000 -0.090411 80.340303 -0.830884 13.762627 0.335534 
814 2.235862 0.000000 -0.079110 73.524738 -0.816718 12.183141 0.444502 
815 2.223650 0.000000 -0.067808 191.905427 -0.195589 21.352867 -2.728368 
816 2.235862 0.000000 0.067808 66.087220 0.394219 -10.843864 0.551473 
817 2.235862 0.000000 0.045206 202.277325 -0.372256 -9.196471 -3.100083 
818 2.260285 0.000000 0.067808 58.734494 0.111362 -9.623852 0.645763 
819 2.235862 0.000000 0.090411 67.715250 0.428854 -11.112467 0.529097 
820 2.235862 0.000000 0.113014 81.709649 0.942750 -1.282920 0.332100 
821 2.260285 0.000000 0.113014 78.029651 0.887157 9.768085 0.381517 
822 2.235862 0.000000 0.135617 88.135323 0.908716 1.188784 0.222993 
823 2.223650 0.000000 0.079110 75.234017 0.562991 -12.883358 0.417354 
824 2.211438 0.000000 0.079110 82.838035 0.688045 -14.877162 0.291606 
825 2.223650 0.000000 0.067808 194.902215 -0.062447 -19.977340 -2.838597 
826 2.235862 0.000000 0.079110 67.516531 0.424972 -11.079700 0.531858 
827 2.223650 0.000000 0.090411 75.256240 0.561693 -12.785464 0.417271 
828 2.357979 0.000000 -0.045206 117.204397 -0.893915 -1.027542 -0.373873 
829 2.357979 0.000000 -0.090411 109.544365 -0.815233 -4.119310 -0.201760 
830 2.406827 0.000000 -0.045206 107.847137 -1.023849 2.195738 -0.163687 
831 2.357979 0.000000 0.000000 119.911160 -1.097812 5.908433 -0.441480 
832 2.284709 0.000000 -0.067808 182.990257 -0.672336 -64.242394 -2.761297 
833 2.284709 0.000000 -0.090411 91.997269 -0.672437 -46.890670 -0.066268 
834 2.309132 0.000000 -0.067808 132.881411 -0.707362 -24.009948 -0.823445 
835 2.284709 0.000000 -0.045206 189.232498 -0.697984 -20.268961 -2.622026 
836 2.248074 0.000000 -0.079110 70.018603 -0.790895 11.603807 0.496212 
837 2.248074 0.000000 -0.090411 70.445058 -0.794888 11.674225 0.490057 
838 2.260285 0.000000 -0.079110 66.473731 -0.742434 11.020525 0.545924 
839 2.248074 0.000000 -0.067808 69.229992 -0.782240 11.473791 0.507495 
840 2.357979 0.000000 0.045206 116.635483 -0.964299 12.079094 -0.375067 
841 2.406827 0.000000 0.045206 107.394552 -1.102900 8.424316 -0.160578 
842 2.357979 0.000000 0.090411 108.655490 0.128881 13.414834 -0.198599 
843 2.284709 0.000000 0.067808 187.767271 -0.109673 79.213525 -3.153134 
844 2.284709 0.000000 0.045206 192.990434 -0.649531 31.207605 -2.821964 
845 2.309132 0.000000 0.067808 132.704838 -0.267055 35.576377 -0.887632 
846 2.284709 0.000000 0.090411 87.138615 0.572460 58.866739 -0.105876 
847 2.248074 0.000000 0.079110 63.475931 0.303745 -10.411097 0.586232 
848 2.248074 0.000000 0.067808 62.574340 0.269698 -10.261515 0.597908 
849 2.260285 0.000000 0.079110 59.476642 0.135214 -9.746631 0.636751 
850 2.248074 0.000000 0.090411 63.967645 0.320447 -10.492569 0.579794 
851 -8.241827 0.000000 -8.679458 99.756033 -0.001866 6.975590 0.000007 
852 -11.368037 0.000000 -8.679458 99.756194 -0.001209 6.975652 0.000004 
853 -8.241827 0.000000 -11.572610 99.756081 -0.002094 6.975549 0.000007 
854 10.515434 0.000000 -8.679458 99.756200 -0.017028 6.972004 0.000009 
855 10.515434 0.000000 -11.572610 99.756157 -0.012180 6.973613 0.000008 
856 13.641644 0.000000 -8.679458 99.756389 -0.017598 6.972093 0.000005 
857 -8.241827 0.000000 8.679458 99.756800 0.002284 6.975636 -0.000008 
858 -11.368037 0.000000 8.679458 99.756624 0.001540 6.975675 -0.000004 
859 -8.241827 0.000000 11.572610 99.756769 0.002490 6.975573 -0.000007 
860 -3.552511 0.000000 -4.339729 99.754826 -0.003280 6.975269 0.000032 
861 -5.115617 0.000000 -4.339729 99.755483 -0.002165 6.975599 0.000018 
862 -3.552511 0.000000 -5.786305 99.755099 -0.003755 6.975164 0.000027 
863 10.515434 0.000000 8.679458 99.757103 0.020825 6.970782 -0.000007 
864 13.641644 0.000000 8.679458 99.756958 0.022397 6.970458 -0.000004 
865 10.515434 0.000000 11.572610 99.756916 0.014480 6.973072 -0.000007 
866 5.826119 0.000000 -4.339729 99.755417 -0.033209 6.960976 0.000040 
867 5.826119 0.000000 -5.786305 99.755291 -0.023649 6.967540 0.000033 
868 7.389224 0.000000 -4.339729 99.756236 -0.034690 6.961262 0.000023 
869 -3.552511 0.000000 4.339729 99.757906 0.004048 6.975780 -0.000030 
870 -5.115617 0.000000 4.339729 99.757207 0.002778 6.975852 -0.000016 
871 -3.552511 0.000000 5.786305 99.757830 0.004497 6.975464 -0.000028 
872 -1.207854 0.000000 -2.169864 99.758010 -0.007721 6.961742 -0.000013 
873 -1.989406 0.000000 -2.169864 99.751160 0.013317 6.974785 0.000106 
874 -1.207854 0.000000 -2.893153 99.750229 0.014737 6.972609 0.000127 
875 5.826119 0.000000 4.339729 99.759140 0.040943 6.956579 -0.000028 
876 7.389224 0.000000 4.339729 99.758600 0.044417 6.955272 -0.000016 
877 5.826119 0.000000 5.786305 99.758441 0.028336 6.965501 -0.000027 
878 3.481461 0.000000 -2.169864 99.749268 -0.062134 6.912905 0.000229 
879 3.481461 0.000000 -2.893153 99.750119 -0.034610 6.942992 0.000171 
880 4.263014 0.000000 -2.169864 99.754175 -0.060461 6.915894 0.000127 
881 -1.207854 0.000000 2.169864 99.771683 0.001211 6.987197 -0.000321 
882 -1.989406 0.000000 2.169864 99.759088 0.004649 6.977665 -0.000056 
883 -1.207854 0.000000 2.893153 99.765272 0.001945 6.978866 -0.000181 
884 -0.817078 0.000000 -1.084932 99.728304 0.003585 6.962924 0.000578 
885 -1.207854 0.000000 -1.084932 99.736474 -0.003056 6.981701 0.000389 
886 -0.817078 0.000000 -1.446576 99.747308 0.002066 6.954178 0.000211 
887 3.481461 0.000000 2.169864 99.761924 0.073163 6.903647 -0.000011 
888 4.263014 0.000000 2.169864 99.764095 0.082290 6.896465 -0.000044 
889 3.481461 0.000000 2.893153 99.764203 0.045171 6.934991 -0.000099 
890 -0.230913 0.000000 -0.542466 99.542138 0.020670 6.961082 0.004291 
891 -0.426301 0.000000 -0.542466 99.649691 0.011169 6.994476 0.002102 
892 -0.230913 0.000000 -0.723288 99.603818 0.003483 6.930821 0.003104 
893 0.941416 0.000000 -0.542466 99.711413 0.007015 6.697301 0.001278 
894 0.941416 0.000000 -0.723288 99.683173 0.008715 6.824865 0.001669 
895 -0.817078 0.000000 1.084932 99.754026 0.007312 6.987378 0.000031 
896 -1.207854 0.000000 1.084932 99.755103 -0.002633 6.979984 0.000020 
897 -0.817078 0.000000 1.446576 99.770879 0.003189 6.994547 -0.000315 
898 -0.230913 0.000000 0.542466 99.717081 0.004502 6.991705 0.000762 
899 -0.426301 0.000000 0.542466 99.756891 -0.004843 6.997200 -0.000040 
900 -0.230913 0.000000 0.723288 99.752474 -0.021957 7.015303 0.000023 
901 -0.133219 0.000000 -0.271233 99.341920 -0.056070 7.332756 0.007741 
902 -0.230913 0.000000 -0.271233 99.581622 0.103400 7.311736 0.003003 
903 -0.133219 0.000000 -0.361644 99.235462 0.045402 7.064506 0.010241 
904 0.941416 0.000000 0.542466 99.981878 0.008397 6.653423 -0.004064 
905 0.941416 0.000000 0.723288 99.907944 0.011828 6.761700 -0.002732 
906 -0.133219 0.000000 0.271233 99.776595 -0.150285 6.622008 0.000076 
907 -0.230913 0.000000 0.271233 99.833038 0.053029 6.725472 -0.001187 
908 -0.133219 0.000000 0.361644 99.604027 -0.066346 6.861455 0.003195 
909 0.037745 0.000000 -0.113014 87.234607 0.037943 2.439595 0.238417 
910 0.013322 0.000000 -0.113014 86.334736 0.020410 8.882063 0.246742 
911 0.037745 0.000000 -0.135617 91.463979 0.054299 4.181407 0.161685 
912 0.648333 0.000000 -0.271233 102.150671 -0.003726 1.878006 -0.043829 
913 0.648333 0.000000 -0.361644 99.692822 0.026233 6.506772 0.001900 
914 0.746027 0.000000 -0.271233 103.395996 0.031388 2.845868 -0.069883 
915 0.648333 0.000000 0.271233 102.232800 -0.017812 1.876309 -0.045507 
916 0.746027 0.000000 0.271233 103.593663 0.004983 2.839097 -0.073971 
917 0.648333 0.000000 0.361644 99.937461 -0.044105 6.183876 -0.002574 
918 0.037745 0.000000 0.113014 91.254781 -0.095432 8.020700 0.160822 
919 0.013322 0.000000 0.113014 90.433965 -0.102406 3.122967 0.181193 
920 0.037745 0.000000 0.135617 94.516222 -0.087462 7.450449 0.101117 
921 0.098804 0.000000 -0.079110 90.772474 -0.067547 -14.897398 0.153842 
922 0.098804 0.000000 -0.090411 90.916478 -0.029441 -15.080152 0.150678 
923 0.098804 0.000000 -0.067808 90.764420 -0.069919 -14.874303 0.154057 
924 0.098804 0.000000 0.079110 95.571674 -0.075575 16.147800 0.060530 
925 0.098804 0.000000 0.067808 95.566784 -0.074850 16.151929 0.060610 
926 0.098804 0.000000 0.090411 95.638353 -0.087779 16.122763 0.059335 
927 0.233134 0.000000 -0.067808 76.387973 0.036878 -5.624846 0.413324 
928 0.233134 0.000000 -0.045206 77.776810 0.012293 -4.285746 0.393240 
929 0.184287 0.000000 -0.113014 98.266748 -0.197319 -7.367632 0.028933 
930 0.184287 0.000000 -0.135617 98.076887 -0.176360 -3.803229 0.036643 
931 0.233134 0.000000 0.067808 76.451670 -0.009486 5.687295 0.412280 
932 0.233134 0.000000 0.045206 77.782639 -0.004874 4.417705 0.393034 
933 0.184287 0.000000 0.113014 101.018316 -0.306905 12.733085 -0.036693 
934 0.184287 0.000000 0.135617 100.388759 -0.283690 11.720560 -0.021535 
935 0.501792 0.000000 -0.045206 100.784120 -0.002031 4.989279 -0.018233 
936 0.550639 0.000000 -0.045206 102.190182 -0.005066 6.309854 -0.048265 
937 0.501792 0.000000 0.000000 102.197331 -0.006440 6.528548 -0.048692 
938 0.501792 0.000000 0.045206 100.847088 -0.014719 4.986683 -0.019500 
939 0.550639 0.000000 0.045206 102.204054 -0.008240 6.310097 -0.048549 
940 0.428522 0.000000 -0.067808 99.076220 0.003150 2.132694 0.017935 
941 0.452945 0.000000 -0.067808 99.274036 0.004461 3.641861 0.013140 
942 0.428522 0.000000 -0.045206 99.300163 0.001075 1.379013 0.013758 
943 0.367463 0.000000 -0.101712 104.892190 0.096386 -3.146656 -0.101228 
944 0.367463 0.000000 -0.113014 104.972710 0.088550 -2.631719 -0.102620 
945 0.367463 0.000000 -0.090411 105.249856 0.094002 -2.885853 -0.108587 
946 0.428522 0.000000 0.067808 99.225615 -0.026961 2.126439 0.014975 
947 0.428522 0.000000 0.045206 99.445484 -0.027126 1.374721 0.010871 
948 0.452945 0.000000 0.067808 99.413567 -0.024547 3.635917 0.010372 
949 0.367463 0.000000 0.101712 106.109713 0.025535 3.443604 -0.127113 
950 0.367463 0.000000 0.090411 106.460377 0.024006 3.177532 -0.134391 
951 0.367463 0.000000 0.113014 106.082307 0.029580 2.917055 -0.126197 
952 1.722968 0.000000 -0.542466 99.586473 -0.064889 6.499094 0.004029 
953 1.722968 0.000000 -0.723288 99.558101 -0.054839 6.656712 0.004387 
954 1.722968 0.000000 0.542466 99.944612 0.072620 5.882713 -0.002354 
955 1.722968 0.000000 0.723288 99.800517 0.063360 6.368456 -0.000070 
956 1.429886 0.000000 -0.271233 99.295751 0.006764 1.704863 0.013745 
957 1.429886 0.000000 -0.361644 99.602702 -0.003148 6.221150 0.004060 
958 1.527580 0.000000 -0.271233 101.162080 -0.004446 1.404508 -0.023574 
959 1.429886 0.000000 0.271233 100.436697 -0.010321 1.349425 -0.008935 
960 1.527580 0.000000 0.271233 101.387672 0.025045 1.273163 -0.028108 
961 1.429886 0.000000 0.361644 100.479760 0.039543 5.482606 -0.012624 
962 3.090685 0.000000 -1.084932 99.752599 -0.126737 6.730313 0.000411 
963 3.090685 0.000000 -1.446576 99.749934 -0.092992 6.842893 0.000312 
964 3.481461 0.000000 -1.084932 99.770113 -0.132880 6.755993 0.000026 
965 2.504521 0.000000 -0.542466 99.751088 -0.222673 5.903488 0.001482 
966 2.504521 0.000000 -0.723288 99.713075 -0.167096 6.384713 0.001651 
967 2.699909 0.000000 -0.542466 99.822939 -0.236181 5.985551 -0.000050 
968 3.090685 0.000000 1.084932 99.765336 0.179051 6.686208 0.000214 
969 3.481461 0.000000 1.084932 99.782826 0.189356 6.648922 -0.000086 
970 3.090685 0.000000 1.446576 99.762747 0.123876 6.812758 0.000097 
971 2.504521 0.000000 0.542466 99.678780 0.366035 5.996806 0.002805 
972 2.699909 0.000000 0.542466 99.820039 0.384493 5.872490 0.000133 
973 2.504521 0.000000 0.723288 99.708151 0.239734 6.381460 0.001750 
974 2.406827 0.000000 -0.271233 100.091292 -0.386555 3.035949 -0.002763 
975 2.406827 0.000000 -0.361644 99.716975 -0.309466 4.487490 0.003629 
976 2.504521 0.000000 -0.271233 100.296012 -0.442985 3.607379 -0.007250 
977 2.406827 0.000000 0.271233 99.827278 0.669987 4.823753 0.001080 
978 2.504521 0.000000 0.271233 100.192952 0.636354 4.296905 -0.005750 
979 2.406827 0.000000 0.361644 99.559958 0.502381 5.188440 0.006064 
980 2.357979 0.000000 -0.135617 103.249473 -0.705132 -3.008085 -0.067000 
981 2.357979 0.000000 -0.180822 100.645765 -0.491199 -0.737302 -0.013035 
982 2.406827 0.000000 -0.135617 102.805209 -0.585640 -0.227957 -0.056931 
983 2.284709 0.000000 -0.113014 91.738009 -0.659704 -15.995618 0.132784 
984 2.284709 0.000000 -0.135617 94.575511 -0.669525 -6.907890 0.100731 
985 2.309132 0.000000 -0.113014 103.233782 -0.677965 -13.347808 -0.083584 
986 2.357979 0.000000 0.135617 102.340060 0.688551 10.206749 -0.057814 
987 2.406827 0.000000 0.135617 102.211214 0.738636 7.594791 -0.050536 
988 2.357979 0.000000 0.180822 99.882328 0.766306 7.288338 -0.003019 
989 2.284709 0.000000 0.113014 88.111477 0.867876 23.730640 0.167247 
990 2.309132 0.000000 0.113014 101.306544 0.832459 21.594977 -0.073005 
991 2.284709 0.000000 0.135617 92.129168 0.873702 13.329560 0.133378 
1 11 62 60 61 
2 62 10 24 60 
3 60 24 14 63 
4 61 60 63 6 
5 24 66 64 65 
6 66 23 40 64 
7 64 40 27 67 
8 65 64 67 14 
9 40 70 68 69 
10 69 68 71 27 
11 6 63 92 93 
12 63 14 36 92 
13 92 36 19 94 
14 93 92 94 20 
15 14 67 95 96 
16 67 27 52 95 
17 95 52 35 97 
18 96 95 97 36 
19 27 71 98 99 
20 99 98 100 52 
21 68 112 110 111 
22 112 56 80 110 
23 110 80 43 113 
24 111 110 113 71 
25 80 116 114 115 
26 115 114 117 43 
27 71 113 133 134 
28 113 43 102 133 
29 133 102 76 135 
30 134 133 135 98 
31 43 117 136 137 
32 137 136 138 102 
33 114 141 139 140 
34 141 106 129 139 
35 139 129 83 142 
36 140 139 142 117 
37 129 149 147 148 
38 147 150 132 151 
39 148 147 151 83 
40 117 142 152 153 
41 142 83 144 152 
42 152 144 125 154 
43 153 152 154 136 
44 83 151 155 156 
45 151 132 157 155 
46 156 155 158 144 
47 12 161 159 160 
48 161 7 162 159 
49 159 162 13 25 
50 160 159 25 10 
51 25 165 163 164 
52 165 13 166 163 
53 163 166 26 41 
54 164 163 41 23 
55 41 169 167 168 
56 169 26 170 167 
57 167 170 42 57 
58 168 167 57 39 
59 39 173 171 172 
60 173 57 174 171 
61 171 174 55 81 
62 172 171 81 56 
63 81 177 175 176 
64 177 55 178 175 
65 175 178 82 107 
66 176 175 107 79 
67 79 181 179 180 
68 181 107 182 179 
69 179 182 105 130 
70 180 179 130 106 
71 106 185 183 184 
72 185 130 186 183 
73 184 183 149 129 
74 195 197 109 198 
75 150 195 198 132 
76 149 201 199 200 
77 201 128 202 199 
78 199 202 150 203 
79 200 199 203 147 
80 132 198 210 157 
81 198 109 211 210 
82 19 38 213 214 
83 38 21 215 213 
84 213 215 9 216 
85 214 213 216 22 
86 35 54 217 218 
87 54 37 219 217 
88 217 219 21 220 
89 218 217 220 38 
90 51 78 221 222 
91 78 53 223 221 
92 221 223 37 224 
93 222 221 224 54 
94 76 104 225 226 
95 104 75 227 225 
96 225 227 78 228 
97 226 225 228 51 
98 101 127 229 230 
99 127 103 231 229 
100 229 231 75 232 
101 230 229 232 104 
102 125 146 233 234 
103 146 124 235 233 
104 233 235 127 236 
105 234 233 236 101 
106 144 158 237 238 
107 237 239 146 240 
108 238 237 240 125 
109 155 243 241 242 
110 243 157 244 241 
111 241 244 143 245 
112 242 241 245 158 
113 130 247 246 186 
114 247 105 248 246 
115 249 251 195 252 
116 202 249 252 150 
117 186 255 253 254 
118 255 246 256 253 
119 253 256 196 250 
120 254 253 250 128 
121 128 259 257 258 
122 259 250 260 257 
123 257 260 249 261 
124 258 257 261 202 
125 262 263 124 264 
126 239 262 264 146 
127 157 266 265 244 
128 266 210 267 265 
129 143 268 269 270 
130 268 212 271 269 
131 269 271 262 272 
132 270 269 272 239 
133 244 275 273 274 
134 275 265 276 273 
135 273 276 268 277 
136 274 273 277 143 
137 278 280 194 281 
138 197 278 281 109 
139 283 131 284 282 
140 282 284 197 285 
141 251 282 285 195 
142 107 287 286 182 
143 287 82 288 286 
144 286 288 108 192 
145 182 286 192 105 
146 105 290 289 248 
147 290 192 291 289 
148 246 293 292 256 
149 293 248 294 292 
150 292 294 131 283 
151 256 292 283 196 
152 196 297 295 296 
153 297 283 298 295 
154 295 298 282 299 
155 296 295 299 251 
156 109 281 300 211 
157 281 194 301 300 
158 210 304 303 267 
159 304 211 305 303 
160 303 305 145 306 
161 124 209 307 235 
162 209 126 308 307 
163 307 308 103 309 
164 235 307 309 127 
165 310 311 209 312 
166 263 310 312 124 
167 212 306 313 271 
168 306 145 314 313 
169 313 314 263 315 
170 271 313 315 262 
171 267 318 316 317 
172 318 303 319 316 
173 316 319 306 320 
174 317 316 320 212 
175 131 322 321 284 
176 322 279 323 321 
177 321 323 278 324 
178 284 321 324 197 
179 211 326 325 305 
180 326 300 327 325 
181 325 327 302 328 
182 305 325 328 145 
183 192 334 333 291 
184 334 108 335 333 
185 289 339 337 338 
186 339 291 340 337 
187 337 340 191 341 
188 338 337 341 279 
189 345 347 126 348 
190 311 345 348 209 
191 302 351 349 350 
192 351 207 352 349 
193 349 352 311 353 
194 350 349 353 310 
195 354 355 59 356 
196 280 354 356 194 
197 291 358 357 340 
198 358 333 359 357 
199 357 359 336 360 
200 191 360 361 362 
201 360 336 363 361 
202 361 363 354 364 
203 362 361 364 280 
204 340 367 365 366 
205 367 357 368 365 
206 365 368 360 369 
207 366 365 369 191 
208 194 356 370 301 
209 356 59 371 370 
210 373 346 374 372 
211 372 374 345 375 
212 352 372 375 311 
213 301 378 376 377 
214 378 370 379 376 
215 376 379 346 373 
216 377 376 373 207 
217 207 382 380 381 
218 382 373 383 380 
219 380 383 372 384 
220 381 380 384 352 
221 57 386 385 174 
222 386 42 387 385 
223 385 387 58 89 
224 174 385 89 55 
225 55 389 388 178 
226 389 89 390 388 
227 388 390 88 188 
228 178 388 188 82 
229 82 392 391 288 
230 392 188 393 391 
231 391 393 187 330 
232 288 391 330 108 
233 108 395 394 335 
234 395 330 396 394 
235 333 399 398 359 
236 399 335 400 398 
237 359 398 401 336 
238 75 123 402 227 
239 123 77 403 402 
240 402 403 53 404 
241 227 402 404 78 
242 103 206 405 231 
243 206 121 406 405 
244 405 406 123 407 
245 231 405 407 75 
246 126 344 408 308 
247 344 204 409 408 
248 408 409 206 410 
249 308 408 410 103 
250 411 413 344 414 
251 347 411 414 126 
252 346 416 415 374 
253 415 417 347 418 
254 374 415 418 345 
255 419 420 332 421 
256 355 419 421 59 
257 335 423 422 400 
258 423 394 424 422 
259 336 401 426 363 
260 401 193 427 426 
261 426 427 355 428 
262 363 426 428 354 
263 398 431 429 430 
264 431 400 432 429 
265 429 432 193 433 
266 430 429 433 401 
267 59 421 434 371 
268 421 332 435 434 
269 370 437 436 379 
270 437 371 438 436 
271 436 438 208 416 
272 379 436 416 346 
273 439 441 411 442 
274 417 439 442 347 
275 416 445 443 444 
276 445 208 446 443 
277 443 446 417 447 
278 444 443 447 415 
279 88 453 452 189 
280 453 90 454 452 
281 452 454 5 455 
282 189 452 455 91 
283 187 457 456 331 
284 457 189 458 456 
285 456 458 91 459 
286 331 456 459 190 
287 330 461 460 396 
288 461 187 462 460 
289 460 462 331 463 
290 396 460 463 329 
291 394 465 464 424 
292 465 396 466 464 
293 464 466 329 467 
294 424 464 467 397 
295 193 425 468 427 
296 425 397 469 468 
297 468 469 419 470 
298 427 468 470 355 
299 422 473 471 472 
300 473 424 474 471 
301 471 474 397 475 
302 472 471 475 425 
303 371 477 476 438 
304 477 434 478 476 
305 476 478 412 440 
306 438 476 440 208 
307 91 455 482 205 
308 455 5 483 482 
309 482 483 122 484 
310 205 482 484 121 
311 190 459 485 343 
312 459 91 486 485 
313 485 486 205 487 
314 343 485 487 204 
315 342 489 488 413 
316 489 343 490 488 
317 488 490 204 491 
318 413 488 491 344 
319 412 493 492 441 
320 493 342 494 492 
321 492 494 413 495 
322 441 492 495 411 
323 440 498 496 497 
324 498 412 499 496 
325 496 499 441 500 
326 497 496 500 439 
327 454 510 508 509 
328 508 511 504 512 
329 509 508 512 5 
330 5 512 513 514 
331 512 504 515 513 
332 514 513 516 483 
333 7 518 517 162 
334 518 16 519 517 
335 517 519 15 32 
336 162 517 32 13 
337 13 521 520 166 
338 521 32 522 520 
339 520 522 31 48 
340 166 520 48 26 
341 26 524 523 170 
342 524 48 525 523 
343 523 525 47 85 
344 170 523 85 42 
345 42 527 526 387 
346 527 85 528 526 
347 526 528 84 449 
348 387 526 449 58 
349 58 531 529 530 
350 531 449 532 529 
351 529 532 448 502 
352 530 529 502 90 
353 90 535 533 534 
354 535 502 536 533 
355 533 536 501 510 
356 534 533 510 454 
357 15 538 537 33 
358 538 17 539 537 
359 537 539 8 540 
360 33 537 540 18 
361 31 542 541 49 
362 542 33 543 541 
363 541 543 18 544 
364 49 541 544 34 
365 546 49 547 545 
366 545 547 34 548 
367 448 554 553 503 
368 554 450 555 553 
369 553 555 87 556 
370 503 553 556 451 
371 501 558 557 511 
372 558 503 559 557 
373 557 559 451 560 
374 511 557 560 504 
375 510 563 561 562 
376 563 501 564 561 
377 561 564 511 565 
378 562 561 565 508 
379 18 540 566 45 
380 540 8 567 566 
381 566 567 29 568 
382 45 566 568 28 
383 34 544 569 73 
384 544 18 570 569 
385 569 570 45 571 
386 73 569 571 44 
387 548 34 573 572 
388 572 573 73 574 
389 451 556 578 506 
390 556 87 579 578 
391 578 579 480 580 
392 506 578 580 479 
393 504 560 581 515 
394 560 451 582 581 
395 581 582 506 583 
396 515 581 583 505 
397 21 46 584 215 
398 46 28 585 584 
399 584 585 30 586 
400 215 584 586 9 
401 37 74 587 219 
402 74 44 588 587 
403 587 588 46 589 
404 219 587 589 21 
405 53 120 590 223 
406 120 72 591 590 
407 590 591 74 592 
408 223 590 592 37 
409 77 481 593 403 
410 481 118 594 593 
411 593 594 120 595 
412 403 593 595 53 
413 122 507 596 597 
414 507 479 598 596 
415 596 598 481 599 
416 597 596 599 77 
417 483 516 600 601 
418 516 505 602 600 
419 600 602 507 603 
420 601 600 603 122 
421 513 606 604 605 
422 606 515 607 604 
423 604 607 505 608 
424 605 604 608 516 
425 555 618 616 617 
426 617 616 620 87 
427 87 620 621 622 
428 622 621 624 579 
429 85 626 625 528 
430 626 47 627 625 
431 625 627 86 550 
432 528 625 550 84 
433 84 630 628 629 
434 630 550 631 628 
435 628 631 549 610 
436 629 628 610 450 
437 450 634 632 633 
438 634 610 635 632 
439 632 635 609 618 
440 633 632 618 555 
441 86 637 636 551 
442 637 545 638 636 
443 636 638 548 639 
444 551 636 639 50 
445 641 551 642 640 
446 640 642 50 643 
447 618 650 648 649 
448 650 609 651 648 
449 649 648 652 616 
450 50 639 653 576 
451 639 548 654 653 
452 653 654 572 655 
453 576 653 655 119 
454 643 50 657 656 
455 656 657 576 658 
456 118 577 662 594 
457 577 119 663 662 
458 662 663 72 664 
459 594 662 664 120 
460 480 615 665 666 
461 615 575 667 665 
462 665 667 577 668 
463 666 665 668 118 
464 579 624 669 670 
465 624 613 671 669 
466 669 671 615 672 
467 670 669 672 480 
468 621 675 673 674 
469 673 676 613 677 
470 674 673 677 624 
471 610 679 678 635 
472 679 549 680 678 
473 678 680 611 645 
474 635 678 645 609 
475 609 682 681 651 
476 682 645 683 681 
477 616 652 685 686 
478 685 687 612 688 
479 686 685 688 620 
480 648 691 689 690 
481 691 651 692 689 
482 690 689 693 652 
483 620 688 694 695 
484 688 612 696 694 
485 695 694 675 621 
486 613 661 697 671 
487 661 614 698 697 
488 697 698 575 699 
489 671 697 699 615 
490 700 702 661 703 
491 676 700 703 613 
492 675 706 704 705 
493 704 707 676 708 
494 705 704 708 673 
495 709 710 647 711 
496 687 709 711 612 
497 651 713 712 692 
498 713 681 714 712 
499 652 693 716 717 
500 693 619 718 716 
501 716 718 687 719 
502 717 716 719 685 
503 689 722 720 721 
504 722 692 723 720 
505 720 723 619 724 
506 721 720 724 693 
507 612 711 725 696 
508 711 647 726 725 
509 694 729 727 728 
510 729 696 730 727 
511 727 730 623 706 
512 728 727 706 675 
513 731 733 700 734 
514 707 731 734 676 
515 706 737 735 736 
516 737 623 738 735 
517 735 738 707 739 
518 736 735 739 704 
519 619 715 740 718 
520 715 684 741 740 
521 740 741 709 742 
522 718 740 742 687 
523 692 744 743 723 
524 744 712 745 743 
525 743 745 715 746 
526 723 743 746 619 
527 696 748 747 730 
528 748 725 749 747 
529 747 749 701 732 
530 730 747 732 623 
531 623 751 750 738 
532 751 732 752 750 
533 750 752 731 753 
534 738 750 753 707 
535 755 640 756 754 
536 754 756 643 757 
537 645 759 758 683 
538 759 611 760 758 
539 681 763 762 714 
540 763 683 764 762 
541 762 764 644 765 
542 712 767 766 745 
543 767 714 768 766 
544 766 768 684 769 
545 745 766 769 715 
546 757 643 771 770 
547 770 771 656 772 
548 773 775 614 776 
549 702 773 776 661 
550 778 659 779 777 
551 777 779 702 780 
552 733 777 780 700 
553 732 782 781 752 
554 782 701 783 781 
555 781 783 733 784 
556 752 781 784 731 
557 785 786 552 787 
558 710 785 787 647 
559 684 765 788 741 
560 765 644 789 788 
561 788 789 710 790 
562 741 788 790 709 
563 714 792 791 768 
564 792 762 793 791 
565 791 793 765 794 
566 768 791 794 684 
567 647 787 795 726 
568 787 552 796 795 
569 725 798 797 749 
570 798 726 799 797 
571 797 799 659 778 
572 749 797 778 701 
573 701 801 800 783 
574 801 778 802 800 
575 800 802 777 803 
576 783 800 803 733 
577 804 806 785 807 
578 789 804 807 710 
579 683 809 808 764 
580 809 758 810 808 
581 808 810 761 805 
582 764 808 805 644 
583 644 813 811 812 
584 813 805 814 811 
585 811 814 804 815 
586 812 811 815 789 
587 726 817 816 799 
588 817 795 818 816 
589 659 819 820 779 
590 819 774 821 820 
591 820 821 773 822 
592 779 820 822 702 
593 799 825 823 824 
594 825 816 826 823 
595 823 826 819 827 
596 824 823 827 659 
597 646 829 828 786 
598 829 754 830 828 
599 828 830 757 831 
600 786 828 831 552 
601 761 833 832 806 
602 833 646 834 832 
603 832 834 786 835 
604 806 832 835 785 
605 805 837 836 814 
606 837 761 838 836 
607 836 838 806 839 
608 814 836 839 804 
609 552 831 840 796 
610 831 757 841 840 
611 840 841 770 842 
612 796 840 842 660 
613 795 844 843 818 
614 844 796 845 843 
615 843 845 660 846 
616 818 843 846 774 
617 816 848 847 826 
618 848 818 849 847 
619 847 849 774 850 
620 826 847 850 819 
621 1 853 851 852 
622 853 12 160 851 
623 851 160 10 62 
624 852 851 62 11 
625 16 855 854 519 
626 855 2 856 854 
627 854 856 17 538 
628 519 854 538 15 
629 20 94 857 858 
630 94 19 214 857 
631 857 214 22 859 
632 858 857 859 4 
633 10 862 860 861 
634 862 25 164 860 
635 860 164 23 66 
636 861 860 66 24 
637 28 568 863 585 
638 568 29 864 863 
639 863 864 3 865 
640 585 863 865 30 
641 32 867 866 522 
642 867 15 868 866 
643 866 868 33 542 
644 522 866 542 31 
645 36 97 869 870 
646 97 35 218 869 
647 869 218 38 871 
648 870 869 871 19 
649 23 874 872 873 
650 874 41 168 872 
651 872 168 39 70 
652 873 872 70 40 
653 44 571 875 588 
654 571 45 876 875 
655 875 876 28 877 
656 588 875 877 46 
657 48 879 878 525 
658 879 31 880 878 
659 878 880 49 546 
660 525 878 546 47 
661 52 100 881 882 
662 100 51 222 881 
663 881 222 54 883 
664 882 881 883 35 
665 70 886 884 885 
666 886 39 172 884 
667 884 172 56 112 
668 885 884 112 68 
669 72 574 887 591 
670 574 73 888 887 
671 887 888 44 889 
672 591 887 889 74 
673 56 892 890 891 
674 892 81 176 890 
675 890 176 79 116 
676 891 890 116 80 
677 89 894 893 390 
678 894 58 530 893 
679 893 530 90 453 
680 390 893 453 88 
681 98 135 895 896 
682 135 76 226 895 
683 895 226 51 897 
684 896 895 897 100 
685 102 138 898 899 
686 138 101 230 898 
687 898 230 104 900 
688 899 898 900 76 
689 116 903 901 902 
690 903 79 180 901 
691 901 180 106 141 
692 902 901 141 114 
693 121 484 904 406 
694 484 122 597 904 
695 904 597 77 905 
696 406 904 905 123 
697 136 154 906 907 
698 154 125 234 906 
699 906 234 101 908 
700 907 906 908 138 
701 183 911 909 910 
702 911 186 254 909 
703 909 254 128 201 
704 910 909 201 149 
705 188 913 912 393 
706 913 88 914 912 
707 912 914 189 457 
708 393 912 457 187 
709 204 487 915 409 
710 487 205 916 915 
711 915 916 121 917 
712 409 915 917 206 
713 158 245 918 919 
714 245 143 270 918 
715 918 270 239 920 
716 919 918 920 237 
717 250 922 921 260 
718 922 196 296 921 
719 921 296 251 923 
720 260 921 923 249 
721 265 925 924 276 
722 925 267 317 924 
723 924 317 212 926 
724 276 924 926 268 
725 279 341 927 323 
726 341 191 362 927 
727 927 362 280 928 
728 323 927 928 278 
729 248 930 929 294 
730 930 289 338 929 
731 929 338 279 322 
732 294 929 322 131 
733 300 932 931 327 
734 932 301 377 931 
735 931 377 207 351 
736 327 931 351 302 
737 145 328 933 314 
738 328 302 350 933 
739 933 350 310 934 
740 314 933 934 263 
741 329 463 935 420 
742 463 331 936 935 
743 935 936 190 937 
744 420 935 937 332 
745 332 937 938 435 
746 937 190 939 938 
747 938 939 343 489 
748 435 938 489 342 
749 397 467 940 469 
750 467 329 941 940 
751 940 941 420 942 
752 469 940 942 419 
753 400 944 943 432 
754 944 422 472 943 
755 943 472 425 945 
756 432 943 945 193 
757 434 947 946 478 
758 947 435 948 946 
759 946 948 342 493 
760 478 946 493 412 
761 208 950 949 446 
762 950 440 497 949 
763 949 497 439 951 
764 446 949 951 417 
765 449 953 952 532 
766 953 84 629 952 
767 952 629 450 554 
768 532 952 554 448 
769 479 580 954 598 
770 580 480 666 954 
771 954 666 118 955 
772 598 954 955 481 
773 502 957 956 536 
774 957 448 958 956 
775 956 958 503 558 
776 536 956 558 501 
777 505 583 959 602 
778 583 506 960 959 
779 959 960 479 961 
780 602 959 961 507 
781 47 963 962 627 
782 963 546 964 962 
783 962 964 545 637 
784 627 962 637 86 
785 550 966 965 631 
786 966 86 967 965 
787 965 967 551 641 
788 631 965 641 549 
789 119 655 968 663 
790 655 572 969 968 
791 968 969 574 970 
792 663 968 970 72 
793 575 658 971 667 
794 658 576 972 971 
795 971 972 119 973 
796 667 971 973 577 
797 549 975 974 680 
798 975 641 976 974 
799 974 976 640 755 
800 680 974 755 611 
801 614 772 977 698 
802 772 656 978 977 
803 977 978 658 979 
804 698 977 979 575 
805 611 981 980 760 
806 981 755 982 980 
807 980 982 754 829 
808 760 980 829 646 
809 758 984 983 810 
810 984 760 985 983 
811 983 985 646 833 
812 810 983 833 761 
813 660 842 986 775 
814 842 770 987 986 
815 986 987 772 988 
816 775 986 988 614 
817 774 846 989 821 
818 846 660 990 989 
819 989 990 775 991 
820 821 989 991 773 
