2 0.000000 100.000000 262.180540
1001 826 
1 -11.368037 0.000000 -11.528932 99.756235 -0.000012 6.975608 0.000003 
2 13.641644 0.000000 -11.528932 99.756336 -0.000052 6.973955 0.000004 
3 13.641644 0.000000 11.528932 99.756711 0.000059 6.973350 -0.000003 
4 -11.368037 0.000000 11.528932 99.756589 0.000001 6.975626 -0.000004 
5 1.136804 0.000000 0.000000 102.425509 -0.026785 6.747066 -0.053651 
6 -11.368037 0.000000 0.000000 99.756380 -0.000013 6.975733 0.000000 
7 1.136804 0.000000 -11.528932 99.755806 -0.000051 6.974703 0.000013 
8 13.641644 0.000000 0.000000 99.783023 0.000381 6.594206 -0.000014 
9 1.136804 0.000000 11.528932 99.757205 0.000006 6.974579 -0.000014 
10 -5.115617 0.000000 -5.764466 99.755588 -0.000123 6.975316 0.000017 
11 -11.368037 0.000000 -5.764466 99.756245 -0.000014 6.975669 0.000003 
12 -5.115617 0.000000 -11.528932 99.756003 -0.000027 6.975395 0.000008 
13 1.136804 0.000000 -5.764466 99.755995 0.000367 6.971678 0.000014 
14 -5.115617 0.000000 0.000000 99.755740 -0.000380 6.975856 0.000013 
15 7.389224 0.000000 -5.764466 99.756102 0.000256 6.968987 0.000015 
16 7.389224 0.000000 -11.528932 99.756080 -0.000055 6.974058 0.000009 
17 13.641644 0.000000 -5.764466 99.756652 -0.000097 6.969515 0.000004 
18 7.389224 0.000000 0.000000 99.866119 0.000904 5.397761 -0.000238 
19 -5.115617 0.000000 5.764466 99.757092 -0.000403 6.975701 -0.000014 
20 -11.368037 0.000000 5.764466 99.756547 -0.000006 6.975697 -0.000003 
21 1.136804 0.000000 5.764466 99.762087 -0.000017 6.971251 -0.000107 
22 -5.115617 0.000000 11.528932 99.756883 -0.000001 6.975422 -0.000009 
23 -1.989406 0.000000 -2.882233 99.752312 -0.000075 6.972535 0.000086 
24 -5.115617 0.000000 -2.882233 99.755360 -0.000363 6.975554 0.000021 
25 -1.989406 0.000000 -5.764466 99.755044 -0.000138 6.974083 0.000029 
26 1.136804 0.000000 -2.882233 99.761999 0.001033 6.959654 -0.000089 
27 -1.989406 0.000000 0.000000 99.747002 -0.004459 6.975470 0.000188 
28 7.389224 0.000000 5.764466 99.757465 0.000164 6.966466 -0.000008 
29 13.641644 0.000000 5.764466 99.757265 0.000158 6.964739 -0.000002 
30 7.389224 0.000000 11.528932 99.756937 0.000037 6.973706 -0.000008 
31 4.263014 0.000000 -2.882233 99.756356 0.002232 6.951226 0.000035 
32 4.263014 0.000000 -5.764466 99.755519 0.000060 6.969697 0.000026 
33 7.389224 0.000000 -2.882233 99.757240 0.000252 6.951016 0.000018 
34 4.263014 0.000000 0.000000 99.993158 -0.013855 3.534644 -0.001113 
35 -1.989406 0.000000 2.882233 99.758595 -0.002097 6.976789 -0.000045 
36 -5.115617 0.000000 2.882233 99.756708 -0.000604 6.976069 -0.000007 
37 1.136804 0.000000 2.882233 99.763786 0.000044 6.954416 -0.000118 
38 -1.989406 0.000000 5.764466 99.758240 -0.000107 6.974869 -0.000036 
39 -0.426301 0.000000 -1.441116 99.736479 -0.007975 6.933634 0.000456 
40 -1.989406 0.000000 -1.441116 99.748459 -0.002992 6.971352 0.000165 
41 -0.426301 0.000000 -2.882233 99.753957 0.001321 6.964161 0.000065 
42 1.136804 0.000000 -1.441116 99.754355 0.022893 6.922461 0.000115 
43 -0.426301 0.000000 0.000000 99.848896 -0.051570 7.029402 -0.001922 
44 4.263014 0.000000 2.882233 99.757966 -0.000005 6.940502 0.000018 
45 7.389224 0.000000 2.882233 99.759426 0.000511 6.933052 -0.000001 
46 4.263014 0.000000 5.764466 99.758099 0.000218 6.967792 -0.000023 
47 2.699909 0.000000 -1.441116 99.760152 0.012446 6.887800 0.000047 
48 2.699909 0.000000 -2.882233 99.759483 0.006469 6.956439 -0.000035 
49 4.263014 0.000000 -1.441116 99.762082 0.002976 6.882053 0.000016 
50 2.699909 0.000000 0.000000 100.302070 -0.034793 4.423720 -0.008008 
51 -0.426301 0.000000 1.441116 99.762007 -0.007822 6.990040 -0.000132 
52 -1.989406 0.000000 1.441116 99.754471 -0.003464 6.979351 0.000033 
53 1.136804 0.000000 1.441116 99.815786 -0.022022 6.882200 -0.001056 
54 -0.426301 0.000000 2.882233 99.763851 -0.005010 6.972928 -0.000145 
55 0.355251 0.000000 -0.720558 99.863922 0.044545 6.687559 -0.001753 
56 -0.426301 0.000000 -0.720558 99.717040 0.092167 6.863981 0.000939 
57 0.355251 0.000000 -1.441116 99.739992 0.010450 6.922214 0.000402 
58 1.136804 0.000000 -0.720558 99.798745 -0.093780 6.876050 -0.000708 
59 0.355251 0.000000 0.000000 61.311647 0.010682 0.027893 0.624088 
60 -8.241827 0.000000 -2.882233 99.756064 -0.000188 6.975696 0.000007 
61 -11.368037 0.000000 -2.882233 99.756296 -0.000014 6.975708 0.000002 
62 -8.241827 0.000000 -5.764466 99.756077 -0.000027 6.975633 0.000007 
63 -8.241827 0.000000 0.000000 99.756237 -0.000255 6.975802 0.000003 
64 -3.552511 0.000000 -1.441116 99.754301 0.002376 6.974294 0.000044 
65 -5.115617 0.000000 -1.441116 99.755472 -0.000351 6.975616 0.000019 
66 -3.552511 0.000000 -2.882233 99.754487 -0.000455 6.974800 0.000039 
67 -3.552511 0.000000 0.000000 99.754481 0.002210 6.975053 0.000039 
68 -1.207854 0.000000 -0.720558 99.732880 -0.007974 6.960705 0.000490 
69 -1.989406 0.000000 -0.720558 99.746619 -0.003542 6.972549 0.000200 
70 -1.207854 0.000000 -1.441116 99.742559 -0.005364 6.961308 0.000296 
71 -1.207854 0.000000 0.000000 99.729338 -0.009434 6.975199 0.000541 
72 2.699909 0.000000 1.441116 99.754917 -0.001880 6.826205 0.000236 
73 4.263014 0.000000 1.441116 99.761732 0.003177 6.820214 0.000108 
74 2.699909 0.000000 2.882233 99.755912 -0.002124 6.944674 0.000053 
75 0.355251 0.000000 0.720558 99.843218 -0.020185 6.982638 -0.001743 
76 -0.426301 0.000000 0.720558 99.676644 0.047012 6.944211 0.001634 
77 1.136804 0.000000 0.720558 99.823458 -0.040155 6.723358 -0.000993 
78 0.355251 0.000000 1.441116 99.799819 -0.012488 6.965880 -0.000853 
79 -0.035525 0.000000 -0.360279 98.910478 0.114872 6.714701 0.017162 
80 -0.426301 0.000000 -0.360279 99.688313 -0.000868 6.997753 0.001327 
81 -0.035525 0.000000 -0.720558 99.608600 0.026222 6.798441 0.003191 
82 0.355251 0.000000 -0.360279 100.312721 0.093363 5.747783 -0.009569 
83 -0.035525 0.000000 0.000000 157.209586 -0.038346 7.257481 -1.476753 
84 1.918356 0.000000 -0.720558 99.743222 0.003228 6.682052 0.000664 
85 1.918356 0.000000 -1.441116 99.754580 0.025788 6.901988 0.000139 
86 2.699909 0.000000 -0.720558 99.841068 0.027094 6.620146 -0.001207 
87 1.918356 0.000000 0.000000 102.685398 0.340904 4.114180 -0.056133 
88 0.746027 0.000000 -0.360279 99.635665 -0.078475 6.497321 0.003051 
89 0.746027 0.000000 -0.720558 99.727435 0.025182 6.880762 0.000709 
90 1.136804 0.000000 -0.360279 99.725161 0.067543 6.157434 0.001697 
91 0.746027 0.000000 0.000000 102.789475 -0.006043 6.574012 -0.060889 
92 -8.241827 0.000000 2.882233 99.756489 -0.000266 6.975811 -0.000002 
93 -11.368037 0.000000 2.882233 99.756475 -0.000010 6.975728 -0.000002 
94 -8.241827 0.000000 5.764466 99.756700 -0.000014 6.975705 -0.000006 
95 -3.552511 0.000000 1.441116 99.755528 0.001747 6.975540 0.000018 
96 -5.115617 0.000000 1.441116 99.756190 -0.000346 6.975970 0.000004 
97 -3.552511 0.000000 2.882233 99.757025 -0.000438 6.976127 -0.000013 
98 -1.207854 0.000000 0.720558 99.742139 -0.009417 6.983136 0.000274 
99 -1.989406 0.000000 0.720558 99.750069 -0.004678 6.977545 0.000124 
100 -1.207854 0.000000 1.441116 99.753797 -0.007107 6.981988 0.000043 
101 -0.035525 0.000000 0.360279 99.265535 0.008304 6.846990 0.009947 
102 -0.426301 0.000000 0.360279 99.676418 -0.020046 6.816266 0.001815 
103 0.355251 0.000000 0.360279 100.646352 -0.042909 6.990176 -0.017855 
104 -0.035525 0.000000 0.720558 99.563791 0.018033 6.937189 0.003893 
105 0.159863 0.000000 -0.180140 97.558607 -0.064441 0.352708 0.048219 
106 -0.035525 0.000000 -0.180140 96.862065 0.323358 9.222775 0.053258 
107 0.159863 0.000000 -0.360279 99.130633 0.192882 5.575329 0.014200 
108 0.355251 0.000000 -0.180140 101.686639 0.137144 3.144395 -0.035008 
109 0.159863 0.000000 0.000000 105.597231 0.214847 0.141242 -0.115084 
110 -0.817078 0.000000 -0.360279 99.728505 0.056813 6.914401 0.000641 
111 -1.207854 0.000000 -0.360279 99.727780 -0.009048 6.969528 0.000580 
112 -0.817078 0.000000 -0.720558 99.708889 -0.011882 6.953253 0.000979 
113 -0.817078 0.000000 0.000000 99.723074 0.055300 6.922275 0.000739 
114 -0.230913 0.000000 -0.180140 100.013296 0.078608 7.255321 -0.005531 
115 -0.426301 0.000000 -0.180140 99.774141 -0.054377 7.037199 -0.000440 
116 -0.230913 0.000000 -0.360279 99.433043 0.103252 7.125951 0.006228 
117 -0.230913 0.000000 0.000000 100.816123 0.051445 7.005655 -0.021297 
118 1.918356 0.000000 0.720558 99.571220 0.013776 6.316119 0.004568 
119 2.699909 0.000000 0.720558 99.678940 -0.002287 6.510266 0.002173 
120 1.918356 0.000000 1.441116 99.758513 -0.011511 6.828544 0.000161 
121 0.746027 0.000000 0.360279 99.619013 -0.030416 6.362751 0.003557 
122 1.136804 0.000000 0.360279 100.064866 0.026519 6.509883 -0.005536 
123 0.746027 0.000000 0.720558 99.590321 0.007137 6.849704 0.003485 
124 0.159863 0.000000 0.180140 99.253097 -0.012810 10.279491 0.004315 
125 -0.035525 0.000000 0.180140 98.199304 0.071235 4.430156 0.033727 
126 0.355251 0.000000 0.180140 102.414674 -0.010178 5.973794 -0.052445 
127 0.159863 0.000000 0.360279 99.655104 -0.096458 7.550868 0.001184 
128 0.062169 0.000000 -0.090070 84.629079 0.061334 -5.774695 0.280457 
129 -0.035525 0.000000 -0.090070 101.520725 0.166297 23.771044 -0.087155 
130 0.062169 0.000000 -0.180140 95.194441 0.148568 3.822350 0.092339 
131 0.159863 0.000000 -0.090070 97.587746 0.162695 -13.045001 0.030643 
132 0.062169 0.000000 0.000000 179.578342 0.009474 0.790981 -2.224901 
133 -0.817078 0.000000 0.360279 99.709477 0.061465 6.917631 0.001016 
134 -1.207854 0.000000 0.360279 99.733989 -0.009011 6.979578 0.000442 
135 -0.817078 0.000000 0.720558 99.709669 0.053983 6.934735 0.000989 
136 -0.230913 0.000000 0.180140 100.194977 0.046945 6.671978 -0.008355 
137 -0.426301 0.000000 0.180140 99.813350 -0.003653 6.947824 -0.001098 
138 -0.230913 0.000000 0.360279 99.605019 0.019556 6.731798 0.003352 
139 -0.133219 0.000000 -0.090070 102.393660 0.122342 9.350655 -0.057191 
140 -0.230913 0.000000 -0.090070 100.459428 0.045184 7.354526 -0.014619 
141 -0.133219 0.000000 -0.180140 99.562274 0.002149 8.498058 0.001514 
142 -0.133219 0.000000 0.000000 105.203991 0.196466 7.182649 -0.111951 
143 0.062169 0.000000 0.090070 89.451728 0.060096 12.206530 0.184939 
144 -0.035525 0.000000 0.090070 103.830113 0.029626 -8.907920 -0.086004 
145 0.159863 0.000000 0.090070 101.255995 0.097995 13.792480 -0.044302 
146 0.062169 0.000000 0.180140 97.089337 -0.115209 8.272561 0.050521 
147 0.013322 0.000000 -0.045035 72.177302 0.156493 -14.072871 0.459237 
148 -0.035525 0.000000 -0.045035 138.657361 -0.000674 33.440773 -1.034415 
149 0.013322 0.000000 -0.090070 74.203861 0.014003 9.384247 0.440572 
150 0.062169 0.000000 -0.045035 177.245835 0.023798 -17.423910 -2.171968 
151 0.013322 0.000000 0.000000 226.641499 -0.011710 3.627075 -4.137953 
152 -0.133219 0.000000 0.090070 102.822030 0.048353 4.913503 -0.059651 
153 -0.230913 0.000000 0.090070 100.575200 0.042400 6.617779 -0.015917 
154 -0.133219 0.000000 0.180140 100.016776 0.001654 5.356374 -0.003205 
155 0.013322 0.000000 0.045035 80.070358 -0.148622 15.859603 0.333719 
156 -0.035525 0.000000 0.045035 138.419943 -0.056914 -17.490806 -0.946601 
157 0.062169 0.000000 0.045035 175.624644 0.011757 18.223763 -2.117612 
158 0.013322 0.000000 0.090070 80.699971 -0.130529 1.181847 0.348610 
159 -1.989406 0.000000 -8.646699 99.755564 0.000093 6.974769 0.000018 
160 -5.115617 0.000000 -8.646699 99.757181 0.001883 6.974344 -0.000014 
161 -1.989406 0.000000 -11.528932 99.755861 -0.000040 6.975113 0.000012 
162 1.136804 0.000000 -8.646699 99.755487 0.000265 6.973917 0.000021 
163 -0.426301 0.000000 -4.323349 99.756282 0.002260 6.970066 0.000010 
164 -1.989406 0.000000 -4.323349 99.754904 0.000793 6.972878 0.000034 
165 -0.426301 0.000000 -5.764466 99.754879 -0.000037 6.972921 0.000034 
166 1.136804 0.000000 -4.323349 99.754324 0.002310 6.968585 0.000051 
167 0.355251 0.000000 -2.161675 99.777638 -0.002690 6.943207 -0.000379 
168 -0.426301 0.000000 -2.161675 99.752565 -0.003691 6.954330 0.000106 
169 0.355251 0.000000 -2.882233 99.759604 -0.000818 6.960282 -0.000042 
170 1.136804 0.000000 -2.161675 99.780957 0.019568 6.948405 -0.000452 
171 -0.035525 0.000000 -1.080837 99.803054 0.046936 6.843994 -0.000749 
172 -0.426301 0.000000 -1.080837 99.701467 -0.004719 6.928308 0.001162 
173 -0.035525 0.000000 -1.441116 99.740684 0.003014 6.920836 0.000390 
174 0.355251 0.000000 -1.080837 99.899714 0.012515 6.857519 -0.002698 
175 0.159863 0.000000 -0.540419 99.580158 0.095410 6.427386 0.004247 
176 -0.035525 0.000000 -0.540419 99.513811 0.099620 6.667282 0.005254 
177 0.159863 0.000000 -0.720558 99.684306 0.051843 6.689765 0.001828 
178 0.355251 0.000000 -0.540419 99.853307 0.089563 6.477042 -0.001264 
179 0.062169 0.000000 -0.270209 97.279172 0.269807 5.529269 0.050612 
180 -0.035525 0.000000 -0.270209 97.860741 0.179305 7.315808 0.036972 
181 0.062169 0.000000 -0.360279 98.628561 0.189177 6.234694 0.023350 
182 0.159863 0.000000 -0.270209 98.569692 0.182228 4.010259 0.026790 
183 0.013322 0.000000 -0.135105 91.563626 0.093096 7.870785 0.155414 
184 -0.035525 0.000000 -0.135105 97.167696 0.260992 12.299813 0.040709 
185 0.013322 0.000000 -0.180140 95.204730 0.288608 6.917293 0.088813 
186 0.062169 0.000000 -0.135105 92.403636 0.085507 1.242228 0.146002 
187 0.550639 0.000000 -0.180140 102.097235 -0.000973 5.052449 -0.044937 
188 0.550639 0.000000 -0.360279 100.053383 0.056600 6.598715 -0.005423 
189 0.746027 0.000000 -0.180140 102.836083 0.009831 5.123028 -0.060151 
190 0.550639 0.000000 0.000000 102.113361 -0.008219 6.531827 -0.046980 
191 0.257557 0.000000 -0.090070 101.549475 0.016156 -10.026722 -0.041283 
192 0.257557 0.000000 -0.180140 100.075026 0.159996 1.010337 -0.001606 
193 0.355251 0.000000 -0.090070 105.004041 0.076592 -4.295547 -0.104431 
194 0.257557 0.000000 0.000000 74.277337 -0.089306 0.027413 0.448287 
195 0.111016 0.000000 -0.045035 132.229613 0.040470 -12.305828 -0.763611 
196 0.111016 0.000000 -0.090070 90.820524 0.146220 -14.860237 0.153078 
197 0.159863 0.000000 -0.045035 104.541625 0.197678 -7.600650 -0.098676 
198 0.111016 0.000000 0.000000 134.920639 0.038550 0.225491 -0.820363 
199 0.037745 0.000000 -0.067552 72.927922 0.146903 -14.063199 0.448372 
200 0.013322 0.000000 -0.067552 72.175247 0.160915 -13.716615 0.460256 
201 0.037745 0.000000 -0.090070 81.410249 0.038121 -2.003716 0.336836 
202 0.062169 0.000000 -0.067552 77.777832 0.079063 -14.804449 0.373143 
203 0.037745 0.000000 -0.045035 72.556749 0.143954 -14.146542 0.453537 
204 0.550639 0.000000 0.180140 102.126722 -0.020316 5.061265 -0.045548 
205 0.746027 0.000000 0.180140 102.931595 -0.023641 5.121016 -0.062114 
206 0.550639 0.000000 0.360279 100.025353 -0.061160 6.190747 -0.004340 
207 0.257557 0.000000 0.090070 104.212535 -0.077202 10.544246 -0.097144 
208 0.355251 0.000000 0.090070 106.348609 0.048763 4.622066 -0.133139 
209 0.257557 0.000000 0.180140 101.341664 -0.092343 8.691240 -0.034568 
210 0.111016 0.000000 0.045035 131.975928 0.017789 12.582667 -0.757597 
211 0.159863 0.000000 0.045035 104.492214 0.107772 7.733327 -0.097844 
212 0.111016 0.000000 0.090070 95.425964 0.142053 16.131054 0.063365 
213 -1.989406 0.000000 8.646699 99.757575 -0.000298 6.974940 -0.000022 
214 -5.115617 0.000000 8.646699 99.757236 0.000136 6.975607 -0.000017 
215 1.136804 0.000000 8.646699 99.757901 -0.000217 6.973689 -0.000027 
216 -1.989406 0.000000 11.528932 99.757098 -0.000001 6.975097 -0.000013 
217 -0.426301 0.000000 4.323349 99.761335 -0.001750 6.973033 -0.000095 
218 -1.989406 0.000000 4.323349 99.760649 0.000565 6.976746 -0.000086 
219 1.136804 0.000000 4.323349 99.762672 -0.001631 6.967367 -0.000113 
220 -0.426301 0.000000 5.764466 99.759212 0.000012 6.973454 -0.000053 
221 0.355251 0.000000 2.161675 99.790135 -0.002835 6.964697 -0.000658 
222 -0.426301 0.000000 2.161675 99.764678 -0.003751 6.975048 -0.000164 
223 1.136804 0.000000 2.161675 99.799688 -0.006490 6.935527 -0.000808 
224 0.355251 0.000000 2.882233 99.767815 -0.005647 6.965358 -0.000213 
225 -0.035525 0.000000 1.080837 99.690993 0.045988 6.977115 0.001302 
226 -0.426301 0.000000 1.080837 99.705495 0.045252 6.960499 0.001036 
227 0.355251 0.000000 1.080837 99.720177 0.008903 6.970060 0.000730 
228 -0.035525 0.000000 1.441116 99.790326 -0.011509 6.996769 -0.000706 
229 0.159863 0.000000 0.540419 99.721449 0.017281 7.123418 0.000489 
230 -0.035525 0.000000 0.540419 99.594459 0.054417 7.029077 0.003153 
231 0.355251 0.000000 0.540419 99.852368 -0.059588 6.943864 -0.001872 
232 0.159863 0.000000 0.720558 99.766448 0.019886 7.041481 -0.000293 
233 0.062169 0.000000 0.270209 98.224130 -0.028418 7.563286 0.029482 
234 -0.035525 0.000000 0.270209 98.499120 -0.068726 6.243969 0.025893 
235 0.159863 0.000000 0.270209 99.442170 0.008980 8.439151 0.004004 
236 0.062169 0.000000 0.360279 99.159304 -0.053953 7.200179 0.011559 
237 0.013322 0.000000 0.135105 94.468100 -0.052725 4.580436 0.105479 
238 -0.035525 0.000000 0.135105 99.021241 0.096043 1.536538 0.019242 
239 0.062169 0.000000 0.135105 95.342009 -0.082741 9.427133 0.082102 
240 0.013322 0.000000 0.180140 96.954225 0.007102 6.019060 0.056365 
241 0.037745 0.000000 0.067552 80.501482 -0.037065 15.979521 0.326416 
242 0.013322 0.000000 0.067552 80.008249 -0.145104 15.919772 0.334522 
243 0.037745 0.000000 0.045035 80.266120 -0.047691 15.901674 0.330448 
244 0.062169 0.000000 0.067552 84.460593 0.030209 16.485160 0.259465 
245 0.037745 0.000000 0.090070 86.760568 -0.048189 9.959407 0.237341 
246 0.111016 0.000000 -0.135105 95.279462 -0.035284 -1.964715 0.091796 
247 0.111016 0.000000 -0.180140 96.392183 -0.039497 1.693667 0.070568 
248 0.159863 0.000000 -0.135105 97.453431 -0.068436 -3.440681 0.049099 
249 0.086592 0.000000 -0.067552 90.010889 -0.009769 -14.761179 0.168015 
250 0.086592 0.000000 -0.090070 90.428517 -0.019794 -15.002285 0.159761 
251 0.111016 0.000000 -0.067552 90.832880 0.133905 -14.809019 0.153006 
252 0.086592 0.000000 -0.045035 152.834226 -0.022822 -15.511288 -1.359890 
253 0.086592 0.000000 -0.112587 91.970829 0.004084 -4.207502 0.152366 
254 0.062169 0.000000 -0.112587 89.291107 0.110111 -1.552643 0.202468 
255 0.086592 0.000000 -0.135105 93.796702 0.000540 -0.671189 0.120173 
256 0.111016 0.000000 -0.112587 94.400652 0.056368 -5.502105 0.105824 
257 0.074381 0.000000 -0.078811 86.981405 -0.036923 -14.774585 0.221595 
258 0.062169 0.000000 -0.078811 78.697944 0.066363 -14.882881 0.358513 
259 0.074381 0.000000 -0.090070 85.539582 -0.019628 -9.402433 0.259457 
260 0.086592 0.000000 -0.078811 90.155882 0.000278 -14.822760 0.165220 
261 0.074381 0.000000 -0.067552 84.954983 -0.013388 -14.810731 0.256329 
262 0.111016 0.000000 0.135105 97.942963 0.043272 11.367395 0.027796 
263 0.159863 0.000000 0.135105 99.872082 -0.062218 11.782383 -0.011326 
264 0.111016 0.000000 0.180140 98.210776 -0.082291 9.597538 0.026252 
265 0.086592 0.000000 0.067552 94.961509 0.160990 16.045882 0.072482 
266 0.086592 0.000000 0.045035 152.026929 -0.014778 15.853060 -1.336351 
267 0.111016 0.000000 0.067552 95.454084 0.149376 16.148334 0.062773 
268 0.086592 0.000000 0.090070 95.348523 0.174494 16.075153 0.065022 
269 0.086592 0.000000 0.112587 95.427982 0.021652 12.464976 0.073812 
270 0.062169 0.000000 0.112587 93.033150 -0.023344 10.725651 0.122979 
271 0.111016 0.000000 0.112587 97.636843 0.135527 12.905162 0.030049 
272 0.086592 0.000000 0.135105 96.603146 0.022192 10.712970 0.055306 
273 0.074381 0.000000 0.078811 92.427712 0.113832 15.963575 0.120227 
274 0.062169 0.000000 0.078811 85.278905 0.037763 16.393397 0.245876 
275 0.074381 0.000000 0.067552 90.678488 0.094672 16.078741 0.151888 
276 0.086592 0.000000 0.078811 95.076559 0.163642 16.057230 0.070259 
277 0.074381 0.000000 0.090070 90.226882 0.081889 14.979086 0.163473 
278 0.208710 0.000000 -0.045035 85.769837 -0.041283 -4.812756 0.262037 
279 0.208710 0.000000 -0.090070 99.034508 0.085282 -12.381865 0.003885 
280 0.257557 0.000000 -0.045035 73.525702 -0.038380 -3.712305 0.458019 
281 0.208710 0.000000 0.000000 86.820362 -0.009590 0.100285 0.246221 
282 0.135439 0.000000 -0.067552 91.442875 0.199266 -15.163001 0.140824 
283 0.135439 0.000000 -0.090070 92.658731 0.189729 -14.925852 0.119154 
284 0.159863 0.000000 -0.067552 103.300699 0.123225 -11.297079 -0.079867 
285 0.135439 0.000000 -0.045035 116.840477 0.137619 -9.740489 -0.374659 
286 0.257557 0.000000 -0.270209 99.867254 0.060922 4.195470 0.000893 
287 0.257557 0.000000 -0.360279 99.883858 0.096168 5.446173 -0.000646 
288 0.355251 0.000000 -0.270209 100.462037 0.094101 5.155930 -0.011921 
289 0.208710 0.000000 -0.135105 99.134282 0.095196 -3.675086 0.015888 
290 0.208710 0.000000 -0.180140 98.686094 0.106717 0.212708 0.026100 
291 0.257557 0.000000 -0.135105 100.518772 0.276586 -3.109140 -0.011377 
292 0.135439 0.000000 -0.112587 95.739251 0.057901 -6.129613 0.079642 
293 0.135439 0.000000 -0.135105 96.451510 -0.060048 -2.707895 0.068977 
294 0.159863 0.000000 -0.112587 96.977289 -0.001015 -6.871476 0.054819 
295 0.123228 0.000000 -0.078811 90.961962 0.184316 -14.963065 0.150199 
296 0.111016 0.000000 -0.078811 90.828470 0.142236 -14.912439 0.152779 
297 0.123228 0.000000 -0.090070 91.086060 0.180154 -15.104698 0.147515 
298 0.135439 0.000000 -0.078811 92.561481 0.190680 -14.964294 0.120841 
299 0.123228 0.000000 -0.067552 90.804307 0.168440 -15.058477 0.152779 
300 0.208710 0.000000 0.045035 85.700485 -0.161621 4.923765 0.263116 
301 0.257557 0.000000 0.045035 73.537152 -0.097571 3.732933 0.457834 
302 0.208710 0.000000 0.090070 102.312262 -0.126876 13.053755 -0.063822 
303 0.135439 0.000000 0.067552 95.909013 0.117813 16.165141 0.054014 
304 0.135439 0.000000 0.045035 116.523541 0.033886 9.929179 -0.367633 
305 0.159863 0.000000 0.067552 103.270298 0.090082 11.311776 -0.079272 
306 0.135439 0.000000 0.090070 96.989299 0.132883 15.888321 0.034062 
307 0.257557 0.000000 0.270209 100.564421 0.013173 7.766736 -0.017353 
308 0.355251 0.000000 0.270209 100.975408 -0.117338 6.580202 -0.023935 
309 0.257557 0.000000 0.360279 100.393105 -0.100804 7.482471 -0.013477 
310 0.208710 0.000000 0.135105 101.321498 -0.159553 11.040696 -0.038797 
311 0.257557 0.000000 0.135105 102.309558 0.002495 9.620301 -0.055980 
312 0.208710 0.000000 0.180140 100.208408 0.027138 9.960142 -0.014093 
313 0.135439 0.000000 0.112587 98.928368 0.107133 12.886375 0.004711 
314 0.159863 0.000000 0.112587 99.909422 -0.048634 12.744549 -0.014432 
315 0.135439 0.000000 0.135105 99.000204 0.035759 11.583914 0.006477 
316 0.123228 0.000000 0.078811 95.493071 0.122606 16.124545 0.062106 
317 0.111016 0.000000 0.078811 95.449824 0.147630 16.123813 0.062933 
318 0.123228 0.000000 0.067552 95.397944 0.133777 16.080129 0.064064 
319 0.135439 0.000000 0.078811 96.904094 0.131888 15.930991 0.035578 
320 0.123228 0.000000 0.090070 95.627402 0.128214 16.118369 0.059558 
321 0.184287 0.000000 -0.112587 98.236576 -0.004301 -7.409518 0.029467 
322 0.184287 0.000000 -0.135105 98.118805 -0.008222 -3.889909 0.035757 
323 0.208710 0.000000 -0.112587 100.422908 0.159406 -7.285164 -0.013786 
324 0.184287 0.000000 -0.090070 97.605489 0.157032 -12.912104 0.030642 
325 0.452945 0.000000 -0.090070 98.966200 0.011221 2.823043 0.019772 
326 0.452945 0.000000 -0.180140 99.944609 0.007286 1.171995 0.000970 
327 0.550639 0.000000 -0.090070 101.525212 0.000135 5.563049 -0.033832 
328 0.452945 0.000000 0.000000 102.113361 -0.008219 6.531827 -0.046980 
329 0.306404 0.000000 -0.135105 101.873121 0.112916 -1.273282 -0.037977 
330 0.306404 0.000000 -0.180140 100.978795 0.191275 1.817623 -0.020006 
331 0.355251 0.000000 -0.135105 104.349228 0.133573 -0.008536 -0.088878 
332 0.306404 0.000000 -0.090070 103.711692 0.052576 -6.309149 -0.079592 
333 0.233134 0.000000 -0.112587 101.675462 -0.002972 -10.038458 -0.043867 
334 0.233134 0.000000 -0.135105 99.731574 0.101790 -3.280937 0.004284 
335 0.257557 0.000000 -0.112587 101.545004 0.017017 -10.026210 -0.041191 
336 0.233134 0.000000 -0.090070 101.602744 -0.000810 -10.031243 -0.042374 
337 0.184287 0.000000 -0.067552 93.032804 0.116091 -9.519443 0.125426 
338 0.208710 0.000000 -0.067552 83.744352 0.054092 -7.626211 0.292872 
339 0.184287 0.000000 -0.045035 94.207194 0.036714 -6.156510 0.108710 
340 0.196498 0.000000 -0.101329 97.831048 0.149229 -13.084318 0.025786 
341 0.184287 0.000000 -0.101329 97.630884 0.161146 -13.059217 0.029764 
342 0.196498 0.000000 -0.112587 99.052443 0.055182 -7.503247 0.013231 
343 0.208710 0.000000 -0.101329 99.399183 0.076044 -11.902109 -0.002186 
344 0.196498 0.000000 -0.090070 97.758861 0.155488 -13.075337 0.027222 
345 0.184287 0.000000 0.112587 101.039716 -0.130039 12.772506 -0.037218 
346 0.184287 0.000000 0.090070 101.174518 -0.044428 13.829195 -0.042753 
347 0.208710 0.000000 0.112587 103.094658 -0.101096 11.912493 -0.077043 
348 0.184287 0.000000 0.135105 100.358586 -0.069883 11.615571 -0.020677 
349 0.184287 0.000000 0.067552 93.083491 0.041910 9.667181 0.124201 
350 0.184287 0.000000 0.045035 94.104883 0.033886 6.303466 0.110454 
351 0.208710 0.000000 0.067552 83.569969 -0.071649 7.685761 0.295698 
352 0.452945 0.000000 0.090070 99.072364 -0.020676 2.823145 0.017670 
353 0.550639 0.000000 0.090070 101.558281 -0.015551 5.566401 -0.034507 
354 0.452945 0.000000 0.180140 100.037270 -0.026663 1.176230 -0.000884 
355 0.306404 0.000000 0.135105 103.373933 -0.015889 7.241301 -0.073861 
356 0.306404 0.000000 0.090070 105.515439 0.023613 6.684134 -0.117819 
357 0.355251 0.000000 0.135105 105.478954 0.015477 5.475757 -0.115579 
358 0.306404 0.000000 0.180140 101.985348 -0.106157 7.503506 -0.045733 
359 0.233134 0.000000 0.112587 104.408888 -0.115209 10.564142 -0.101283 
360 0.233134 0.000000 0.090070 104.339535 -0.114598 10.556880 -0.099820 
361 0.257557 0.000000 0.112587 104.206874 -0.075033 10.543606 -0.097025 
362 0.233134 0.000000 0.135105 101.688125 -0.171154 10.139361 -0.044331 
363 0.196498 0.000000 0.101329 101.361668 -0.088890 13.813452 -0.046501 
364 0.184287 0.000000 0.101329 101.209457 -0.056571 13.792440 -0.043359 
365 0.196498 0.000000 0.090070 101.307215 -0.085539 13.806920 -0.045379 
366 0.208710 0.000000 0.101329 102.612868 -0.121007 12.550159 -0.068692 
367 0.196498 0.000000 0.112587 101.763587 -0.132229 12.474372 -0.051145 
368 0.306404 0.000000 -0.045035 65.413863 0.060707 -1.952990 0.571721 
369 0.355251 0.000000 -0.045035 60.568838 0.024127 -0.940884 0.633053 
370 0.306404 0.000000 0.000000 65.859457 0.040636 0.035390 0.566253 
371 0.281981 0.000000 -0.112587 102.850508 0.069079 -8.258357 -0.064643 
372 0.281981 0.000000 -0.135105 101.782796 0.180044 -2.248150 -0.036482 
373 0.306404 0.000000 -0.112587 103.717342 0.045107 -6.310406 -0.079711 
374 0.281981 0.000000 -0.090070 102.627673 0.063165 -8.573374 -0.060595 
375 0.281981 0.000000 -0.067552 67.612136 0.086908 -4.248187 0.541054 
376 0.257557 0.000000 -0.067552 72.801803 -0.012811 -5.727568 0.466709 
377 0.306404 0.000000 -0.067552 64.852485 0.050369 -2.811872 0.578625 
378 0.281981 0.000000 -0.045035 68.713761 0.017525 -2.863236 0.527022 
379 0.269769 0.000000 -0.101329 101.750984 0.036175 -9.818191 -0.044966 
380 0.257557 0.000000 -0.101329 101.549075 0.016233 -10.026676 -0.041275 
381 0.269769 0.000000 -0.112587 101.762648 0.044579 -10.047475 -0.045659 
382 0.281981 0.000000 -0.101329 102.568774 0.076536 -9.392980 -0.060859 
383 0.269769 0.000000 -0.090070 101.670740 0.034015 -10.038439 -0.043771 
384 0.306404 0.000000 0.045035 65.327092 0.051641 1.961892 0.572852 
385 0.355251 0.000000 0.045035 60.528055 -0.003587 0.998990 0.633536 
386 0.281981 0.000000 0.112587 105.095426 0.049268 8.705138 -0.112083 
387 0.281981 0.000000 0.090070 104.941386 0.035352 9.032067 -0.109427 
388 0.306404 0.000000 0.112587 105.492056 0.011210 6.682502 -0.117323 
389 0.281981 0.000000 0.135105 103.332245 -0.127305 8.420589 -0.074848 
390 0.281981 0.000000 0.067552 67.551043 0.073874 4.305288 0.541832 
391 0.257557 0.000000 0.067552 72.830055 -0.088581 5.758232 0.466262 
392 0.281981 0.000000 0.045035 68.662011 0.031479 2.944524 0.527686 
393 0.306404 0.000000 0.067552 64.764631 0.011200 2.825249 0.579756 
394 0.269769 0.000000 0.101329 104.342709 -0.028609 10.324617 -0.099400 
395 0.257557 0.000000 0.101329 104.212029 -0.077008 10.544189 -0.097133 
396 0.269769 0.000000 0.090070 104.298557 -0.034233 10.551833 -0.098953 
397 0.281981 0.000000 0.101329 104.983849 0.065518 9.872527 -0.111908 
398 0.269769 0.000000 0.112587 104.368622 -0.009008 10.558289 -0.100429 
399 0.746027 0.000000 -1.080837 99.882363 -0.027264 6.921082 -0.002439 
400 0.746027 0.000000 -1.441116 99.743851 0.020382 6.924142 0.000322 
401 1.136804 0.000000 -1.080837 99.833505 -0.027594 6.915369 -0.001455 
402 0.550639 0.000000 -0.540419 99.807297 -0.028575 6.762332 -0.000723 
403 0.550639 0.000000 -0.720558 99.888917 0.017563 6.779418 -0.002376 
404 0.746027 0.000000 -0.540419 99.852153 -0.049002 6.820364 -0.001697 
405 0.452945 0.000000 -0.270209 100.250090 0.070839 6.069898 -0.008693 
406 0.452945 0.000000 -0.360279 100.230911 0.105057 6.348117 -0.008655 
407 0.550639 0.000000 -0.270209 102.089155 -0.001667 1.873785 -0.042571 
408 0.404098 0.000000 -0.135105 97.818077 0.016153 0.452734 0.043142 
409 0.404098 0.000000 -0.180140 101.932460 0.050374 4.945721 -0.041469 
410 0.452945 0.000000 -0.135105 99.144564 0.011660 2.222545 0.016542 
411 0.404098 0.000000 -0.090070 100.832608 0.037909 -1.114102 -0.016846 
412 0.330828 0.000000 -0.112587 103.752247 0.056373 -6.316276 -0.080443 
413 0.330828 0.000000 -0.135105 102.397961 0.079763 -1.235943 -0.048688 
414 0.355251 0.000000 -0.112587 104.880573 0.078365 -4.544445 -0.102059 
415 0.330828 0.000000 -0.090070 103.744969 0.055215 -6.315811 -0.080291 
416 0.746027 0.000000 1.080837 99.762773 -0.054458 6.923017 -0.000054 
417 1.136804 0.000000 1.080837 99.790122 -0.065798 6.851435 -0.000501 
418 0.746027 0.000000 1.441116 99.807480 -0.015581 6.926005 -0.000950 
419 0.550639 0.000000 0.540419 99.696024 -0.065664 6.707883 0.001570 
420 0.746027 0.000000 0.540419 99.842941 -0.087797 6.668856 -0.001309 
421 0.550639 0.000000 0.720558 99.855097 -0.037813 6.888682 -0.001850 
422 0.452945 0.000000 0.270209 100.538222 -0.119706 5.600246 -0.013931 
423 0.550639 0.000000 0.270209 102.121318 -0.031034 1.882007 -0.043231 
424 0.452945 0.000000 0.360279 100.472097 -0.040206 6.307728 -0.013443 
425 0.404098 0.000000 0.135105 97.970558 -0.022488 0.452936 0.040156 
426 0.404098 0.000000 0.090070 101.311153 0.038707 1.933295 -0.026769 
427 0.452945 0.000000 0.135105 99.250353 -0.022065 2.224787 0.014442 
428 0.404098 0.000000 0.180140 102.463521 -0.048473 4.003713 -0.051481 
429 0.330828 0.000000 0.112587 105.522158 0.009142 6.683887 -0.117960 
430 0.330828 0.000000 0.090070 105.514760 0.008225 6.683429 -0.117803 
431 0.355251 0.000000 0.112587 106.278399 0.047334 4.875992 -0.131888 
432 0.330828 0.000000 0.135105 103.602333 0.005900 6.939380 -0.078160 
433 0.404098 0.000000 -0.045035 60.334373 0.033201 1.105183 0.635854 
434 0.452945 0.000000 -0.045035 99.660895 0.008291 4.423966 0.004813 
435 0.404098 0.000000 0.000000 61.396403 0.019553 0.001146 0.623048 
436 0.379675 0.000000 -0.112587 104.454989 0.058611 -2.097189 -0.091525 
437 0.379675 0.000000 -0.135105 104.161487 0.121368 1.792023 -0.085284 
438 0.404098 0.000000 -0.112587 100.367034 0.045187 -1.598545 -0.007610 
439 0.379675 0.000000 -0.090070 104.112429 0.055765 -2.090281 -0.084377 
440 0.330828 0.000000 -0.067552 62.266032 -0.017247 -2.746300 0.611540 
441 0.355251 0.000000 -0.067552 59.311384 0.026125 -1.647140 0.647945 
442 0.330828 0.000000 -0.045035 62.669459 -0.024655 -1.711867 0.606961 
443 0.343039 0.000000 -0.101329 104.250120 0.080622 -5.965703 -0.090368 
444 0.330828 0.000000 -0.101329 103.747419 0.055605 -6.315968 -0.080342 
445 0.343039 0.000000 -0.112587 104.321489 0.078387 -5.863331 -0.091736 
446 0.355251 0.000000 -0.101329 104.998135 0.077813 -4.601216 -0.104579 
447 0.343039 0.000000 -0.090070 104.039367 0.077371 -6.333405 -0.086431 
448 0.404098 0.000000 0.045035 60.285942 0.002083 -1.098608 0.636440 
449 0.452945 0.000000 0.045035 99.743614 -0.018243 4.424487 0.003164 
450 0.330828 0.000000 0.067552 62.154634 -0.035048 2.798902 0.612897 
451 0.330828 0.000000 0.045035 62.544458 -0.018016 1.738696 0.608517 
452 0.355251 0.000000 0.067552 59.145575 0.011782 1.664087 0.649903 
453 0.379675 0.000000 0.112587 105.223613 0.052604 2.374486 -0.107765 
454 0.379675 0.000000 0.090070 104.827007 0.055340 2.365623 -0.099430 
455 0.404098 0.000000 0.112587 100.894154 0.045117 2.118025 -0.018412 
456 0.379675 0.000000 0.135105 105.059817 -0.003918 3.521552 -0.104997 
457 0.343039 0.000000 0.101329 105.932994 0.036452 6.325647 -0.126181 
458 0.330828 0.000000 0.101329 105.517250 0.008533 6.683583 -0.117856 
459 0.343039 0.000000 0.090070 105.783833 0.030337 6.700346 -0.123511 
460 0.355251 0.000000 0.101329 106.404783 0.050036 4.934014 -0.134632 
461 0.343039 0.000000 0.112587 105.981065 0.036616 6.221225 -0.127069 
462 1.527580 0.000000 -0.360279 99.750084 -0.080451 6.134655 0.001228 
463 1.527580 0.000000 -0.720558 99.776128 0.068492 6.668846 0.000025 
464 1.918356 0.000000 -0.360279 99.545952 0.020935 5.954827 0.005514 
465 1.527580 0.000000 0.000000 100.451372 -0.002913 5.552840 -0.012131 
466 0.941416 0.000000 -0.180140 102.841879 -0.001069 5.146155 -0.060294 
467 0.941416 0.000000 -0.360279 99.662885 -0.077855 6.386405 0.002652 
468 1.136804 0.000000 -0.180140 102.214729 -0.023781 4.558256 -0.046863 
469 0.941416 0.000000 0.000000 102.897138 -0.015234 6.676128 -0.063239 
470 0.648333 0.000000 -0.090070 102.351037 -0.001183 5.603001 -0.050713 
471 0.648333 0.000000 -0.180140 102.437693 0.005421 4.582100 -0.051448 
472 0.746027 0.000000 -0.090070 102.892253 0.001554 6.430269 -0.062816 
473 0.648333 0.000000 0.000000 102.535069 -0.006862 6.558139 -0.055645 
474 0.501792 0.000000 -0.135105 99.806936 0.008972 3.340919 0.002741 
475 0.501792 0.000000 -0.180140 100.650019 0.004664 2.600437 -0.013719 
476 0.550639 0.000000 -0.135105 102.097812 -0.001036 5.843222 -0.045811 
477 0.501792 0.000000 -0.090070 99.797114 0.007952 4.456351 0.002068 
478 0.428522 0.000000 -0.112587 97.477596 0.036891 -0.675973 0.049766 
479 0.428522 0.000000 -0.135105 99.106984 0.012370 1.264585 0.017621 
480 0.452945 0.000000 -0.112587 98.990382 0.012090 2.273058 0.019574 
481 0.428522 0.000000 -0.090070 98.181295 0.028815 0.160089 0.036041 
482 0.379675 0.000000 -0.067552 58.729753 0.058501 -0.086986 0.655081 
483 0.404098 0.000000 -0.067552 97.827178 0.018713 1.055847 0.042873 
484 0.379675 0.000000 -0.045035 59.722638 0.022217 -0.080377 0.643320 
485 0.391886 0.000000 -0.101329 102.615007 0.045359 -1.878469 -0.053337 
486 0.379675 0.000000 -0.101329 104.462795 0.058798 -2.097366 -0.091688 
487 0.391886 0.000000 -0.112587 102.539562 0.045338 -1.849982 -0.051779 
488 0.404098 0.000000 -0.101329 100.417106 0.045356 -1.620140 -0.008622 
489 0.391886 0.000000 -0.090070 102.592712 0.043861 -1.603219 -0.052784 
490 0.379675 0.000000 0.067552 58.678976 -0.000453 0.103059 0.655677 
491 0.379675 0.000000 0.045035 59.695043 -0.012931 0.085710 0.643649 
492 0.404098 0.000000 0.067552 97.968005 -0.022247 1.054665 0.040116 
493 1.527580 0.000000 0.360279 100.180228 -0.035332 5.261361 -0.006376 
494 1.918356 0.000000 0.360279 99.665532 0.017802 4.804093 0.004370 
495 1.527580 0.000000 0.720558 99.789361 -0.047960 6.442503 0.000058 
496 0.941416 0.000000 0.180140 103.092955 -0.034461 5.128184 -0.065446 
497 1.136804 0.000000 0.180140 102.623794 -0.046635 4.525064 -0.055212 
498 0.941416 0.000000 0.360279 99.813487 -0.101005 6.446084 -0.000429 
499 0.648333 0.000000 0.090070 102.387803 -0.017057 5.603499 -0.051466 
500 0.746027 0.000000 0.090070 102.925879 -0.012395 6.431762 -0.063510 
501 0.648333 0.000000 0.180140 102.504578 -0.024073 4.586601 -0.052823 
502 0.501792 0.000000 0.135105 99.893836 -0.020481 3.344179 0.001004 
503 0.501792 0.000000 0.090070 99.877045 -0.017862 4.457202 0.000471 
504 0.550639 0.000000 0.135105 102.123457 -0.018306 5.850703 -0.046343 
505 0.501792 0.000000 0.180140 100.723778 -0.023251 2.607366 -0.015208 
506 0.428522 0.000000 0.112587 97.800312 0.003361 1.790728 0.043189 
507 0.428522 0.000000 0.090070 98.444778 -0.002630 1.833711 0.030526 
508 0.452945 0.000000 0.112587 99.101754 -0.021286 2.274904 0.017367 
509 0.428522 0.000000 0.135105 99.216260 -0.024811 1.266387 0.015453 
510 0.391886 0.000000 0.101329 103.233312 0.057634 2.199649 -0.066196 
511 0.379675 0.000000 0.101329 105.230555 0.052367 2.374635 -0.107911 
512 0.391886 0.000000 0.090070 103.177505 0.045710 1.997552 -0.064959 
513 0.404098 0.000000 0.101329 100.948241 0.045891 2.128238 -0.019508 
514 0.391886 0.000000 0.112587 103.152722 0.056257 2.178255 -0.064523 
515 1.332192 0.000000 -0.180140 99.229785 -0.055809 3.936611 0.013795 
516 1.332192 0.000000 -0.360279 99.722392 -0.119709 6.284814 0.001593 
517 1.527580 0.000000 -0.180140 100.526204 -0.043176 4.237738 -0.012348 
518 1.332192 0.000000 0.000000 99.680573 -0.033722 6.113902 0.002640 
519 1.332192 0.000000 0.180140 100.464243 -0.040328 2.882455 -0.010137 
520 1.527580 0.000000 0.180140 100.797003 0.024815 3.453621 -0.017196 
521 1.332192 0.000000 0.360279 100.377478 -0.117580 5.754545 -0.010877 
522 1.234498 0.000000 -0.090070 97.851534 -0.046054 1.896888 0.042148 
523 1.136804 0.000000 -0.090070 101.013814 -0.027676 5.419242 -0.023316 
524 1.234498 0.000000 -0.180140 100.589757 -0.037484 0.788228 -0.011892 
525 1.332192 0.000000 -0.090070 98.208423 -0.046058 3.474570 0.034303 
526 1.234498 0.000000 0.000000 69.035127 0.020074 -0.088859 0.523414 
527 1.234498 0.000000 0.090070 98.561708 -0.049542 1.845884 0.028218 
528 1.136804 0.000000 0.090070 101.361121 -0.038571 5.405653 -0.030330 
529 1.332192 0.000000 0.090070 98.875964 -0.045955 3.286073 0.021274 
530 1.234498 0.000000 0.180140 101.115490 -0.062206 0.784664 -0.022496 
531 4.263014 0.000000 -8.646699 99.755715 0.000285 6.973135 0.000017 
532 4.263014 0.000000 -11.528932 99.755903 -0.000055 6.974304 0.000012 
533 7.389224 0.000000 -8.646699 99.756046 0.000185 6.972750 0.000011 
534 2.699909 0.000000 -4.323349 99.754636 0.002100 6.966316 0.000048 
535 2.699909 0.000000 -5.764466 99.756126 -0.000015 6.970797 0.000012 
536 4.263014 0.000000 -4.323349 99.757111 -0.000010 6.965847 -0.000000 
537 1.918356 0.000000 -2.161675 99.767431 0.022554 6.944447 -0.000177 
538 1.918356 0.000000 -2.882233 99.761343 0.002650 6.958707 -0.000075 
539 2.699909 0.000000 -2.161675 99.762156 0.005121 6.939954 -0.000065 
540 1.527580 0.000000 -1.080837 99.751590 0.035293 6.851156 0.000268 
541 1.527580 0.000000 -1.441116 99.756229 0.028302 6.915410 0.000087 
542 1.918356 0.000000 -1.080837 99.825578 0.042283 6.833072 -0.001184 
543 1.332192 0.000000 -0.540419 99.766830 -0.028578 6.635780 0.000255 
544 1.136804 0.000000 -0.540419 99.822622 0.046790 6.775198 -0.001046 
545 1.332192 0.000000 -0.720558 99.801029 -0.016306 6.780122 -0.000622 
546 1.527580 0.000000 -0.540419 99.731015 -0.059479 6.604308 0.001010 
547 1.234498 0.000000 -0.270209 99.980013 -0.013501 5.678865 -0.002825 
548 1.136804 0.000000 -0.270209 102.190913 -0.029148 1.099140 -0.044419 
549 1.234498 0.000000 -0.360279 99.838723 0.066385 6.342919 -0.000801 
550 1.332192 0.000000 -0.270209 99.474311 -0.085840 0.923456 0.010400 
551 10.515434 0.000000 -2.882233 99.757590 0.000052 6.953814 0.000007 
552 10.515434 0.000000 -5.764466 99.756488 0.000098 6.969186 0.000007 
553 13.641644 0.000000 -2.882233 99.757627 -0.000148 6.956258 0.000003 
554 10.515434 0.000000 0.000000 99.804579 0.001310 6.283813 -0.000044 
555 5.826119 0.000000 -1.441116 99.760745 0.000538 6.886858 0.000036 
556 5.826119 0.000000 -2.882233 99.757466 -0.000817 6.951354 0.000013 
557 7.389224 0.000000 -1.441116 99.761263 -0.001832 6.897503 0.000011 
558 5.826119 0.000000 0.000000 99.937474 0.001998 4.363863 -0.000654 
559 3.481461 0.000000 -0.720558 99.775256 0.004532 6.614092 0.000115 
560 3.481461 0.000000 -1.441116 99.762770 0.004592 6.882022 0.000003 
561 4.263014 0.000000 -0.720558 99.776484 0.002992 6.656172 0.000035 
562 3.481461 0.000000 0.000000 99.969762 -0.020395 3.825043 -0.000858 
563 2.309132 0.000000 -0.360279 99.326212 -0.030891 5.134164 0.010794 
564 2.309132 0.000000 -0.720558 99.721206 0.032856 6.588797 0.001227 
565 2.699909 0.000000 -0.360279 99.929868 0.024265 5.583397 -0.001715 
566 2.309132 0.000000 0.000000 152.399675 0.120963 5.002791 -1.325070 
567 1.722968 0.000000 -0.180140 102.116225 -0.023772 4.113389 -0.044464 
568 1.722968 0.000000 -0.360279 99.542149 0.044060 6.065562 0.005457 
569 1.918356 0.000000 -0.180140 103.338812 -0.002306 3.433252 -0.069070 
570 1.722968 0.000000 0.000000 101.726430 0.062581 4.984057 -0.037311 
571 1.429886 0.000000 -0.090070 99.786788 -0.052501 4.089294 0.002587 
572 1.429886 0.000000 -0.180140 99.618513 -0.054388 3.827634 0.006150 
573 1.527580 0.000000 -0.090070 100.549015 -0.022411 4.450810 -0.012991 
574 1.429886 0.000000 0.000000 99.680579 -0.033721 6.113868 0.002640 
575 1.283345 0.000000 -0.135105 97.524262 -0.045946 2.329116 0.048359 
576 1.234498 0.000000 -0.135105 98.168513 -0.046236 1.627560 0.036029 
577 1.283345 0.000000 -0.180140 98.212279 -0.059821 1.546038 0.035195 
578 1.332192 0.000000 -0.135105 98.143943 -0.045503 3.981593 0.035191 
579 1.283345 0.000000 -0.090070 97.322317 -0.042834 2.690671 0.052112 
580 10.515434 0.000000 2.882233 99.759965 0.000538 6.924630 -0.000000 
581 13.641644 0.000000 2.882233 99.760791 0.000486 6.913359 -0.000001 
582 10.515434 0.000000 5.764466 99.757252 0.000208 6.965631 -0.000003 
583 5.826119 0.000000 1.441116 99.768922 0.001067 6.784169 0.000014 
584 7.389224 0.000000 1.441116 99.772100 0.000241 6.744411 0.000004 
585 5.826119 0.000000 2.882233 99.758581 -0.002576 6.937368 0.000010 
586 3.481461 0.000000 0.720558 99.790556 0.001206 6.327252 0.000181 
587 4.263014 0.000000 0.720558 99.804921 0.004664 6.205801 0.000047 
588 3.481461 0.000000 1.441116 99.754345 0.002682 6.836022 0.000234 
589 2.309132 0.000000 0.360279 98.965248 -0.038455 5.537282 0.017522 
590 2.699909 0.000000 0.360279 99.926861 0.017821 5.075471 -0.001114 
591 2.309132 0.000000 0.720558 99.519908 0.001557 6.466914 0.005397 
592 1.722968 0.000000 0.180140 101.604365 0.116689 3.552306 -0.033608 
593 1.918356 0.000000 0.180140 102.526695 0.565262 2.887397 -0.052038 
594 1.722968 0.000000 0.360279 99.613153 0.011843 4.861677 0.005358 
595 1.429886 0.000000 0.090070 100.158718 -0.038962 3.782632 -0.004608 
596 1.527580 0.000000 0.090070 100.693116 -0.016349 4.249284 -0.015716 
597 1.429886 0.000000 0.180140 100.559814 -0.041945 3.229385 -0.012271 
598 4.263014 0.000000 8.646699 99.757543 -0.000049 6.972487 -0.000018 
599 7.389224 0.000000 8.646699 99.757118 0.000062 6.971879 -0.000009 
600 4.263014 0.000000 11.528932 99.757112 0.000021 6.974061 -0.000012 
601 2.699909 0.000000 4.323349 99.760506 -0.000969 6.962432 -0.000063 
602 4.263014 0.000000 4.323349 99.757653 -0.002734 6.961182 -0.000005 
603 2.699909 0.000000 5.764466 99.761194 -0.000368 6.968489 -0.000086 
604 1.918356 0.000000 2.161675 99.771997 -0.006047 6.916910 -0.000229 
605 2.699909 0.000000 2.161675 99.750846 0.002233 6.917573 0.000192 
606 1.918356 0.000000 2.882233 99.759007 0.001063 6.947457 -0.000013 
607 1.527580 0.000000 1.080837 99.749458 0.011843 6.720928 0.000487 
608 1.918356 0.000000 1.080837 99.681833 0.009927 6.690285 0.001877 
609 1.527580 0.000000 1.441116 99.787862 -0.013882 6.843427 -0.000445 
610 1.332192 0.000000 0.540419 99.996172 -0.017088 6.352885 -0.003959 
611 1.136804 0.000000 0.540419 99.904467 0.060626 6.641941 -0.002502 
612 1.527580 0.000000 0.540419 99.883676 -0.060537 6.066629 -0.001356 
613 1.332192 0.000000 0.720558 99.857030 0.001190 6.588476 -0.001483 
614 1.234498 0.000000 0.270209 100.832390 -0.009986 5.769992 -0.020046 
615 1.136804 0.000000 0.270209 102.624368 -0.064667 1.094763 -0.053296 
616 1.332192 0.000000 0.270209 100.202157 -0.108037 0.724110 -0.004101 
617 1.234498 0.000000 0.360279 100.320306 0.079427 6.180844 -0.010237 
618 1.283345 0.000000 0.135105 98.472319 -0.038108 1.927439 0.029949 
619 1.234498 0.000000 0.135105 98.849633 -0.053800 1.593284 0.022621 
620 1.283345 0.000000 0.090070 98.284722 -0.035239 2.455431 0.033408 
621 1.332192 0.000000 0.135105 99.151228 -0.037516 3.573663 0.015626 
622 1.283345 0.000000 0.180140 99.059740 -0.052230 1.190127 0.018575 
623 2.113744 0.000000 -0.180140 100.563796 0.068764 6.402998 -0.015408 
624 2.113744 0.000000 -0.360279 99.465743 0.018603 5.871267 0.007209 
625 2.309132 0.000000 -0.180140 98.467534 -0.055719 -0.488991 0.030390 
626 2.113744 0.000000 0.000000 118.806717 -0.115092 1.461411 -0.411718 
627 2.113744 0.000000 0.180140 99.565517 0.066116 -1.655851 0.008396 
628 2.309132 0.000000 0.180140 97.458150 -0.092066 7.244228 0.044942 
629 2.113744 0.000000 0.360279 99.248057 -0.015237 4.527688 0.012932 
630 2.016050 0.000000 -0.090070 103.276421 0.094045 2.033681 -0.067016 
631 1.918356 0.000000 -0.090070 102.989789 0.061804 3.539002 -0.061943 
632 2.016050 0.000000 -0.180140 103.501459 0.069915 0.947256 -0.071345 
633 2.113744 0.000000 -0.090070 106.256380 0.023045 11.186596 -0.141556 
634 2.016050 0.000000 0.000000 102.754334 0.113722 3.909780 -0.057375 
635 2.016050 0.000000 0.090070 103.176439 -0.012348 1.819383 -0.064869 
636 1.918356 0.000000 0.090070 102.675821 0.423292 3.465827 -0.055452 
637 2.113744 0.000000 0.090070 103.502513 -0.021312 -10.775104 -0.082887 
638 2.016050 0.000000 0.180140 103.298308 0.159771 0.855274 -0.067130 
639 2.309132 0.000000 -1.080837 99.820341 0.009016 6.831645 -0.001077 
640 2.309132 0.000000 -1.441116 99.753164 0.019234 6.890554 0.000183 
641 2.699909 0.000000 -1.080837 99.763287 0.014704 6.809100 0.000092 
642 2.113744 0.000000 -0.540419 99.498344 0.021790 6.376885 0.005941 
643 1.918356 0.000000 -0.540419 99.607726 0.006020 6.374394 0.003767 
644 2.113744 0.000000 -0.720558 99.730617 0.018941 6.649871 0.000958 
645 2.309132 0.000000 -0.540419 99.684435 0.020333 6.266250 0.002375 
646 2.016050 0.000000 -0.270209 99.840759 0.027630 5.229572 0.000447 
647 1.918356 0.000000 -0.270209 103.531744 -0.006716 1.606953 -0.072140 
648 2.016050 0.000000 -0.360279 99.606746 0.024170 5.837775 0.004442 
649 2.113744 0.000000 -0.270209 99.317245 0.044335 5.636888 0.010431 
650 3.090685 0.000000 -0.360279 99.857957 -0.024716 5.812659 -0.000540 
651 3.090685 0.000000 -0.720558 99.804577 -0.034013 6.626970 -0.000487 
652 3.481461 0.000000 -0.360279 99.825644 0.004757 5.889775 0.000015 
653 3.090685 0.000000 0.000000 99.971712 -0.017863 4.158479 -0.001164 
654 2.504521 0.000000 -0.180140 100.777938 -0.014292 3.090517 -0.016574 
655 2.504521 0.000000 -0.360279 99.850567 0.006327 5.257271 0.000223 
656 2.699909 0.000000 -0.180140 100.180248 -0.004412 3.937209 -0.005158 
657 2.504521 0.000000 0.000000 102.029399 0.052103 4.552564 -0.043073 
658 2.211438 0.000000 -0.090070 87.952619 -0.048363 15.964456 0.200947 
659 2.211438 0.000000 -0.180140 96.055199 0.037262 4.940248 0.074899 
660 2.309132 0.000000 -0.090070 112.953365 0.065107 -20.610459 -0.318326 
661 2.211438 0.000000 0.000000 174.269143 -0.017133 2.286810 -2.037496 
662 2.064897 0.000000 -0.135105 103.476964 0.101499 0.682848 -0.070796 
663 2.016050 0.000000 -0.135105 103.355053 0.090666 1.902987 -0.068590 
664 2.064897 0.000000 -0.180140 101.150487 0.035859 5.053072 -0.025696 
665 2.113744 0.000000 -0.135105 103.334180 0.095196 8.335000 -0.074743 
666 2.064897 0.000000 -0.090070 103.961205 0.151286 3.476890 -0.082004 
667 3.090685 0.000000 0.360279 99.891929 -0.028603 4.735681 -0.000083 
668 3.481461 0.000000 0.360279 99.928510 0.006148 4.379603 -0.000489 
669 3.090685 0.000000 0.720558 99.755672 -0.039104 6.424714 0.000753 
670 2.504521 0.000000 0.180140 100.703339 -0.016159 3.981349 -0.015701 
671 2.699909 0.000000 0.180140 100.227550 -0.017849 3.176344 -0.005565 
672 2.504521 0.000000 0.360279 99.677466 -0.034586 5.551151 0.003359 
673 2.211438 0.000000 0.090070 84.490829 0.012919 -15.240833 0.262902 
674 2.309132 0.000000 0.090070 111.749043 0.090595 28.990731 -0.332832 
675 2.211438 0.000000 0.180140 94.702690 0.012323 0.511971 0.103114 
676 2.309132 0.000000 1.080837 99.653121 -0.017316 6.732391 0.002393 
677 2.699909 0.000000 1.080837 99.692632 -0.029110 6.758541 0.001570 
678 2.309132 0.000000 1.441116 99.742365 -0.007906 6.830858 0.000480 
679 2.113744 0.000000 0.540419 99.298829 0.012816 5.920682 0.010469 
680 1.918356 0.000000 0.540419 99.479376 0.031788 5.941499 0.006855 
681 2.309132 0.000000 0.540419 99.436160 -0.012070 6.114500 0.007506 
682 2.113744 0.000000 0.720558 99.596498 0.041894 6.377903 0.003986 
683 2.016050 0.000000 0.270209 100.085701 -0.017080 3.285101 -0.002794 
684 1.918356 0.000000 0.270209 103.091745 0.219708 1.445244 -0.063004 
685 2.113744 0.000000 0.270209 99.023626 -0.019830 2.639538 0.018735 
686 2.016050 0.000000 0.360279 99.611031 0.018190 4.674546 0.005579 
687 2.064897 0.000000 0.135105 103.440494 0.061509 0.630551 -0.070034 
688 2.016050 0.000000 0.135105 103.229555 -0.007833 1.705675 -0.065925 
689 2.064897 0.000000 0.090070 103.623026 0.036272 -2.074248 -0.074204 
690 2.113744 0.000000 0.135105 101.486947 0.059950 -5.792114 -0.033315 
691 2.064897 0.000000 0.180140 100.739741 0.020602 -0.589081 -0.014884 
692 2.211438 0.000000 -0.270209 97.974581 0.072523 4.977178 0.037620 
693 2.211438 0.000000 -0.360279 99.153504 0.030444 5.559774 0.013767 
694 2.309132 0.000000 -0.270209 98.708586 0.114947 3.535955 0.024410 
695 2.162591 0.000000 -0.135105 98.540853 0.078166 9.994430 0.018981 
696 2.162591 0.000000 -0.180140 98.354524 0.066786 6.701154 0.028148 
697 2.211438 0.000000 -0.135105 93.247193 0.027405 7.330575 0.125122 
698 2.162591 0.000000 -0.090070 98.449170 -0.062342 15.703153 0.006117 
699 2.064897 0.000000 -0.045035 103.458106 0.106841 0.597010 -0.070395 
700 2.016050 0.000000 -0.045035 102.972570 0.091481 3.223510 -0.061375 
701 2.113744 0.000000 -0.045035 116.419511 -0.130410 6.085079 -0.359055 
702 2.064897 0.000000 0.000000 108.517270 0.013148 1.398676 -0.177795 
703 2.089321 0.000000 -0.112587 106.498681 0.140146 5.718400 -0.137469 
704 2.064897 0.000000 -0.112587 104.659050 0.164882 4.640771 -0.097508 
705 2.089321 0.000000 -0.135105 103.473065 0.150765 0.232560 -0.070675 
706 2.113744 0.000000 -0.112587 106.315528 0.024003 11.053925 -0.142518 
707 2.089321 0.000000 -0.090070 106.324792 0.139571 5.440279 -0.133458 
708 2.064897 0.000000 0.045035 103.470820 0.052135 0.568323 -0.070654 
709 2.016050 0.000000 0.045035 102.954834 -0.023646 3.213754 -0.061003 
710 2.113744 0.000000 0.045035 117.655981 -0.118376 -4.655799 -0.386462 
711 2.211438 0.000000 0.270209 97.292518 -0.013346 3.549939 0.052156 
712 2.309132 0.000000 0.270209 98.131463 0.012409 5.404830 0.034100 
713 2.211438 0.000000 0.360279 98.874473 -0.010708 4.921770 0.019961 
714 2.162591 0.000000 0.135105 96.722074 -0.018110 -6.990772 0.059597 
715 2.162591 0.000000 0.090070 95.758998 -0.084899 -15.165719 0.060021 
716 2.211438 0.000000 0.135105 91.142253 -0.036821 -3.676360 0.167957 
717 2.162591 0.000000 0.180140 97.152096 0.037878 -1.676733 0.055866 
718 2.089321 0.000000 0.112587 104.681814 0.073858 -5.331129 -0.098671 
719 2.064897 0.000000 0.112587 103.851166 0.075287 -3.815263 -0.079963 
720 2.089321 0.000000 0.090070 104.620436 0.073210 -5.003496 -0.097048 
721 2.113744 0.000000 0.112587 103.563253 -0.020083 -10.646062 -0.083869 
722 2.089321 0.000000 0.135105 103.517107 0.092222 0.215055 -0.071585 
723 2.162591 0.000000 -0.045035 138.966447 -0.124449 10.958421 -0.943178 
724 2.211438 0.000000 -0.045035 174.432630 -0.044822 14.483317 -2.063651 
725 2.162591 0.000000 0.000000 141.446583 -0.157950 1.647793 -1.000988 
726 2.138168 0.000000 -0.112587 102.707311 -0.052437 15.233623 -0.078086 
727 2.138168 0.000000 -0.135105 101.200589 0.112838 9.814440 -0.033790 
728 2.162591 0.000000 -0.112587 98.310944 -0.023477 13.471600 0.015347 
729 2.138168 0.000000 -0.090070 102.374710 -0.058181 15.184885 -0.071117 
730 2.089321 0.000000 -0.067552 103.472719 0.150728 0.234066 -0.070668 
731 2.064897 0.000000 -0.067552 103.345474 0.090628 1.620222 -0.068292 
732 2.113744 0.000000 -0.067552 113.782268 -0.040384 8.151775 -0.301286 
733 2.089321 0.000000 -0.045035 110.258075 0.050169 3.950611 -0.217245 
734 2.101533 0.000000 -0.101329 107.274514 0.072893 8.100864 -0.157345 
735 2.089321 0.000000 -0.101329 106.820598 0.133115 5.986373 -0.144649 
736 2.101533 0.000000 -0.112587 107.522102 0.074824 7.438525 -0.161634 
737 2.113744 0.000000 -0.101329 106.201721 0.019807 11.546278 -0.141212 
738 2.101533 0.000000 -0.090070 107.424634 0.066082 8.023559 -0.160443 
739 2.162591 0.000000 0.045035 139.807695 -0.062690 -9.242178 -0.963161 
740 2.211438 0.000000 0.045035 175.768148 -0.004618 -12.182501 -2.104286 
741 2.089321 0.000000 0.067552 103.517328 0.092201 0.216462 -0.071589 
742 2.064897 0.000000 0.067552 103.374520 -0.107802 1.664386 -0.068907 
743 2.089321 0.000000 0.045035 111.652493 0.042490 -2.667945 -0.247340 
744 2.113744 0.000000 0.067552 115.646147 -0.059292 -7.651213 -0.343258 
745 2.138168 0.000000 0.112587 100.042212 -0.102657 -14.732174 -0.022549 
746 2.138168 0.000000 0.090070 99.731918 -0.101767 -14.686685 -0.016216 
747 2.162591 0.000000 0.112587 95.937983 -0.089386 -11.795268 0.065677 
748 2.138168 0.000000 0.135105 99.404701 0.048048 -7.013298 0.006952 
749 2.101533 0.000000 0.101329 104.719314 0.017551 -7.785621 -0.102675 
750 2.089321 0.000000 0.101329 104.837977 0.067348 -5.637607 -0.102279 
751 2.101533 0.000000 0.090070 104.816266 0.017967 -7.707812 -0.104586 
752 2.113744 0.000000 0.101329 103.430932 -0.021771 -11.123073 -0.082168 
753 2.101533 0.000000 0.112587 104.986277 0.022462 -7.139777 -0.107310 
754 2.138168 0.000000 -0.067552 123.517835 -0.141646 12.119410 -0.540356 
755 2.162591 0.000000 -0.067552 136.382666 -0.106079 15.511432 -0.884085 
756 2.138168 0.000000 -0.045035 125.957470 -0.122671 8.716526 -0.594128 
757 2.125956 0.000000 -0.101329 103.643445 -0.012881 15.040366 -0.096818 
758 2.125956 0.000000 -0.112587 104.288155 -0.010720 14.347177 -0.108186 
759 2.138168 0.000000 -0.101329 102.501146 -0.057900 15.203041 -0.073762 
760 2.125956 0.000000 -0.090070 104.217546 -0.012299 14.402906 -0.106874 
761 2.138168 0.000000 0.067552 124.889292 -0.142281 -11.510364 -0.572984 
762 2.138168 0.000000 0.045035 127.003005 -0.157371 -7.142074 -0.618080 
763 2.162591 0.000000 0.067552 137.664404 -0.140828 -14.886389 -0.917311 
764 2.125956 0.000000 0.101329 100.921569 -0.082518 -14.535920 -0.039646 
765 2.125956 0.000000 0.090070 101.471011 -0.067703 -13.910777 -0.048988 
766 2.138168 0.000000 0.101329 99.849883 -0.103109 -14.703749 -0.018621 
767 2.125956 0.000000 0.112587 101.538396 -0.066077 -13.856002 -0.050204 
768 2.406827 0.000000 -0.090070 104.832206 -0.058682 0.226404 -0.098985 
769 2.406827 0.000000 -0.180140 101.090138 0.116576 1.440977 -0.022131 
770 2.504521 0.000000 -0.090070 101.650720 0.052333 2.867909 -0.034110 
771 2.406827 0.000000 0.000000 108.171654 -0.176689 4.771771 -0.172391 
772 2.260285 0.000000 -0.135105 90.778719 0.029203 -1.566251 0.175677 
773 2.260285 0.000000 -0.180140 95.737015 -0.033161 1.514251 0.083213 
774 2.309132 0.000000 -0.135105 99.390627 -0.045161 -6.530827 0.007885 
775 2.260285 0.000000 -0.090070 69.259175 0.114061 11.483733 0.507128 
776 2.187015 0.000000 -0.112587 95.503258 -0.045889 12.548121 0.072167 
777 2.187015 0.000000 -0.135105 96.204970 0.047599 9.179676 0.066033 
778 2.211438 0.000000 -0.112587 89.910480 -0.005049 11.071204 0.179353 
779 2.187015 0.000000 -0.090070 92.186220 -0.061015 16.881758 0.121670 
780 2.150380 0.000000 -0.101329 101.341660 -0.064784 15.033881 -0.049615 
781 2.150380 0.000000 -0.112587 101.806530 -0.066438 15.101930 -0.059264 
782 2.162591 0.000000 -0.101329 98.735855 -0.062286 15.436196 0.001295 
783 2.150380 0.000000 -0.090070 101.278625 -0.064756 15.024422 -0.048310 
784 2.406827 0.000000 0.090070 104.416490 -0.145628 7.336932 -0.095666 
785 2.504521 0.000000 0.090070 101.538775 0.035265 4.661214 -0.033185 
786 2.406827 0.000000 0.180140 100.715296 0.056334 5.686876 -0.017591 
787 2.260285 0.000000 0.135105 88.303548 0.038567 6.727685 0.215722 
788 2.260285 0.000000 0.090070 63.700801 -0.095066 -10.472868 0.583252 
789 2.309132 0.000000 0.135105 97.978186 -0.008179 13.067015 0.022953 
790 2.260285 0.000000 0.180140 94.380460 -0.054673 4.629371 0.107089 
791 2.187015 0.000000 0.112587 93.071404 -0.077678 -10.516862 0.122710 
792 2.187015 0.000000 0.090070 89.160835 -0.030558 -16.231500 0.178688 
793 2.211438 0.000000 0.112587 87.155297 -0.052444 -8.620681 0.232964 
794 2.187015 0.000000 0.135105 94.260151 -0.043432 -5.895939 0.108026 
795 2.150380 0.000000 0.101329 98.746248 -0.095755 -14.542158 0.003769 
796 2.150380 0.000000 0.090070 98.682150 -0.095646 -14.532561 0.005063 
797 2.162591 0.000000 0.101329 96.069526 -0.086040 -14.911210 0.054829 
798 2.150380 0.000000 0.112587 99.201837 -0.099427 -14.609162 -0.005444 
799 2.260285 0.000000 -0.045035 209.324890 0.070083 1.897673 -3.382052 
800 2.309132 0.000000 -0.045035 145.472401 0.089948 -14.394735 -1.136944 
801 2.260285 0.000000 0.000000 193.881597 -0.001809 3.582247 -2.760291 
802 2.187015 0.000000 -0.067552 151.965962 -0.060498 19.139432 -1.345998 
803 2.211438 0.000000 -0.067552 174.652883 -0.022818 23.057997 -2.103530 
804 2.187015 0.000000 -0.045035 155.073538 -0.097264 13.221258 -1.422261 
805 2.174803 0.000000 -0.101329 95.200612 -0.061516 16.449485 0.066625 
806 2.174803 0.000000 -0.112587 96.906346 -0.019294 12.658946 0.044891 
807 2.187015 0.000000 -0.101329 92.231756 -0.060781 16.890149 0.120802 
808 2.174803 0.000000 -0.090070 94.850145 -0.061564 16.542147 0.072980 
809 2.260285 0.000000 0.045035 213.634356 0.024715 3.334477 -3.565076 
810 2.309132 0.000000 0.045035 146.130968 0.124377 24.039718 -1.193218 
811 2.187015 0.000000 0.067552 153.047693 -0.006506 -18.462395 -1.376446 
812 2.187015 0.000000 0.045035 155.913100 -0.008456 -11.296679 -1.443651 
813 2.211438 0.000000 0.067552 176.343300 0.001646 -22.437752 -2.160041 
814 2.174803 0.000000 0.101329 92.363108 -0.067741 -15.854557 0.121768 
815 2.174803 0.000000 0.090070 91.995344 -0.066150 -15.940455 0.128275 
816 2.187015 0.000000 0.101329 89.223268 -0.035250 -16.243325 0.177536 
817 2.174803 0.000000 0.112587 94.539266 -0.087470 -10.755393 0.094664 
818 2.235862 0.000000 -0.067552 195.916086 0.019909 20.765832 -2.881433 
819 2.235862 0.000000 -0.090070 74.448756 0.027761 12.340878 0.430508 
820 2.260285 0.000000 -0.067552 66.886156 0.176860 11.092934 0.540316 
821 2.235862 0.000000 -0.045035 193.961242 0.008693 12.662963 -2.778131 
822 2.235862 0.000000 -0.112587 85.741045 0.027480 5.331211 0.262005 
823 2.235862 0.000000 -0.135105 90.969053 0.032311 3.646684 0.171133 
824 2.260285 0.000000 -0.112587 82.790829 0.060511 -3.718913 0.313184 
825 2.223650 0.000000 -0.078811 80.864185 -0.006649 13.964356 0.326598 
826 2.211438 0.000000 -0.078811 87.412365 -0.043556 15.818325 0.210886 
827 2.223650 0.000000 -0.090070 80.833444 -0.005125 13.843498 0.327431 
828 2.235862 0.000000 -0.078811 74.282395 0.028829 12.313323 0.433051 
829 2.223650 0.000000 -0.067552 186.622989 -0.001616 20.768322 -2.525946 
830 2.235862 0.000000 0.067552 199.035975 0.004117 -19.849062 -3.000930 
831 2.235862 0.000000 0.045035 196.370197 -0.001220 -9.564594 -2.865274 
832 2.260285 0.000000 0.067552 61.081545 -0.135203 -10.038854 0.616825 
833 2.235862 0.000000 0.090070 69.520378 -0.058902 -11.434332 0.503617 
834 2.235862 0.000000 0.112587 82.452007 0.026779 -2.077587 0.319735 
835 2.260285 0.000000 0.112587 78.901157 0.046545 8.436469 0.370343 
836 2.235862 0.000000 0.135105 88.603206 0.015711 0.621083 0.214909 
837 2.223650 0.000000 0.078811 76.658240 -0.030407 -13.148610 0.395063 
838 2.211438 0.000000 0.078811 83.895138 0.007315 -15.086815 0.273399 
839 2.223650 0.000000 0.067552 188.902249 0.002212 -19.937313 -2.608156 
840 2.235862 0.000000 0.078811 69.333122 -0.059234 -11.403519 0.506287 
841 2.223650 0.000000 0.090070 76.633937 -0.033551 -13.033062 0.395738 
842 2.357979 0.000000 -0.045035 116.268278 0.035425 -1.032243 -0.351938 
843 2.357979 0.000000 -0.090070 108.992606 -0.093041 -3.649725 -0.189272 
844 2.406827 0.000000 -0.045035 107.385570 -0.126326 2.067761 -0.153595 
845 2.357979 0.000000 0.000000 118.871452 0.030758 4.977307 -0.415520 
846 2.284709 0.000000 -0.067552 179.646054 0.086371 -60.625471 -2.594816 
847 2.284709 0.000000 -0.090070 92.214988 0.089528 -45.448245 -0.056915 
848 2.309132 0.000000 -0.067552 131.329465 0.119941 -22.787637 -0.776672 
849 2.284709 0.000000 -0.045035 184.903576 0.101976 -19.357912 -2.456407 
850 2.248074 0.000000 -0.078811 70.893289 0.074909 11.752893 0.483601 
851 2.248074 0.000000 -0.090070 71.326921 0.067233 11.824520 0.477265 
852 2.260285 0.000000 -0.078811 67.527707 0.160787 11.198799 0.531457 
853 2.248074 0.000000 -0.067552 70.161200 0.089292 11.632073 0.494209 
854 2.357979 0.000000 0.045035 115.847723 0.025483 10.274677 -0.352626 
855 2.406827 0.000000 0.045035 107.045779 -0.215119 6.933538 -0.150692 
856 2.357979 0.000000 0.090070 108.381988 -0.025588 11.255276 -0.187334 
857 2.284709 0.000000 0.067552 183.888124 0.106011 72.799578 -2.911463 
858 2.284709 0.000000 0.045035 188.197076 0.125101 28.324558 -2.622044 
859 2.309132 0.000000 0.067552 131.330132 0.116816 32.174621 -0.828282 
860 2.284709 0.000000 0.090070 88.199149 0.080438 55.411327 -0.084951 
861 2.248074 0.000000 0.078811 65.519761 -0.076255 -10.774229 0.559107 
862 2.248074 0.000000 0.067552 64.699516 -0.082398 -10.638553 0.570079 
863 2.260285 0.000000 0.078811 61.786550 -0.121742 -10.155475 0.607927 
864 2.248074 0.000000 0.090070 66.007037 -0.073226 -10.854769 0.552524 
865 -8.241827 0.000000 -8.646699 99.756094 -0.000022 6.975570 0.000006 
866 -11.368037 0.000000 -8.646699 99.756229 -0.000013 6.975633 0.000004 
867 -8.241827 0.000000 -11.528932 99.756140 -0.000018 6.975542 0.000005 
868 10.515434 0.000000 -8.646699 99.756278 -0.000074 6.972638 0.000007 
869 10.515434 0.000000 -11.528932 99.756234 -0.000053 6.973964 0.000006 
870 13.641644 0.000000 -8.646699 99.756415 -0.000069 6.972710 0.000004 
871 -8.241827 0.000000 8.646699 99.756731 -0.000006 6.975619 -0.000006 
872 -11.368037 0.000000 8.646699 99.756583 -0.000002 6.975658 -0.000004 
873 -8.241827 0.000000 11.528932 99.756703 -0.000000 6.975569 -0.000006 
874 -3.552511 0.000000 -4.323349 99.754990 -0.000271 6.974744 0.000029 
875 -5.115617 0.000000 -4.323349 99.755448 -0.000224 6.975391 0.000019 
876 -3.552511 0.000000 -5.764466 99.755213 -0.000085 6.974927 0.000025 
877 10.515434 0.000000 8.646699 99.756943 0.000074 6.971576 -0.000005 
878 13.641644 0.000000 8.646699 99.756843 0.000088 6.971303 -0.000003 
879 10.515434 0.000000 11.528932 99.756797 0.000051 6.973493 -0.000005 
880 5.826119 0.000000 -4.323349 99.756476 -0.000681 6.964593 0.000014 
881 5.826119 0.000000 -5.764466 99.755742 0.000395 6.969103 0.000022 
882 7.389224 0.000000 -4.323349 99.756352 0.000275 6.963982 0.000017 
883 -3.552511 0.000000 4.323349 99.757436 -0.000251 6.975728 -0.000021 
884 -5.115617 0.000000 4.323349 99.756989 -0.000505 6.975882 -0.000012 
885 -3.552511 0.000000 5.764466 99.757610 -0.000535 6.975538 -0.000024 
886 -1.207854 0.000000 -2.161675 99.749157 -0.001092 6.965357 0.000159 
887 -1.989406 0.000000 -2.161675 99.750478 0.000048 6.971880 0.000124 
888 -1.207854 0.000000 -2.882233 99.751446 0.001064 6.969390 0.000108 
889 5.826119 0.000000 4.323349 99.759146 -0.000695 6.958345 -0.000031 
890 7.389224 0.000000 4.323349 99.757903 0.000277 6.958439 -0.000006 
891 5.826119 0.000000 5.764466 99.757770 0.000101 6.966945 -0.000015 
892 3.481461 0.000000 -2.161675 99.759961 0.003456 6.935353 -0.000015 
893 3.481461 0.000000 -2.882233 99.756131 0.005244 6.952646 0.000038 
894 4.263014 0.000000 -2.161675 99.756913 0.004245 6.931635 0.000051 
895 -1.207854 0.000000 2.161675 99.758769 -0.005327 6.978113 -0.000051 
896 -1.989406 0.000000 2.161675 99.757247 -0.001953 6.978274 -0.000020 
897 -1.207854 0.000000 2.882233 99.761171 -0.002203 6.976820 -0.000097 
898 -0.817078 0.000000 -1.080837 99.724418 -0.009081 6.948587 0.000676 
899 -1.207854 0.000000 -1.080837 99.736978 -0.006662 6.961751 0.000407 
900 -0.817078 0.000000 -1.441116 99.743328 -0.006690 6.944897 0.000304 
901 3.481461 0.000000 2.161675 99.753571 0.001966 6.916571 0.000139 
902 4.263014 0.000000 2.161675 99.758191 0.000976 6.910531 0.000055 
903 3.481461 0.000000 2.882233 99.757885 -0.000280 6.941970 0.000017 
904 -0.230913 0.000000 -0.540419 99.551877 0.022283 6.927400 0.004143 
905 -0.426301 0.000000 -0.540419 99.687350 0.107673 6.872359 0.001519 
906 -0.230913 0.000000 -0.720558 99.694172 0.095957 6.800182 0.001482 
907 0.941416 0.000000 -0.540419 99.718731 0.017051 6.715103 0.001108 
908 0.941416 0.000000 -0.720558 99.734316 0.016437 6.828605 0.000644 
909 -0.817078 0.000000 1.080837 99.744918 -0.008960 6.989597 0.000210 
910 -1.207854 0.000000 1.080837 99.747878 -0.006602 6.981564 0.000162 
911 -0.817078 0.000000 1.441116 99.761022 -0.006916 6.992308 -0.000115 
912 -0.230913 0.000000 0.540419 99.561761 0.038254 6.839893 0.004067 
913 -0.426301 0.000000 0.540419 99.663738 0.096503 6.912034 0.001935 
914 -0.230913 0.000000 0.720558 99.625964 0.077765 6.946660 0.002641 
915 -0.133219 0.000000 -0.270209 99.368970 0.069300 7.242278 0.007335 
916 -0.230913 0.000000 -0.270209 99.597501 0.195487 7.241955 0.002785 
917 -0.133219 0.000000 -0.360279 99.256133 0.137974 6.979550 0.009949 
918 0.941416 0.000000 0.540419 99.875878 -0.040560 6.682726 -0.001985 
919 0.941416 0.000000 0.720558 99.760622 0.003064 6.850356 0.000089 
920 -0.133219 0.000000 0.270209 99.719744 0.016536 6.541017 0.001319 
921 -0.230913 0.000000 0.270209 99.796198 0.120861 6.643899 -0.000344 
922 -0.133219 0.000000 0.360279 99.530283 0.066535 6.788499 0.004763 
923 0.037745 0.000000 -0.112587 87.039889 0.057588 2.446980 0.241807 
924 0.013322 0.000000 -0.112587 86.103708 0.054678 9.043989 0.250435 
925 0.037745 0.000000 -0.135105 91.356845 0.099250 4.189461 0.163637 
926 0.648333 0.000000 -0.270209 102.089104 -0.001673 1.866926 -0.042567 
927 0.648333 0.000000 -0.360279 99.820490 0.002710 6.564788 -0.000723 
928 0.746027 0.000000 -0.270209 103.267795 0.026927 2.846716 -0.067234 
929 0.648333 0.000000 0.270209 102.121235 -0.031077 1.875126 -0.043226 
930 0.746027 0.000000 0.270209 103.427348 -0.035072 2.845271 -0.070531 
931 0.648333 0.000000 0.360279 99.922698 -0.105997 6.143014 -0.002229 
932 0.037745 0.000000 0.112587 91.029572 -0.116905 7.893780 0.165129 
933 0.013322 0.000000 0.112587 90.173051 -0.108253 2.835664 0.186077 
934 0.037745 0.000000 0.135105 94.366113 -0.111197 7.320472 0.104143 
935 0.098804 0.000000 -0.078811 90.697567 0.069014 -14.886416 0.155234 
936 0.098804 0.000000 -0.090070 90.853666 0.129179 -15.068820 0.151853 
937 0.098804 0.000000 -0.067552 90.689340 0.065306 -14.861273 0.155458 
938 0.098804 0.000000 0.078811 95.445958 0.165963 16.126070 0.062999 
939 0.098804 0.000000 0.067552 95.440408 0.165741 16.130579 0.063091 
940 0.098804 0.000000 0.090070 95.524856 0.165219 16.102822 0.061567 
941 0.233134 0.000000 -0.067552 77.837377 0.008212 -5.706389 0.390878 
942 0.233134 0.000000 -0.045035 79.214822 -0.073135 -4.343157 0.370614 
943 0.233134 0.000000 0.067552 77.845714 -0.070520 5.726130 0.390725 
944 0.233134 0.000000 0.045035 79.186082 -0.083873 4.427724 0.370995 
945 0.501792 0.000000 -0.045035 100.758570 0.000723 4.992186 -0.017721 
946 0.550639 0.000000 -0.045035 102.110081 -0.006524 6.313464 -0.046633 
947 0.501792 0.000000 0.000000 102.113361 -0.008219 6.531827 -0.046980 
948 0.501792 0.000000 0.045035 100.803253 -0.013374 4.992331 -0.018622 
949 0.550639 0.000000 0.045035 102.116027 -0.010652 6.315221 -0.046757 
950 0.428522 0.000000 -0.067552 99.121941 0.011898 2.127941 0.017031 
951 0.452945 0.000000 -0.067552 99.314864 0.009784 3.643576 0.012328 
952 0.428522 0.000000 -0.045035 99.335777 0.011544 1.374132 0.013052 
953 0.367463 0.000000 -0.101329 104.913677 0.069482 -3.153433 -0.101683 
954 0.367463 0.000000 -0.112587 104.993411 0.066098 -2.625290 -0.103051 
955 0.367463 0.000000 -0.090070 105.270407 0.069396 -2.885524 -0.109019 
956 0.428522 0.000000 0.067552 99.225326 -0.022907 2.129690 0.014980 
957 0.428522 0.000000 0.045035 99.438155 -0.025207 1.376339 0.011016 
958 0.452945 0.000000 0.067552 99.408535 -0.019549 3.643811 0.010467 
959 0.367463 0.000000 0.101329 105.974071 0.048360 3.454904 -0.124244 
960 0.367463 0.000000 0.090070 106.324871 0.047822 3.183300 -0.131511 
961 0.367463 0.000000 0.112587 105.946708 0.048997 2.916068 -0.123321 
962 1.722968 0.000000 -0.540419 99.705340 0.004122 6.479065 0.001687 
963 1.722968 0.000000 -0.720558 99.658252 0.004271 6.655973 0.002393 
964 1.722968 0.000000 0.540419 99.764247 0.034170 5.935714 0.001186 
965 1.722968 0.000000 0.720558 99.617031 0.004842 6.371898 0.003585 
966 1.429886 0.000000 -0.270209 99.436235 -0.080189 1.590985 0.010990 
967 1.429886 0.000000 -0.360279 99.630020 -0.097799 6.230999 0.003502 
968 1.527580 0.000000 -0.270209 101.044067 -0.063688 1.240708 -0.021145 
969 1.429886 0.000000 0.270209 100.274108 -0.083807 1.221570 -0.005640 
970 1.527580 0.000000 0.270209 100.963166 -0.027468 1.005315 -0.019457 
971 1.429886 0.000000 0.360279 100.250890 -0.100756 5.461170 -0.008008 
972 3.090685 0.000000 -1.080837 99.760562 0.007999 6.799160 0.000160 
973 3.090685 0.000000 -1.441116 99.755299 0.009593 6.875700 0.000161 
974 3.481461 0.000000 -1.080837 99.766207 0.010162 6.807763 0.000036 
975 2.504521 0.000000 -0.540419 99.770223 0.030188 6.208758 0.000735 
976 2.504521 0.000000 -0.720558 99.752890 0.024350 6.553374 0.000641 
977 2.699909 0.000000 -0.540419 99.818462 0.022016 6.258804 -0.000290 
978 3.090685 0.000000 1.080837 99.755337 -0.002209 6.720824 0.000370 
979 3.481461 0.000000 1.080837 99.765831 -0.002390 6.704095 0.000183 
980 3.090685 0.000000 1.441116 99.753319 -0.006672 6.833863 0.000257 
981 2.504521 0.000000 0.540419 99.653137 -0.005302 6.185116 0.003100 
982 2.699909 0.000000 0.540419 99.727122 0.008788 6.134718 0.001687 
983 2.504521 0.000000 0.720558 99.592105 0.003026 6.524170 0.003885 
984 2.406827 0.000000 -0.270209 99.975547 0.012024 3.803947 -0.000958 
985 2.406827 0.000000 -0.360279 99.654027 -0.051843 5.053193 0.004354 
986 2.504521 0.000000 -0.270209 100.190649 -0.110915 4.332793 -0.005695 
987 2.406827 0.000000 0.270209 99.711595 0.003447 5.295455 0.002956 
988 2.504521 0.000000 0.270209 100.041305 -0.040410 4.788142 -0.003119 
989 2.406827 0.000000 0.360279 99.384172 -0.007779 5.704700 0.009024 
990 2.357979 0.000000 -0.135105 103.015755 -0.091590 -2.347665 -0.061777 
991 2.357979 0.000000 -0.180140 100.531011 0.039084 0.083235 -0.010649 
992 2.406827 0.000000 -0.135105 102.592463 0.030280 0.295428 -0.052530 
993 2.284709 0.000000 -0.112587 91.718360 0.041295 -15.123580 0.135902 
994 2.284709 0.000000 -0.135105 94.531410 -0.025539 -6.152513 0.102596 
995 2.309132 0.000000 -0.112587 102.941180 0.019417 -12.461389 -0.075217 
996 2.357979 0.000000 0.135105 102.284728 -0.177121 9.055055 -0.054419 
997 2.406827 0.000000 0.135105 102.167742 -0.073010 6.494443 -0.048043 
998 2.357979 0.000000 0.180140 99.867563 -0.084792 6.958388 -0.002196 
999 2.284709 0.000000 0.112587 88.667613 0.066300 21.863372 0.166004 
1000 2.309132 0.000000 0.112587 101.394997 0.098097 19.615947 -0.066574 
1001 2.284709 0.000000 0.135105 92.459029 0.031811 12.225207 0.130187 
1 11 62 60 61 
2 62 10 24 60 
3 60 24 14 63 
4 61 60 63 6 
5 24 66 64 65 
6 66 23 40 64 
7 64 40 27 67 
8 65 64 67 14 
9 40 70 68 69 
10 69 68 71 27 
11 6 63 92 93 
12 63 14 36 92 
13 92 36 19 94 
14 93 92 94 20 
15 14 67 95 96 
16 67 27 52 95 
17 95 52 35 97 
18 96 95 97 36 
19 27 71 98 99 
20 99 98 100 52 
21 68 112 110 111 
22 112 56 80 110 
23 110 80 43 113 
24 111 110 113 71 
25 80 116 114 115 
26 115 114 117 43 
27 71 113 133 134 
28 113 43 102 133 
29 133 102 76 135 
30 134 133 135 98 
31 43 117 136 137 
32 137 136 138 102 
33 114 141 139 140 
34 141 106 129 139 
35 139 129 83 142 
36 140 139 142 117 
37 129 149 147 148 
38 147 150 132 151 
39 148 147 151 83 
40 117 142 152 153 
41 142 83 144 152 
42 152 144 125 154 
43 153 152 154 136 
44 83 151 155 156 
45 151 132 157 155 
46 156 155 158 144 
47 12 161 159 160 
48 161 7 162 159 
49 159 162 13 25 
50 160 159 25 10 
51 25 165 163 164 
52 165 13 166 163 
53 163 166 26 41 
54 164 163 41 23 
55 41 169 167 168 
56 169 26 170 167 
57 167 170 42 57 
58 168 167 57 39 
59 39 173 171 172 
60 173 57 174 171 
61 171 174 55 81 
62 172 171 81 56 
63 81 177 175 176 
64 177 55 178 175 
65 175 178 82 107 
66 176 175 107 79 
67 79 181 179 180 
68 181 107 182 179 
69 179 182 105 130 
70 180 179 130 106 
71 106 185 183 184 
72 185 130 186 183 
73 184 183 149 129 
74 195 197 109 198 
75 150 195 198 132 
76 149 201 199 200 
77 201 128 202 199 
78 199 202 150 203 
79 200 199 203 147 
80 132 198 210 157 
81 198 109 211 210 
82 19 38 213 214 
83 38 21 215 213 
84 213 215 9 216 
85 214 213 216 22 
86 35 54 217 218 
87 54 37 219 217 
88 217 219 21 220 
89 218 217 220 38 
90 51 78 221 222 
91 78 53 223 221 
92 221 223 37 224 
93 222 221 224 54 
94 76 104 225 226 
95 104 75 227 225 
96 225 227 78 228 
97 226 225 228 51 
98 101 127 229 230 
99 127 103 231 229 
100 229 231 75 232 
101 230 229 232 104 
102 125 146 233 234 
103 146 124 235 233 
104 233 235 127 236 
105 234 233 236 101 
106 144 158 237 238 
107 237 239 146 240 
108 238 237 240 125 
109 155 243 241 242 
110 243 157 244 241 
111 241 244 143 245 
112 242 241 245 158 
113 130 247 246 186 
114 247 105 248 246 
115 249 251 195 252 
116 202 249 252 150 
117 186 255 253 254 
118 255 246 256 253 
119 253 256 196 250 
120 254 253 250 128 
121 128 259 257 258 
122 259 250 260 257 
123 257 260 249 261 
124 258 257 261 202 
125 262 263 124 264 
126 239 262 264 146 
127 157 266 265 244 
128 266 210 267 265 
129 143 268 269 270 
130 268 212 271 269 
131 269 271 262 272 
132 270 269 272 239 
133 244 275 273 274 
134 275 265 276 273 
135 273 276 268 277 
136 274 273 277 143 
137 278 280 194 281 
138 197 278 281 109 
139 283 131 284 282 
140 282 284 197 285 
141 251 282 285 195 
142 107 287 286 182 
143 287 82 288 286 
144 286 288 108 192 
145 182 286 192 105 
146 105 290 289 248 
147 290 192 291 289 
148 246 293 292 256 
149 293 248 294 292 
150 292 294 131 283 
151 256 292 283 196 
152 196 297 295 296 
153 297 283 298 295 
154 295 298 282 299 
155 296 295 299 251 
156 109 281 300 211 
157 281 194 301 300 
158 210 304 303 267 
159 304 211 305 303 
160 303 305 145 306 
161 124 209 307 235 
162 209 126 308 307 
163 307 308 103 309 
164 235 307 309 127 
165 310 311 209 312 
166 263 310 312 124 
167 212 306 313 271 
168 306 145 314 313 
169 313 314 263 315 
170 271 313 315 262 
171 267 318 316 317 
172 318 303 319 316 
173 316 319 306 320 
174 317 316 320 212 
175 248 322 321 294 
176 322 289 323 321 
177 294 321 324 131 
178 192 330 329 291 
179 330 108 331 329 
180 289 334 333 323 
181 334 291 335 333 
182 333 335 191 336 
183 323 333 336 279 
184 131 324 337 284 
185 324 279 338 337 
186 337 338 278 339 
187 284 337 339 197 
188 321 342 340 341 
189 342 323 343 340 
190 340 343 279 344 
191 341 340 344 324 
192 145 346 345 314 
193 345 347 310 348 
194 314 345 348 263 
195 211 350 349 305 
196 350 300 351 349 
197 349 351 302 346 
198 305 349 346 145 
199 355 357 126 358 
200 311 355 358 209 
201 302 360 359 347 
202 360 207 361 359 
203 359 361 311 362 
204 347 359 362 310 
205 346 365 363 364 
206 365 302 366 363 
207 363 366 347 367 
208 364 363 367 345 
209 368 369 59 370 
210 280 368 370 194 
211 291 372 371 335 
212 372 329 373 371 
213 371 373 332 374 
214 191 374 375 376 
215 374 332 377 375 
216 375 377 368 378 
217 376 375 378 280 
218 335 381 379 380 
219 381 371 382 379 
220 379 382 374 383 
221 380 379 383 191 
222 194 370 384 301 
223 370 59 385 384 
224 387 356 388 386 
225 386 388 355 389 
226 361 386 389 311 
227 301 392 390 391 
228 392 384 393 390 
229 390 393 356 387 
230 391 390 387 207 
231 207 396 394 395 
232 396 387 397 394 
233 394 397 386 398 
234 395 394 398 361 
235 57 400 399 174 
236 400 42 401 399 
237 399 401 58 89 
238 174 399 89 55 
239 55 403 402 178 
240 403 89 404 402 
241 402 404 88 188 
242 178 402 188 82 
243 82 406 405 288 
244 406 188 407 405 
245 405 407 187 326 
246 288 405 326 108 
247 108 409 408 331 
248 409 326 410 408 
249 329 413 412 373 
250 413 331 414 412 
251 373 412 415 332 
252 75 123 416 227 
253 123 77 417 416 
254 416 417 53 418 
255 227 416 418 78 
256 103 206 419 231 
257 206 121 420 419 
258 419 420 123 421 
259 231 419 421 75 
260 126 354 422 308 
261 354 204 423 422 
262 422 423 206 424 
263 308 422 424 103 
264 425 427 354 428 
265 357 425 428 126 
266 356 430 429 388 
267 429 431 357 432 
268 388 429 432 355 
269 433 434 328 435 
270 369 433 435 59 
271 331 437 436 414 
272 437 408 438 436 
273 332 415 440 377 
274 415 193 441 440 
275 440 441 369 442 
276 377 440 442 368 
277 412 445 443 444 
278 445 414 446 443 
279 443 446 193 447 
280 444 443 447 415 
281 59 435 448 385 
282 435 328 449 448 
283 384 451 450 393 
284 451 385 452 450 
285 450 452 208 430 
286 393 450 430 356 
287 453 455 425 456 
288 431 453 456 357 
289 430 459 457 458 
290 459 208 460 457 
291 457 460 431 461 
292 458 457 461 429 
293 88 467 466 189 
294 467 90 468 466 
295 466 468 5 469 
296 189 466 469 91 
297 187 471 470 327 
298 471 189 472 470 
299 470 472 91 473 
300 327 470 473 190 
301 326 475 474 410 
302 475 187 476 474 
303 474 476 327 477 
304 410 474 477 325 
305 408 479 478 438 
306 479 410 480 478 
307 478 480 325 481 
308 438 478 481 411 
309 193 439 482 441 
310 439 411 483 482 
311 482 483 433 484 
312 441 482 484 369 
313 436 487 485 486 
314 487 438 488 485 
315 485 488 411 489 
316 486 485 489 439 
317 385 491 490 452 
318 491 448 492 490 
319 490 492 426 454 
320 452 490 454 208 
321 91 469 496 205 
322 469 5 497 496 
323 496 497 122 498 
324 205 496 498 121 
325 190 473 499 353 
326 473 91 500 499 
327 499 500 205 501 
328 353 499 501 204 
329 352 503 502 427 
330 503 353 504 502 
331 502 504 204 505 
332 427 502 505 354 
333 426 507 506 455 
334 507 352 508 506 
335 506 508 427 509 
336 455 506 509 425 
337 454 512 510 511 
338 512 426 513 510 
339 510 513 455 514 
340 511 510 514 453 
341 468 524 522 523 
342 522 525 518 526 
343 523 522 526 5 
344 5 526 527 528 
345 526 518 529 527 
346 528 527 530 497 
347 7 532 531 162 
348 532 16 533 531 
349 531 533 15 32 
350 162 531 32 13 
351 13 535 534 166 
352 535 32 536 534 
353 534 536 31 48 
354 166 534 48 26 
355 26 538 537 170 
356 538 48 539 537 
357 537 539 47 85 
358 170 537 85 42 
359 42 541 540 401 
360 541 85 542 540 
361 540 542 84 463 
362 401 540 463 58 
363 58 545 543 544 
364 545 463 546 543 
365 543 546 462 516 
366 544 543 516 90 
367 90 549 547 548 
368 549 516 550 547 
369 547 550 515 524 
370 548 547 524 468 
371 15 552 551 33 
372 552 17 553 551 
373 551 553 8 554 
374 33 551 554 18 
375 31 556 555 49 
376 556 33 557 555 
377 555 557 18 558 
378 49 555 558 34 
379 560 49 561 559 
380 559 561 34 562 
381 462 568 567 517 
382 568 464 569 567 
383 567 569 87 570 
384 517 567 570 465 
385 515 572 571 525 
386 572 517 573 571 
387 571 573 465 574 
388 525 571 574 518 
389 524 577 575 576 
390 577 515 578 575 
391 575 578 525 579 
392 576 575 579 522 
393 18 554 580 45 
394 554 8 581 580 
395 580 581 29 582 
396 45 580 582 28 
397 34 558 583 73 
398 558 18 584 583 
399 583 584 45 585 
400 73 583 585 44 
401 562 34 587 586 
402 586 587 73 588 
403 465 570 592 520 
404 570 87 593 592 
405 592 593 494 594 
406 520 592 594 493 
407 518 574 595 529 
408 574 465 596 595 
409 595 596 520 597 
410 529 595 597 519 
411 21 46 598 215 
412 46 28 599 598 
413 598 599 30 600 
414 215 598 600 9 
415 37 74 601 219 
416 74 44 602 601 
417 601 602 46 603 
418 219 601 603 21 
419 53 120 604 223 
420 120 72 605 604 
421 604 605 74 606 
422 223 604 606 37 
423 77 495 607 417 
424 495 118 608 607 
425 607 608 120 609 
426 417 607 609 53 
427 122 521 610 611 
428 521 493 612 610 
429 610 612 495 613 
430 611 610 613 77 
431 497 530 614 615 
432 530 519 616 614 
433 614 616 521 617 
434 615 614 617 122 
435 527 620 618 619 
436 620 529 621 618 
437 618 621 519 622 
438 619 618 622 530 
439 569 632 630 631 
440 631 630 634 87 
441 87 634 635 636 
442 636 635 638 593 
443 85 640 639 542 
444 640 47 641 639 
445 639 641 86 564 
446 542 639 564 84 
447 84 644 642 643 
448 644 564 645 642 
449 642 645 563 624 
450 643 642 624 464 
451 464 648 646 647 
452 648 624 649 646 
453 646 649 623 632 
454 647 646 632 569 
455 86 651 650 565 
456 651 559 652 650 
457 650 652 562 653 
458 565 650 653 50 
459 655 565 656 654 
460 654 656 50 657 
461 632 664 662 663 
462 664 623 665 662 
463 663 662 666 630 
464 50 653 667 590 
465 653 562 668 667 
466 667 668 586 669 
467 590 667 669 119 
468 657 50 671 670 
469 670 671 590 672 
470 118 591 676 608 
471 591 119 677 676 
472 676 677 72 678 
473 608 676 678 120 
474 494 629 679 680 
475 629 589 681 679 
476 679 681 591 682 
477 680 679 682 118 
478 593 638 683 684 
479 638 627 685 683 
480 683 685 629 686 
481 684 683 686 494 
482 635 689 687 688 
483 687 690 627 691 
484 688 687 691 638 
485 624 693 692 649 
486 693 563 694 692 
487 692 694 625 659 
488 649 692 659 623 
489 623 696 695 665 
490 696 659 697 695 
491 630 666 699 700 
492 699 701 626 702 
493 700 699 702 634 
494 662 705 703 704 
495 705 665 706 703 
496 704 703 707 666 
497 634 702 708 709 
498 702 626 710 708 
499 709 708 689 635 
500 627 675 711 685 
501 675 628 712 711 
502 711 712 589 713 
503 685 711 713 629 
504 714 716 675 717 
505 690 714 717 627 
506 689 720 718 719 
507 718 721 690 722 
508 719 718 722 687 
509 723 724 661 725 
510 701 723 725 626 
511 665 727 726 706 
512 727 695 728 726 
513 666 707 730 731 
514 707 633 732 730 
515 730 732 701 733 
516 731 730 733 699 
517 703 736 734 735 
518 736 706 737 734 
519 734 737 633 738 
520 735 734 738 707 
521 626 725 739 710 
522 725 661 740 739 
523 708 743 741 742 
524 743 710 744 741 
525 741 744 637 720 
526 742 741 720 689 
527 745 747 714 748 
528 721 745 748 690 
529 720 751 749 750 
530 751 637 752 749 
531 749 752 721 753 
532 750 749 753 718 
533 633 729 754 732 
534 729 698 755 754 
535 754 755 723 756 
536 732 754 756 701 
537 706 758 757 737 
538 758 726 759 757 
539 757 759 729 760 
540 737 757 760 633 
541 710 762 761 744 
542 762 739 763 761 
543 761 763 715 746 
544 744 761 746 637 
545 637 765 764 752 
546 765 746 766 764 
547 764 766 745 767 
548 752 764 767 721 
549 769 654 770 768 
550 768 770 657 771 
551 659 773 772 697 
552 773 625 774 772 
553 695 777 776 728 
554 777 697 778 776 
555 776 778 658 779 
556 726 781 780 759 
557 781 728 782 780 
558 780 782 698 783 
559 759 780 783 729 
560 771 657 785 784 
561 784 785 670 786 
562 787 789 628 790 
563 716 787 790 675 
564 792 673 793 791 
565 791 793 716 794 
566 747 791 794 714 
567 746 796 795 766 
568 796 715 797 795 
569 795 797 747 798 
570 766 795 798 745 
571 799 800 566 801 
572 724 799 801 661 
573 698 779 802 755 
574 779 658 803 802 
575 802 803 724 804 
576 755 802 804 723 
577 728 806 805 782 
578 806 776 807 805 
579 805 807 779 808 
580 782 805 808 698 
581 661 801 809 740 
582 801 566 810 809 
583 739 812 811 763 
584 812 740 813 811 
585 811 813 673 792 
586 763 811 792 715 
587 715 815 814 797 
588 815 792 816 814 
589 814 816 791 817 
590 797 814 817 747 
591 818 820 799 821 
592 803 818 821 724 
593 697 823 822 778 
594 823 772 824 822 
595 822 824 775 819 
596 778 822 819 658 
597 658 827 825 826 
598 827 819 828 825 
599 825 828 818 829 
600 826 825 829 803 
601 740 831 830 813 
602 831 809 832 830 
603 673 833 834 793 
604 833 788 835 834 
605 834 835 787 836 
606 793 834 836 716 
607 813 839 837 838 
608 839 830 840 837 
609 837 840 833 841 
610 838 837 841 673 
611 660 843 842 800 
612 843 768 844 842 
613 842 844 771 845 
614 800 842 845 566 
615 775 847 846 820 
616 847 660 848 846 
617 846 848 800 849 
618 820 846 849 799 
619 819 851 850 828 
620 851 775 852 850 
621 850 852 820 853 
622 828 850 853 818 
623 566 845 854 810 
624 845 771 855 854 
625 854 855 784 856 
626 810 854 856 674 
627 809 858 857 832 
628 858 810 859 857 
629 857 859 674 860 
630 832 857 860 788 
631 830 862 861 840 
632 862 832 863 861 
633 861 863 788 864 
634 840 861 864 833 
635 1 867 865 866 
636 867 12 160 865 
637 865 160 10 62 
638 866 865 62 11 
639 16 869 868 533 
640 869 2 870 868 
641 868 870 17 552 
642 533 868 552 15 
643 20 94 871 872 
644 94 19 214 871 
645 871 214 22 873 
646 872 871 873 4 
647 10 876 874 875 
648 876 25 164 874 
649 874 164 23 66 
650 875 874 66 24 
651 28 582 877 599 
652 582 29 878 877 
653 877 878 3 879 
654 599 877 879 30 
655 32 881 880 536 
656 881 15 882 880 
657 880 882 33 556 
658 536 880 556 31 
659 36 97 883 884 
660 97 35 218 883 
661 883 218 38 885 
662 884 883 885 19 
663 23 888 886 887 
664 888 41 168 886 
665 886 168 39 70 
666 887 886 70 40 
667 44 585 889 602 
668 585 45 890 889 
669 889 890 28 891 
670 602 889 891 46 
671 48 893 892 539 
672 893 31 894 892 
673 892 894 49 560 
674 539 892 560 47 
675 52 100 895 896 
676 100 51 222 895 
677 895 222 54 897 
678 896 895 897 35 
679 70 900 898 899 
680 900 39 172 898 
681 898 172 56 112 
682 899 898 112 68 
683 72 588 901 605 
684 588 73 902 901 
685 901 902 44 903 
686 605 901 903 74 
687 56 906 904 905 
688 906 81 176 904 
689 904 176 79 116 
690 905 904 116 80 
691 89 908 907 404 
692 908 58 544 907 
693 907 544 90 467 
694 404 907 467 88 
695 98 135 909 910 
696 135 76 226 909 
697 909 226 51 911 
698 910 909 911 100 
699 102 138 912 913 
700 138 101 230 912 
701 912 230 104 914 
702 913 912 914 76 
703 116 917 915 916 
704 917 79 180 915 
705 915 180 106 141 
706 916 915 141 114 
707 121 498 918 420 
708 498 122 611 918 
709 918 611 77 919 
710 420 918 919 123 
711 136 154 920 921 
712 154 125 234 920 
713 920 234 101 922 
714 921 920 922 138 
715 183 925 923 924 
716 925 186 254 923 
717 923 254 128 201 
718 924 923 201 149 
719 188 927 926 407 
720 927 88 928 926 
721 926 928 189 471 
722 407 926 471 187 
723 204 501 929 423 
724 501 205 930 929 
725 929 930 121 931 
726 423 929 931 206 
727 158 245 932 933 
728 245 143 270 932 
729 932 270 239 934 
730 933 932 934 237 
731 250 936 935 260 
732 936 196 296 935 
733 935 296 251 937 
734 260 935 937 249 
735 265 939 938 276 
736 939 267 317 938 
737 938 317 212 940 
738 276 938 940 268 
739 279 336 941 338 
740 336 191 376 941 
741 941 376 280 942 
742 338 941 942 278 
743 300 944 943 351 
744 944 301 391 943 
745 943 391 207 360 
746 351 943 360 302 
747 325 477 945 434 
748 477 327 946 945 
749 945 946 190 947 
750 434 945 947 328 
751 328 947 948 449 
752 947 190 949 948 
753 948 949 353 503 
754 449 948 503 352 
755 411 481 950 483 
756 481 325 951 950 
757 950 951 434 952 
758 483 950 952 433 
759 414 954 953 446 
760 954 436 486 953 
761 953 486 439 955 
762 446 953 955 193 
763 448 957 956 492 
764 957 449 958 956 
765 956 958 352 507 
766 492 956 507 426 
767 208 960 959 460 
768 960 454 511 959 
769 959 511 453 961 
770 460 959 961 431 
771 463 963 962 546 
772 963 84 643 962 
773 962 643 464 568 
774 546 962 568 462 
775 493 594 964 612 
776 594 494 680 964 
777 964 680 118 965 
778 612 964 965 495 
779 516 967 966 550 
780 967 462 968 966 
781 966 968 517 572 
782 550 966 572 515 
783 519 597 969 616 
784 597 520 970 969 
785 969 970 493 971 
786 616 969 971 521 
787 47 973 972 641 
788 973 560 974 972 
789 972 974 559 651 
790 641 972 651 86 
791 564 976 975 645 
792 976 86 977 975 
793 975 977 565 655 
794 645 975 655 563 
795 119 669 978 677 
796 669 586 979 978 
797 978 979 588 980 
798 677 978 980 72 
799 589 672 981 681 
800 672 590 982 981 
801 981 982 119 983 
802 681 981 983 591 
803 563 985 984 694 
804 985 655 986 984 
805 984 986 654 769 
806 694 984 769 625 
807 628 786 987 712 
808 786 670 988 987 
809 987 988 672 989 
810 712 987 989 589 
811 625 991 990 774 
812 991 769 992 990 
813 990 992 768 843 
814 774 990 843 660 
815 772 994 993 824 
816 994 774 995 993 
817 993 995 660 847 
818 824 993 847 775 
819 674 856 996 789 
820 856 784 997 996 
821 996 997 786 998 
822 789 996 998 628 
823 788 860 999 835 
824 860 674 1000 999 
825 999 1000 789 1001 
826 835 999 1001 787 
