2 0.000000 100.000000 262.180540
991 820 
1 -11.368037 0.000000 -11.611899 99.756150 -0.002195 6.975602 0.000005 
2 13.641644 0.000000 -11.611899 99.756266 -0.020448 6.972881 0.000007 
3 13.641644 0.000000 11.611899 99.756935 0.024627 6.971943 -0.000005 
4 -11.368037 0.000000 11.611899 99.756691 0.002692 6.975611 -0.000006 
5 1.136804 0.000000 0.000000 101.695623 -0.001220 6.616519 -0.038578 
6 -11.368037 0.000000 0.000000 99.756401 0.000273 6.975775 -0.000000 
7 1.136804 0.000000 -11.611899 99.755392 -0.010396 6.974225 0.000022 
8 13.641644 0.000000 0.000000 99.805409 -0.369423 6.273640 -0.000061 
9 1.136804 0.000000 11.611899 99.757689 0.011788 6.974066 -0.000023 
10 -5.115617 0.000000 -5.805950 99.755387 -0.003795 6.975457 0.000021 
11 -11.368037 0.000000 -5.805950 99.756186 -0.001270 6.975697 0.000004 
12 -5.115617 0.000000 -11.611899 99.755782 -0.004697 6.975306 0.000013 
13 1.136804 0.000000 -5.805950 99.752578 -0.017645 6.970367 0.000084 
14 -5.115617 0.000000 0.000000 99.756250 0.000490 6.976204 0.000002 
15 7.389224 0.000000 -5.805950 99.755716 -0.039816 6.964557 0.000029 
16 7.389224 0.000000 -11.611899 99.755812 -0.017183 6.973091 0.000015 
17 13.641644 0.000000 -5.805950 99.756785 -0.042614 6.965542 0.000006 
18 7.389224 0.000000 0.000000 99.954262 -0.759525 4.138984 -0.000856 
19 -5.115617 0.000000 5.805950 99.757472 0.004706 6.975581 -0.000021 
20 -11.368037 0.000000 5.805950 99.756636 0.001803 6.975713 -0.000005 
21 1.136804 0.000000 5.805950 99.761533 0.020280 6.969791 -0.000094 
22 -5.115617 0.000000 11.611899 99.757128 0.005466 6.975314 -0.000014 
23 -1.989406 0.000000 -2.902975 99.752091 -0.006178 6.974679 0.000087 
24 -5.115617 0.000000 -2.902975 99.755459 -0.002114 6.975833 0.000019 
25 -1.989406 0.000000 -5.805950 99.754025 -0.007894 6.974300 0.000049 
26 1.136804 0.000000 -2.902975 99.744883 -0.029175 6.956243 0.000257 
27 -1.989406 0.000000 0.000000 99.753911 0.000786 6.978225 0.000046 
28 7.389224 0.000000 5.805950 99.758559 0.047658 6.961077 -0.000023 
29 13.641644 0.000000 5.805950 99.757832 0.057800 6.958105 -0.000004 
30 7.389224 0.000000 11.611899 99.757336 0.019768 6.972576 -0.000014 
31 4.263014 0.000000 -2.902975 99.752500 -0.076225 6.932030 0.000138 
32 4.263014 0.000000 -5.805950 99.753838 -0.031618 6.965738 0.000065 
33 7.389224 0.000000 -2.902975 99.757758 -0.085169 6.934286 0.000030 
34 4.263014 0.000000 0.000000 100.059710 -0.609216 2.560119 -0.001887 
35 -1.989406 0.000000 2.902975 99.760217 0.007814 6.975855 -0.000076 
36 -5.115617 0.000000 2.902975 99.757201 0.003076 6.975994 -0.000016 
37 1.136804 0.000000 2.902975 99.777560 0.032987 6.954959 -0.000393 
38 -1.989406 0.000000 5.805950 99.759164 0.009270 6.974565 -0.000054 
39 -0.426301 0.000000 -1.451487 99.729792 -0.010522 6.958397 0.000555 
40 -1.989406 0.000000 -1.451487 99.750308 -0.005092 6.977601 0.000119 
41 -0.426301 0.000000 -2.902975 99.740807 -0.011883 6.972122 0.000316 
42 1.136804 0.000000 -1.451487 99.701333 -0.034419 6.909041 0.001191 
43 -0.426301 0.000000 0.000000 99.990361 -0.065246 7.042820 -0.004768 
44 4.263014 0.000000 2.902975 99.764613 0.089838 6.918701 -0.000085 
45 7.389224 0.000000 2.902975 99.761974 0.112983 6.907603 -0.000018 
46 4.263014 0.000000 5.805950 99.760234 0.037629 6.963697 -0.000060 
47 2.699909 0.000000 -1.451487 99.731247 -0.139794 6.808723 0.000730 
48 2.699909 0.000000 -2.902975 99.742932 -0.043680 6.937816 0.000321 
49 4.263014 0.000000 -1.451487 99.759483 -0.170120 6.804143 0.000172 
50 2.699909 0.000000 0.000000 100.167526 -0.044917 1.754784 -0.003661 
51 -0.426301 0.000000 1.451487 99.767057 0.010862 6.981828 -0.000221 
52 -1.989406 0.000000 1.451487 99.758255 0.005035 6.977230 -0.000039 
53 1.136804 0.000000 1.451487 99.808130 0.037286 6.914697 -0.000948 
54 -0.426301 0.000000 2.902975 99.765160 0.007790 6.971852 -0.000169 
55 0.355251 0.000000 -0.725744 99.707220 0.014816 6.735157 0.001311 
56 -0.426301 0.000000 -0.725744 99.675375 0.012088 6.993542 0.001591 
57 0.355251 0.000000 -1.451487 99.735057 -0.015048 6.932624 0.000486 
58 1.136804 0.000000 -0.725744 99.688315 -0.039468 6.813860 0.001581 
59 0.355251 0.000000 0.000000 70.402860 -0.012536 0.047235 0.504343 
60 -8.241827 0.000000 -2.902975 99.756094 -0.001005 6.975799 0.000006 
61 -11.368037 0.000000 -2.902975 99.756273 -0.000552 6.975749 0.000003 
62 -8.241827 0.000000 -5.805950 99.755960 -0.002084 6.975667 0.000009 
63 -8.241827 0.000000 0.000000 99.756376 0.000351 6.975881 0.000000 
64 -3.552511 0.000000 -1.451487 99.754907 -0.001553 6.976289 0.000029 
65 -5.115617 0.000000 -1.451487 99.755760 -0.000888 6.976065 0.000012 
66 -3.552511 0.000000 -2.902975 99.754496 -0.003353 6.975688 0.000038 
67 -3.552511 0.000000 0.000000 99.756009 0.000624 6.976658 0.000006 
68 -1.207854 0.000000 -0.725744 99.745202 0.000483 6.981902 0.000215 
69 -1.989406 0.000000 -0.725744 99.753487 -0.001033 6.971446 0.000064 
70 -1.207854 0.000000 -1.451487 99.744239 -0.005346 6.973616 0.000246 
71 -1.207854 0.000000 0.000000 99.752985 0.000899 6.981289 0.000060 
72 2.699909 0.000000 1.451487 99.789367 0.158294 6.756407 -0.000359 
73 4.263014 0.000000 1.451487 99.775091 0.215768 6.718890 -0.000026 
74 2.699909 0.000000 2.902975 99.772220 0.063800 6.929654 -0.000252 
75 0.355251 0.000000 0.725744 99.914518 -0.007777 6.986122 -0.003172 
76 -0.426301 0.000000 0.725744 99.767265 -0.033821 6.976498 -0.000218 
77 1.136804 0.000000 0.725744 99.908975 0.062655 6.791044 -0.002793 
78 0.355251 0.000000 1.451487 99.801320 0.020248 6.966982 -0.000884 
79 -0.035525 0.000000 -0.362872 98.899706 0.008374 6.980456 0.017012 
80 -0.426301 0.000000 -0.362872 99.746786 0.000242 7.064064 0.000068 
81 -0.035525 0.000000 -0.725744 99.574128 0.018845 6.877049 0.003770 
82 0.355251 0.000000 -0.362872 100.214350 0.107566 5.767515 -0.007619 
83 -0.035525 0.000000 0.000000 168.120806 -0.075445 7.310696 -1.831806 
84 1.918356 0.000000 -0.725744 99.589039 -0.144919 6.437831 0.004056 
85 1.918356 0.000000 -1.451487 99.722779 -0.088624 6.858202 0.000832 
86 2.699909 0.000000 -0.725744 99.736217 -0.310551 6.261872 0.001338 
87 1.918356 0.000000 0.000000 100.966082 0.342696 5.788459 -0.022777 
88 0.746027 0.000000 -0.362872 99.681209 0.016112 6.442003 0.002216 
89 0.746027 0.000000 -0.725744 99.696712 -0.000824 6.835174 0.001385 
90 1.136804 0.000000 -0.362872 99.724451 -0.024721 6.318410 0.001511 
91 0.746027 0.000000 0.000000 101.838762 0.002762 6.536011 -0.041385 
92 -8.241827 0.000000 2.902975 99.756684 0.001698 6.975836 -0.000006 
93 -11.368037 0.000000 2.902975 99.756536 0.001095 6.975760 -0.000003 
94 -8.241827 0.000000 5.805950 99.756864 0.002757 6.975710 -0.000009 
95 -3.552511 0.000000 1.451487 99.757255 0.002772 6.976570 -0.000018 
96 -5.115617 0.000000 1.451487 99.756788 0.001864 6.976169 -0.000008 
97 -3.552511 0.000000 2.902975 99.758012 0.004545 6.976084 -0.000033 
98 -1.207854 0.000000 0.725744 99.759284 0.004245 6.978571 -0.000062 
99 -1.989406 0.000000 0.725744 99.758248 0.000397 6.983738 -0.000048 
100 -1.207854 0.000000 1.451487 99.760382 0.007212 6.978595 -0.000083 
101 -0.035525 0.000000 0.362872 99.395833 -0.127169 6.777362 0.007452 
102 -0.426301 0.000000 0.362872 99.812464 -0.011292 6.903086 -0.001018 
103 0.355251 0.000000 0.362872 100.686072 -0.035026 7.062740 -0.018757 
104 -0.035525 0.000000 0.725744 99.767463 -0.006201 7.011521 -0.000271 
105 0.159863 0.000000 -0.181436 97.443622 -0.073793 0.518854 0.050447 
106 -0.035525 0.000000 -0.181436 96.925414 0.266297 10.009176 0.050521 
107 0.159863 0.000000 -0.362872 98.996408 0.080078 5.771145 0.016640 
108 0.355251 0.000000 -0.181436 101.396406 0.137241 3.065383 -0.029065 
109 0.159863 0.000000 0.000000 119.153832 0.139403 0.144067 -0.419768 
110 -0.817078 0.000000 -0.362872 99.747668 -0.009381 6.994943 0.000147 
111 -1.207854 0.000000 -0.362872 99.747960 -0.000779 6.981035 0.000161 
112 -0.817078 0.000000 -0.725744 99.733694 0.000312 6.982305 0.000444 
113 -0.817078 0.000000 0.000000 99.768677 -0.014031 6.998492 -0.000277 
114 -0.230913 0.000000 -0.181436 100.262809 -0.009872 7.478821 -0.010856 
115 -0.426301 0.000000 -0.181436 99.879158 -0.059557 7.098916 -0.002624 
116 -0.230913 0.000000 -0.362872 99.470302 0.051449 7.314729 0.005215 
117 -0.230913 0.000000 0.000000 101.286821 -0.077977 7.085363 -0.030923 
118 1.918356 0.000000 0.725744 100.035008 0.166230 6.279512 -0.004646 
119 2.699909 0.000000 0.725744 99.789555 0.410098 6.038952 0.000541 
120 1.918356 0.000000 1.451487 99.825288 0.104257 6.816732 -0.001157 
121 0.746027 0.000000 0.362872 99.842910 -0.013931 6.244159 -0.000760 
122 1.136804 0.000000 0.362872 99.969698 0.004479 6.428407 -0.003527 
123 0.746027 0.000000 0.725744 99.858238 0.009846 6.796482 -0.001786 
124 0.159863 0.000000 0.181436 99.181766 -0.249052 10.291690 0.005700 
125 -0.035525 0.000000 0.181436 98.286801 0.080626 3.746216 0.032566 
126 0.355251 0.000000 0.181436 102.243507 -0.049274 6.142118 -0.049146 
127 0.159863 0.000000 0.362872 99.636307 -0.093295 7.475010 0.001672 
128 0.062169 0.000000 -0.090718 83.301539 0.075972 -4.908644 0.303675 
129 -0.035525 0.000000 -0.090718 102.817802 0.118979 26.654288 -0.128197 
130 0.062169 0.000000 -0.181436 94.943790 0.105703 4.398012 0.096632 
131 0.159863 0.000000 -0.090718 97.516810 -0.033522 -13.034688 0.032057 
132 0.062169 0.000000 0.000000 200.619115 0.010732 0.782511 -3.024864 
133 -0.817078 0.000000 0.362872 99.768846 -0.007332 6.981869 -0.000257 
134 -1.207854 0.000000 0.362872 99.755817 0.002588 6.980141 0.000005 
135 -0.817078 0.000000 0.725744 99.760644 0.004349 6.977206 -0.000087 
136 -0.230913 0.000000 0.181436 100.484151 -0.064983 6.600896 -0.014064 
137 -0.426301 0.000000 0.181436 99.926585 0.003368 6.929387 -0.003334 
138 -0.230913 0.000000 0.362872 99.708335 -0.038498 6.677092 0.001366 
139 -0.133219 0.000000 -0.090718 103.341317 -0.025710 9.851378 -0.077648 
140 -0.230913 0.000000 -0.090718 100.842791 -0.056130 7.561675 -0.022645 
141 -0.133219 0.000000 -0.181436 99.862398 -0.147745 9.045626 -0.005434 
142 -0.133219 0.000000 0.000000 106.732959 0.061476 7.279379 -0.144492 
143 0.062169 0.000000 0.090718 88.083444 -0.003264 11.490902 0.210927 
144 -0.035525 0.000000 0.090718 105.179346 0.041683 -11.659022 -0.119863 
145 0.159863 0.000000 0.090718 101.239100 -0.014413 13.791794 -0.043957 
146 0.062169 0.000000 0.181436 96.891031 -0.097243 7.844647 0.055058 
147 0.013322 0.000000 -0.045359 69.334853 0.174519 -13.513423 0.501004 
148 -0.035525 0.000000 -0.045359 146.008372 -0.028563 38.089653 -1.276927 
149 0.013322 0.000000 -0.090718 72.532318 0.006054 11.591362 0.460470 
150 0.062169 0.000000 -0.045359 198.133215 0.053540 -19.131424 -2.962279 
151 0.013322 0.000000 0.000000 251.292135 0.004936 3.660646 -5.316114 
152 -0.133219 0.000000 0.090718 103.803588 -0.097550 4.583694 -0.079620 
153 -0.230913 0.000000 0.090718 100.979923 -0.088843 6.576808 -0.024021 
154 -0.133219 0.000000 0.181436 100.376862 -0.168885 5.083776 -0.010139 
155 0.013322 0.000000 0.045359 77.274876 -0.151680 15.311644 0.379412 
156 -0.035525 0.000000 0.045359 145.796803 -0.083814 -22.011128 -1.174120 
157 0.062169 0.000000 0.045359 196.491981 -0.002718 19.985871 -2.900853 
158 0.013322 0.000000 0.090718 78.988034 -0.141454 -0.886030 0.376009 
159 -1.989406 0.000000 -8.708925 99.755018 -0.007758 6.974610 0.000029 
160 -5.115617 0.000000 -8.708925 99.755582 -0.004530 6.975318 0.000017 
161 -1.989406 0.000000 -11.611899 99.755527 -0.007084 6.974884 0.000019 
162 1.136804 0.000000 -8.708925 99.754634 -0.013137 6.973184 0.000039 
163 -0.426301 0.000000 -4.354462 99.751335 -0.012986 6.971609 0.000107 
164 -1.989406 0.000000 -4.354462 99.753201 -0.007316 6.974264 0.000066 
165 -0.426301 0.000000 -5.805950 99.753141 -0.011854 6.972757 0.000069 
166 1.136804 0.000000 -4.354462 99.750559 -0.014228 6.966394 0.000130 
167 0.355251 0.000000 -2.177231 99.746985 -0.006120 6.952561 0.000220 
168 -0.426301 0.000000 -2.177231 99.742913 -0.011629 6.964742 0.000284 
169 0.355251 0.000000 -2.902975 99.746303 -0.019436 6.962610 0.000220 
170 1.136804 0.000000 -2.177231 99.748792 -0.031990 6.941422 0.000199 
171 -0.035525 0.000000 -1.088616 99.700258 0.003526 6.922148 0.001194 
172 -0.426301 0.000000 -1.088616 99.722469 -0.004898 6.952585 0.000709 
173 -0.035525 0.000000 -1.451487 99.713056 -0.006463 6.952607 0.000897 
174 0.355251 0.000000 -1.088616 99.724592 0.005148 6.889857 0.000754 
175 0.159863 0.000000 -0.544308 99.465746 0.029047 6.554046 0.006361 
176 -0.035525 0.000000 -0.544308 99.448851 0.037867 6.836443 0.006319 
177 0.159863 0.000000 -0.725744 99.610475 0.020244 6.766018 0.003197 
178 0.355251 0.000000 -0.544308 99.714792 0.037119 6.509208 0.001459 
179 0.062169 0.000000 -0.272154 97.057550 0.159405 5.851733 0.054556 
180 -0.035525 0.000000 -0.272154 97.812921 0.025407 7.706444 0.037324 
181 0.062169 0.000000 -0.362872 98.632799 0.034601 6.380626 0.023086 
182 0.159863 0.000000 -0.272154 98.265989 0.235999 4.195392 0.032614 
183 0.013322 0.000000 -0.136077 91.344990 0.072770 9.072821 0.157377 
184 -0.035525 0.000000 -0.136077 97.584838 0.213786 13.548699 0.029359 
185 0.013322 0.000000 -0.181436 95.005359 0.215829 7.676976 0.091500 
186 0.062169 0.000000 -0.136077 92.137108 0.100217 1.908968 0.150710 
187 0.550639 0.000000 -0.181436 101.314124 -0.001348 5.043061 -0.028998 
188 0.550639 0.000000 -0.362872 99.949721 0.046920 6.481943 -0.003196 
189 0.746027 0.000000 -0.181436 101.886272 0.007938 5.094184 -0.040676 
190 0.550639 0.000000 0.000000 101.326143 -0.005400 6.504902 -0.030930 
191 0.257557 0.000000 -0.090718 101.373681 0.023624 -10.008091 -0.037679 
192 0.257557 0.000000 -0.181436 100.021809 0.034507 1.110749 -0.000560 
193 0.355251 0.000000 -0.090718 104.566316 0.094692 -4.281391 -0.095245 
194 0.257557 0.000000 0.000000 84.683508 -0.045297 0.051302 0.282870 
195 0.111016 0.000000 -0.045359 148.212692 -0.005667 -13.628869 -1.215275 
196 0.111016 0.000000 -0.090718 90.089357 0.022800 -14.940989 0.166067 
197 0.159863 0.000000 -0.045359 118.005971 0.121259 -8.485369 -0.399743 
198 0.111016 0.000000 0.000000 151.375544 -0.020472 0.213110 -1.291460 
199 0.037745 0.000000 -0.068038 70.406602 0.171634 -13.562413 0.485894 
200 0.013322 0.000000 -0.068038 69.325817 0.180289 -13.148660 0.502101 
201 0.037745 0.000000 -0.090718 80.457584 0.052184 -0.883157 0.352579 
202 0.062169 0.000000 -0.068038 75.913395 0.120960 -14.445436 0.402847 
203 0.037745 0.000000 -0.045359 69.964910 0.172366 -13.636437 0.491893 
204 0.550639 0.000000 0.181436 101.336383 -0.011985 5.050201 -0.029457 
205 0.746027 0.000000 0.181436 101.933222 -0.000797 5.095153 -0.041634 
206 0.550639 0.000000 0.362872 100.198146 -0.050564 6.211633 -0.007826 
207 0.257557 0.000000 0.090718 104.004799 -0.040774 10.524231 -0.092776 
208 0.355251 0.000000 0.090718 106.024287 0.007456 4.602851 -0.126234 
209 0.257557 0.000000 0.181436 101.338157 -0.148637 8.704763 -0.034522 
210 0.111016 0.000000 0.045359 147.953233 -0.040399 13.900179 -1.208338 
211 0.159863 0.000000 0.045359 117.945708 0.083406 8.656900 -0.398614 
212 0.111016 0.000000 0.090718 94.743509 -0.084963 15.972660 0.076853 
213 -1.989406 0.000000 8.708925 99.758072 0.008939 6.974622 -0.000032 
214 -5.115617 0.000000 8.708925 99.757334 0.005371 6.975367 -0.000018 
215 1.136804 0.000000 8.708925 99.758685 0.014919 6.972918 -0.000042 
216 -1.989406 0.000000 11.611899 99.757467 0.008100 6.974847 -0.000020 
217 -0.426301 0.000000 4.354462 99.762790 0.015073 6.972311 -0.000123 
218 -1.989406 0.000000 4.354462 99.759862 0.008793 6.974895 -0.000068 
219 1.136804 0.000000 4.354462 99.766628 0.020173 6.965911 -0.000190 
220 -0.426301 0.000000 5.805950 99.760530 0.013654 6.972858 -0.000078 
221 0.355251 0.000000 2.177231 99.781560 0.022683 6.967786 -0.000491 
222 -0.426301 0.000000 2.177231 99.768728 0.013911 6.975742 -0.000246 
223 1.136804 0.000000 2.177231 99.803626 0.032741 6.944527 -0.000899 
224 0.355251 0.000000 2.902975 99.773033 0.022256 6.966880 -0.000320 
225 -0.035525 0.000000 1.088616 99.783026 -0.008338 6.993476 -0.000556 
226 -0.426301 0.000000 1.088616 99.768811 0.005756 6.988061 -0.000265 
227 0.355251 0.000000 1.088616 99.828084 -0.002948 6.975751 -0.001431 
228 -0.035525 0.000000 1.451487 99.767574 0.010843 6.972171 -0.000218 
229 0.159863 0.000000 0.544308 99.780964 -0.072046 7.111970 -0.000683 
230 -0.035525 0.000000 0.544308 99.665480 -0.007065 7.000576 0.001778 
231 0.355251 0.000000 0.544308 100.003456 -0.061718 6.987822 -0.004952 
232 0.159863 0.000000 0.725744 99.829977 -0.007411 7.036677 -0.001554 
233 0.062169 0.000000 0.272154 98.045292 -0.026139 7.368497 0.033283 
234 -0.035525 0.000000 0.272154 98.560487 -0.039701 6.048133 0.024925 
235 0.159863 0.000000 0.272154 99.254965 -0.050820 8.406816 0.007777 
236 0.062169 0.000000 0.362872 99.232306 -0.116090 7.144128 0.010190 
237 0.013322 0.000000 0.136077 94.254076 -0.039792 3.498323 0.110393 
238 -0.035525 0.000000 0.136077 99.478306 0.113295 0.425684 0.010387 
239 0.062169 0.000000 0.136077 95.093597 -0.111409 8.883842 0.087827 
240 0.013322 0.000000 0.181436 96.812442 0.029460 5.412863 0.059805 
241 0.037745 0.000000 0.068038 78.019503 -0.067222 15.497385 0.367278 
242 0.013322 0.000000 0.068038 77.205638 -0.148394 15.376941 0.380282 
243 0.037745 0.000000 0.045359 77.723291 -0.059234 15.403139 0.372183 
244 0.062169 0.000000 0.068038 82.628554 -0.080188 16.132370 0.291226 
245 0.037745 0.000000 0.090718 85.819285 -0.008024 8.990620 0.255422 
246 0.111016 0.000000 -0.136077 95.247107 0.012327 -1.611783 0.092539 
247 0.111016 0.000000 -0.181436 96.109200 0.035419 1.967079 0.075915 
248 0.159863 0.000000 -0.136077 97.523844 -0.194496 -3.213631 0.047873 
249 0.086592 0.000000 -0.068038 89.259777 -0.085734 -14.638429 0.181840 
250 0.086592 0.000000 -0.090718 89.707089 -0.107434 -14.882068 0.173115 
251 0.111016 0.000000 -0.068038 90.090013 0.007407 -14.687880 0.166806 
252 0.086592 0.000000 -0.045359 171.124545 0.014322 -17.449823 -1.958811 
253 0.086592 0.000000 -0.113397 91.628038 0.106719 -3.870434 0.158931 
254 0.062169 0.000000 -0.113397 88.896205 0.115618 -0.841918 0.209674 
255 0.086592 0.000000 -0.136077 93.634007 0.093047 -0.258144 0.123260 
256 0.111016 0.000000 -0.113397 94.317068 0.040765 -5.134710 0.107792 
257 0.074381 0.000000 -0.079378 86.013847 -0.037643 -14.610646 0.238815 
258 0.062169 0.000000 -0.079378 76.938615 0.105422 -14.539219 0.386905 
259 0.074381 0.000000 -0.090718 84.218351 0.068368 -9.210863 0.282242 
260 0.086592 0.000000 -0.079378 89.399343 -0.081237 -14.691210 0.179192 
261 0.074381 0.000000 -0.068038 83.076486 0.009994 -14.673820 0.288298 
262 0.111016 0.000000 0.136077 97.908125 -0.088384 11.170411 0.028921 
263 0.159863 0.000000 0.136077 99.940277 -0.331445 11.664427 -0.012423 
264 0.111016 0.000000 0.181436 97.983040 -0.180698 9.494147 0.030915 
265 0.086592 0.000000 0.068038 94.249408 -0.025451 15.927947 0.086335 
266 0.086592 0.000000 0.045359 170.372139 -0.009525 17.792610 -1.934324 
267 0.111016 0.000000 0.068038 94.741764 -0.075451 16.030908 0.076700 
268 0.086592 0.000000 0.090718 94.672218 -0.025602 15.961212 0.078241 
269 0.086592 0.000000 0.113397 95.092863 -0.053030 12.225127 0.080789 
270 0.062169 0.000000 0.113397 92.650660 -0.055022 10.155596 0.131272 
271 0.111016 0.000000 0.113397 97.559992 -0.051999 12.717129 0.032032 
272 0.086592 0.000000 0.136077 96.451655 -0.068818 10.395372 0.058901 
273 0.074381 0.000000 0.079378 91.497252 -0.028662 15.806640 0.137840 
274 0.062169 0.000000 0.079378 83.550971 -0.074077 16.056318 0.276142 
275 0.074381 0.000000 0.068038 88.920848 -0.044811 15.977935 0.183779 
276 0.086592 0.000000 0.079378 94.358519 -0.028542 15.939674 0.084240 
277 0.074381 0.000000 0.090718 88.883303 -0.042514 14.914852 0.187730 
278 0.208710 0.000000 -0.045359 97.278838 -0.032528 -5.249160 0.050927 
279 0.208710 0.000000 -0.090718 98.882532 -0.060904 -12.406691 0.006832 
280 0.257557 0.000000 -0.045359 83.810604 0.008559 -4.062465 0.295928 
281 0.208710 0.000000 0.000000 98.386049 0.066775 0.105153 0.032017 
282 0.135439 0.000000 -0.068038 90.798758 0.067974 -15.055463 0.152891 
283 0.135439 0.000000 -0.090718 92.088235 0.048239 -14.682666 0.130417 
284 0.159863 0.000000 -0.068038 116.531570 0.007034 -12.757887 -0.374237 
285 0.135439 0.000000 -0.045359 131.551484 0.106638 -10.678915 -0.741984 
286 0.257557 0.000000 -0.272154 99.803150 0.132075 4.231112 0.002141 
287 0.257557 0.000000 -0.362872 99.756416 0.091111 5.558481 0.001775 
288 0.355251 0.000000 -0.272154 100.390366 0.098873 5.126540 -0.010452 
289 0.208710 0.000000 -0.136077 99.180339 -0.143376 -3.558047 0.015058 
290 0.208710 0.000000 -0.181436 98.596676 0.029237 0.250544 0.027863 
291 0.257557 0.000000 -0.136077 100.408392 0.155125 -2.970662 -0.009069 
292 0.135439 0.000000 -0.113397 95.593245 -0.005076 -5.811088 0.082816 
293 0.135439 0.000000 -0.136077 96.488994 -0.113431 -2.424767 0.068398 
294 0.159863 0.000000 -0.113397 97.006228 -0.143313 -6.758685 0.054409 
295 0.123228 0.000000 -0.079378 90.259196 0.056374 -14.849463 0.163277 
296 0.111016 0.000000 -0.079378 90.088956 0.014852 -14.787892 0.166530 
297 0.123228 0.000000 -0.090718 90.076768 0.044140 -14.937880 0.166303 
298 0.135439 0.000000 -0.079378 92.027872 0.051289 -14.881748 0.130940 
299 0.123228 0.000000 -0.068038 90.079177 0.040057 -14.938474 0.166258 
300 0.208710 0.000000 0.045359 97.280726 -0.052313 5.403071 0.050726 
301 0.257557 0.000000 0.045359 83.839405 -0.057105 4.130913 0.295389 
302 0.208710 0.000000 0.090718 102.224870 -0.102347 13.089159 -0.062126 
303 0.135439 0.000000 0.068038 95.288225 -0.114341 16.062859 0.066213 
304 0.135439 0.000000 0.045359 131.220997 -0.074647 10.918496 -0.733817 
305 0.159863 0.000000 0.068038 116.519038 -0.049692 12.801166 -0.374056 
306 0.135439 0.000000 0.090718 96.443189 -0.084940 15.644313 0.045396 
307 0.257557 0.000000 0.272154 100.652979 -0.140179 7.915372 -0.019369 
308 0.355251 0.000000 0.272154 101.036741 -0.156340 6.703649 -0.025339 
309 0.257557 0.000000 0.362872 100.317950 -0.072672 7.446808 -0.011915 
310 0.208710 0.000000 0.136077 101.362111 -0.289683 11.010809 -0.039560 
311 0.257557 0.000000 0.136077 102.261592 0.049823 9.661098 -0.055077 
312 0.208710 0.000000 0.181436 100.165062 -0.164231 9.972462 -0.013252 
313 0.135439 0.000000 0.113397 98.730750 -0.115113 12.637739 0.009251 
314 0.159863 0.000000 0.113397 99.934305 -0.263064 12.806483 -0.015094 
315 0.135439 0.000000 0.136077 99.031690 -0.226644 11.425623 0.006213 
316 0.123228 0.000000 0.079378 94.814314 -0.112375 16.011680 0.075386 
317 0.111016 0.000000 0.079378 94.738884 -0.080544 16.007197 0.076831 
318 0.123228 0.000000 0.068038 94.697888 -0.101915 15.964361 0.077744 
319 0.135439 0.000000 0.079378 96.400207 -0.083409 15.856134 0.045558 
320 0.123228 0.000000 0.090718 94.687093 -0.105926 15.962397 0.077955 
321 0.184287 0.000000 -0.068038 105.041773 0.004559 -10.428230 -0.114252 
322 0.184287 0.000000 -0.090718 97.506227 -0.037325 -12.892506 0.032632 
323 0.208710 0.000000 -0.068038 95.211045 0.035088 -8.273652 0.086640 
324 0.184287 0.000000 -0.045359 106.490455 -0.040931 -6.845962 -0.138709 
325 0.184287 0.000000 0.068038 105.129109 -0.094768 10.554832 -0.116354 
326 0.184287 0.000000 0.045359 106.499611 -0.088131 7.004855 -0.139124 
327 0.208710 0.000000 0.068038 95.183926 -0.044671 8.389981 0.086963 
328 0.184287 0.000000 0.090718 101.149774 -0.079409 13.825728 -0.042243 
329 0.452945 0.000000 -0.090718 98.961957 0.002711 2.805834 0.019866 
330 0.452945 0.000000 -0.181436 99.711211 -0.002743 1.178715 0.005628 
331 0.550639 0.000000 -0.090718 100.884131 -0.003127 5.534276 -0.020824 
332 0.452945 0.000000 0.000000 101.326143 -0.005400 6.504902 -0.030930 
333 0.306404 0.000000 -0.136077 101.679179 0.135218 -1.253909 -0.034025 
334 0.306404 0.000000 -0.181436 100.797396 0.126564 1.870204 -0.016363 
335 0.355251 0.000000 -0.136077 103.833346 0.165119 0.066599 -0.078140 
336 0.306404 0.000000 -0.090718 103.452897 0.120872 -6.292653 -0.074211 
337 0.233134 0.000000 -0.113397 100.268863 -0.010428 -6.389641 -0.009467 
338 0.208710 0.000000 -0.113397 99.941065 -0.079877 -7.073567 -0.003826 
339 0.233134 0.000000 -0.136077 99.694719 -0.013974 -3.233717 0.005051 
340 0.257557 0.000000 -0.113397 101.401228 0.009896 -10.011046 -0.038243 
341 0.233134 0.000000 -0.090718 101.583563 -0.067070 -10.030491 -0.041984 
342 0.452945 0.000000 0.090718 99.074699 -0.023122 2.800621 0.017636 
343 0.550639 0.000000 0.090718 100.914584 -0.010679 5.535278 -0.021439 
344 0.452945 0.000000 0.181436 99.799032 -0.021875 1.178106 0.003876 
345 0.306404 0.000000 0.136077 103.193591 0.014290 7.331459 -0.070267 
346 0.306404 0.000000 0.090718 105.345497 0.011269 6.664617 -0.114209 
347 0.355251 0.000000 0.136077 105.017232 -0.056903 5.535822 -0.105927 
348 0.306404 0.000000 0.181436 101.874628 -0.105895 7.572503 -0.043579 
349 0.233134 0.000000 0.113397 102.680996 -0.113838 10.446929 -0.065254 
350 0.208710 0.000000 0.113397 102.653643 -0.149870 11.849319 -0.067820 
351 0.233134 0.000000 0.090718 104.285061 -0.070704 10.552650 -0.098674 
352 0.257557 0.000000 0.113397 104.032547 -0.052141 10.527218 -0.093360 
353 0.233134 0.000000 0.136077 101.734757 -0.129120 10.265587 -0.045536 
354 0.306404 0.000000 -0.045359 74.875040 0.195901 -2.164880 0.438900 
355 0.355251 0.000000 -0.045359 69.657459 0.001320 -1.076767 0.514668 
356 0.306404 0.000000 0.000000 75.469503 0.076929 0.027449 0.430435 
357 0.281981 0.000000 -0.113397 102.601262 0.140153 -8.231374 -0.059479 
358 0.281981 0.000000 -0.136077 101.423961 0.123333 -2.015604 -0.029090 
359 0.306404 0.000000 -0.113397 103.451028 0.110006 -6.293596 -0.074174 
360 0.281981 0.000000 -0.090718 102.378742 0.131187 -8.555177 -0.055461 
361 0.281981 0.000000 -0.068038 77.445109 0.214319 -4.627411 0.398080 
362 0.257557 0.000000 -0.068038 82.861017 0.022587 -6.235529 0.309517 
363 0.306404 0.000000 -0.068038 74.236398 0.156451 -3.198625 0.447870 
364 0.281981 0.000000 -0.045359 78.524138 0.150675 -3.171894 0.382388 
365 0.269769 0.000000 -0.102058 101.570608 0.081868 -9.765841 -0.041197 
366 0.257557 0.000000 -0.102058 101.371914 0.024504 -10.007901 -0.037642 
367 0.269769 0.000000 -0.113397 101.528787 0.102371 -10.023248 -0.040857 
368 0.281981 0.000000 -0.102058 102.366214 0.145676 -9.069758 -0.056112 
369 0.269769 0.000000 -0.090718 101.454073 0.063761 -10.015953 -0.039325 
370 0.306404 0.000000 0.045359 75.004748 0.045282 2.190705 0.436949 
371 0.355251 0.000000 0.045359 69.637625 -0.027826 1.170501 0.514923 
372 0.281981 0.000000 0.113397 104.875666 0.087827 8.676953 -0.107420 
373 0.281981 0.000000 0.090718 104.716073 0.076745 9.013331 -0.104670 
374 0.306404 0.000000 0.113397 105.326377 -0.009680 6.663682 -0.113805 
375 0.281981 0.000000 0.136077 103.114304 -0.059374 8.404364 -0.070320 
376 0.281981 0.000000 0.068038 77.456144 0.148248 4.662883 0.397878 
377 0.257557 0.000000 0.068038 82.942085 -0.048061 6.311186 0.308078 
378 0.281981 0.000000 0.045359 78.582821 0.079609 3.273794 0.381402 
379 0.306404 0.000000 0.068038 74.345143 0.000790 3.223438 0.446241 
380 0.269769 0.000000 0.102058 104.144111 0.021697 10.271081 -0.095149 
381 0.257557 0.000000 0.102058 104.003019 -0.040045 10.524040 -0.092738 
382 0.269769 0.000000 0.090718 104.069523 0.004143 10.530160 -0.094135 
383 0.281981 0.000000 0.102058 104.764944 0.112477 9.542528 -0.106677 
384 0.269769 0.000000 0.113397 104.129411 0.047162 10.535625 -0.095394 
385 0.746027 0.000000 -1.088616 99.734680 0.003605 6.890361 0.000552 
386 0.746027 0.000000 -1.451487 99.733651 -0.022973 6.927318 0.000521 
387 1.136804 0.000000 -1.088616 99.720932 -0.056826 6.881885 0.000837 
388 0.550639 0.000000 -0.544308 99.745997 0.026532 6.690163 0.000598 
389 0.550639 0.000000 -0.725744 99.737340 0.020225 6.769144 0.000664 
390 0.746027 0.000000 -0.544308 99.744588 0.020651 6.713917 0.000594 
391 0.452945 0.000000 -0.272154 100.238008 0.108553 5.919487 -0.008271 
392 0.452945 0.000000 -0.362872 100.187876 0.092522 6.292308 -0.007721 
393 0.550639 0.000000 -0.272154 101.302529 -0.008071 1.074007 -0.026336 
394 0.404098 0.000000 -0.136077 98.109120 0.000174 0.453164 0.037440 
395 0.404098 0.000000 -0.181436 101.558515 0.110615 4.653610 -0.033580 
396 0.452945 0.000000 -0.136077 99.111123 0.001830 2.233639 0.017200 
397 0.404098 0.000000 -0.090718 100.889782 0.034124 -1.306505 -0.018046 
398 0.330828 0.000000 -0.113397 103.423293 0.109076 -6.296124 -0.073603 
399 0.330828 0.000000 -0.136077 102.183133 0.143969 -1.066892 -0.044255 
400 0.355251 0.000000 -0.113397 104.450185 0.100463 -4.526066 -0.093034 
401 0.330828 0.000000 -0.090718 103.417439 0.107973 -6.295727 -0.073481 
402 0.746027 0.000000 1.088616 99.849499 0.010903 6.923638 -0.001786 
403 1.136804 0.000000 1.088616 99.860419 0.064355 6.873414 -0.001935 
404 0.746027 0.000000 1.451487 99.815920 0.029761 6.942696 -0.001142 
405 0.550639 0.000000 0.544308 99.951553 -0.036769 6.720707 -0.003548 
406 0.746027 0.000000 0.544308 99.910034 0.010760 6.669763 -0.002650 
407 0.550639 0.000000 0.725744 99.912433 -0.007349 6.898484 -0.003008 
408 0.452945 0.000000 0.272154 100.678870 -0.061472 5.790769 -0.016977 
409 0.550639 0.000000 0.272154 101.331535 -0.011677 1.074107 -0.026923 
410 0.452945 0.000000 0.362872 100.532743 -0.037264 6.449417 -0.014843 
411 0.404098 0.000000 0.136077 98.256777 -0.030895 0.450203 0.034540 
412 0.404098 0.000000 0.090718 101.455960 0.020026 2.005102 -0.029733 
413 0.452945 0.000000 0.136077 99.219250 -0.022937 2.229948 0.015057 
414 0.404098 0.000000 0.181436 102.200638 -0.102124 4.356553 -0.046396 
415 0.330828 0.000000 0.113397 105.335364 -0.031378 6.667071 -0.113999 
416 0.330828 0.000000 0.090718 105.328970 -0.032186 6.666649 -0.113864 
417 0.355251 0.000000 0.113397 105.965822 0.005647 4.853623 -0.125231 
418 0.330828 0.000000 0.136077 103.518573 0.020981 6.900795 -0.076372 
419 0.404098 0.000000 -0.045359 68.822642 0.033957 0.738241 0.526290 
420 0.452945 0.000000 -0.045359 99.483856 0.002985 4.405940 0.008355 
421 0.404098 0.000000 0.000000 69.853415 0.016690 0.011271 0.512050 
422 0.379675 0.000000 -0.113397 104.180431 0.074985 -2.093164 -0.085795 
423 0.379675 0.000000 -0.136077 103.668880 0.124362 1.645094 -0.074996 
424 0.404098 0.000000 -0.113397 100.589982 0.038103 -1.590948 -0.012088 
425 0.379675 0.000000 -0.090718 103.894945 0.072066 -2.087125 -0.079852 
426 0.330828 0.000000 -0.068038 71.334448 0.075736 -3.008733 0.490234 
427 0.355251 0.000000 -0.068038 68.424625 0.024247 -1.803678 0.531482 
428 0.330828 0.000000 -0.045359 71.890044 0.009042 -1.925087 0.482812 
429 0.343039 0.000000 -0.102058 103.846253 0.120806 -5.962839 -0.081961 
430 0.330828 0.000000 -0.102058 103.419848 0.108427 -6.295890 -0.073532 
431 0.343039 0.000000 -0.113397 103.931287 0.114032 -5.831914 -0.083574 
432 0.355251 0.000000 -0.102058 104.550499 0.094099 -4.618315 -0.095214 
433 0.343039 0.000000 -0.090718 103.666358 0.121631 -6.311148 -0.078656 
434 0.404098 0.000000 0.045359 68.867708 -0.004056 -0.763572 0.525666 
435 0.452945 0.000000 0.045359 99.574313 -0.019023 4.402352 0.006558 
436 0.330828 0.000000 0.068038 71.462904 -0.061325 3.079966 0.488356 
437 0.330828 0.000000 0.045359 71.954341 -0.054384 1.983030 0.481864 
438 0.355251 0.000000 0.068038 68.455430 -0.036433 1.870986 0.531035 
439 0.379675 0.000000 0.113397 105.054929 0.031510 2.364927 -0.104213 
440 0.379675 0.000000 0.090718 104.712873 0.036307 2.357692 -0.097035 
441 0.404098 0.000000 0.113397 101.190164 0.021274 2.112084 -0.024391 
442 0.379675 0.000000 0.136077 104.669651 -0.059840 3.772465 -0.096997 
443 0.343039 0.000000 0.102058 105.670861 -0.007723 6.324275 -0.120633 
444 0.330828 0.000000 0.102058 105.331602 -0.031854 6.666823 -0.113919 
445 0.343039 0.000000 0.090718 105.550766 -0.012932 6.680287 -0.118559 
446 0.355251 0.000000 0.102058 106.072240 0.005871 4.946567 -0.127579 
447 0.343039 0.000000 0.113397 105.720297 -0.007800 6.189682 -0.121509 
448 1.527580 0.000000 -0.362872 99.263263 -0.079572 6.311186 0.010697 
449 1.527580 0.000000 -0.725744 99.591727 -0.082993 6.700824 0.003658 
450 1.918356 0.000000 -0.362872 99.176484 -0.164046 4.699110 0.014192 
451 1.527580 0.000000 0.000000 101.486330 0.064730 7.137345 -0.035042 
452 0.941416 0.000000 -0.181436 101.973814 0.008109 5.097919 -0.042465 
453 0.941416 0.000000 -0.362872 99.667881 0.004377 6.352419 0.002596 
454 1.136804 0.000000 -0.181436 101.605823 -0.000096 4.486462 -0.034387 
455 0.941416 0.000000 0.000000 101.985113 0.004263 6.588358 -0.044437 
456 0.648333 0.000000 -0.090718 101.510232 -0.001001 5.567239 -0.033532 
457 0.648333 0.000000 -0.181436 101.580067 0.004117 4.570989 -0.033940 
458 0.746027 0.000000 -0.090718 101.938230 0.007289 6.206480 -0.042992 
459 0.648333 0.000000 0.000000 101.645875 -0.000309 6.524305 -0.037445 
460 0.501792 0.000000 -0.136077 99.604559 0.001635 3.342115 0.006776 
461 0.501792 0.000000 -0.181436 100.834085 -0.002470 3.162619 -0.017751 
462 0.550639 0.000000 -0.136077 101.314642 -0.001666 5.823643 -0.029857 
463 0.501792 0.000000 -0.090718 99.611509 -0.000035 3.450298 0.006564 
464 0.428522 0.000000 -0.113397 98.331450 0.021529 -0.276011 0.033085 
465 0.428522 0.000000 -0.136077 99.079774 0.000334 1.268328 0.018159 
466 0.452945 0.000000 -0.113397 98.991332 0.001782 2.277898 0.019553 
467 0.428522 0.000000 -0.090718 98.483439 0.019139 0.133026 0.030099 
468 0.379675 0.000000 -0.068038 67.640850 0.064676 -0.349008 0.542459 
469 0.404098 0.000000 -0.068038 98.116273 0.003290 1.056025 0.037208 
470 0.379675 0.000000 -0.045359 68.551470 0.045339 -0.255658 0.530063 
471 0.391886 0.000000 -0.102058 102.620745 0.048906 -1.891087 -0.053460 
472 0.379675 0.000000 -0.102058 104.188827 0.075730 -2.093396 -0.085970 
473 0.391886 0.000000 -0.113397 102.488780 0.048719 -1.837276 -0.050733 
474 0.404098 0.000000 -0.102058 100.664440 0.038628 -1.632403 -0.013600 
475 0.391886 0.000000 -0.090718 102.302232 0.048098 -1.749851 -0.046881 
476 0.379675 0.000000 0.068038 67.673244 0.010234 0.380448 0.542019 
477 0.379675 0.000000 0.045359 68.612057 -0.008450 0.274364 0.529231 
478 0.404098 0.000000 0.068038 98.261990 -0.027096 1.050028 0.034348 
479 1.527580 0.000000 0.362872 100.265625 0.064057 6.100795 -0.009042 
480 1.918356 0.000000 0.362872 100.715970 0.223340 4.435318 -0.016343 
481 1.527580 0.000000 0.725744 100.001319 0.052333 6.645252 -0.004443 
482 0.941416 0.000000 0.181436 102.086286 0.002591 5.098307 -0.044760 
483 1.136804 0.000000 0.181436 101.786018 -0.003218 4.488559 -0.038054 
484 0.941416 0.000000 0.362872 99.828930 0.029445 6.396946 -0.000674 
485 0.648333 0.000000 0.090718 101.530587 -0.005262 5.568178 -0.033946 
486 0.746027 0.000000 0.090718 101.957020 0.002377 6.208882 -0.043378 
487 0.648333 0.000000 0.181436 101.617680 -0.005919 4.575733 -0.034709 
488 0.501792 0.000000 0.136077 99.692563 -0.019887 3.341597 0.005023 
489 0.501792 0.000000 0.090718 99.697376 -0.019492 3.446840 0.004855 
490 0.550639 0.000000 0.136077 101.333961 -0.010297 5.828180 -0.030254 
491 0.501792 0.000000 0.181436 100.877478 -0.016787 3.166007 -0.018629 
492 0.428522 0.000000 0.113397 98.671400 -0.011440 1.669017 0.026117 
493 0.428522 0.000000 0.090718 98.792718 -0.012567 1.829906 0.023665 
494 0.452945 0.000000 0.113397 99.103722 -0.023831 2.274955 0.017328 
495 0.428522 0.000000 0.136077 99.190140 -0.023139 1.264923 0.015972 
496 0.391886 0.000000 0.102058 103.323711 0.034393 2.204745 -0.068065 
497 0.379675 0.000000 0.102058 105.062087 0.031643 2.365121 -0.104364 
498 0.391886 0.000000 0.090718 102.977269 0.029064 2.099265 -0.060873 
499 0.404098 0.000000 0.102058 101.272880 0.022311 2.130639 -0.026074 
500 0.391886 0.000000 0.113397 103.181293 0.032226 2.164398 -0.065106 
501 1.332192 0.000000 -0.181436 100.686922 -0.024436 4.872938 -0.016160 
502 1.332192 0.000000 -0.362872 99.614870 -0.044885 6.489452 0.003476 
503 1.527580 0.000000 -0.181436 100.306193 -0.031408 5.399967 -0.009049 
504 1.332192 0.000000 0.000000 101.235231 0.017127 7.210680 -0.030057 
505 1.332192 0.000000 0.181436 101.729186 0.062820 5.077581 -0.037461 
506 1.527580 0.000000 0.181436 102.703070 0.174500 5.911560 -0.058290 
507 1.332192 0.000000 0.362872 100.099115 0.010392 6.231614 -0.005867 
508 1.234498 0.000000 -0.090718 98.949591 -0.015292 1.915578 0.020531 
509 1.136804 0.000000 -0.090718 100.835543 -0.005629 5.308101 -0.019598 
510 1.234498 0.000000 -0.181436 100.592343 -0.007202 0.785415 -0.011944 
511 1.332192 0.000000 -0.090718 99.719870 -0.010443 3.845094 0.004116 
512 1.234498 0.000000 0.000000 80.296567 -0.019343 0.031072 0.355246 
513 1.234498 0.000000 0.090718 99.392014 0.003608 1.924979 0.011752 
514 1.136804 0.000000 0.090718 100.997625 -0.001935 5.309581 -0.022871 
515 1.332192 0.000000 0.090718 100.366333 0.019203 3.891574 -0.008855 
516 1.234498 0.000000 0.181436 100.850666 -0.004459 0.786412 -0.017148 
517 4.263014 0.000000 -8.708925 99.754974 -0.019587 6.971639 0.000034 
518 4.263014 0.000000 -11.611899 99.755519 -0.014079 6.973539 0.000021 
519 7.389224 0.000000 -8.708925 99.755659 -0.024467 6.970867 0.000021 
520 2.699909 0.000000 -4.354462 99.750715 -0.032089 6.960744 0.000134 
521 2.699909 0.000000 -5.805950 99.752844 -0.025258 6.967710 0.000082 
522 4.263014 0.000000 -4.354462 99.752941 -0.045674 6.956921 0.000095 
523 1.918356 0.000000 -2.177231 99.743348 -0.052008 6.927017 0.000328 
524 1.918356 0.000000 -2.902975 99.747095 -0.036289 6.950022 0.000221 
525 2.699909 0.000000 -2.177231 99.740679 -0.080358 6.906315 0.000409 
526 1.527580 0.000000 -1.088616 99.685344 -0.096290 6.833663 0.001612 
527 1.527580 0.000000 -1.451487 99.721645 -0.053049 6.891703 0.000810 
528 1.918356 0.000000 -1.088616 99.679592 -0.148286 6.761779 0.001824 
529 1.332192 0.000000 -0.544308 99.616002 -0.045765 6.691458 0.003187 
530 1.136804 0.000000 -0.544308 99.687304 -0.044106 6.693374 0.001764 
531 1.332192 0.000000 -0.725744 99.646067 -0.099659 6.791293 0.002453 
532 1.527580 0.000000 -0.544308 99.441110 -0.071765 6.596992 0.006794 
533 1.234498 0.000000 -0.272154 99.939958 -0.042186 5.949266 -0.002339 
534 1.136804 0.000000 -0.272154 101.585355 -0.000245 1.091117 -0.032077 
535 1.234498 0.000000 -0.362872 99.738556 -0.037953 6.401878 0.001123 
536 1.332192 0.000000 -0.272154 100.660445 -0.006122 0.482790 -0.013276 
537 10.515434 0.000000 -2.902975 99.758429 -0.082884 6.939192 0.000010 
538 10.515434 0.000000 -5.805950 99.756506 -0.042345 6.964921 0.000013 
539 13.641644 0.000000 -2.902975 99.758424 -0.079104 6.943387 0.000004 
540 10.515434 0.000000 0.000000 99.847924 -0.500451 5.664336 -0.000194 
541 5.826119 0.000000 -1.451487 99.764039 -0.174591 6.822488 0.000056 
542 5.826119 0.000000 -2.902975 99.756332 -0.083509 6.931882 0.000062 
543 7.389224 0.000000 -1.451487 99.764673 -0.160631 6.840479 0.000019 
544 5.826119 0.000000 0.000000 100.025816 -0.948768 3.101395 -0.001568 
545 3.481461 0.000000 -0.725744 99.780905 -0.341543 6.305257 0.000390 
546 3.481461 0.000000 -1.451487 99.751133 -0.164883 6.797169 0.000348 
547 4.263014 0.000000 -0.725744 99.788781 -0.321359 6.380063 0.000139 
548 3.481461 0.000000 0.000000 100.084084 -0.230413 2.088527 -0.002124 
549 2.309132 0.000000 -0.362872 99.444118 -0.573371 4.397382 0.009120 
550 2.309132 0.000000 -0.725744 99.683632 -0.303799 6.310521 0.002326 
551 2.699909 0.000000 -0.362872 99.842643 -0.656046 4.519848 0.001059 
552 2.309132 0.000000 0.000000 130.199976 0.160531 1.985690 -0.695600 
553 1.722968 0.000000 -0.181436 100.036660 -0.025251 5.046429 -0.003280 
554 1.722968 0.000000 -0.362872 98.834576 -0.108227 5.748408 0.019867 
555 1.918356 0.000000 -0.181436 99.544412 -0.036225 3.398619 0.007936 
556 1.722968 0.000000 0.000000 101.461629 0.204168 6.858289 -0.034154 
557 1.429886 0.000000 -0.090718 100.846010 -0.006671 4.837312 -0.019332 
558 1.429886 0.000000 -0.181436 100.673869 -0.014147 4.591012 -0.015631 
559 1.527580 0.000000 -0.090718 101.047265 0.041366 5.511158 -0.024092 
560 1.429886 0.000000 0.000000 101.235230 0.017128 7.210682 -0.030057 
561 1.283345 0.000000 -0.136077 99.067961 -0.018628 2.750945 0.017797 
562 1.234498 0.000000 -0.136077 99.150725 -0.014014 1.649244 0.016641 
563 1.283345 0.000000 -0.181436 99.604514 -0.020867 1.937366 0.007519 
564 1.332192 0.000000 -0.136077 99.780321 -0.018248 4.302217 0.002538 
565 1.283345 0.000000 -0.090718 98.897638 -0.017491 3.003199 0.021024 
566 10.515434 0.000000 2.902975 99.762311 0.126985 6.894286 -0.000007 
567 13.641644 0.000000 2.902975 99.763409 0.141378 6.876599 -0.000005 
568 10.515434 0.000000 5.805950 99.757973 0.053721 6.959565 -0.000009 
569 5.826119 0.000000 1.451487 99.778359 0.234937 6.669688 -0.000026 
570 7.389224 0.000000 1.451487 99.782521 0.272472 6.605805 -0.000026 
571 5.826119 0.000000 2.902975 99.762655 0.103884 6.913246 -0.000039 
572 3.481461 0.000000 0.725744 99.825141 0.451771 5.893004 0.000001 
573 4.263014 0.000000 0.725744 99.845021 0.505304 5.682002 -0.000157 
574 3.481461 0.000000 1.451487 99.776140 0.198735 6.738787 -0.000073 
575 2.309132 0.000000 0.362872 99.338995 0.529185 3.881584 0.011642 
576 2.699909 0.000000 0.362872 99.922111 0.709924 3.618544 0.000197 
577 2.309132 0.000000 0.725744 99.822721 0.329383 6.064486 -0.000146 
578 1.722968 0.000000 0.181436 103.337611 0.406780 5.979028 -0.071458 
579 1.918356 0.000000 0.181436 102.868045 0.767889 5.789095 -0.061594 
580 1.722968 0.000000 0.362872 100.575802 0.095996 5.526374 -0.014604 
581 1.429886 0.000000 0.090718 101.729096 0.060924 4.983176 -0.037364 
582 1.527580 0.000000 0.090718 102.007580 0.077627 5.606167 -0.043698 
583 1.429886 0.000000 0.181436 101.947864 0.065564 4.763286 -0.041606 
584 4.263014 0.000000 8.708925 99.758410 0.022334 6.970946 -0.000033 
585 7.389224 0.000000 8.708925 99.757767 0.028476 6.969741 -0.000019 
586 4.263014 0.000000 11.611899 99.757605 0.015999 6.973207 -0.000021 
587 2.699909 0.000000 4.354462 99.765682 0.032649 6.957434 -0.000160 
588 4.263014 0.000000 4.354462 99.762030 0.053204 6.952752 -0.000081 
589 2.699909 0.000000 5.805950 99.761287 0.028643 6.966359 -0.000085 
590 1.918356 0.000000 2.177231 99.799727 0.056864 6.906649 -0.000769 
591 2.699909 0.000000 2.177231 99.778878 0.092297 6.885614 -0.000324 
592 1.918356 0.000000 2.902975 99.783550 0.045546 6.937602 -0.000489 
593 1.527580 0.000000 1.088616 99.878163 0.106073 6.795082 -0.002183 
594 1.918356 0.000000 1.088616 99.870836 0.159745 6.676956 -0.001879 
595 1.527580 0.000000 1.451487 99.837044 0.056710 6.864866 -0.001456 
596 1.332192 0.000000 0.544308 100.012348 0.025736 6.612832 -0.004620 
597 1.136804 0.000000 0.544308 99.925468 0.055228 6.693614 -0.002991 
598 1.527580 0.000000 0.544308 100.109790 0.054828 6.471048 -0.006385 
599 1.332192 0.000000 0.725744 99.944663 0.091164 6.742081 -0.003440 
600 1.234498 0.000000 0.272154 100.275674 -0.006818 5.918612 -0.009024 
601 1.136804 0.000000 0.272154 101.797867 -0.004745 1.092367 -0.036400 
602 1.332192 0.000000 0.272154 101.738082 -0.004887 0.486233 -0.035087 
603 1.234498 0.000000 0.362872 100.075382 0.004940 6.351816 -0.005543 
604 1.283345 0.000000 0.136077 99.798026 0.029320 2.833915 0.003232 
605 1.234498 0.000000 0.136077 99.577249 0.001079 1.654299 0.008163 
606 1.283345 0.000000 0.090718 99.564488 0.024194 3.075279 0.007745 
607 1.332192 0.000000 0.136077 100.553037 0.034796 4.416991 -0.013042 
608 1.283345 0.000000 0.181436 100.471716 0.037687 2.026648 -0.009867 
609 2.113744 0.000000 -0.181436 102.189835 -0.343323 5.051421 -0.046840 
610 2.113744 0.000000 -0.362872 99.816327 -0.374717 4.719405 0.001429 
611 2.309132 0.000000 -0.181436 98.398485 -0.835945 1.055911 0.031592 
612 2.113744 0.000000 0.000000 90.741804 -0.082180 -0.779638 0.176531 
613 2.113744 0.000000 0.181436 100.533117 0.472943 -1.568100 -0.010959 
614 2.309132 0.000000 0.181436 97.733372 0.755817 3.844486 0.043284 
615 2.113744 0.000000 0.362872 99.951776 0.377540 3.473139 -0.000256 
616 2.016050 0.000000 -0.090718 99.891997 0.775727 2.470683 0.001488 
617 1.918356 0.000000 -0.090718 100.298207 0.207141 4.714210 -0.008200 
618 2.016050 0.000000 -0.181436 99.646685 0.352662 1.142713 0.006911 
619 2.113744 0.000000 -0.090718 109.450293 -0.339151 11.540960 -0.211268 
620 2.016050 0.000000 0.000000 101.105889 0.366525 5.550165 -0.025334 
621 2.016050 0.000000 0.090718 101.135652 0.561023 2.757412 -0.023634 
622 1.918356 0.000000 0.090718 101.830931 0.481043 5.424232 -0.039919 
623 2.113744 0.000000 0.090718 104.890161 0.363493 -10.918181 -0.112128 
624 2.016050 0.000000 0.181436 102.210975 0.274920 1.947855 -0.045095 
625 2.309132 0.000000 -1.088616 99.707682 -0.181102 6.701614 0.001343 
626 2.309132 0.000000 -1.451487 99.730167 -0.114242 6.829743 0.000724 
627 2.699909 0.000000 -1.088616 99.736612 -0.215214 6.673598 0.000803 
628 2.113744 0.000000 -0.544308 99.509908 -0.240795 5.795652 0.006413 
629 1.918356 0.000000 -0.544308 99.336007 -0.180231 5.936387 0.009708 
630 2.113744 0.000000 -0.725744 99.648941 -0.203681 6.353804 0.002968 
631 2.309132 0.000000 -0.544308 99.652282 -0.319849 5.756424 0.003618 
632 2.016050 0.000000 -0.272154 99.939214 -0.185457 3.294531 0.000127 
633 1.918356 0.000000 -0.272154 99.389867 -0.003798 1.915835 0.011798 
634 2.016050 0.000000 -0.362872 99.641176 -0.245627 4.478860 0.005152 
635 2.113744 0.000000 -0.272154 99.986188 -0.386940 4.106206 -0.001425 
636 3.090685 0.000000 -0.362872 99.863878 -0.618998 4.725250 0.000449 
637 3.090685 0.000000 -0.725744 99.769456 -0.348091 6.280714 0.000649 
638 3.481461 0.000000 -0.362872 99.879003 -0.615153 4.924895 -0.000045 
639 3.090685 0.000000 0.000000 100.108023 -0.139814 1.873854 -0.002515 
640 2.504521 0.000000 -0.181436 100.226686 -0.890249 2.293809 -0.005144 
641 2.504521 0.000000 -0.362872 99.744309 -0.550128 4.345208 0.003189 
642 2.699909 0.000000 -0.181436 100.031474 -0.866306 2.740219 -0.001456 
643 2.504521 0.000000 0.000000 100.979301 -0.020979 1.759665 -0.019992 
644 2.211438 0.000000 -0.090718 91.736942 -0.893811 16.649281 0.130634 
645 2.211438 0.000000 -0.181436 97.623630 -0.621377 5.001235 0.044423 
646 2.309132 0.000000 -0.090718 105.821060 -0.516357 -11.527798 -0.133125 
647 2.211438 0.000000 0.000000 134.141661 0.041774 0.072039 -0.799399 
648 2.064897 0.000000 -0.136077 99.793987 0.504227 0.854219 0.004018 
649 2.016050 0.000000 -0.136077 99.891276 0.764056 2.603008 0.001437 
650 2.064897 0.000000 -0.181436 102.540564 -0.096537 2.903362 -0.052301 
651 2.113744 0.000000 -0.136077 105.835444 -0.288755 7.367692 -0.125551 
652 2.064897 0.000000 -0.090718 101.244093 0.777841 3.880387 -0.026603 
653 3.090685 0.000000 0.362872 99.979246 0.745404 3.190486 -0.000658 
654 3.481461 0.000000 0.362872 100.036579 0.725876 2.811120 -0.001575 
655 3.090685 0.000000 0.725744 99.802807 0.429121 5.981752 0.000343 
656 2.504521 0.000000 0.181436 100.223408 0.762749 2.477427 -0.005145 
657 2.699909 0.000000 0.181436 100.129134 0.829215 1.966084 -0.003040 
658 2.504521 0.000000 0.362872 99.753927 0.703622 3.899161 0.003346 
659 2.211438 0.000000 0.090718 88.788822 0.642226 -16.003060 0.186003 
660 2.309132 0.000000 0.090718 105.065074 0.602057 17.205532 -0.133506 
661 2.211438 0.000000 0.181436 96.428048 0.761171 -0.839605 0.070035 
662 2.309132 0.000000 1.088616 99.813051 0.205797 6.598710 -0.000623 
663 2.699909 0.000000 1.088616 99.780924 0.244178 6.577046 0.000045 
664 2.309132 0.000000 1.451487 99.807483 0.122191 6.777235 -0.000748 
665 2.113744 0.000000 0.544308 99.851968 0.311476 5.396600 0.000036 
666 1.918356 0.000000 0.544308 100.099297 0.171766 5.750078 -0.005296 
667 2.309132 0.000000 0.544308 99.758259 0.431864 5.326370 0.001973 
668 2.113744 0.000000 0.725744 99.933310 0.230358 6.113939 -0.002410 
669 2.016050 0.000000 0.272154 100.741489 0.250408 2.503659 -0.015518 
670 1.918356 0.000000 0.272154 103.421791 0.810624 3.454142 -0.070866 
671 2.113744 0.000000 0.272154 99.855401 0.433439 1.659967 0.002596 
672 2.016050 0.000000 0.362872 100.427615 0.290727 3.880372 -0.010085 
673 2.064897 0.000000 0.136077 101.512794 -0.058555 0.960033 -0.030577 
674 2.016050 0.000000 0.136077 101.250740 0.691821 2.916335 -0.026070 
675 2.064897 0.000000 0.090718 100.856673 0.262071 -1.745884 -0.017519 
676 2.113744 0.000000 0.136077 102.614863 0.463792 -5.186010 -0.055692 
677 2.064897 0.000000 0.181436 101.130634 0.181385 0.048764 -0.022744 
678 2.211438 0.000000 -0.272154 98.994520 -0.542375 4.212987 0.018204 
679 2.211438 0.000000 -0.362872 99.584423 -0.470136 4.720002 0.006044 
680 2.309132 0.000000 -0.272154 99.083237 -0.674506 3.225908 0.017165 
681 2.162591 0.000000 -0.136077 100.428872 -0.632986 9.535769 -0.017729 
682 2.162591 0.000000 -0.181436 99.938470 -0.570658 5.995273 -0.002397 
683 2.211438 0.000000 -0.136077 95.485435 -0.764165 7.770726 0.082156 
684 2.162591 0.000000 -0.090718 101.194848 -0.821474 15.917747 -0.049445 
685 2.064897 0.000000 -0.045359 99.813743 0.541944 0.799023 0.003628 
686 2.016050 0.000000 -0.045359 100.133604 0.734518 4.503679 -0.004756 
687 2.113744 0.000000 -0.045359 87.621046 0.029537 3.164830 0.231254 
688 2.064897 0.000000 0.000000 84.912226 -0.124279 -1.022395 0.278885 
689 2.089321 0.000000 -0.113397 107.275341 0.247740 5.821742 -0.154195 
690 2.064897 0.000000 -0.113397 102.987730 0.625705 4.825820 -0.063015 
691 2.089321 0.000000 -0.136077 99.926662 0.737989 0.291521 0.001403 
692 2.113744 0.000000 -0.113397 109.515227 -0.334116 11.398347 -0.212362 
693 2.089321 0.000000 -0.090718 106.952797 0.262105 5.610018 -0.147044 
694 2.064897 0.000000 0.045359 101.368892 -0.105654 0.879563 -0.027644 
695 2.016050 0.000000 0.045359 101.110095 0.761585 4.414985 -0.024332 
696 2.113744 0.000000 0.045359 90.297423 -0.155940 -4.657198 0.182466 
697 2.211438 0.000000 0.272154 98.521348 0.608357 1.888008 0.028961 
698 2.309132 0.000000 0.272154 98.745625 0.669336 3.084789 0.023934 
699 2.211438 0.000000 0.362872 99.472326 0.469545 3.528180 0.009259 
700 2.162591 0.000000 0.136077 98.119519 0.593070 -6.770892 0.032636 
701 2.162591 0.000000 0.090718 98.009481 0.510864 -15.287922 0.016016 
702 2.211438 0.000000 0.136077 93.506606 0.760783 -4.525107 0.123546 
703 2.162591 0.000000 0.181436 98.483546 0.645025 -2.135453 0.029601 
704 2.089321 0.000000 0.113397 103.544152 0.112747 -5.172109 -0.074815 
705 2.064897 0.000000 0.113397 101.337386 0.137769 -3.503587 -0.028156 
706 2.089321 0.000000 0.090718 103.437349 0.102394 -4.904064 -0.072335 
707 2.113744 0.000000 0.113397 104.945223 0.362566 -10.780462 -0.112985 
708 2.089321 0.000000 0.136077 100.913237 -0.311253 0.283724 -0.018366 
709 2.162591 0.000000 -0.045359 105.385290 0.078371 7.510914 -0.116248 
710 2.211438 0.000000 -0.045359 133.666081 0.085761 10.611036 -0.797922 
711 2.162591 0.000000 0.000000 107.919125 -0.043418 -0.428256 -0.164672 
712 2.138168 0.000000 -0.113397 105.036811 -0.636340 15.592104 -0.127625 
713 2.138168 0.000000 -0.136077 103.102782 -0.480701 9.200838 -0.071507 
714 2.162591 0.000000 -0.113397 101.043567 -0.779725 12.603806 -0.036927 
715 2.138168 0.000000 -0.090718 104.648197 -0.669873 15.534400 -0.119301 
716 2.089321 0.000000 -0.068038 99.926446 0.737708 0.293454 0.001408 
717 2.064897 0.000000 -0.068038 99.898732 0.974234 2.685543 0.001208 
718 2.113744 0.000000 -0.068038 84.454492 0.113329 5.272739 0.283962 
719 2.089321 0.000000 -0.045359 83.175437 -0.018520 0.912434 0.308101 
720 2.101533 0.000000 -0.102058 110.008658 -0.104834 8.199481 -0.216915 
721 2.089321 0.000000 -0.102058 108.452618 0.149360 6.239461 -0.180092 
722 2.101533 0.000000 -0.113397 110.175196 -0.093293 7.672728 -0.219745 
723 2.113744 0.000000 -0.102058 109.437888 -0.351808 12.005357 -0.212090 
724 2.101533 0.000000 -0.090718 110.319560 -0.143024 8.260554 -0.223866 
725 2.162591 0.000000 0.045359 107.037206 -0.036725 -8.255210 -0.152511 
726 2.211438 0.000000 0.045359 135.103874 -0.002387 -10.634005 -0.836614 
727 2.089321 0.000000 0.068038 100.913244 -0.310893 0.285652 -0.018366 
728 2.064897 0.000000 0.068038 101.130401 0.922043 2.365001 -0.023380 
729 2.089321 0.000000 0.045359 86.465454 -0.105436 -2.774474 0.251602 
730 2.113744 0.000000 0.068038 88.617625 -0.140349 -6.561199 0.210385 
731 2.138168 0.000000 0.113397 101.370487 0.437118 -14.913973 -0.049859 
732 2.138168 0.000000 0.090718 101.076975 0.451378 -14.870994 -0.043791 
733 2.162591 0.000000 0.113397 98.148657 0.599395 -10.927040 0.024708 
734 2.138168 0.000000 0.136077 100.459530 0.551382 -6.651655 -0.013667 
735 2.101533 0.000000 0.102058 105.324432 0.282741 -7.696359 -0.115255 
736 2.089321 0.000000 0.102058 104.268091 0.167421 -5.677485 -0.090410 
737 2.101533 0.000000 0.090718 105.567780 0.303519 -7.753193 -0.120476 
738 2.113744 0.000000 0.102058 104.871306 0.367184 -11.361373 -0.112721 
739 2.101533 0.000000 0.113397 105.532900 0.278686 -7.188264 -0.118894 
740 2.138168 0.000000 -0.068038 92.784951 0.133631 8.686563 0.131548 
741 2.162591 0.000000 -0.068038 102.828160 0.129312 11.478140 -0.070539 
742 2.138168 0.000000 -0.045359 95.128017 0.081635 5.501212 0.092039 
743 2.125956 0.000000 -0.102058 106.334949 -0.538294 15.496080 -0.154754 
744 2.125956 0.000000 -0.113397 107.199853 -0.500433 14.736038 -0.170921 
745 2.138168 0.000000 -0.102058 104.802885 -0.656497 15.557293 -0.122611 
746 2.125956 0.000000 -0.090718 107.077891 -0.507370 14.818711 -0.168553 
747 2.138168 0.000000 0.068038 95.817930 -0.130064 -9.612197 0.072651 
748 2.138168 0.000000 0.045359 97.240457 -0.118712 -6.633050 0.050028 
749 2.162591 0.000000 0.068038 105.290361 -0.106155 -12.147565 -0.123363 
750 2.125956 0.000000 0.102058 102.340134 0.400131 -14.776998 -0.069202 
751 2.125956 0.000000 0.090718 102.953734 0.399151 -14.111774 -0.079877 
752 2.138168 0.000000 0.102058 101.194500 0.445688 -14.888179 -0.046218 
753 2.125956 0.000000 0.113397 103.050954 0.397566 -14.029337 -0.081648 
754 2.406827 0.000000 -0.090718 102.273813 -0.681551 0.645667 -0.046081 
755 2.406827 0.000000 -0.181436 100.242691 -0.814959 1.523635 -0.005158 
756 2.504521 0.000000 -0.090718 100.721071 -0.577903 2.067837 -0.014934 
757 2.406827 0.000000 0.000000 104.277738 -0.145261 1.851911 -0.087730 
758 2.260285 0.000000 -0.136077 93.058111 -0.734872 1.430035 0.133760 
759 2.260285 0.000000 -0.181436 96.876304 -0.752761 2.620137 0.060755 
760 2.309132 0.000000 -0.136077 98.400092 -0.806436 -2.364823 0.031118 
761 2.260285 0.000000 -0.090718 77.939035 -0.709397 12.924314 0.375797 
762 2.187015 0.000000 -0.113397 97.607666 -0.826927 12.625284 0.031266 
763 2.187015 0.000000 -0.136077 98.007409 -0.726583 9.112177 0.031099 
764 2.211438 0.000000 -0.113397 93.103715 -0.835948 11.016584 0.120963 
765 2.187015 0.000000 -0.090718 95.361758 -0.887256 17.468884 0.060019 
766 2.150380 0.000000 -0.102058 103.598139 -0.750996 15.378910 -0.096965 
767 2.150380 0.000000 -0.113397 104.003835 -0.725575 15.438987 -0.105569 
768 2.162591 0.000000 -0.102058 101.277302 -0.811206 16.071109 -0.051603 
769 2.150380 0.000000 -0.090718 102.914128 -0.771001 15.573953 -0.083446 
770 2.406827 0.000000 0.090718 102.109115 0.296752 4.031590 -0.044261 
771 2.504521 0.000000 0.090718 100.709646 0.361900 2.433019 -0.014848 
772 2.406827 0.000000 0.181436 100.052013 0.790435 3.328288 -0.002211 
773 2.260285 0.000000 0.136077 91.308373 0.847330 2.653271 0.165502 
774 2.260285 0.000000 0.090718 74.030033 0.521881 -12.177498 0.437099 
775 2.309132 0.000000 0.136077 97.474788 0.792835 7.269969 0.044518 
776 2.260285 0.000000 0.181436 95.894087 0.755974 1.938478 0.079999 
777 2.187015 0.000000 0.113397 95.130201 0.644863 -10.521692 0.083912 
778 2.187015 0.000000 0.090718 92.404590 0.556319 -16.810525 0.117849 
779 2.211438 0.000000 0.113397 90.599565 0.690177 -8.578860 0.171765 
780 2.187015 0.000000 0.136077 95.864608 0.637012 -6.079301 0.077261 
781 2.150380 0.000000 0.102058 100.243596 0.485407 -14.748684 -0.026654 
782 2.150380 0.000000 0.090718 99.604478 0.492541 -14.942007 -0.014456 
783 2.162591 0.000000 0.102058 98.068023 0.506706 -15.433345 0.014422 
784 2.150380 0.000000 0.113397 100.587875 0.475074 -14.799461 -0.033717 
785 2.260285 0.000000 -0.045359 163.384926 0.010982 2.668166 -1.670175 
786 2.309132 0.000000 -0.045359 126.073343 -0.024908 -8.863775 -0.597306 
787 2.260285 0.000000 0.000000 153.060501 0.016679 0.970727 -1.342846 
788 2.187015 0.000000 -0.068038 115.773786 0.123764 14.662846 -0.361858 
789 2.211438 0.000000 -0.068038 133.277040 0.127844 17.453767 -0.806742 
790 2.187015 0.000000 -0.045359 118.273837 0.064216 9.443303 -0.407788 
791 2.174803 0.000000 -0.102058 98.187774 -0.857107 16.961819 0.007072 
792 2.174803 0.000000 -0.113397 99.452892 -0.807391 12.827850 -0.005608 
793 2.187015 0.000000 -0.102058 95.380074 -0.886144 17.472307 0.059657 
794 2.174803 0.000000 -0.090718 97.809204 -0.859686 17.083102 0.014079 
795 2.260285 0.000000 0.045359 166.222922 -0.034750 -0.618722 -1.763044 
796 2.309132 0.000000 0.045359 126.554572 0.196164 13.734503 -0.620473 
797 2.187015 0.000000 0.068038 117.670136 -0.019332 -15.033958 -0.407228 
798 2.187015 0.000000 0.045359 119.599563 -0.021460 -9.840515 -0.440089 
799 2.211438 0.000000 0.068038 135.256892 -0.012301 -17.729226 -0.860875 
800 2.174803 0.000000 0.102058 95.118025 0.524168 -16.308643 0.068631 
801 2.174803 0.000000 0.090718 94.752564 0.524526 -16.427145 0.075183 
802 2.187015 0.000000 0.102058 92.427089 0.547236 -16.814610 0.117420 
803 2.174803 0.000000 0.113397 96.778165 0.621515 -10.849360 0.051589 
804 2.235862 0.000000 -0.068038 80.800478 -0.792637 13.398020 0.329115 
805 2.235862 0.000000 -0.090718 81.739717 -0.805740 13.553115 0.313428 
806 2.260285 0.000000 -0.068038 76.759428 -0.673830 12.728985 0.394551 
807 2.235862 0.000000 -0.045359 149.691826 0.071970 9.762195 -1.250295 
808 2.235862 0.000000 -0.113397 89.951478 -0.804897 7.060611 0.185823 
809 2.235862 0.000000 -0.136077 93.565120 -0.775280 5.151023 0.121843 
810 2.260285 0.000000 -0.113397 87.384053 -0.706380 0.614514 0.236315 
811 2.223650 0.000000 -0.079378 86.372943 -0.851698 14.904404 0.231685 
812 2.211438 0.000000 -0.079378 91.355074 -0.890534 16.533767 0.138009 
813 2.223650 0.000000 -0.090718 86.362410 -0.851291 14.798278 0.232182 
814 2.235862 0.000000 -0.079378 81.624861 -0.804443 13.534149 0.315356 
815 2.223650 0.000000 -0.068038 142.543778 0.107332 16.452735 -1.058943 
816 2.235862 0.000000 0.068038 77.123387 0.580120 -12.687130 0.389068 
817 2.235862 0.000000 0.045359 151.595311 -0.033638 -9.147794 -1.306482 
818 2.260285 0.000000 0.068038 72.743232 0.499788 -11.963666 0.456504 
819 2.235862 0.000000 0.090718 78.145317 0.588452 -12.854449 0.372773 
820 2.235862 0.000000 0.113397 87.368149 0.810299 -4.119764 0.234918 
821 2.260285 0.000000 0.113397 84.717896 0.828197 3.187685 0.281203 
822 2.235862 0.000000 0.136077 91.679019 0.815884 -1.559839 0.159186 
823 2.223650 0.000000 0.079378 83.122911 0.621537 -14.238162 0.288747 
824 2.211438 0.000000 0.079378 88.388990 0.639705 -15.885949 0.193461 
825 2.223650 0.000000 0.068038 144.767846 -0.014577 -16.415193 -1.122719 
826 2.235862 0.000000 0.079378 78.020202 0.587639 -12.833950 0.374779 
827 2.223650 0.000000 0.090718 83.124136 0.620436 -14.137270 0.289013 
828 2.357979 0.000000 -0.045359 108.786297 -0.099351 -0.780083 -0.183508 
829 2.357979 0.000000 -0.090718 104.412351 -0.617175 -1.550281 -0.090472 
830 2.406827 0.000000 -0.045359 103.769143 -0.282345 1.071443 -0.076926 
831 2.357979 0.000000 0.000000 110.476386 0.069551 1.972515 -0.220893 
832 2.284709 0.000000 -0.068038 146.856179 -0.237452 -38.370888 -1.303912 
833 2.284709 0.000000 -0.090718 91.794826 -0.533352 -26.081223 0.089320 
834 2.309132 0.000000 -0.068038 117.188982 -0.249129 -13.546487 -0.391683 
835 2.284709 0.000000 -0.045359 150.189778 0.000828 -12.000910 -1.270099 
836 2.248074 0.000000 -0.079378 79.379456 -0.756089 13.163029 0.352506 
837 2.248074 0.000000 -0.090718 79.636597 -0.762324 13.205532 0.348305 
838 2.260285 0.000000 -0.079378 77.204549 -0.685936 12.802616 0.387508 
839 2.248074 0.000000 -0.068038 78.875555 -0.741590 13.079618 0.360702 
840 2.357979 0.000000 0.045359 108.655105 0.089134 5.228315 -0.183328 
841 2.406827 0.000000 0.045359 103.682786 -0.109003 3.066435 -0.075953 
842 2.357979 0.000000 0.090718 104.103965 0.468161 6.493912 -0.088003 
843 2.284709 0.000000 0.068038 149.353057 0.367771 45.807349 -1.440478 
844 2.284709 0.000000 0.045359 152.173781 0.177139 16.430355 -1.342685 
845 2.309132 0.000000 0.068038 117.211001 0.368560 19.192905 -0.410692 
846 2.284709 0.000000 0.090718 89.192711 0.656277 32.623991 0.097990 
847 2.248074 0.000000 0.079378 75.585058 0.555189 -12.434548 0.413197 
848 2.248074 0.000000 0.068038 75.040247 0.545066 -12.344818 0.421627 
849 2.260285 0.000000 0.079378 73.232596 0.506248 -12.045168 0.449164 
850 2.248074 0.000000 0.090718 75.863595 0.559384 -12.480214 0.408865 
851 -8.241827 0.000000 -8.708925 99.755953 -0.002785 6.975566 0.000009 
852 -11.368037 0.000000 -8.708925 99.756150 -0.001820 6.975643 0.000005 
853 -8.241827 0.000000 -11.611899 99.756003 -0.003159 6.975513 0.000008 
854 10.515434 0.000000 -8.708925 99.756139 -0.027048 6.970725 0.000012 
855 10.515434 0.000000 -11.611899 99.756082 -0.019256 6.972909 0.000010 
856 13.641644 0.000000 -8.708925 99.756392 -0.028144 6.970828 0.000007 
857 -8.241827 0.000000 8.708925 99.756901 0.003427 6.975595 -0.000010 
858 -11.368037 0.000000 8.708925 99.756684 0.002337 6.975657 -0.000006 
859 -8.241827 0.000000 11.611899 99.756860 0.003766 6.975525 -0.000009 
860 -3.552511 0.000000 -4.354462 99.754579 -0.004617 6.975286 0.000037 
861 -5.115617 0.000000 -4.354462 99.755359 -0.003091 6.975614 0.000021 
862 -3.552511 0.000000 -5.805950 99.754826 -0.005381 6.975099 0.000032 
863 10.515434 0.000000 8.708925 99.757352 0.032504 6.969098 -0.000010 
864 13.641644 0.000000 8.708925 99.757155 0.035169 6.968640 -0.000005 
865 10.515434 0.000000 11.611899 99.757092 0.022604 6.972192 -0.000009 
866 5.826119 0.000000 -4.354462 99.755027 -0.052584 6.955905 0.000055 
867 5.826119 0.000000 -5.805950 99.754924 -0.036687 6.964789 0.000045 
868 7.389224 0.000000 -4.354462 99.756168 -0.055258 6.956156 0.000032 
869 -3.552511 0.000000 4.354462 99.758224 0.005768 6.975610 -0.000036 
870 -5.115617 0.000000 4.354462 99.757418 0.004030 6.975772 -0.000020 
871 -3.552511 0.000000 5.805950 99.758119 0.006480 6.975302 -0.000034 
872 -1.207854 0.000000 -2.177231 99.753881 -0.001877 6.966786 0.000063 
873 -1.989406 0.000000 -2.177231 99.751479 0.005793 6.974780 0.000099 
874 -1.207854 0.000000 -2.902975 99.749827 0.003490 6.972457 0.000136 
875 5.826119 0.000000 4.354462 99.760260 0.062518 6.950045 -0.000042 
876 7.389224 0.000000 4.354462 99.759416 0.068323 6.948187 -0.000022 
877 5.826119 0.000000 5.805950 99.759228 0.042904 6.962116 -0.000038 
878 3.481461 0.000000 -2.177231 99.742960 -0.094021 6.891919 0.000383 
879 3.481461 0.000000 -2.902975 99.749426 -0.068007 6.934401 0.000196 
880 4.263014 0.000000 -2.177231 99.753243 -0.106244 6.897158 0.000171 
881 -1.207854 0.000000 2.177231 99.769691 0.010807 6.982953 -0.000275 
882 -1.989406 0.000000 2.177231 99.759544 0.012289 6.976429 -0.000064 
883 -1.207854 0.000000 2.902975 99.762405 0.014659 6.975194 -0.000119 
884 -0.817078 0.000000 -1.088616 99.732844 -0.005040 6.971949 0.000475 
885 -1.207854 0.000000 -1.088616 99.741326 -0.004587 6.982288 0.000292 
886 -0.817078 0.000000 -1.451487 99.745076 -0.002366 6.962518 0.000244 
887 3.481461 0.000000 2.177231 99.768593 0.113146 6.877392 -0.000108 
888 4.263014 0.000000 2.177231 99.767238 0.129124 6.869436 -0.000071 
889 3.481461 0.000000 2.902975 99.767576 0.078440 6.922769 -0.000150 
890 -0.230913 0.000000 -0.544308 99.565606 0.021995 7.024158 0.003735 
891 -0.426301 0.000000 -0.544308 99.677984 0.012172 7.030400 0.001487 
892 -0.230913 0.000000 -0.725744 99.612421 0.006141 6.968034 0.002881 
893 0.941416 0.000000 -0.544308 99.704537 -0.012448 6.711677 0.001396 
894 0.941416 0.000000 -0.725744 99.688663 -0.015204 6.813010 0.001575 
895 -0.817078 0.000000 1.088616 99.759609 0.007111 6.980150 -0.000070 
896 -1.207854 0.000000 1.088616 99.759292 -0.001037 6.977074 -0.000060 
897 -0.817078 0.000000 1.451487 99.769281 0.004642 6.985996 -0.000271 
898 -0.230913 0.000000 0.544308 99.738670 0.006733 6.932083 0.000414 
899 -0.426301 0.000000 0.544308 99.783631 -0.003578 6.962522 -0.000525 
900 -0.230913 0.000000 0.725744 99.758097 -0.019183 6.980204 -0.000040 
901 -0.133219 0.000000 -0.272154 99.470993 -0.004699 7.587494 0.004795 
902 -0.230913 0.000000 -0.272154 99.712223 0.130250 7.468150 0.000168 
903 -0.133219 0.000000 -0.362872 99.279395 0.061793 7.235320 0.009125 
904 0.941416 0.000000 0.544308 99.888618 0.034819 6.690203 -0.002250 
905 0.941416 0.000000 0.725744 99.850282 0.039539 6.804463 -0.001638 
906 -0.133219 0.000000 0.272154 99.929489 -0.136435 6.376864 -0.002659 
907 -0.230913 0.000000 0.272154 99.965476 0.071623 6.573499 -0.003631 
908 -0.133219 0.000000 0.362872 99.646018 -0.050572 6.693797 0.002586 
909 0.037745 0.000000 -0.113397 86.364491 0.049921 3.522467 0.252876 
910 0.013322 0.000000 -0.113397 85.485133 0.018879 10.643259 0.257901 
911 0.037745 0.000000 -0.136077 91.052016 0.073159 5.104167 0.168347 
912 0.648333 0.000000 -0.272154 101.306727 -0.005723 1.871921 -0.026656 
913 0.648333 0.000000 -0.362872 99.734647 0.021133 6.455077 0.001133 
914 0.746027 0.000000 -0.272154 102.222004 0.019870 2.831249 -0.045735 
915 0.648333 0.000000 0.272154 101.334959 -0.012848 1.873584 -0.027228 
916 0.746027 0.000000 0.272154 102.300675 0.010031 2.831237 -0.047344 
917 0.648333 0.000000 0.362872 99.929298 -0.030991 6.224211 -0.002461 
918 0.037745 0.000000 0.113397 90.349020 -0.096362 6.955550 0.178867 
919 0.013322 0.000000 0.113397 89.543627 -0.116842 1.362356 0.198007 
920 0.037745 0.000000 0.136077 94.071669 -0.081094 6.532151 0.110785 
921 0.098804 0.000000 -0.079378 89.957418 -0.043749 -14.760844 0.168978 
922 0.098804 0.000000 -0.090718 90.103615 -0.001370 -14.944510 0.165800 
923 0.098804 0.000000 -0.068038 89.948505 -0.046535 -14.739697 0.169201 
924 0.098804 0.000000 0.079378 94.742423 -0.047916 16.010098 0.076755 
925 0.098804 0.000000 0.068038 94.737524 -0.047094 16.013797 0.076836 
926 0.098804 0.000000 0.090718 94.807407 -0.061220 15.984283 0.075605 
927 0.233134 0.000000 -0.068038 88.590889 0.008290 -6.512907 0.210924 
928 0.233134 0.000000 -0.045359 90.077926 -0.026879 -4.836374 0.186258 
929 0.184287 0.000000 -0.113397 98.419628 -0.207689 -7.168777 0.026214 
930 0.184287 0.000000 -0.136077 98.169034 -0.167424 -3.729292 0.034891 
931 0.233134 0.000000 0.068038 88.651992 -0.046803 6.540043 0.209805 
932 0.233134 0.000000 0.045359 90.091333 -0.047985 4.939860 0.185915 
933 0.184287 0.000000 0.113397 101.164791 -0.326058 12.583342 -0.039276 
934 0.184287 0.000000 0.136077 100.472073 -0.277740 11.678455 -0.023110 
935 0.501792 0.000000 -0.045359 100.308301 -0.001839 4.969896 -0.008646 
936 0.550639 0.000000 -0.045359 101.323633 -0.004595 6.285354 -0.030598 
937 0.501792 0.000000 0.000000 101.326143 -0.005400 6.504902 -0.030930 
938 0.501792 0.000000 0.045359 100.356350 -0.012449 4.967605 -0.009607 
939 0.550639 0.000000 0.045359 101.328221 -0.006588 6.286372 -0.030693 
940 0.428522 0.000000 -0.068038 99.081332 0.002048 2.125984 0.017837 
941 0.452945 0.000000 -0.068038 99.223241 0.003104 3.626171 0.014160 
942 0.428522 0.000000 -0.045359 99.243638 0.000207 1.375062 0.014881 
943 0.367463 0.000000 -0.102058 104.532165 0.088311 -3.126410 -0.093676 
944 0.367463 0.000000 -0.113397 104.614141 0.082271 -2.624440 -0.095101 
945 0.367463 0.000000 -0.090718 104.841717 0.084553 -2.870654 -0.100003 
946 0.428522 0.000000 0.068038 99.190805 -0.022542 2.120974 0.015669 
947 0.428522 0.000000 0.045359 99.347824 -0.022055 1.371798 0.012813 
948 0.452945 0.000000 0.068038 99.324969 -0.020981 3.621892 0.012143 
949 0.367463 0.000000 0.102058 105.700126 0.018688 3.421840 -0.118423 
950 0.367463 0.000000 0.090718 106.003671 0.015938 3.161099 -0.124677 
951 0.367463 0.000000 0.113397 105.677425 0.021561 2.908795 -0.117618 
952 1.722968 0.000000 -0.544308 99.348815 -0.124638 6.289000 0.009025 
953 1.722968 0.000000 -0.725744 99.487740 -0.099120 6.554338 0.005922 
954 1.722968 0.000000 0.544308 100.277936 0.126551 6.219490 -0.009436 
955 1.722968 0.000000 0.725744 99.987322 0.102905 6.505670 -0.003980 
956 1.429886 0.000000 -0.272154 100.655250 -0.021565 2.007929 -0.013551 
957 1.429886 0.000000 -0.362872 99.430110 -0.023054 6.443343 0.007214 
958 1.527580 0.000000 -0.272154 100.441714 -0.008642 1.616509 -0.009115 
959 1.429886 0.000000 0.272154 101.748128 0.043407 2.091535 -0.035706 
960 1.527580 0.000000 0.272154 102.866618 0.167269 1.859892 -0.058503 
961 1.429886 0.000000 0.362872 100.146321 0.052350 6.194678 -0.006766 
962 3.090685 0.000000 -1.088616 99.746939 -0.219853 6.657899 0.000617 
963 3.090685 0.000000 -1.451487 99.741853 -0.155793 6.798847 0.000531 
964 3.481461 0.000000 -1.088616 99.760939 -0.225318 6.666919 0.000326 
965 2.504521 0.000000 -0.544308 99.712582 -0.447892 5.711298 0.002458 
966 2.504521 0.000000 -0.725744 99.688831 -0.319472 6.260777 0.002284 
967 2.699909 0.000000 -0.544308 99.762042 -0.459313 5.717169 0.001464 
968 3.090685 0.000000 1.088616 99.785274 0.259161 6.554949 -0.000014 
969 3.481461 0.000000 1.088616 99.789019 0.278690 6.529451 -0.000056 
970 3.090685 0.000000 1.451487 99.779164 0.181350 6.746808 -0.000143 
971 2.504521 0.000000 0.544308 99.753298 0.497612 5.365413 0.002024 
972 2.699909 0.000000 0.544308 99.817161 0.529240 5.296265 0.000820 
973 2.504521 0.000000 0.725744 99.761036 0.368879 6.071414 0.001074 
974 2.406827 0.000000 -0.272154 99.771113 -0.742850 3.090540 0.003562 
975 2.406827 0.000000 -0.362872 99.580151 -0.564322 4.246632 0.006544 
976 2.504521 0.000000 -0.272154 99.896231 -0.751872 3.225184 0.000978 
977 2.406827 0.000000 0.272154 99.660345 0.698641 3.193170 0.005713 
978 2.504521 0.000000 0.272154 99.907779 0.722244 3.007798 0.000887 
979 2.406827 0.000000 0.362872 99.545058 0.624634 4.022605 0.007421 
980 2.357979 0.000000 -0.136077 101.003327 -0.877535 -0.470571 -0.020266 
981 2.357979 0.000000 -0.181436 99.782486 -0.872209 0.991684 0.004171 
982 2.406827 0.000000 -0.136077 101.030188 -0.856744 0.880149 -0.020861 
983 2.284709 0.000000 -0.113397 92.833715 -0.666661 -7.308467 0.132804 
984 2.284709 0.000000 -0.136077 95.268553 -0.765689 -1.882277 0.091977 
985 2.309132 0.000000 -0.113397 100.086164 -0.686716 -6.107117 -0.005501 
986 2.357979 0.000000 0.136077 100.591464 0.671137 5.262812 -0.014679 
987 2.406827 0.000000 0.136077 100.816324 0.672410 3.803413 -0.017885 
988 2.357979 0.000000 0.181436 99.386046 0.738212 3.952171 0.010625 
989 2.284709 0.000000 0.113397 90.842545 0.812740 12.215781 0.159775 
990 2.309132 0.000000 0.113397 99.089197 0.795001 11.324778 0.005245 
991 2.284709 0.000000 0.136077 93.885198 0.834064 6.486455 0.114280 
1 11 62 60 61 
2 62 10 24 60 
3 60 24 14 63 
4 61 60 63 6 
5 24 66 64 65 
6 66 23 40 64 
7 64 40 27 67 
8 65 64 67 14 
9 40 70 68 69 
10 69 68 71 27 
11 6 63 92 93 
12 63 14 36 92 
13 92 36 19 94 
14 93 92 94 20 
15 14 67 95 96 
16 67 27 52 95 
17 95 52 35 97 
18 96 95 97 36 
19 27 71 98 99 
20 99 98 100 52 
21 68 112 110 111 
22 112 56 80 110 
23 110 80 43 113 
24 111 110 113 71 
25 80 116 114 115 
26 115 114 117 43 
27 71 113 133 134 
28 113 43 102 133 
29 133 102 76 135 
30 134 133 135 98 
31 43 117 136 137 
32 137 136 138 102 
33 114 141 139 140 
34 141 106 129 139 
35 139 129 83 142 
36 140 139 142 117 
37 129 149 147 148 
38 147 150 132 151 
39 148 147 151 83 
40 117 142 152 153 
41 142 83 144 152 
42 152 144 125 154 
43 153 152 154 136 
44 83 151 155 156 
45 151 132 157 155 
46 156 155 158 144 
47 12 161 159 160 
48 161 7 162 159 
49 159 162 13 25 
50 160 159 25 10 
51 25 165 163 164 
52 165 13 166 163 
53 163 166 26 41 
54 164 163 41 23 
55 41 169 167 168 
56 169 26 170 167 
57 167 170 42 57 
58 168 167 57 39 
59 39 173 171 172 
60 173 57 174 171 
61 171 174 55 81 
62 172 171 81 56 
63 81 177 175 176 
64 177 55 178 175 
65 175 178 82 107 
66 176 175 107 79 
67 79 181 179 180 
68 181 107 182 179 
69 179 182 105 130 
70 180 179 130 106 
71 106 185 183 184 
72 185 130 186 183 
73 184 183 149 129 
74 195 197 109 198 
75 150 195 198 132 
76 149 201 199 200 
77 201 128 202 199 
78 199 202 150 203 
79 200 199 203 147 
80 132 198 210 157 
81 198 109 211 210 
82 19 38 213 214 
83 38 21 215 213 
84 213 215 9 216 
85 214 213 216 22 
86 35 54 217 218 
87 54 37 219 217 
88 217 219 21 220 
89 218 217 220 38 
90 51 78 221 222 
91 78 53 223 221 
92 221 223 37 224 
93 222 221 224 54 
94 76 104 225 226 
95 104 75 227 225 
96 225 227 78 228 
97 226 225 228 51 
98 101 127 229 230 
99 127 103 231 229 
100 229 231 75 232 
101 230 229 232 104 
102 125 146 233 234 
103 146 124 235 233 
104 233 235 127 236 
105 234 233 236 101 
106 144 158 237 238 
107 237 239 146 240 
108 238 237 240 125 
109 155 243 241 242 
110 243 157 244 241 
111 241 244 143 245 
112 242 241 245 158 
113 130 247 246 186 
114 247 105 248 246 
115 249 251 195 252 
116 202 249 252 150 
117 186 255 253 254 
118 255 246 256 253 
119 253 256 196 250 
120 254 253 250 128 
121 128 259 257 258 
122 259 250 260 257 
123 257 260 249 261 
124 258 257 261 202 
125 262 263 124 264 
126 239 262 264 146 
127 157 266 265 244 
128 266 210 267 265 
129 143 268 269 270 
130 268 212 271 269 
131 269 271 262 272 
132 270 269 272 239 
133 244 275 273 274 
134 275 265 276 273 
135 273 276 268 277 
136 274 273 277 143 
137 278 280 194 281 
138 197 278 281 109 
139 283 131 284 282 
140 282 284 197 285 
141 251 282 285 195 
142 107 287 286 182 
143 287 82 288 286 
144 286 288 108 192 
145 182 286 192 105 
146 105 290 289 248 
147 290 192 291 289 
148 246 293 292 256 
149 293 248 294 292 
150 292 294 131 283 
151 256 292 283 196 
152 196 297 295 296 
153 297 283 298 295 
154 295 298 282 299 
155 296 295 299 251 
156 109 281 300 211 
157 281 194 301 300 
158 210 304 303 267 
159 304 211 305 303 
160 303 305 145 306 
161 124 209 307 235 
162 209 126 308 307 
163 307 308 103 309 
164 235 307 309 127 
165 310 311 209 312 
166 263 310 312 124 
167 212 306 313 271 
168 306 145 314 313 
169 313 314 263 315 
170 271 313 315 262 
171 267 318 316 317 
172 318 303 319 316 
173 316 319 306 320 
174 317 316 320 212 
175 131 322 321 284 
176 322 279 323 321 
177 321 323 278 324 
178 284 321 324 197 
179 211 326 325 305 
180 326 300 327 325 
181 325 327 302 328 
182 305 325 328 145 
183 192 334 333 291 
184 334 108 335 333 
185 289 339 337 338 
186 339 291 340 337 
187 337 340 191 341 
188 338 337 341 279 
189 345 347 126 348 
190 311 345 348 209 
191 302 351 349 350 
192 351 207 352 349 
193 349 352 311 353 
194 350 349 353 310 
195 354 355 59 356 
196 280 354 356 194 
197 291 358 357 340 
198 358 333 359 357 
199 357 359 336 360 
200 191 360 361 362 
201 360 336 363 361 
202 361 363 354 364 
203 362 361 364 280 
204 340 367 365 366 
205 367 357 368 365 
206 365 368 360 369 
207 366 365 369 191 
208 194 356 370 301 
209 356 59 371 370 
210 373 346 374 372 
211 372 374 345 375 
212 352 372 375 311 
213 301 378 376 377 
214 378 370 379 376 
215 376 379 346 373 
216 377 376 373 207 
217 207 382 380 381 
218 382 373 383 380 
219 380 383 372 384 
220 381 380 384 352 
221 57 386 385 174 
222 386 42 387 385 
223 385 387 58 89 
224 174 385 89 55 
225 55 389 388 178 
226 389 89 390 388 
227 388 390 88 188 
228 178 388 188 82 
229 82 392 391 288 
230 392 188 393 391 
231 391 393 187 330 
232 288 391 330 108 
233 108 395 394 335 
234 395 330 396 394 
235 333 399 398 359 
236 399 335 400 398 
237 359 398 401 336 
238 75 123 402 227 
239 123 77 403 402 
240 402 403 53 404 
241 227 402 404 78 
242 103 206 405 231 
243 206 121 406 405 
244 405 406 123 407 
245 231 405 407 75 
246 126 344 408 308 
247 344 204 409 408 
248 408 409 206 410 
249 308 408 410 103 
250 411 413 344 414 
251 347 411 414 126 
252 346 416 415 374 
253 415 417 347 418 
254 374 415 418 345 
255 419 420 332 421 
256 355 419 421 59 
257 335 423 422 400 
258 423 394 424 422 
259 336 401 426 363 
260 401 193 427 426 
261 426 427 355 428 
262 363 426 428 354 
263 398 431 429 430 
264 431 400 432 429 
265 429 432 193 433 
266 430 429 433 401 
267 59 421 434 371 
268 421 332 435 434 
269 370 437 436 379 
270 437 371 438 436 
271 436 438 208 416 
272 379 436 416 346 
273 439 441 411 442 
274 417 439 442 347 
275 416 445 443 444 
276 445 208 446 443 
277 443 446 417 447 
278 444 443 447 415 
279 88 453 452 189 
280 453 90 454 452 
281 452 454 5 455 
282 189 452 455 91 
283 187 457 456 331 
284 457 189 458 456 
285 456 458 91 459 
286 331 456 459 190 
287 330 461 460 396 
288 461 187 462 460 
289 460 462 331 463 
290 396 460 463 329 
291 394 465 464 424 
292 465 396 466 464 
293 464 466 329 467 
294 424 464 467 397 
295 193 425 468 427 
296 425 397 469 468 
297 468 469 419 470 
298 427 468 470 355 
299 422 473 471 472 
300 473 424 474 471 
301 471 474 397 475 
302 472 471 475 425 
303 371 477 476 438 
304 477 434 478 476 
305 476 478 412 440 
306 438 476 440 208 
307 91 455 482 205 
308 455 5 483 482 
309 482 483 122 484 
310 205 482 484 121 
311 190 459 485 343 
312 459 91 486 485 
313 485 486 205 487 
314 343 485 487 204 
315 342 489 488 413 
316 489 343 490 488 
317 488 490 204 491 
318 413 488 491 344 
319 412 493 492 441 
320 493 342 494 492 
321 492 494 413 495 
322 441 492 495 411 
323 440 498 496 497 
324 498 412 499 496 
325 496 499 441 500 
326 497 496 500 439 
327 454 510 508 509 
328 508 511 504 512 
329 509 508 512 5 
330 5 512 513 514 
331 512 504 515 513 
332 514 513 516 483 
333 7 518 517 162 
334 518 16 519 517 
335 517 519 15 32 
336 162 517 32 13 
337 13 521 520 166 
338 521 32 522 520 
339 520 522 31 48 
340 166 520 48 26 
341 26 524 523 170 
342 524 48 525 523 
343 523 525 47 85 
344 170 523 85 42 
345 42 527 526 387 
346 527 85 528 526 
347 526 528 84 449 
348 387 526 449 58 
349 58 531 529 530 
350 531 449 532 529 
351 529 532 448 502 
352 530 529 502 90 
353 90 535 533 534 
354 535 502 536 533 
355 533 536 501 510 
356 534 533 510 454 
357 15 538 537 33 
358 538 17 539 537 
359 537 539 8 540 
360 33 537 540 18 
361 31 542 541 49 
362 542 33 543 541 
363 541 543 18 544 
364 49 541 544 34 
365 546 49 547 545 
366 545 547 34 548 
367 448 554 553 503 
368 554 450 555 553 
369 553 555 87 556 
370 503 553 556 451 
371 501 558 557 511 
372 558 503 559 557 
373 557 559 451 560 
374 511 557 560 504 
375 510 563 561 562 
376 563 501 564 561 
377 561 564 511 565 
378 562 561 565 508 
379 18 540 566 45 
380 540 8 567 566 
381 566 567 29 568 
382 45 566 568 28 
383 34 544 569 73 
384 544 18 570 569 
385 569 570 45 571 
386 73 569 571 44 
387 548 34 573 572 
388 572 573 73 574 
389 451 556 578 506 
390 556 87 579 578 
391 578 579 480 580 
392 506 578 580 479 
393 504 560 581 515 
394 560 451 582 581 
395 581 582 506 583 
396 515 581 583 505 
397 21 46 584 215 
398 46 28 585 584 
399 584 585 30 586 
400 215 584 586 9 
401 37 74 587 219 
402 74 44 588 587 
403 587 588 46 589 
404 219 587 589 21 
405 53 120 590 223 
406 120 72 591 590 
407 590 591 74 592 
408 223 590 592 37 
409 77 481 593 403 
410 481 118 594 593 
411 593 594 120 595 
412 403 593 595 53 
413 122 507 596 597 
414 507 479 598 596 
415 596 598 481 599 
416 597 596 599 77 
417 483 516 600 601 
418 516 505 602 600 
419 600 602 507 603 
420 601 600 603 122 
421 513 606 604 605 
422 606 515 607 604 
423 604 607 505 608 
424 605 604 608 516 
425 555 618 616 617 
426 617 616 620 87 
427 87 620 621 622 
428 622 621 624 579 
429 85 626 625 528 
430 626 47 627 625 
431 625 627 86 550 
432 528 625 550 84 
433 84 630 628 629 
434 630 550 631 628 
435 628 631 549 610 
436 629 628 610 450 
437 450 634 632 633 
438 634 610 635 632 
439 632 635 609 618 
440 633 632 618 555 
441 86 637 636 551 
442 637 545 638 636 
443 636 638 548 639 
444 551 636 639 50 
445 641 551 642 640 
446 640 642 50 643 
447 618 650 648 649 
448 650 609 651 648 
449 649 648 652 616 
450 50 639 653 576 
451 639 548 654 653 
452 653 654 572 655 
453 576 653 655 119 
454 643 50 657 656 
455 656 657 576 658 
456 118 577 662 594 
457 577 119 663 662 
458 662 663 72 664 
459 594 662 664 120 
460 480 615 665 666 
461 615 575 667 665 
462 665 667 577 668 
463 666 665 668 118 
464 579 624 669 670 
465 624 613 671 669 
466 669 671 615 672 
467 670 669 672 480 
468 621 675 673 674 
469 673 676 613 677 
470 674 673 677 624 
471 610 679 678 635 
472 679 549 680 678 
473 678 680 611 645 
474 635 678 645 609 
475 609 682 681 651 
476 682 645 683 681 
477 616 652 685 686 
478 685 687 612 688 
479 686 685 688 620 
480 648 691 689 690 
481 691 651 692 689 
482 690 689 693 652 
483 620 688 694 695 
484 688 612 696 694 
485 695 694 675 621 
486 613 661 697 671 
487 661 614 698 697 
488 697 698 575 699 
489 671 697 699 615 
490 700 702 661 703 
491 676 700 703 613 
492 675 706 704 705 
493 704 707 676 708 
494 705 704 708 673 
495 709 710 647 711 
496 687 709 711 612 
497 651 713 712 692 
498 713 681 714 712 
499 652 693 716 717 
500 693 619 718 716 
501 716 718 687 719 
502 717 716 719 685 
503 689 722 720 721 
504 722 692 723 720 
505 720 723 619 724 
506 721 720 724 693 
507 612 711 725 696 
508 711 647 726 725 
509 694 729 727 728 
510 729 696 730 727 
511 727 730 623 706 
512 728 727 706 675 
513 731 733 700 734 
514 707 731 734 676 
515 706 737 735 736 
516 737 623 738 735 
517 735 738 707 739 
518 736 735 739 704 
519 619 715 740 718 
520 715 684 741 740 
521 740 741 709 742 
522 718 740 742 687 
523 692 744 743 723 
524 744 712 745 743 
525 743 745 715 746 
526 723 743 746 619 
527 696 748 747 730 
528 748 725 749 747 
529 747 749 701 732 
530 730 747 732 623 
531 623 751 750 738 
532 751 732 752 750 
533 750 752 731 753 
534 738 750 753 707 
535 755 640 756 754 
536 754 756 643 757 
537 645 759 758 683 
538 759 611 760 758 
539 681 763 762 714 
540 763 683 764 762 
541 762 764 644 765 
542 712 767 766 745 
543 767 714 768 766 
544 766 768 684 769 
545 745 766 769 715 
546 757 643 771 770 
547 770 771 656 772 
548 773 775 614 776 
549 702 773 776 661 
550 778 659 779 777 
551 777 779 702 780 
552 733 777 780 700 
553 732 782 781 752 
554 782 701 783 781 
555 781 783 733 784 
556 752 781 784 731 
557 785 786 552 787 
558 710 785 787 647 
559 684 765 788 741 
560 765 644 789 788 
561 788 789 710 790 
562 741 788 790 709 
563 714 792 791 768 
564 792 762 793 791 
565 791 793 765 794 
566 768 791 794 684 
567 647 787 795 726 
568 787 552 796 795 
569 725 798 797 749 
570 798 726 799 797 
571 797 799 659 778 
572 749 797 778 701 
573 701 801 800 783 
574 801 778 802 800 
575 800 802 777 803 
576 783 800 803 733 
577 804 806 785 807 
578 789 804 807 710 
579 683 809 808 764 
580 809 758 810 808 
581 808 810 761 805 
582 764 808 805 644 
583 644 813 811 812 
584 813 805 814 811 
585 811 814 804 815 
586 812 811 815 789 
587 726 817 816 799 
588 817 795 818 816 
589 659 819 820 779 
590 819 774 821 820 
591 820 821 773 822 
592 779 820 822 702 
593 799 825 823 824 
594 825 816 826 823 
595 823 826 819 827 
596 824 823 827 659 
597 646 829 828 786 
598 829 754 830 828 
599 828 830 757 831 
600 786 828 831 552 
601 761 833 832 806 
602 833 646 834 832 
603 832 834 786 835 
604 806 832 835 785 
605 805 837 836 814 
606 837 761 838 836 
607 836 838 806 839 
608 814 836 839 804 
609 552 831 840 796 
610 831 757 841 840 
611 840 841 770 842 
612 796 840 842 660 
613 795 844 843 818 
614 844 796 845 843 
615 843 845 660 846 
616 818 843 846 774 
617 816 848 847 826 
618 848 818 849 847 
619 847 849 774 850 
620 826 847 850 819 
621 1 853 851 852 
622 853 12 160 851 
623 851 160 10 62 
624 852 851 62 11 
625 16 855 854 519 
626 855 2 856 854 
627 854 856 17 538 
628 519 854 538 15 
629 20 94 857 858 
630 94 19 214 857 
631 857 214 22 859 
632 858 857 859 4 
633 10 862 860 861 
634 862 25 164 860 
635 860 164 23 66 
636 861 860 66 24 
637 28 568 863 585 
638 568 29 864 863 
639 863 864 3 865 
640 585 863 865 30 
641 32 867 866 522 
642 867 15 868 866 
643 866 868 33 542 
644 522 866 542 31 
645 36 97 869 870 
646 97 35 218 869 
647 869 218 38 871 
648 870 869 871 19 
649 23 874 872 873 
650 874 41 168 872 
651 872 168 39 70 
652 873 872 70 40 
653 44 571 875 588 
654 571 45 876 875 
655 875 876 28 877 
656 588 875 877 46 
657 48 879 878 525 
658 879 31 880 878 
659 878 880 49 546 
660 525 878 546 47 
661 52 100 881 882 
662 100 51 222 881 
663 881 222 54 883 
664 882 881 883 35 
665 70 886 884 885 
666 886 39 172 884 
667 884 172 56 112 
668 885 884 112 68 
669 72 574 887 591 
670 574 73 888 887 
671 887 888 44 889 
672 591 887 889 74 
673 56 892 890 891 
674 892 81 176 890 
675 890 176 79 116 
676 891 890 116 80 
677 89 894 893 390 
678 894 58 530 893 
679 893 530 90 453 
680 390 893 453 88 
681 98 135 895 896 
682 135 76 226 895 
683 895 226 51 897 
684 896 895 897 100 
685 102 138 898 899 
686 138 101 230 898 
687 898 230 104 900 
688 899 898 900 76 
689 116 903 901 902 
690 903 79 180 901 
691 901 180 106 141 
692 902 901 141 114 
693 121 484 904 406 
694 484 122 597 904 
695 904 597 77 905 
696 406 904 905 123 
697 136 154 906 907 
698 154 125 234 906 
699 906 234 101 908 
700 907 906 908 138 
701 183 911 909 910 
702 911 186 254 909 
703 909 254 128 201 
704 910 909 201 149 
705 188 913 912 393 
706 913 88 914 912 
707 912 914 189 457 
708 393 912 457 187 
709 204 487 915 409 
710 487 205 916 915 
711 915 916 121 917 
712 409 915 917 206 
713 158 245 918 919 
714 245 143 270 918 
715 918 270 239 920 
716 919 918 920 237 
717 250 922 921 260 
718 922 196 296 921 
719 921 296 251 923 
720 260 921 923 249 
721 265 925 924 276 
722 925 267 317 924 
723 924 317 212 926 
724 276 924 926 268 
725 279 341 927 323 
726 341 191 362 927 
727 927 362 280 928 
728 323 927 928 278 
729 248 930 929 294 
730 930 289 338 929 
731 929 338 279 322 
732 294 929 322 131 
733 300 932 931 327 
734 932 301 377 931 
735 931 377 207 351 
736 327 931 351 302 
737 145 328 933 314 
738 328 302 350 933 
739 933 350 310 934 
740 314 933 934 263 
741 329 463 935 420 
742 463 331 936 935 
743 935 936 190 937 
744 420 935 937 332 
745 332 937 938 435 
746 937 190 939 938 
747 938 939 343 489 
748 435 938 489 342 
749 397 467 940 469 
750 467 329 941 940 
751 940 941 420 942 
752 469 940 942 419 
753 400 944 943 432 
754 944 422 472 943 
755 943 472 425 945 
756 432 943 945 193 
757 434 947 946 478 
758 947 435 948 946 
759 946 948 342 493 
760 478 946 493 412 
761 208 950 949 446 
762 950 440 497 949 
763 949 497 439 951 
764 446 949 951 417 
765 449 953 952 532 
766 953 84 629 952 
767 952 629 450 554 
768 532 952 554 448 
769 479 580 954 598 
770 580 480 666 954 
771 954 666 118 955 
772 598 954 955 481 
773 502 957 956 536 
774 957 448 958 956 
775 956 958 503 558 
776 536 956 558 501 
777 505 583 959 602 
778 583 506 960 959 
779 959 960 479 961 
780 602 959 961 507 
781 47 963 962 627 
782 963 546 964 962 
783 962 964 545 637 
784 627 962 637 86 
785 550 966 965 631 
786 966 86 967 965 
787 965 967 551 641 
788 631 965 641 549 
789 119 655 968 663 
790 655 572 969 968 
791 968 969 574 970 
792 663 968 970 72 
793 575 658 971 667 
794 658 576 972 971 
795 971 972 119 973 
796 667 971 973 577 
797 549 975 974 680 
798 975 641 976 974 
799 974 976 640 755 
800 680 974 755 611 
801 614 772 977 698 
802 772 656 978 977 
803 977 978 658 979 
804 698 977 979 575 
805 611 981 980 760 
806 981 755 982 980 
807 980 982 754 829 
808 760 980 829 646 
809 758 984 983 810 
810 984 760 985 983 
811 983 985 646 833 
812 810 983 833 761 
813 660 842 986 775 
814 842 770 987 986 
815 986 987 772 988 
816 775 986 988 614 
817 774 846 989 821 
818 846 660 990 989 
819 989 990 775 991 
820 821 989 991 773 
