2 0.000000 100.000000 262.180540
991 820 
1 -11.368037 0.000000 -11.641948 99.756089 0.000367 6.975599 0.000006 
2 13.641644 0.000000 -11.641948 99.756242 0.003366 6.972376 0.000008 
3 13.641644 0.000000 11.641948 99.757031 -0.004105 6.971278 -0.000006 
4 -11.368037 0.000000 11.641948 99.756761 -0.000447 6.975604 -0.000007 
5 1.136804 0.000000 0.000000 101.721451 0.000566 6.254252 -0.038637 
6 -11.368037 0.000000 0.000000 99.756408 -0.000042 6.975816 -0.000000 
7 1.136804 0.000000 -11.641948 99.755169 0.001720 6.973913 0.000027 
8 13.641644 0.000000 0.000000 99.815924 0.055253 6.123167 -0.000071 
9 1.136804 0.000000 11.641948 99.757946 -0.001967 6.973720 -0.000028 
10 -5.115617 0.000000 -5.820974 99.755125 0.000641 6.975426 0.000026 
11 -11.368037 0.000000 -5.820974 99.756135 0.000215 6.975718 0.000005 
12 -5.115617 0.000000 -11.641948 99.755631 0.000783 6.975235 0.000016 
13 1.136804 0.000000 -5.820974 99.751395 0.002930 6.968943 0.000109 
14 -5.115617 0.000000 0.000000 99.756259 -0.000068 6.976368 0.000002 
15 7.389224 0.000000 -5.820974 99.755654 0.006513 6.962474 0.000033 
16 7.389224 0.000000 -11.641948 99.755702 0.002829 6.972595 0.000018 
17 13.641644 0.000000 -5.820974 99.756860 0.006985 6.963735 0.000008 
18 7.389224 0.000000 0.000000 99.991684 0.097140 3.603552 -0.001133 
19 -5.115617 0.000000 5.820974 99.757772 -0.000781 6.975544 -0.000027 
20 -11.368037 0.000000 5.820974 99.756699 -0.000298 6.975733 -0.000006 
21 1.136804 0.000000 5.820974 99.762840 -0.003418 6.968209 -0.000118 
22 -5.115617 0.000000 11.641948 99.757298 -0.000910 6.975232 -0.000017 
23 -1.989406 0.000000 -2.910487 99.750691 0.001075 6.974621 0.000115 
24 -5.115617 0.000000 -2.910487 99.755220 0.000366 6.975906 0.000023 
25 -1.989406 0.000000 -5.820974 99.753373 0.001327 6.973941 0.000063 
26 1.136804 0.000000 -2.910487 99.740508 0.004804 6.950105 0.000353 
27 -1.989406 0.000000 0.000000 99.753498 0.000234 6.979228 0.000053 
28 7.389224 0.000000 5.820974 99.758907 -0.007999 6.958415 -0.000026 
29 13.641644 0.000000 5.820974 99.758087 -0.009688 6.954983 -0.000005 
30 7.389224 0.000000 11.641948 99.757502 -0.003298 6.971999 -0.000017 
31 4.263014 0.000000 -2.910487 99.752608 0.012257 6.923543 0.000148 
32 4.263014 0.000000 -5.820974 99.753444 0.005182 6.963606 0.000076 
33 7.389224 0.000000 -2.910487 99.758116 0.013786 6.926779 0.000034 
34 4.263014 0.000000 0.000000 100.125385 0.162237 1.620818 -0.002775 
35 -1.989406 0.000000 2.910487 99.761794 -0.001291 6.975872 -0.000108 
36 -5.115617 0.000000 2.910487 99.757474 -0.000504 6.976072 -0.000022 
37 1.136804 0.000000 2.910487 99.781995 -0.005524 6.946602 -0.000470 
38 -1.989406 0.000000 5.820974 99.759909 -0.001546 6.974168 -0.000068 
39 -0.426301 0.000000 -1.455243 99.723961 0.003711 6.955636 0.000675 
40 -1.989406 0.000000 -1.455243 99.749872 -0.000963 6.976256 0.000129 
41 -0.426301 0.000000 -2.910487 99.739143 0.015147 6.968955 0.000354 
42 1.136804 0.000000 -1.455243 99.688065 0.004264 6.878865 0.001497 
43 -0.426301 0.000000 0.000000 99.968916 -0.064501 7.044797 -0.004342 
44 4.263014 0.000000 2.910487 99.764784 -0.015294 6.908487 -0.000074 
45 7.389224 0.000000 2.910487 99.762966 -0.019145 6.895174 -0.000019 
46 4.263014 0.000000 5.820974 99.760816 -0.006151 6.961295 -0.000068 
47 2.699909 0.000000 -1.455243 99.728709 0.024072 6.767659 0.000838 
48 2.699909 0.000000 -2.910487 99.744103 0.024722 6.929428 0.000310 
49 4.263014 0.000000 -1.455243 99.761448 0.026672 6.770703 0.000181 
50 2.699909 0.000000 0.000000 100.228891 0.249307 1.178307 -0.004728 
51 -0.426301 0.000000 1.455243 99.773682 -0.001178 6.982014 -0.000354 
52 -1.989406 0.000000 1.455243 99.759833 -0.011098 6.977896 -0.000072 
53 1.136804 0.000000 1.455243 99.825011 -0.010855 6.874662 -0.001229 
54 -0.426301 0.000000 2.910487 99.770364 -0.014112 6.970405 -0.000271 
55 0.355251 0.000000 -0.727622 99.683920 0.026674 6.725504 0.001788 
56 -0.426301 0.000000 -0.727622 99.667720 0.017017 6.988737 0.001750 
57 0.355251 0.000000 -1.455243 99.723245 0.004429 6.922418 0.000735 
58 1.136804 0.000000 -0.727622 99.624078 0.029677 6.658259 0.003071 
59 0.355251 0.000000 0.000000 68.462956 -0.010727 0.044942 0.531282 
60 -8.241827 0.000000 -2.910487 99.756023 0.000174 6.975853 0.000007 
61 -11.368037 0.000000 -2.910487 99.756244 0.000096 6.975784 0.000003 
62 -8.241827 0.000000 -5.820974 99.755851 0.000352 6.975686 0.000011 
63 -8.241827 0.000000 0.000000 99.756386 -0.000052 6.975952 -0.000000 
64 -3.552511 0.000000 -1.455243 99.754481 0.000286 6.976666 0.000037 
65 -5.115617 0.000000 -1.455243 99.755616 0.000162 6.976199 0.000015 
66 -3.552511 0.000000 -2.910487 99.753891 0.000581 6.975859 0.000050 
67 -3.552511 0.000000 0.000000 99.755994 -0.000078 6.977209 0.000006 
68 -1.207854 0.000000 -0.727622 99.742138 0.003458 6.981572 0.000276 
69 -1.989406 0.000000 -0.727622 99.752216 0.005435 6.972897 0.000087 
70 -1.207854 0.000000 -1.455243 99.741435 0.001446 6.973539 0.000302 
71 -1.207854 0.000000 0.000000 99.751159 -0.000277 6.983290 0.000094 
72 2.699909 0.000000 1.455243 99.791430 -0.029749 6.712621 -0.000339 
73 4.263014 0.000000 1.455243 99.779236 -0.037244 6.669147 -0.000037 
74 2.699909 0.000000 2.910487 99.774051 -0.013037 6.918507 -0.000273 
75 0.355251 0.000000 0.727622 99.952750 -0.023513 6.979100 -0.003926 
76 -0.426301 0.000000 0.727622 99.771176 -0.042346 6.981120 -0.000303 
77 1.136804 0.000000 0.727622 100.012476 -0.011383 6.605610 -0.004613 
78 0.355251 0.000000 1.455243 99.817756 -0.003222 6.955716 -0.001197 
79 -0.035525 0.000000 -0.363811 98.892553 0.007768 6.951253 0.017194 
80 -0.426301 0.000000 -0.363811 99.732267 0.003063 7.059146 0.000364 
81 -0.035525 0.000000 -0.727622 99.565158 0.026614 6.869351 0.003959 
82 0.355251 0.000000 -0.363811 100.154872 0.107143 5.799971 -0.006465 
83 -0.035525 0.000000 0.000000 166.057397 -0.072440 7.320400 -1.762865 
84 1.918356 0.000000 -0.727622 99.517543 0.026202 6.282621 0.005679 
85 1.918356 0.000000 -1.455243 99.700252 0.017038 6.820188 0.001334 
86 2.699909 0.000000 -0.727622 99.725943 0.070144 6.068283 0.001791 
87 1.918356 0.000000 0.000000 101.917045 0.141300 3.486445 -0.039926 
88 0.746027 0.000000 -0.363811 99.524250 0.036985 6.434425 0.005352 
89 0.746027 0.000000 -0.727622 99.621560 0.032454 6.805149 0.002923 
90 1.136804 0.000000 -0.363811 99.432496 -0.000759 5.764050 0.007995 
91 0.746027 0.000000 0.000000 102.047875 0.001995 6.712487 -0.045883 
92 -8.241827 0.000000 2.910487 99.756774 -0.000278 6.975889 -0.000008 
93 -11.368037 0.000000 2.910487 99.756577 -0.000179 6.975795 -0.000004 
94 -8.241827 0.000000 5.820974 99.756993 -0.000456 6.975726 -0.000012 
95 -3.552511 0.000000 1.455243 99.757687 -0.000445 6.976986 -0.000027 
96 -5.115617 0.000000 1.455243 99.756954 -0.000299 6.976310 -0.000012 
97 -3.552511 0.000000 2.910487 99.758674 -0.000747 6.976283 -0.000046 
98 -1.207854 0.000000 0.727622 99.759519 -0.003129 6.979743 -0.000068 
99 -1.989406 0.000000 0.727622 99.759210 -0.001582 6.986815 -0.000072 
100 -1.207854 0.000000 1.455243 99.762966 -0.000892 6.979582 -0.000136 
101 -0.035525 0.000000 0.363811 99.407590 -0.136663 6.815859 0.007166 
102 -0.426301 0.000000 0.363811 99.806840 -0.015349 6.914008 -0.000921 
103 0.355251 0.000000 0.363811 100.705031 -0.048155 7.074044 -0.019155 
104 -0.035525 0.000000 0.727622 99.783797 -0.016940 7.018371 -0.000606 
105 0.159863 0.000000 -0.181905 97.464305 -0.073720 0.533237 0.050042 
106 -0.035525 0.000000 -0.181905 96.921499 0.262675 9.829670 0.050953 
107 0.159863 0.000000 -0.363811 98.996583 0.084345 5.765050 0.016643 
108 0.355251 0.000000 -0.181905 101.384660 0.141497 3.132519 -0.028868 
109 0.159863 0.000000 0.000000 116.564015 0.130916 0.152502 -0.358721 
110 -0.817078 0.000000 -0.363811 99.741520 -0.006820 6.996086 0.000268 
111 -1.207854 0.000000 -0.363811 99.745316 0.000107 6.982392 0.000212 
112 -0.817078 0.000000 -0.727622 99.728872 0.003159 6.981271 0.000541 
113 -0.817078 0.000000 0.000000 99.763499 -0.015222 7.001037 -0.000177 
114 -0.230913 0.000000 -0.181905 100.210162 -0.010998 7.457499 -0.009769 
115 -0.426301 0.000000 -0.181905 99.859039 -0.056481 7.096372 -0.002219 
116 -0.230913 0.000000 -0.363811 99.454311 0.054826 7.293067 0.005565 
117 -0.230913 0.000000 0.000000 101.204791 -0.080404 7.091011 -0.029270 
118 1.918356 0.000000 0.727622 100.053016 -0.029234 6.053722 -0.004725 
119 2.699909 0.000000 0.727622 99.818773 -0.057687 5.819664 0.000234 
120 1.918356 0.000000 1.455243 99.830886 -0.020974 6.765381 -0.001198 
121 0.746027 0.000000 0.363811 100.007923 -0.040666 6.229928 -0.004040 
122 1.136804 0.000000 0.363811 100.395641 -0.021355 5.847372 -0.011348 
123 0.746027 0.000000 0.727622 99.944235 -0.038328 6.751937 -0.003444 
124 0.159863 0.000000 0.181905 99.224744 -0.255738 10.327817 0.004772 
125 -0.035525 0.000000 0.181905 98.291780 0.073203 3.938425 0.032321 
126 0.355251 0.000000 0.181905 102.293805 -0.065384 6.147761 -0.050182 
127 0.159863 0.000000 0.363811 99.671073 -0.099176 7.495098 0.000949 
128 0.062169 0.000000 -0.090953 83.610460 0.074894 -5.007015 0.298422 
129 -0.035525 0.000000 -0.090953 102.441247 0.114320 25.967429 -0.116853 
130 0.062169 0.000000 -0.181905 95.010329 0.105533 4.328931 0.095429 
131 0.159863 0.000000 -0.090953 97.460090 -0.042443 -13.026610 0.033184 
132 0.062169 0.000000 0.000000 196.646938 0.012519 0.783137 -2.867063 
133 -0.817078 0.000000 0.363811 99.766730 -0.011083 6.985745 -0.000220 
134 -1.207854 0.000000 0.363811 99.755319 -0.000674 6.982491 0.000012 
135 -0.817078 0.000000 0.727622 99.762033 0.000832 6.980955 -0.000120 
136 -0.230913 0.000000 0.181905 100.439069 -0.070137 6.631419 -0.013199 
137 -0.426301 0.000000 0.181905 99.911354 0.000408 6.937562 -0.003041 
138 -0.230913 0.000000 0.363811 99.703336 -0.043511 6.703538 0.001431 
139 -0.133219 0.000000 -0.090953 103.150892 -0.027604 9.762760 -0.073542 
140 -0.230913 0.000000 -0.090953 100.770486 -0.057542 7.546028 -0.021164 
141 -0.133219 0.000000 -0.181905 99.793110 -0.143575 8.959902 -0.003897 
142 -0.133219 0.000000 0.000000 106.456725 0.054026 7.286432 -0.138613 
143 0.062169 0.000000 0.090953 88.401067 -0.008091 11.637567 0.204982 
144 -0.035525 0.000000 0.090953 104.814302 0.035420 -10.963507 -0.110624 
145 0.159863 0.000000 0.090953 101.201716 -0.028088 13.787092 -0.043187 
146 0.062169 0.000000 0.181905 96.968663 -0.101994 7.938185 0.053405 
147 0.013322 0.000000 -0.045476 69.854854 0.170613 -13.615207 0.493490 
148 -0.035525 0.000000 -0.045476 144.423539 -0.027350 37.302174 -1.224961 
149 0.013322 0.000000 -0.090953 73.125422 0.005252 11.215542 0.452688 
150 0.062169 0.000000 -0.045476 194.156574 0.058287 -18.865579 -2.805269 
151 0.013322 0.000000 0.000000 246.632242 0.003028 3.665961 -5.084090 
152 -0.133219 0.000000 0.090953 103.618707 -0.100840 4.684197 -0.075879 
153 -0.230913 0.000000 0.090953 100.911807 -0.092256 6.603107 -0.022680 
154 -0.133219 0.000000 0.181905 100.317964 -0.171902 5.179823 -0.009055 
155 0.013322 0.000000 0.045476 77.815891 -0.153908 15.418019 0.370695 
156 -0.035525 0.000000 0.045476 144.222332 -0.082616 -21.198861 -1.124948 
157 0.062169 0.000000 0.045476 192.514623 -0.002163 19.720454 -2.745078 
158 0.013322 0.000000 0.090953 79.561580 -0.141883 -0.471807 0.366971 
159 -1.989406 0.000000 -8.731461 99.754674 0.001293 6.974364 0.000036 
160 -5.115617 0.000000 -8.731461 99.755376 0.000758 6.975250 0.000021 
161 -1.989406 0.000000 -11.641948 99.755320 0.001177 6.974714 0.000023 
162 1.136804 0.000000 -8.731461 99.754234 0.002175 6.972607 0.000048 
163 -0.426301 0.000000 -4.365730 99.749536 0.002188 6.970505 0.000144 
164 -1.989406 0.000000 -4.365730 99.752102 0.001244 6.974010 0.000088 
165 -0.426301 0.000000 -5.820974 99.752253 0.001983 6.971914 0.000088 
166 1.136804 0.000000 -4.365730 99.750467 0.008433 6.963754 0.000135 
167 0.355251 0.000000 -2.182865 99.741165 0.020389 6.946232 0.000345 
168 -0.426301 0.000000 -2.182865 99.738670 0.001087 6.962648 0.000372 
169 0.355251 0.000000 -2.910487 99.742262 0.003386 6.959085 0.000305 
170 1.136804 0.000000 -2.182865 99.739803 0.009038 6.929653 0.000395 
171 -0.035525 0.000000 -1.091433 99.691525 0.014683 6.915497 0.001378 
172 -0.426301 0.000000 -1.091433 99.714250 0.003356 6.952995 0.000872 
173 -0.035525 0.000000 -1.455243 99.705767 0.000582 6.946817 0.001050 
174 0.355251 0.000000 -1.091433 99.708210 0.021361 6.877612 0.001097 
175 0.159863 0.000000 -0.545716 99.458322 0.034712 6.547558 0.006517 
176 -0.035525 0.000000 -0.545716 99.439641 0.043088 6.824172 0.006519 
177 0.159863 0.000000 -0.727622 99.597941 0.029553 6.758733 0.003457 
178 0.355251 0.000000 -0.545716 99.684576 0.045070 6.516474 0.002052 
179 0.062169 0.000000 -0.272858 97.118854 0.164114 5.805870 0.053419 
180 -0.035525 0.000000 -0.272858 97.824302 0.026959 7.639060 0.037205 
181 0.062169 0.000000 -0.363811 98.634158 0.037177 6.362307 0.023082 
182 0.159863 0.000000 -0.272858 98.350747 0.246156 4.200576 0.030943 
183 0.013322 0.000000 -0.136429 91.453074 0.070351 8.836648 0.155824 
184 -0.035525 0.000000 -0.136429 97.493273 0.209225 13.251075 0.031943 
185 0.013322 0.000000 -0.181905 95.064670 0.211579 7.533561 0.090591 
186 0.062169 0.000000 -0.136429 92.220397 0.098781 1.847521 0.149198 
187 0.550639 0.000000 -0.181905 101.357742 -0.000317 5.111518 -0.029952 
188 0.550639 0.000000 -0.363811 99.882220 0.059444 6.515209 -0.001891 
189 0.746027 0.000000 -0.181905 101.933348 0.012046 5.221785 -0.041767 
190 0.550639 0.000000 0.000000 101.496752 -0.007690 6.617928 -0.034539 
191 0.257557 0.000000 -0.090953 101.437658 0.027231 -10.013991 -0.038988 
192 0.257557 0.000000 -0.181905 100.051213 0.034774 1.143840 -0.001155 
193 0.355251 0.000000 -0.090953 104.634426 0.096542 -4.284690 -0.096673 
194 0.257557 0.000000 0.000000 82.521317 -0.032350 0.062337 0.319023 
195 0.111016 0.000000 -0.045476 145.164980 -0.004359 -13.433222 -1.125332 
196 0.111016 0.000000 -0.090953 90.192352 0.014153 -14.957870 0.164160 
197 0.159863 0.000000 -0.045476 115.427475 0.115754 -8.351137 -0.339326 
198 0.111016 0.000000 0.000000 148.261895 -0.019991 0.213192 -1.198164 
199 0.037745 0.000000 -0.068215 70.875883 0.170754 -13.651907 0.479021 
200 0.013322 0.000000 -0.068215 69.847209 0.176182 -13.247198 0.494585 
201 0.037745 0.000000 -0.090953 80.740894 0.052063 -0.982400 0.347994 
202 0.062169 0.000000 -0.068215 76.259120 0.117935 -14.513246 0.397390 
203 0.037745 0.000000 -0.045476 70.436575 0.171827 -13.729092 0.485017 
204 0.550639 0.000000 0.181905 101.633890 -0.018646 5.125490 -0.035572 
205 0.746027 0.000000 0.181905 102.314952 -0.006773 5.240619 -0.049581 
206 0.550639 0.000000 0.363811 100.286757 -0.070353 6.222056 -0.009615 
207 0.257557 0.000000 0.090953 104.132769 -0.036651 10.537411 -0.095467 
208 0.355251 0.000000 0.090953 106.156048 0.002472 4.609955 -0.129036 
209 0.257557 0.000000 0.181905 101.411046 -0.184107 8.714946 -0.036018 
210 0.111016 0.000000 0.045476 144.904731 -0.040529 13.703814 -1.118518 
211 0.159863 0.000000 0.045476 115.378383 0.072521 8.538228 -0.338508 
212 0.111016 0.000000 0.090953 94.872864 -0.093716 15.994442 0.074331 
213 -1.989406 0.000000 8.731461 99.758462 -0.001491 6.974345 -0.000039 
214 -5.115617 0.000000 8.731461 99.757568 -0.000894 6.975288 -0.000023 
215 1.136804 0.000000 8.731461 99.759143 -0.002495 6.972276 -0.000050 
216 -1.989406 0.000000 11.641948 99.757700 -0.001350 6.974657 -0.000024 
217 -0.426301 0.000000 4.365730 99.764852 -0.002522 6.971052 -0.000162 
218 -1.989406 0.000000 4.365730 99.761105 -0.001464 6.974621 -0.000092 
219 1.136804 0.000000 4.365730 99.771413 -0.006128 6.963171 -0.000282 
220 -0.426301 0.000000 5.820974 99.761540 -0.002285 6.971917 -0.000097 
221 0.355251 0.000000 2.182865 99.790032 -0.006966 6.960449 -0.000650 
222 -0.426301 0.000000 2.182865 99.774217 -0.000979 6.974057 -0.000353 
223 1.136804 0.000000 2.182865 99.807146 -0.009900 6.928554 -0.000947 
224 0.355251 0.000000 2.910487 99.778113 -0.003635 6.962644 -0.000415 
225 -0.035525 0.000000 1.091433 99.796933 -0.022986 6.992217 -0.000832 
226 -0.426301 0.000000 1.091433 99.774266 -0.003247 6.987553 -0.000373 
227 0.355251 0.000000 1.091433 99.853732 -0.023367 6.964424 -0.001927 
228 -0.035525 0.000000 1.455243 99.777780 -0.006640 6.967725 -0.000415 
229 0.159863 0.000000 0.545716 99.811808 -0.082792 7.120905 -0.001311 
230 -0.035525 0.000000 0.545716 99.680861 -0.015050 7.016763 0.001449 
231 0.355251 0.000000 0.545716 100.055640 -0.075685 6.995792 -0.006008 
232 0.159863 0.000000 0.727622 99.856710 -0.020327 7.038894 -0.002091 
233 0.062169 0.000000 0.272858 98.127391 -0.028365 7.430417 0.031580 
234 -0.035525 0.000000 0.272858 98.588019 -0.044738 6.127852 0.024285 
235 0.159863 0.000000 0.272858 99.368737 -0.063426 8.427579 0.005483 
236 0.062169 0.000000 0.363811 99.259502 -0.123113 7.174375 0.009606 
237 0.013322 0.000000 0.136429 94.365588 -0.044259 3.757068 0.108102 
238 -0.035525 0.000000 0.136429 99.394087 0.105916 0.735338 0.012026 
239 0.062169 0.000000 0.136429 95.185950 -0.117394 8.976287 0.085905 
240 0.013322 0.000000 0.181905 96.879819 0.022184 5.574871 0.058322 
241 0.037745 0.000000 0.068215 78.505861 -0.069584 15.593453 0.359367 
242 0.013322 0.000000 0.068215 77.746854 -0.150431 15.483649 0.371566 
243 0.037745 0.000000 0.045476 78.214502 -0.061021 15.500016 0.364224 
244 0.062169 0.000000 0.068215 82.992718 -0.084312 16.203471 0.284965 
245 0.037745 0.000000 0.090953 86.107063 -0.011693 9.138574 0.250206 
246 0.111016 0.000000 -0.136429 95.242185 -0.006178 -1.619225 0.092630 
247 0.111016 0.000000 -0.181905 96.151762 0.038774 1.947651 0.075104 
248 0.159863 0.000000 -0.136429 97.483219 -0.192316 -3.188536 0.048682 
249 0.086592 0.000000 -0.068215 89.380000 -0.091739 -14.659180 0.179632 
250 0.086592 0.000000 -0.090953 89.818215 -0.113478 -14.900379 0.171065 
251 0.111016 0.000000 -0.068215 90.195842 -0.000458 -14.706137 0.164844 
252 0.086592 0.000000 -0.045476 167.636319 0.017093 -17.157480 -1.839631 
253 0.086592 0.000000 -0.113691 91.703300 0.103887 -3.840967 0.157574 
254 0.062169 0.000000 -0.113691 89.040136 0.116245 -0.885521 0.207106 
255 0.086592 0.000000 -0.136429 93.700509 0.092901 -0.288901 0.122012 
256 0.111016 0.000000 -0.113691 94.319921 0.034312 -5.123377 0.107750 
257 0.074381 0.000000 -0.079584 86.180909 -0.042806 -14.640361 0.235851 
258 0.062169 0.000000 -0.079584 77.268942 0.102083 -14.601366 0.381630 
259 0.074381 0.000000 -0.090953 84.572094 0.067377 -9.095778 0.276482 
260 0.086592 0.000000 -0.079584 89.513598 -0.086992 -14.708208 0.177098 
261 0.074381 0.000000 -0.068215 83.314293 0.005018 -14.710041 0.284234 
262 0.111016 0.000000 0.136429 97.918814 -0.112299 11.214143 0.028614 
263 0.159863 0.000000 0.136429 99.920313 -0.333719 11.699099 -0.012105 
264 0.111016 0.000000 0.181905 98.040789 -0.184643 9.540755 0.029694 
265 0.086592 0.000000 0.068215 94.390518 -0.033291 15.951495 0.083598 
266 0.086592 0.000000 0.045476 166.882869 -0.008572 17.498450 -1.815609 
267 0.111016 0.000000 0.068215 94.872629 -0.083794 16.052864 0.074148 
268 0.086592 0.000000 0.090953 94.804427 -0.034093 15.983461 0.075665 
269 0.086592 0.000000 0.113691 95.181129 -0.060838 12.238210 0.079078 
270 0.062169 0.000000 0.113691 92.803539 -0.060063 10.237642 0.128269 
271 0.111016 0.000000 0.113691 97.578440 -0.063142 12.748037 0.031593 
272 0.086592 0.000000 0.136429 96.528729 -0.074702 10.456105 0.057287 
273 0.074381 0.000000 0.079584 91.683556 -0.034882 15.840090 0.134322 
274 0.062169 0.000000 0.079584 83.899378 -0.078300 16.122131 0.270097 
275 0.074381 0.000000 0.068215 89.175260 -0.050090 16.016918 0.179123 
276 0.086592 0.000000 0.079584 94.493627 -0.036500 15.962834 0.081614 
277 0.074381 0.000000 0.090953 89.244156 -0.047445 14.855493 0.181479 
278 0.208710 0.000000 -0.045476 94.984960 -0.024463 -5.196870 0.095085 
279 0.208710 0.000000 -0.090953 98.832295 -0.057665 -12.418147 0.007796 
280 0.257557 0.000000 -0.045476 81.654292 0.017875 -4.019599 0.331642 
281 0.208710 0.000000 0.000000 96.106725 0.072193 0.117303 0.076348 
282 0.135439 0.000000 -0.068215 90.878077 0.056434 -15.068216 0.151412 
283 0.135439 0.000000 -0.090953 92.145683 0.036487 -14.690472 0.129336 
284 0.159863 0.000000 -0.068215 113.989613 0.003357 -12.536498 -0.315080 
285 0.135439 0.000000 -0.045476 128.744715 0.099635 -10.532934 -0.668615 
286 0.257557 0.000000 -0.272858 99.818442 0.133279 4.249509 0.001820 
287 0.257557 0.000000 -0.363811 99.755161 0.096113 5.568960 0.001789 
288 0.355251 0.000000 -0.272858 100.375222 0.092059 5.174036 -0.010196 
289 0.208710 0.000000 -0.136429 99.132843 -0.144817 -3.524152 0.016024 
290 0.208710 0.000000 -0.181905 98.602963 0.021382 0.291138 0.027737 
291 0.257557 0.000000 -0.136429 100.394431 0.154145 -2.937613 -0.008770 
292 0.135439 0.000000 -0.113691 95.604850 -0.010821 -5.804415 0.082602 
293 0.135439 0.000000 -0.136429 96.474957 -0.113725 -2.423950 0.068669 
294 0.159863 0.000000 -0.113691 96.962727 -0.146030 -6.697579 0.055335 
295 0.123228 0.000000 -0.079584 90.349903 0.046109 -14.865211 0.161592 
296 0.111016 0.000000 -0.079584 90.193256 0.006695 -14.804114 0.164601 
297 0.123228 0.000000 -0.090953 90.175408 0.034220 -14.953974 0.164477 
298 0.135439 0.000000 -0.079584 92.086116 0.039554 -14.893512 0.129833 
299 0.123228 0.000000 -0.068215 90.178501 0.030557 -14.954685 0.164419 
300 0.208710 0.000000 0.045476 94.990137 -0.044242 5.380366 0.094792 
301 0.257557 0.000000 0.045476 81.676304 -0.045451 4.108936 0.331210 
302 0.208710 0.000000 0.090953 102.207587 -0.098571 13.106109 -0.061817 
303 0.135439 0.000000 0.068215 95.398411 -0.125329 16.081434 0.064051 
304 0.135439 0.000000 0.045476 128.421206 -0.076691 10.788643 -0.660841 
305 0.159863 0.000000 0.068215 113.994274 -0.059399 12.591865 -0.315325 
306 0.135439 0.000000 0.090953 96.528752 -0.096676 15.657315 0.043704 
307 0.257557 0.000000 0.272858 100.719626 -0.150305 7.942327 -0.020755 
308 0.355251 0.000000 0.272858 101.095780 -0.180551 6.711775 -0.026544 
309 0.257557 0.000000 0.363811 100.390729 -0.086505 7.476521 -0.013420 
310 0.208710 0.000000 0.136429 101.341361 -0.293112 11.051728 -0.039230 
311 0.257557 0.000000 0.136429 102.293222 0.045500 9.700196 -0.055800 
312 0.208710 0.000000 0.181905 100.201617 -0.178230 9.988570 -0.014017 
313 0.135439 0.000000 0.113691 98.757789 -0.125123 12.673767 0.008626 
314 0.159863 0.000000 0.113691 99.907616 -0.268351 12.812442 -0.014576 
315 0.135439 0.000000 0.136429 99.034597 -0.231765 11.461498 0.006073 
316 0.123228 0.000000 0.079584 94.934750 -0.122783 16.031896 0.073036 
317 0.111016 0.000000 0.079584 94.868535 -0.089221 16.029302 0.074301 
318 0.123228 0.000000 0.068215 94.825504 -0.111309 15.985864 0.075256 
319 0.135439 0.000000 0.079584 96.486902 -0.095047 15.873351 0.043831 
320 0.123228 0.000000 0.090953 94.814929 -0.115237 15.983948 0.075463 
321 0.184287 0.000000 -0.068215 102.713107 0.004924 -10.318759 -0.065646 
322 0.184287 0.000000 -0.090953 97.447412 -0.040005 -12.883656 0.033801 
323 0.208710 0.000000 -0.068215 92.911398 0.043633 -8.221579 0.129988 
324 0.184287 0.000000 -0.045476 104.079780 -0.017736 -6.769815 -0.087843 
325 0.184287 0.000000 0.068215 102.827828 -0.101649 10.466538 -0.068312 
326 0.184287 0.000000 0.045476 104.120765 -0.094443 6.926917 -0.088912 
327 0.208710 0.000000 0.068215 92.899919 -0.038465 8.379830 0.129938 
328 0.184287 0.000000 0.090953 101.110870 -0.085152 13.821282 -0.041444 
329 0.452945 0.000000 -0.090953 98.853515 0.002380 2.823603 0.022001 
330 0.452945 0.000000 -0.181905 99.654367 -0.003219 1.185475 0.006760 
331 0.550639 0.000000 -0.090953 100.956122 -0.003641 5.623200 -0.022376 
332 0.452945 0.000000 0.000000 101.496752 -0.007690 6.617930 -0.034539 
333 0.306404 0.000000 -0.136429 101.670798 0.125901 -1.202948 -0.033841 
334 0.306404 0.000000 -0.181905 100.788873 0.123850 1.919384 -0.016210 
335 0.355251 0.000000 -0.136429 103.862229 0.170815 0.112606 -0.078740 
336 0.306404 0.000000 -0.090953 103.500854 0.110819 -6.294907 -0.075206 
337 0.233134 0.000000 -0.113691 100.239043 -0.005381 -6.360104 -0.008832 
338 0.208710 0.000000 -0.113691 99.907050 -0.076464 -7.067231 -0.003137 
339 0.233134 0.000000 -0.136429 99.656130 -0.013046 -3.195401 0.005844 
340 0.257557 0.000000 -0.113691 101.463328 0.013858 -10.016773 -0.039514 
341 0.233134 0.000000 -0.090953 101.598506 -0.062056 -10.031595 -0.042289 
342 0.452945 0.000000 0.090953 99.178190 -0.031137 2.819838 0.015573 
343 0.550639 0.000000 0.090953 101.119869 -0.015741 5.625008 -0.025687 
344 0.452945 0.000000 0.181905 99.972938 -0.030826 1.184353 0.000401 
345 0.306404 0.000000 0.136429 103.238073 0.002159 7.353180 -0.071217 
346 0.306404 0.000000 0.090953 105.451185 -0.010438 6.671974 -0.116447 
347 0.355251 0.000000 0.136429 105.108722 -0.060699 5.554839 -0.107870 
348 0.306404 0.000000 0.181905 101.916648 -0.112104 7.585411 -0.044455 
349 0.233134 0.000000 0.113691 102.704345 -0.109018 10.509297 -0.065864 
350 0.208710 0.000000 0.113691 102.633922 -0.147420 11.940295 -0.067631 
351 0.233134 0.000000 0.090953 104.356203 -0.064280 10.560276 -0.100174 
352 0.257557 0.000000 0.113691 104.158781 -0.047423 10.540244 -0.096015 
353 0.233134 0.000000 0.136429 101.735963 -0.131238 10.303240 -0.045638 
354 0.306404 0.000000 -0.045476 72.825417 0.191199 -2.134314 0.469187 
355 0.355251 0.000000 -0.045476 67.708915 0.004421 -1.051082 0.541440 
356 0.306404 0.000000 0.000000 73.433627 0.061030 0.029766 0.460750 
357 0.281981 0.000000 -0.113691 102.663981 0.134738 -8.234041 -0.060771 
358 0.281981 0.000000 -0.136429 101.416292 0.122561 -1.979580 -0.028920 
359 0.306404 0.000000 -0.113691 103.496662 0.100338 -6.295703 -0.075121 
360 0.281981 0.000000 -0.090953 102.441854 0.127138 -8.561413 -0.056765 
361 0.281981 0.000000 -0.068215 75.311812 0.217188 -4.583132 0.430708 
362 0.257557 0.000000 -0.068215 80.726094 0.031459 -6.182930 0.344507 
363 0.306404 0.000000 -0.068215 72.200062 0.153642 -3.131987 0.477732 
364 0.281981 0.000000 -0.045476 76.419595 0.156000 -3.131147 0.415022 
365 0.269769 0.000000 -0.102322 101.650319 0.083266 -9.762769 -0.042811 
366 0.257557 0.000000 -0.102322 101.435633 0.028285 -10.013771 -0.038946 
367 0.269769 0.000000 -0.113691 101.600752 0.103891 -10.029827 -0.042332 
368 0.281981 0.000000 -0.102322 102.447759 0.141370 -8.997967 -0.057653 
369 0.269769 0.000000 -0.090953 101.520570 0.066440 -10.022039 -0.040687 
370 0.306404 0.000000 0.045476 72.960259 0.028664 2.165890 0.467211 
371 0.355251 0.000000 0.045476 67.685534 -0.026920 1.140779 0.541737 
372 0.281981 0.000000 0.113691 104.997251 0.077275 8.685757 -0.109987 
373 0.281981 0.000000 0.090953 104.839253 0.068414 9.025996 -0.107274 
374 0.306404 0.000000 0.113691 105.429948 -0.032057 6.670864 -0.115998 
375 0.281981 0.000000 0.136429 103.156775 -0.058717 8.438942 -0.071254 
376 0.281981 0.000000 0.068215 75.306483 0.149035 4.630296 0.430747 
377 0.257557 0.000000 0.068215 80.791155 -0.039906 6.277018 0.343339 
378 0.281981 0.000000 0.045476 76.474658 0.085292 3.246613 0.414108 
379 0.306404 0.000000 0.068215 72.310176 -0.012401 3.158351 0.476126 
380 0.269769 0.000000 0.102322 104.284039 0.022522 10.274652 -0.098073 
381 0.257557 0.000000 0.102322 104.130717 -0.035801 10.537188 -0.095424 
382 0.269769 0.000000 0.090953 104.199024 0.006337 10.543462 -0.096860 
383 0.281981 0.000000 0.102322 104.895599 0.102466 9.474938 -0.109287 
384 0.269769 0.000000 0.113691 104.263198 0.047468 10.549332 -0.098211 
385 0.746027 0.000000 -1.091433 99.702980 0.021673 6.863068 0.001221 
386 0.746027 0.000000 -1.455243 99.718825 0.005595 6.907114 0.000845 
387 1.136804 0.000000 -1.091433 99.692990 0.006130 6.825616 0.001472 
388 0.550639 0.000000 -0.545716 99.682863 0.041943 6.700265 0.001843 
389 0.550639 0.000000 -0.727622 99.683848 0.029151 6.762297 0.001740 
390 0.746027 0.000000 -0.545716 99.632554 0.038975 6.688174 0.002862 
391 0.452945 0.000000 -0.272858 100.195782 0.108645 5.976592 -0.007493 
392 0.452945 0.000000 -0.363811 100.153379 0.099368 6.329338 -0.007077 
393 0.550639 0.000000 -0.272858 101.340431 -0.007671 1.078104 -0.027105 
394 0.404098 0.000000 -0.136429 97.952333 -0.001354 0.456155 0.040513 
395 0.404098 0.000000 -0.181905 101.539412 0.107256 4.749610 -0.033282 
396 0.452945 0.000000 -0.136429 99.016360 0.001420 2.252275 0.019069 
397 0.404098 0.000000 -0.090953 100.815611 0.030733 -1.309143 -0.016550 
398 0.330828 0.000000 -0.113691 103.472652 0.105448 -6.298492 -0.074627 
399 0.330828 0.000000 -0.136429 102.173580 0.136529 -1.020519 -0.044050 
400 0.355251 0.000000 -0.113691 104.516417 0.102127 -4.528127 -0.094420 
401 0.330828 0.000000 -0.090953 103.466667 0.104229 -6.298088 -0.074503 
402 0.746027 0.000000 1.091433 99.889481 -0.017215 6.889148 -0.002537 
403 1.136804 0.000000 1.091433 99.905577 -0.007593 6.800875 -0.002738 
404 0.746027 0.000000 1.455243 99.836060 -0.004808 6.918157 -0.001510 
405 0.550639 0.000000 0.545716 100.023885 -0.063060 6.710323 -0.004981 
406 0.746027 0.000000 0.545716 100.051683 -0.022738 6.639947 -0.005443 
407 0.550639 0.000000 0.727622 99.981109 -0.024759 6.886511 -0.004365 
408 0.452945 0.000000 0.272858 100.733806 -0.071558 5.787936 -0.018080 
409 0.550639 0.000000 0.272858 101.636695 -0.020441 1.077493 -0.033118 
410 0.452945 0.000000 0.363811 100.603952 -0.042466 6.449645 -0.016275 
411 0.404098 0.000000 0.136429 98.288622 -0.040331 0.453266 0.033914 
412 0.404098 0.000000 0.090953 101.485217 0.014098 2.009906 -0.030329 
413 0.452945 0.000000 0.136429 99.342142 -0.031340 2.248954 0.012608 
414 0.404098 0.000000 0.181905 102.252723 -0.110927 4.320421 -0.047430 
415 0.330828 0.000000 0.113691 105.443572 -0.047001 6.674539 -0.116290 
416 0.330828 0.000000 0.090953 105.437061 -0.048002 6.674111 -0.116152 
417 0.355251 0.000000 0.113691 106.094862 0.000123 4.859618 -0.127974 
418 0.330828 0.000000 0.136429 103.563768 0.006330 6.928008 -0.077345 
419 0.404098 0.000000 -0.045476 66.985721 0.035582 0.805974 0.551226 
420 0.452945 0.000000 -0.045476 99.417624 0.003087 4.465518 0.009620 
421 0.404098 0.000000 0.000000 68.051823 0.018371 0.003858 0.536895 
422 0.379675 0.000000 -0.113691 104.212561 0.069073 -2.093303 -0.086464 
423 0.379675 0.000000 -0.136429 103.708734 0.130080 1.721950 -0.075848 
424 0.404098 0.000000 -0.113691 100.486373 0.034445 -1.583398 -0.010002 
425 0.379675 0.000000 -0.090953 103.917105 0.064872 -2.087029 -0.080312 
426 0.330828 0.000000 -0.068215 69.352709 0.074932 -2.971157 0.518137 
427 0.355251 0.000000 -0.068215 66.439308 0.027121 -1.782198 0.558264 
428 0.330828 0.000000 -0.045476 69.901727 -0.000433 -1.890987 0.511017 
429 0.343039 0.000000 -0.102322 103.900663 0.121680 -5.972487 -0.083103 
430 0.330828 0.000000 -0.102322 103.469302 0.104765 -6.298266 -0.074558 
431 0.343039 0.000000 -0.113691 103.994305 0.114534 -5.831401 -0.084883 
432 0.355251 0.000000 -0.102322 104.620111 0.096988 -4.636522 -0.096687 
433 0.343039 0.000000 -0.090953 103.722792 0.120892 -6.314099 -0.079830 
434 0.404098 0.000000 0.045476 67.028231 -0.003775 -0.846403 0.550650 
435 0.452945 0.000000 0.045476 99.713238 -0.025918 4.465471 0.003733 
436 0.330828 0.000000 0.068215 69.491078 -0.074457 3.050633 0.516168 
437 0.330828 0.000000 0.045476 69.966780 -0.067536 1.956233 0.510082 
438 0.355251 0.000000 0.068215 66.468443 -0.035853 1.845353 0.557854 
439 0.379675 0.000000 0.113691 105.154970 0.023584 2.367854 -0.106317 
440 0.379675 0.000000 0.090953 104.803208 0.027479 2.360407 -0.098928 
441 0.404098 0.000000 0.113691 101.182950 0.015204 2.111762 -0.024245 
442 0.379675 0.000000 0.136429 104.782875 -0.071170 3.753994 -0.099355 
443 0.343039 0.000000 0.102322 105.787167 -0.017009 6.338924 -0.123111 
444 0.330828 0.000000 0.102322 105.439928 -0.047562 6.674300 -0.116213 
445 0.343039 0.000000 0.090953 105.666713 -0.024378 6.688246 -0.121019 
446 0.355251 0.000000 0.102322 106.206737 0.001376 4.968987 -0.130456 
447 0.343039 0.000000 0.113691 105.842829 -0.016862 6.193776 -0.124107 
448 1.527580 0.000000 -0.363811 99.563090 -0.020500 5.699998 0.005470 
449 1.527580 0.000000 -0.727622 99.569746 0.000505 6.528980 0.004324 
450 1.918356 0.000000 -0.363811 98.874164 0.045475 4.321339 0.020522 
451 1.527580 0.000000 0.000000 101.082419 -0.009668 3.809114 -0.023216 
452 0.941416 0.000000 -0.181905 101.682523 0.015591 4.995806 -0.036429 
453 0.941416 0.000000 -0.363811 99.367663 0.039548 6.172371 0.008797 
454 1.136804 0.000000 -0.181905 100.692828 0.008933 3.932911 -0.015451 
455 0.941416 0.000000 0.000000 102.186124 0.005544 6.248457 -0.048105 
456 0.648333 0.000000 -0.090953 101.613659 -0.000541 5.680560 -0.035760 
457 0.648333 0.000000 -0.181905 101.615793 0.007027 4.610251 -0.034702 
458 0.746027 0.000000 -0.090953 102.081299 0.009089 6.374949 -0.046123 
459 0.648333 0.000000 0.000000 101.840500 -0.001650 6.676908 -0.041607 
460 0.501792 0.000000 -0.136429 99.543443 0.001583 3.384549 0.007965 
461 0.501792 0.000000 -0.181905 100.840344 -0.001858 3.184296 -0.017891 
462 0.550639 0.000000 -0.136429 101.377801 -0.000870 5.928453 -0.031261 
463 0.501792 0.000000 -0.090953 99.561119 -0.000327 3.495397 0.007537 
464 0.428522 0.000000 -0.113691 98.168418 0.019300 -0.263075 0.036289 
465 0.428522 0.000000 -0.136429 98.982956 -0.000406 1.275786 0.020075 
466 0.452945 0.000000 -0.113691 98.889037 0.001265 2.299983 0.021567 
467 0.428522 0.000000 -0.090953 98.325915 0.017300 0.132590 0.033200 
468 0.379675 0.000000 -0.068215 65.709552 0.060206 -0.291600 0.568217 
469 0.404098 0.000000 -0.068215 97.959290 0.002007 1.062694 0.040285 
470 0.379675 0.000000 -0.045476 66.640096 0.037417 -0.220560 0.555905 
471 0.391886 0.000000 -0.102322 102.611305 0.043937 -1.895354 -0.053267 
472 0.379675 0.000000 -0.102322 104.221962 0.069672 -2.093567 -0.086661 
473 0.391886 0.000000 -0.113691 102.451501 0.043764 -1.831975 -0.049967 
474 0.404098 0.000000 -0.102322 100.573678 0.035005 -1.632067 -0.011773 
475 0.391886 0.000000 -0.090953 102.274779 0.043218 -1.751161 -0.046320 
476 0.379675 0.000000 0.068215 65.739520 0.003477 0.317607 0.567821 
477 0.379675 0.000000 0.045476 66.701121 -0.016310 0.231873 0.555091 
478 0.404098 0.000000 0.068215 98.295181 -0.036251 1.056772 0.033694 
479 1.527580 0.000000 0.363811 100.179112 -0.007651 5.157581 -0.006246 
480 1.918356 0.000000 0.363811 100.802127 -0.043460 3.761906 -0.017522 
481 1.527580 0.000000 0.727622 99.987172 -0.039226 6.401380 -0.003841 
482 0.941416 0.000000 0.181905 102.811832 -0.002209 5.014579 -0.059542 
483 1.136804 0.000000 0.181905 103.066578 -0.007580 3.985767 -0.063861 
484 0.941416 0.000000 0.363811 100.177369 -0.009638 6.222700 -0.007423 
485 0.648333 0.000000 0.090953 101.798671 -0.009840 5.689131 -0.039534 
486 0.746027 0.000000 0.090953 102.247639 -0.000341 6.382302 -0.049531 
487 0.648333 0.000000 0.181905 101.960971 -0.012508 4.620820 -0.041739 
488 0.501792 0.000000 0.136429 99.851107 -0.027569 3.387613 0.001828 
489 0.501792 0.000000 0.090953 99.839782 -0.026778 3.492500 0.001982 
490 0.550639 0.000000 0.136429 101.612649 -0.016156 5.936384 -0.036037 
491 0.501792 0.000000 0.181905 101.146071 -0.024699 3.188469 -0.024069 
492 0.428522 0.000000 0.113691 98.667052 -0.019461 1.672686 0.026201 
493 0.428522 0.000000 0.090953 98.803777 -0.020537 1.833193 0.023445 
494 0.452945 0.000000 0.113691 99.213099 -0.032183 2.298499 0.015148 
495 0.428522 0.000000 0.136429 99.308342 -0.032106 1.272101 0.013623 
496 0.391886 0.000000 0.102322 103.392633 0.028668 2.210788 -0.069492 
497 0.379675 0.000000 0.102322 105.162946 0.023468 2.368072 -0.106485 
498 0.391886 0.000000 0.090953 103.035526 0.022468 2.103252 -0.062074 
499 0.404098 0.000000 0.102322 101.277778 0.016480 2.133248 -0.026174 
500 0.391886 0.000000 0.113691 103.224165 0.025742 2.163352 -0.065991 
501 1.332192 0.000000 -0.181905 101.087956 -0.010191 2.794284 -0.022658 
502 1.332192 0.000000 -0.363811 99.708185 -0.005775 5.736278 0.002537 
503 1.527580 0.000000 -0.181905 101.096510 0.000890 3.330336 -0.023160 
504 1.332192 0.000000 0.000000 100.699013 -0.020339 3.735365 -0.015424 
505 1.332192 0.000000 0.181905 100.862391 -0.042877 2.418813 -0.017907 
506 1.527580 0.000000 0.181905 101.386428 -0.025374 2.784300 -0.028696 
507 1.332192 0.000000 0.363811 100.194110 -0.027651 5.343208 -0.006741 
508 1.234498 0.000000 -0.090953 98.576372 -0.011963 1.208597 0.028124 
509 1.136804 0.000000 -0.090953 100.423184 0.000059 4.397333 -0.010415 
510 1.234498 0.000000 -0.181905 100.137797 0.001949 0.664798 -0.002802 
511 1.332192 0.000000 -0.090953 99.584043 -0.013985 2.015261 0.007896 
512 1.234498 0.000000 0.000000 78.242751 -0.016395 0.642585 0.387766 
513 1.234498 0.000000 0.090953 99.655601 -0.019464 1.172973 0.006739 
514 1.136804 0.000000 0.090953 101.474463 -0.006666 4.397744 -0.031641 
515 1.332192 0.000000 0.090953 99.931789 -0.033024 1.945828 0.000985 
516 1.234498 0.000000 0.181905 101.495733 -0.010821 0.661371 -0.030182 
517 4.263014 0.000000 -8.731461 99.754702 0.003224 6.970796 0.000041 
518 4.263014 0.000000 -11.641948 99.755342 0.002322 6.973104 0.000025 
519 7.389224 0.000000 -8.731461 99.755535 0.004019 6.969948 0.000025 
520 2.699909 0.000000 -4.365730 99.751330 0.008219 6.957463 0.000127 
521 2.699909 0.000000 -5.820974 99.751896 0.004077 6.965724 0.000104 
522 4.263014 0.000000 -4.365730 99.752261 0.007487 6.952763 0.000115 
523 1.918356 0.000000 -2.182865 99.736291 0.009199 6.910545 0.000492 
524 1.918356 0.000000 -2.910487 99.744002 0.014043 6.941207 0.000295 
525 2.699909 0.000000 -2.182865 99.737914 0.012149 6.889907 0.000488 
526 1.527580 0.000000 -1.091433 99.662674 0.013573 6.766165 0.002157 
527 1.527580 0.000000 -1.455243 99.702178 0.009433 6.858369 0.001244 
528 1.918356 0.000000 -1.091433 99.655978 0.017454 6.690978 0.002392 
529 1.332192 0.000000 -0.545716 99.602400 0.013283 6.336073 0.003922 
530 1.136804 0.000000 -0.545716 99.550808 0.022005 6.408296 0.004857 
531 1.332192 0.000000 -0.727622 99.628968 -0.000286 6.601239 0.003049 
532 1.527580 0.000000 -0.545716 99.523348 0.011330 6.294935 0.005548 
533 1.234498 0.000000 -0.272858 99.842457 -0.019628 4.900771 0.000747 
534 1.136804 0.000000 -0.272858 101.061071 0.010507 0.936283 -0.021422 
535 1.234498 0.000000 -0.363811 99.626300 -0.008853 5.685354 0.004228 
536 1.332192 0.000000 -0.272858 101.096337 -0.016646 0.325294 -0.022058 
537 10.515434 0.000000 -2.910487 99.758819 0.013457 6.932659 0.000012 
538 10.515434 0.000000 -5.820974 99.756543 0.006934 6.962981 0.000015 
539 13.641644 0.000000 -2.910487 99.758794 0.012868 6.937621 0.000005 
540 10.515434 0.000000 0.000000 99.868307 0.071042 5.372696 -0.000255 
541 5.826119 0.000000 -1.455243 99.765934 0.019436 6.794094 0.000060 
542 5.826119 0.000000 -2.910487 99.756447 0.013468 6.923500 0.000072 
543 7.389224 0.000000 -1.455243 99.766285 0.025542 6.815308 0.000024 
544 5.826119 0.000000 0.000000 100.071049 0.111246 2.456191 -0.002026 
545 3.481461 0.000000 -0.727622 99.789607 0.049873 6.160721 0.000408 
546 3.481461 0.000000 -1.455243 99.750768 0.023962 6.759697 0.000409 
547 4.263014 0.000000 -0.727622 99.797642 0.054190 6.257917 0.000127 
548 3.481461 0.000000 0.000000 100.133432 0.197427 1.376840 -0.002864 
549 2.309132 0.000000 -0.363811 99.402563 0.063929 3.811615 0.010460 
550 2.309132 0.000000 -0.727622 99.625958 0.041813 6.100942 0.003745 
551 2.699909 0.000000 -0.363811 99.874196 0.077133 3.985895 0.000925 
552 2.309132 0.000000 0.000000 135.059126 0.324085 1.176685 -0.824246 
553 1.722968 0.000000 -0.181905 100.905263 0.032793 3.527780 -0.019432 
554 1.722968 0.000000 -0.363811 98.872707 0.008728 5.421492 0.019480 
555 1.918356 0.000000 -0.181905 100.818712 0.080319 3.444948 -0.017629 
556 1.722968 0.000000 0.000000 101.678836 0.055318 3.718208 -0.035241 
557 1.429886 0.000000 -0.090953 100.889660 -0.012933 2.643405 -0.018571 
558 1.429886 0.000000 -0.181905 101.033543 -0.005989 2.639136 -0.021474 
559 1.527580 0.000000 -0.090953 101.099710 -0.001540 3.010269 -0.023021 
560 1.429886 0.000000 0.000000 100.698649 -0.020336 3.736178 -0.015418 
561 1.283345 0.000000 -0.136429 99.062504 -0.014992 1.520592 0.018431 
562 1.234498 0.000000 -0.136429 98.788479 -0.010465 1.097662 0.023963 
563 1.283345 0.000000 -0.181905 99.747610 -0.015356 1.176942 0.004903 
564 1.332192 0.000000 -0.136429 99.724722 -0.012846 2.387148 0.004928 
565 1.283345 0.000000 -0.090953 98.788143 -0.014994 1.569752 0.023844 
566 10.515434 0.000000 2.910487 99.763391 -0.021520 6.879460 -0.000006 
567 13.641644 0.000000 2.910487 99.764692 -0.023985 6.858518 -0.000003 
568 10.515434 0.000000 5.820974 99.758249 -0.009008 6.956685 -0.000010 
569 5.826119 0.000000 1.455243 99.782668 -0.050753 6.609740 -0.000027 
570 7.389224 0.000000 1.455243 99.787776 -0.046886 6.532025 -0.000027 
571 5.826119 0.000000 2.910487 99.763861 -0.017632 6.901457 -0.000046 
572 3.481461 0.000000 0.727622 99.844390 -0.078571 5.654182 -0.000088 
573 4.263014 0.000000 0.727622 99.865501 -0.085392 5.399217 -0.000228 
574 3.481461 0.000000 1.455243 99.780681 -0.036540 6.691930 -0.000097 
575 2.309132 0.000000 0.363811 99.427183 -0.146526 3.379996 0.010279 
576 2.699909 0.000000 0.363811 99.997955 -0.128616 3.019838 -0.000873 
577 2.309132 0.000000 0.727622 99.853071 -0.060807 5.850868 -0.000487 
578 1.722968 0.000000 0.181905 102.291658 0.047606 3.050235 -0.047289 
579 1.918356 0.000000 0.181905 102.861614 0.219099 2.959501 -0.058932 
580 1.722968 0.000000 0.363811 100.498887 -0.042708 4.751489 -0.012260 
581 1.429886 0.000000 0.090953 100.929715 -0.036934 2.516823 -0.019314 
582 1.527580 0.000000 0.090953 101.334472 -0.019764 2.880648 -0.027697 
583 1.429886 0.000000 0.181905 101.025897 -0.038607 2.358246 -0.021179 
584 4.263014 0.000000 8.731461 99.758759 -0.003737 6.969998 -0.000039 
585 7.389224 0.000000 8.731461 99.758000 -0.004761 6.968643 -0.000022 
586 4.263014 0.000000 11.641948 99.757826 -0.002670 6.972720 -0.000024 
587 2.699909 0.000000 4.365730 99.769513 -0.010582 6.952629 -0.000229 
588 4.263014 0.000000 4.365730 99.763075 -0.008997 6.948043 -0.000095 
589 2.699909 0.000000 5.820974 99.762365 -0.004894 6.964151 -0.000103 
590 1.918356 0.000000 2.182865 99.799213 -0.008995 6.889057 -0.000734 
591 2.699909 0.000000 2.182865 99.780943 -0.016076 6.867044 -0.000339 
592 1.918356 0.000000 2.910487 99.788248 -0.015379 6.926791 -0.000568 
593 1.527580 0.000000 1.091433 99.904280 -0.014505 6.697018 -0.002572 
594 1.918356 0.000000 1.091433 99.878770 -0.021244 6.580647 -0.001907 
595 1.527580 0.000000 1.455243 99.846440 -0.011395 6.813880 -0.001574 
596 1.332192 0.000000 0.545716 100.104335 -0.038763 6.163046 -0.005886 
597 1.136804 0.000000 0.545716 100.126700 -0.014071 6.372373 -0.006596 
598 1.527580 0.000000 0.545716 100.090427 -0.034370 6.006112 -0.005417 
599 1.332192 0.000000 0.727622 99.999492 -0.014377 6.493997 -0.004207 
600 1.234498 0.000000 0.272858 100.617378 -0.031506 4.778392 -0.014669 
601 1.136804 0.000000 0.272858 102.689673 -0.009387 0.932138 -0.054604 
602 1.332192 0.000000 0.272858 101.067698 -0.067156 0.310390 -0.021478 
603 1.234498 0.000000 0.363811 100.344273 -0.027097 5.564488 -0.009994 
604 1.283345 0.000000 0.136429 99.568684 -0.031092 1.364009 0.008422 
605 1.234498 0.000000 0.136429 99.869570 -0.019207 1.070548 0.002492 
606 1.283345 0.000000 0.090953 99.373051 -0.027455 1.437489 0.012293 
607 1.332192 0.000000 0.136429 99.930060 -0.032592 2.188491 0.000919 
608 1.283345 0.000000 0.181905 100.054901 -0.042781 1.071140 -0.001213 
609 2.113744 0.000000 -0.181905 101.744500 0.110856 4.730959 -0.037434 
610 2.113744 0.000000 -0.363811 99.527053 0.060246 4.206641 0.007667 
611 2.309132 0.000000 -0.181905 98.245443 0.094446 -0.123969 0.034781 
612 2.113744 0.000000 0.000000 96.912488 -0.055093 -0.729186 0.060743 
613 2.113744 0.000000 0.181905 100.560892 -0.054788 -2.203941 -0.011735 
614 2.309132 0.000000 0.181905 97.919934 -0.184151 3.638083 0.039842 
615 2.113744 0.000000 0.363811 100.037964 -0.090942 2.939380 -0.001624 
616 2.016050 0.000000 -0.090953 100.575986 0.331780 2.606885 -0.012243 
617 1.918356 0.000000 -0.090953 101.296468 0.116195 3.271368 -0.027169 
618 2.016050 0.000000 -0.181905 100.285422 0.137875 1.435299 -0.005924 
619 2.113744 0.000000 -0.090953 109.187480 0.166985 11.498005 -0.205414 
620 2.016050 0.000000 0.000000 101.917058 0.141293 3.486341 -0.039926 
621 2.016050 0.000000 0.090953 102.257240 0.032283 2.057615 -0.046078 
622 1.918356 0.000000 0.090953 102.468404 0.164152 3.128393 -0.050959 
623 2.113744 0.000000 0.090953 104.753331 0.045234 -10.930909 -0.109275 
624 2.016050 0.000000 0.181905 102.705857 0.265117 1.273104 -0.055018 
625 2.309132 0.000000 -1.091433 99.682329 0.033520 6.619556 0.001961 
626 2.309132 0.000000 -1.455243 99.710261 0.017551 6.785842 0.001182 
627 2.699909 0.000000 -1.091433 99.720819 0.030633 6.588254 0.001235 
628 2.113744 0.000000 -0.545716 99.405601 0.076701 5.486019 0.008842 
629 1.918356 0.000000 -0.545716 99.236988 0.019491 5.693202 0.011961 
630 2.113744 0.000000 -0.727622 99.570096 0.052434 6.167281 0.004776 
631 2.309132 0.000000 -0.545716 99.569751 0.091151 5.389165 0.005681 
632 2.016050 0.000000 -0.272858 99.631356 0.049120 2.944070 0.006492 
633 1.918356 0.000000 -0.272858 100.017174 0.100635 2.478697 -0.000959 
634 2.016050 0.000000 -0.363811 99.323127 0.054593 4.062171 0.011841 
635 2.113744 0.000000 -0.272858 99.720398 0.093429 3.678794 0.004230 
636 3.090685 0.000000 -0.363811 99.892709 0.102016 4.249157 0.000338 
637 3.090685 0.000000 -0.727622 99.771224 0.051745 6.110239 0.000837 
638 3.481461 0.000000 -0.363811 99.908682 0.080785 4.494021 -0.000195 
639 3.090685 0.000000 0.000000 100.121825 0.227507 1.279379 -0.002607 
640 2.504521 0.000000 -0.181905 100.368441 0.101211 1.633165 -0.007650 
641 2.504521 0.000000 -0.363811 99.750805 0.136466 3.747960 0.003571 
642 2.699909 0.000000 -0.181905 100.084033 0.156845 2.082753 -0.002118 
643 2.504521 0.000000 0.000000 101.235014 0.237231 1.121636 -0.024984 
644 2.211438 0.000000 -0.090953 90.569303 0.173746 16.423785 0.152743 
645 2.211438 0.000000 -0.181905 97.143461 0.186541 4.340592 0.054427 
646 2.309132 0.000000 -0.090953 106.971460 0.230012 -14.810625 -0.166230 
647 2.211438 0.000000 0.000000 142.865505 0.064187 -0.153307 -1.041058 
648 2.064897 0.000000 -0.136429 100.360319 0.199539 1.036193 -0.007331 
649 2.016050 0.000000 -0.136429 100.433744 0.360984 2.987686 -0.009599 
650 2.064897 0.000000 -0.181905 102.090499 0.076673 2.713578 -0.042984 
651 2.113744 0.000000 -0.136429 105.458815 0.194342 7.151845 -0.117275 
652 2.064897 0.000000 -0.090953 101.580560 0.316757 4.065471 -0.033524 
653 3.090685 0.000000 0.363811 100.012748 -0.121943 2.614439 -0.000940 
654 3.481461 0.000000 0.363811 100.074130 -0.140050 2.284600 -0.002007 
655 3.090685 0.000000 0.727622 99.828528 -0.076006 5.750289 0.000119 
656 2.504521 0.000000 0.181905 100.445325 -0.174067 1.846238 -0.009270 
657 2.699909 0.000000 0.181905 100.216130 -0.115431 1.367271 -0.004516 
658 2.504521 0.000000 0.363811 99.826948 -0.090104 3.416760 0.002290 
659 2.211438 0.000000 0.090953 88.354509 -0.012560 -15.947307 0.193916 
660 2.309132 0.000000 0.090953 106.588847 0.089056 18.072570 -0.168781 
661 2.211438 0.000000 0.181905 96.406868 -0.067945 -1.254212 0.070414 
662 2.309132 0.000000 1.091433 99.831102 -0.038700 6.507765 -0.000860 
663 2.699909 0.000000 1.091433 99.798048 -0.041144 6.487181 -0.000174 
664 2.309132 0.000000 1.455243 99.809211 -0.022715 6.730378 -0.000718 
665 2.113744 0.000000 0.545716 99.875321 -0.041084 5.046773 -0.000055 
666 1.918356 0.000000 0.545716 100.119092 -0.056912 5.382575 -0.005281 
667 2.309132 0.000000 0.545716 99.728082 -0.056796 5.020470 0.002910 
668 2.113744 0.000000 0.727622 99.952107 -0.030425 5.900051 -0.002524 
669 2.016050 0.000000 0.272858 100.880158 -0.048227 1.869351 -0.018030 
670 1.918356 0.000000 0.272858 103.390342 0.215246 2.225273 -0.069456 
671 2.113744 0.000000 0.272858 99.915010 -0.079613 1.101765 0.001577 
672 2.016050 0.000000 0.363811 100.517390 -0.058234 3.308159 -0.011469 
673 2.064897 0.000000 0.136429 102.416645 0.152309 0.809714 -0.048985 
674 2.016050 0.000000 0.136429 102.331955 0.013665 2.357214 -0.047739 
675 2.064897 0.000000 0.090953 102.103221 0.158342 -1.779154 -0.042826 
676 2.113744 0.000000 0.136429 102.491537 0.033621 -5.687457 -0.053686 
677 2.064897 0.000000 0.181905 101.316474 0.002863 -0.770329 -0.026562 
678 2.211438 0.000000 -0.272858 98.605474 0.119949 3.539531 0.026442 
679 2.211438 0.000000 -0.363811 99.378522 0.079769 4.121170 0.010692 
680 2.309132 0.000000 -0.272858 98.912594 0.108233 2.444891 0.021031 
681 2.162591 0.000000 -0.136429 100.024227 0.188145 9.183209 -0.008921 
682 2.162591 0.000000 -0.181905 99.474617 0.162746 5.547573 0.007400 
683 2.211438 0.000000 -0.136429 94.799392 0.181507 7.106823 0.096254 
684 2.162591 0.000000 -0.090953 100.558452 0.124631 15.796264 -0.036154 
685 2.064897 0.000000 -0.045476 100.375542 0.207076 0.976633 -0.007625 
686 2.016050 0.000000 -0.045476 100.821308 0.342744 3.643713 -0.017833 
687 2.113744 0.000000 -0.045476 93.766054 -0.057202 3.451396 0.119601 
688 2.064897 0.000000 0.000000 90.168381 -0.006041 -0.595032 0.186931 
689 2.089321 0.000000 -0.113691 107.445393 0.209766 5.836338 -0.157862 
690 2.064897 0.000000 -0.113691 103.267073 0.271232 4.915127 -0.068832 
691 2.089321 0.000000 -0.136429 100.576532 0.177471 0.280490 -0.011575 
692 2.113744 0.000000 -0.113691 109.256827 0.167258 11.353970 -0.206599 
693 2.089321 0.000000 -0.090953 107.171466 0.211108 5.653956 -0.151773 
694 2.064897 0.000000 0.045476 102.340929 0.160196 0.757872 -0.047427 
695 2.016050 0.000000 0.045476 102.390095 -0.038492 3.155611 -0.049369 
696 2.113744 0.000000 0.045476 96.307994 -0.048780 -4.962349 0.070014 
697 2.211438 0.000000 0.272858 98.457609 -0.085198 1.457871 0.030397 
698 2.309132 0.000000 0.272858 98.834501 -0.134504 2.683452 0.022452 
699 2.211438 0.000000 0.363811 99.541344 -0.098479 3.031470 0.008232 
700 2.162591 0.000000 0.136429 98.131044 -0.105805 -7.284146 0.031723 
701 2.162591 0.000000 0.090953 97.914514 -0.084586 -15.289286 0.017898 
702 2.211438 0.000000 0.136429 93.486724 -0.105167 -4.933841 0.123588 
703 2.162591 0.000000 0.181905 98.512433 -0.064926 -2.667631 0.028818 
704 2.089321 0.000000 0.113691 103.963275 0.217045 -5.211535 -0.083557 
705 2.064897 0.000000 0.113691 102.382629 0.219497 -3.529628 -0.049471 
706 2.089321 0.000000 0.090953 103.897566 0.214637 -4.973161 -0.081948 
707 2.113744 0.000000 0.113691 104.806794 0.047460 -10.791064 -0.110091 
708 2.089321 0.000000 0.136429 101.973284 0.315418 0.218420 -0.039870 
709 2.162591 0.000000 -0.045476 112.641419 -0.059868 7.892786 -0.275039 
710 2.211438 0.000000 -0.045476 142.633019 0.044891 11.058295 -1.046647 
711 2.162591 0.000000 0.000000 115.215574 -0.080834 -0.542132 -0.327493 
712 2.138168 0.000000 -0.113691 104.667479 0.137992 15.527686 -0.119641 
713 2.138168 0.000000 -0.136429 102.737201 0.212363 8.891319 -0.063403 
714 2.162591 0.000000 -0.113691 100.398197 0.149899 12.409024 -0.023380 
715 2.138168 0.000000 -0.090953 104.258888 0.132433 15.466899 -0.110916 
716 2.089321 0.000000 -0.068215 100.576107 0.177648 0.282486 -0.011566 
717 2.064897 0.000000 -0.068215 100.149449 0.471163 3.155464 -0.004009 
718 2.113744 0.000000 -0.068215 90.430226 -0.012096 5.618746 0.179080 
719 2.089321 0.000000 -0.045476 88.942142 0.029847 1.261134 0.208770 
720 2.101533 0.000000 -0.102322 109.994062 0.181083 8.118860 -0.216464 
721 2.089321 0.000000 -0.102322 108.579090 0.201705 6.256451 -0.182860 
722 2.101533 0.000000 -0.113691 110.119101 0.180264 7.657046 -0.218488 
723 2.113744 0.000000 -0.102322 109.156095 0.165570 11.987921 -0.205879 
724 2.101533 0.000000 -0.090953 110.217450 0.179323 8.235108 -0.221574 
725 2.162591 0.000000 0.045476 114.166196 0.030452 -8.893634 -0.311302 
726 2.211438 0.000000 0.045476 143.820574 0.072635 -11.479344 -1.081614 
727 2.089321 0.000000 0.068215 101.973521 0.315003 0.219962 -0.039875 
728 2.064897 0.000000 0.068215 102.471825 -0.126951 2.438110 -0.050644 
729 2.089321 0.000000 0.045476 92.007561 0.030295 -2.972201 0.152577 
730 2.113744 0.000000 0.068215 94.562614 -0.010848 -7.001878 0.100889 
731 2.138168 0.000000 0.113691 101.404119 -0.061262 -14.941733 -0.050605 
732 2.138168 0.000000 0.090953 101.108048 -0.064155 -14.898691 -0.044481 
733 2.162591 0.000000 0.113691 98.006846 -0.143137 -11.371487 0.026533 
734 2.138168 0.000000 0.136429 100.461708 -0.020692 -7.137893 -0.014350 
735 2.101533 0.000000 0.102322 105.313842 0.127292 -7.657767 -0.114966 
736 2.089321 0.000000 0.102322 104.531361 0.198042 -5.728900 -0.095966 
737 2.101533 0.000000 0.090953 105.490007 0.118594 -7.768509 -0.118851 
738 2.113744 0.000000 0.102322 104.725755 0.041637 -11.399596 -0.109744 
739 2.101533 0.000000 0.113691 105.485157 0.132603 -7.210552 -0.117913 
740 2.138168 0.000000 -0.068215 99.224987 -0.063029 9.183454 0.007006 
741 2.162591 0.000000 -0.068215 110.002571 -0.043455 12.111429 -0.224725 
742 2.138168 0.000000 -0.045476 101.731139 -0.071414 5.847540 -0.038342 
743 2.125956 0.000000 -0.102322 105.990759 0.158288 15.401759 -0.147128 
744 2.125956 0.000000 -0.113691 106.849852 0.156983 14.669775 -0.163212 
745 2.138168 0.000000 -0.102322 104.430056 0.134706 15.492342 -0.114567 
746 2.125956 0.000000 -0.090953 106.716371 0.156329 14.762018 -0.160633 
747 2.138168 0.000000 0.068215 102.170824 -0.018288 -10.299145 -0.054495 
748 2.138168 0.000000 0.045476 103.748245 -0.029883 -7.116469 -0.081434 
749 2.162591 0.000000 0.068215 112.287620 -0.061903 -13.054687 -0.277894 
750 2.125956 0.000000 0.102322 102.346939 -0.045908 -14.769885 -0.069305 
751 2.125956 0.000000 0.090953 102.897859 -0.024857 -14.134418 -0.078775 
752 2.138168 0.000000 0.102322 101.232278 -0.062935 -14.916729 -0.047049 
753 2.125956 0.000000 0.113691 102.997276 -0.021940 -14.041593 -0.080561 
754 2.406827 0.000000 -0.090953 102.745042 0.057178 -0.704694 -0.055704 
755 2.406827 0.000000 -0.181905 100.345697 0.161633 0.619574 -0.006967 
756 2.504521 0.000000 -0.090953 100.902391 0.175827 1.041308 -0.018241 
757 2.406827 0.000000 0.000000 105.171098 0.094317 1.138471 -0.106226 
758 2.260285 0.000000 -0.136429 92.314793 0.207625 0.075667 0.147793 
759 2.260285 0.000000 -0.181905 96.473782 0.132934 1.653868 0.069006 
760 2.309132 0.000000 -0.136429 98.319061 0.120756 -4.180047 0.031587 
761 2.260285 0.000000 -0.090953 75.190208 0.310272 12.454119 0.419123 
762 2.187015 0.000000 -0.113691 97.005387 0.153102 12.159472 0.044208 
763 2.187015 0.000000 -0.136429 97.377130 0.171682 8.640897 0.044300 
764 2.211438 0.000000 -0.113691 92.372524 0.173220 10.516116 0.135670 
765 2.187015 0.000000 -0.090953 94.455140 0.141378 17.290872 0.077923 
766 2.150380 0.000000 -0.102322 103.135312 0.122567 15.300111 -0.087100 
767 2.150380 0.000000 -0.113691 103.578978 0.123871 15.366023 -0.096473 
768 2.162591 0.000000 -0.102322 100.650216 0.125304 15.958834 -0.038517 
769 2.150380 0.000000 -0.090953 102.403751 0.123089 15.482906 -0.072626 
770 2.406827 0.000000 0.090953 102.747577 -0.068277 3.296575 -0.056794 
771 2.504521 0.000000 0.090953 100.968296 0.041839 1.504955 -0.019686 
772 2.406827 0.000000 0.181905 100.343221 -0.136164 2.867635 -0.007700 
773 2.260285 0.000000 0.136429 91.254211 -0.036097 2.613597 0.166584 
774 2.260285 0.000000 0.090953 72.568473 -0.041337 -11.958308 0.459081 
775 2.309132 0.000000 0.136429 97.839921 -0.112233 7.302756 0.037401 
776 2.260285 0.000000 0.181905 95.931895 -0.136102 1.689794 0.079420 
777 2.187015 0.000000 0.113691 95.054939 -0.137719 -10.854551 0.084672 
778 2.187015 0.000000 0.090953 92.139740 -0.072264 -16.786523 0.122848 
779 2.211438 0.000000 0.113691 90.547208 -0.115487 -9.009796 0.172001 
780 2.187015 0.000000 0.136429 95.783972 -0.131778 -6.591988 0.078196 
781 2.150380 0.000000 0.102322 100.248597 -0.072323 -14.773905 -0.026805 
782 2.150380 0.000000 0.090953 99.583373 -0.075744 -14.960606 -0.014067 
783 2.162591 0.000000 0.102322 97.976915 -0.083072 -15.443442 0.016202 
784 2.150380 0.000000 0.113691 100.612937 -0.069074 -14.826977 -0.034281 
785 2.260285 0.000000 -0.045476 174.065665 0.158720 1.680912 -2.030171 
786 2.309132 0.000000 -0.045476 130.315642 0.284358 -11.662722 -0.711827 
787 2.260285 0.000000 0.000000 161.929791 0.138415 0.515861 -1.622154 
788 2.187015 0.000000 -0.068215 123.574239 0.000265 15.416888 -0.550827 
789 2.211438 0.000000 -0.068215 142.385467 0.057197 18.547132 -1.061762 
790 2.187015 0.000000 -0.045476 126.281470 -0.036252 9.882762 -0.604468 
791 2.174803 0.000000 -0.102322 97.404675 0.133171 16.807651 0.022981 
792 2.174803 0.000000 -0.113691 98.791088 0.154714 12.381492 0.008700 
793 2.187015 0.000000 -0.102322 94.479826 0.140656 17.295413 0.077441 
794 2.174803 0.000000 -0.090953 96.990072 0.134692 16.931390 0.030624 
795 2.260285 0.000000 0.045476 176.069632 0.137861 -0.700861 -2.100103 
796 2.309132 0.000000 0.045476 130.718714 0.296139 14.393248 -0.729464 
797 2.187015 0.000000 0.068215 125.291035 0.049876 -16.093216 -0.595684 
798 2.187015 0.000000 0.045476 127.442505 0.035467 -10.613491 -0.635424 
799 2.211438 0.000000 0.068215 144.048361 0.074492 -19.127738 -1.111581 
800 2.174803 0.000000 0.102322 94.935618 -0.089988 -16.296361 0.072165 
801 2.174803 0.000000 0.090953 94.541583 -0.091374 -16.419489 0.079228 
802 2.187015 0.000000 0.102322 92.165729 -0.079515 -16.791389 0.122352 
803 2.174803 0.000000 0.113691 96.638602 -0.147286 -11.150224 0.053663 
804 2.235862 0.000000 -0.068215 78.469211 0.247770 12.996848 0.367360 
805 2.235862 0.000000 -0.090953 79.532851 0.242203 13.172726 0.350095 
806 2.260285 0.000000 -0.068215 73.841113 0.348000 12.231120 0.439777 
807 2.235862 0.000000 -0.045476 159.617048 0.099428 9.908445 -1.557579 
808 2.235862 0.000000 -0.113691 88.761628 0.206642 6.083563 0.208432 
809 2.235862 0.000000 -0.136429 92.758080 0.184651 4.187445 0.137837 
810 2.260285 0.000000 -0.113691 86.064029 0.243558 -1.075348 0.259177 
811 2.223650 0.000000 -0.079584 84.683669 0.214956 14.601440 0.261543 
812 2.211438 0.000000 -0.079584 90.167564 0.177423 16.307379 0.160385 
813 2.223650 0.000000 -0.090953 84.701069 0.216158 14.506769 0.261524 
814 2.235862 0.000000 -0.079584 79.403696 0.242731 13.151384 0.352204 
815 2.223650 0.000000 -0.068215 152.382611 0.063888 17.161734 -1.351499 
816 2.235862 0.000000 0.068215 75.957298 -0.032744 -12.516707 0.407382 
817 2.235862 0.000000 0.045476 161.056249 0.094318 -9.869109 -1.603652 
818 2.260285 0.000000 0.068215 71.170976 -0.058059 -11.726772 0.479717 
819 2.235862 0.000000 0.090953 77.058762 -0.035826 -12.697420 0.390072 
820 2.235862 0.000000 0.113691 87.064131 -0.046356 -4.284053 0.240148 
821 2.260285 0.000000 0.113691 84.384929 0.009484 3.404085 0.286760 
822 2.235862 0.000000 0.136429 91.576272 -0.079176 -1.806434 0.161052 
823 2.223650 0.000000 0.079584 82.361498 -0.028287 -14.132375 0.301686 
824 2.211438 0.000000 0.079584 87.947897 -0.014738 -15.831567 0.201453 
825 2.223650 0.000000 0.068215 154.181666 0.074130 -17.529342 -1.407927 
826 2.235862 0.000000 0.079584 76.924550 -0.035750 -12.675383 0.392195 
827 2.223650 0.000000 0.090953 82.388607 -0.029475 -14.041601 0.301495 
828 2.357979 0.000000 -0.045476 110.355920 0.233331 -2.293083 -0.218374 
829 2.357979 0.000000 -0.090953 105.251222 0.110683 -3.299334 -0.108872 
830 2.406827 0.000000 -0.045476 104.521000 0.064788 -0.087368 -0.092465 
831 2.357979 0.000000 0.000000 112.347902 0.259490 1.187332 -0.262353 
832 2.284709 0.000000 -0.068215 153.927326 0.269829 -45.823561 -1.579349 
833 2.284709 0.000000 -0.090953 91.073597 0.273366 -31.064126 0.074055 
834 2.309132 0.000000 -0.068215 120.053749 0.284837 -17.157651 -0.470737 
835 2.284709 0.000000 -0.045476 158.183450 0.275314 -15.143916 -1.525142 
836 2.248074 0.000000 -0.079584 76.860540 0.270436 12.730531 0.393032 
837 2.248074 0.000000 -0.090953 77.140496 0.267416 12.776885 0.388602 
838 2.260285 0.000000 -0.079584 74.347682 0.333327 12.314796 0.432066 
839 2.248074 0.000000 -0.068215 76.270508 0.281682 12.632871 0.402314 
840 2.357979 0.000000 0.045476 110.321332 0.214086 4.779087 -0.219368 
841 2.406827 0.000000 0.045476 104.523546 0.071154 2.432973 -0.093110 
842 2.357979 0.000000 0.090953 105.172257 0.007279 6.025155 -0.109751 
843 2.284709 0.000000 0.068215 155.698557 0.219518 50.230939 -1.676524 
844 2.284709 0.000000 0.045476 159.646613 0.295935 17.652779 -1.579875 
845 2.309132 0.000000 0.068215 120.169194 0.213112 20.343508 -0.485454 
846 2.284709 0.000000 0.090953 89.496713 0.106378 34.930017 0.077022 
847 2.248074 0.000000 0.079584 74.298517 -0.029761 -12.244091 0.432981 
848 2.248074 0.000000 0.068215 73.688724 -0.031307 -12.143611 0.442250 
849 2.260285 0.000000 0.079584 71.695347 -0.050732 -11.813743 0.472021 
850 2.248074 0.000000 0.090953 74.586758 -0.031112 -12.291380 0.428574 
851 -8.241827 0.000000 -8.731461 99.755842 0.000467 6.975558 0.000011 
852 -11.368037 0.000000 -8.731461 99.756089 0.000306 6.975650 0.000006 
853 -8.241827 0.000000 -11.641948 99.755906 0.000528 6.975490 0.000010 
854 10.515434 0.000000 -8.731461 99.756100 0.004443 6.969819 0.000014 
855 10.515434 0.000000 -11.641948 99.756025 0.003169 6.972398 0.000012 
856 13.641644 0.000000 -8.731461 99.756393 0.004626 6.969957 0.000008 
857 -8.241827 0.000000 8.731461 99.757029 -0.000569 6.975582 -0.000012 
858 -11.368037 0.000000 8.731461 99.756756 -0.000388 6.975662 -0.000007 
859 -8.241827 0.000000 11.641948 99.756971 -0.000626 6.975497 -0.000011 
860 -3.552511 0.000000 -4.365730 99.754082 0.000785 6.975208 0.000047 
861 -5.115617 0.000000 -4.365730 99.755091 0.000526 6.975626 0.000026 
862 -3.552511 0.000000 -5.820974 99.754400 0.000907 6.974929 0.000041 
863 10.515434 0.000000 8.731461 99.757518 -0.005431 6.967916 -0.000011 
864 13.641644 0.000000 8.731461 99.757290 -0.005873 6.967389 -0.000006 
865 10.515434 0.000000 11.641948 99.757215 -0.003769 6.971563 -0.000010 
866 5.826119 0.000000 -4.365730 99.754785 0.008558 6.951957 0.000065 
867 5.826119 0.000000 -5.820974 99.754742 0.006002 6.962650 0.000051 
868 7.389224 0.000000 -4.365730 99.756225 0.009005 6.952567 0.000036 
869 -3.552511 0.000000 4.365730 99.758790 -0.000956 6.975532 -0.000047 
870 -5.115617 0.000000 4.365730 99.757727 -0.000666 6.975784 -0.000027 
871 -3.552511 0.000000 5.820974 99.758602 -0.001078 6.975118 -0.000043 
872 -1.207854 0.000000 -2.182865 99.749436 0.009395 6.968041 0.000150 
873 -1.989406 0.000000 -2.182865 99.749885 0.006692 6.975500 0.000130 
874 -1.207854 0.000000 -2.910487 99.752490 0.003636 6.967129 0.000090 
875 5.826119 0.000000 4.365730 99.760995 -0.010539 6.945129 -0.000049 
876 7.389224 0.000000 4.365730 99.759910 -0.011507 6.943207 -0.000025 
877 5.826119 0.000000 5.820974 99.759659 -0.007208 6.959565 -0.000043 
878 3.481461 0.000000 -2.182865 99.743969 0.017241 6.877032 0.000385 
879 3.481461 0.000000 -2.910487 99.750075 0.010957 6.925737 0.000196 
880 4.263014 0.000000 -2.182865 99.754234 0.017002 6.882236 0.000173 
881 -1.207854 0.000000 2.182865 99.773349 -0.000668 6.983633 -0.000349 
882 -1.989406 0.000000 2.182865 99.761476 0.002133 6.977280 -0.000103 
883 -1.207854 0.000000 2.910487 99.767852 0.001893 6.977903 -0.000232 
884 -0.817078 0.000000 -1.091433 99.728759 -0.000656 6.969803 0.000560 
885 -1.207854 0.000000 -1.091433 99.738299 -0.000134 6.982827 0.000351 
886 -0.817078 0.000000 -1.455243 99.741574 0.007463 6.960340 0.000317 
887 3.481461 0.000000 2.182865 99.773628 -0.024559 6.855542 -0.000178 
888 4.263014 0.000000 2.182865 99.768419 -0.022152 6.850307 -0.000066 
889 3.481461 0.000000 2.910487 99.767438 -0.013358 6.912984 -0.000133 
890 -0.230913 0.000000 -0.545716 99.554864 0.026819 7.013529 0.003964 
891 -0.426301 0.000000 -0.545716 99.668304 0.016189 7.024941 0.001688 
892 -0.230913 0.000000 -0.727622 99.603580 0.012448 6.961327 0.003067 
893 0.941416 0.000000 -0.545716 99.538560 0.029809 6.578893 0.004879 
894 0.941416 0.000000 -0.727622 99.600603 0.016042 6.734894 0.003436 
895 -0.817078 0.000000 1.091433 99.764363 -0.001793 6.985487 -0.000173 
896 -1.207854 0.000000 1.091433 99.761340 -0.010393 6.978690 -0.000103 
897 -0.817078 0.000000 1.455243 99.773495 -0.006949 6.987166 -0.000357 
898 -0.230913 0.000000 0.545716 99.742676 -0.000681 6.945101 0.000316 
899 -0.426301 0.000000 0.545716 99.783999 -0.009894 6.970082 -0.000543 
900 -0.230913 0.000000 0.727622 99.766060 -0.028536 6.986769 -0.000208 
901 -0.133219 0.000000 -0.272858 99.435459 -0.006335 7.544682 0.005567 
902 -0.230913 0.000000 -0.272858 99.682806 0.127371 7.442941 0.000792 
903 -0.133219 0.000000 -0.363811 99.265304 0.062030 7.205876 0.009447 
904 0.941416 0.000000 0.545716 100.094669 -0.013676 6.546328 -0.006180 
905 0.941416 0.000000 0.727622 99.962594 -0.016144 6.701518 -0.003743 
906 -0.133219 0.000000 0.272858 99.906073 -0.143605 6.428869 -0.002257 
907 -0.230913 0.000000 0.272858 99.944816 0.064122 6.604953 -0.003260 
908 -0.133219 0.000000 0.363811 99.646132 -0.059317 6.730198 0.002535 
909 0.037745 0.000000 -0.113691 86.570603 0.048476 3.386455 0.249406 
910 0.013322 0.000000 -0.113691 85.730704 0.019811 10.329670 0.254354 
911 0.037745 0.000000 -0.136429 91.166917 0.070795 4.969831 0.166389 
912 0.648333 0.000000 -0.272858 101.341963 -0.005149 1.879445 -0.027373 
913 0.648333 0.000000 -0.363811 99.625065 0.036243 6.472225 0.003296 
914 0.746027 0.000000 -0.272858 102.238587 0.027806 2.797099 -0.046055 
915 0.648333 0.000000 0.272858 101.642772 -0.021368 1.880022 -0.033479 
916 0.746027 0.000000 0.272858 102.752706 0.003424 2.794931 -0.056593 
917 0.648333 0.000000 0.363811 100.041581 -0.052383 6.230673 -0.004714 
918 0.037745 0.000000 0.113691 90.557867 -0.098934 7.127641 0.174846 
919 0.013322 0.000000 0.113691 89.785933 -0.117170 1.702789 0.193557 
920 0.037745 0.000000 0.136429 94.192426 -0.085280 6.695498 0.108295 
921 0.098804 0.000000 -0.079584 90.067474 -0.050420 -14.778030 0.166946 
922 0.098804 0.000000 -0.090953 90.211767 -0.008839 -14.962335 0.163797 
923 0.098804 0.000000 -0.068215 90.058339 -0.053210 -14.758426 0.167168 
924 0.098804 0.000000 0.079584 94.874650 -0.055992 16.032645 0.074175 
925 0.098804 0.000000 0.068215 94.869816 -0.055153 16.036003 0.074256 
926 0.098804 0.000000 0.090953 94.939245 -0.069056 16.006467 0.073033 
927 0.233134 0.000000 -0.068215 86.371228 0.018843 -6.433577 0.249862 
928 0.233134 0.000000 -0.045476 87.862003 -0.015222 -4.784610 0.225738 
929 0.184287 0.000000 -0.113691 98.333946 -0.206682 -7.138252 0.027944 
930 0.184287 0.000000 -0.136429 98.115983 -0.168870 -3.694021 0.035958 
931 0.233134 0.000000 0.068215 86.415964 -0.038853 6.494374 0.249010 
932 0.233134 0.000000 0.045476 87.867016 -0.037869 4.915851 0.225522 
933 0.184287 0.000000 0.113691 101.092177 -0.327091 12.625348 -0.037913 
934 0.184287 0.000000 0.136429 100.439621 -0.283605 11.709492 -0.022531 
935 0.501792 0.000000 -0.045476 100.362683 -0.003369 5.047390 -0.009814 
936 0.550639 0.000000 -0.045476 101.468920 -0.006176 6.391149 -0.033679 
937 0.501792 0.000000 0.000000 101.496752 -0.007690 6.617930 -0.034539 
938 0.501792 0.000000 0.045476 100.493956 -0.017111 5.045453 -0.012449 
939 0.550639 0.000000 0.045476 101.524198 -0.009749 6.392877 -0.034803 
940 0.428522 0.000000 -0.068215 98.979897 0.001643 2.137082 0.019841 
941 0.452945 0.000000 -0.068215 99.133844 0.003045 3.661847 0.015907 
942 0.428522 0.000000 -0.045476 99.153717 -0.000411 1.381826 0.016663 
943 0.367463 0.000000 -0.102322 104.588612 0.085810 -3.121996 -0.094853 
944 0.367463 0.000000 -0.113691 104.666914 0.079348 -2.627958 -0.096208 
945 0.367463 0.000000 -0.090953 104.906277 0.083684 -2.870322 -0.101357 
946 0.428522 0.000000 0.068215 99.307251 -0.031034 2.131826 0.013352 
947 0.428522 0.000000 0.045476 99.477383 -0.030977 1.378213 0.010235 
948 0.452945 0.000000 0.068215 99.447737 -0.028448 3.660698 0.009675 
949 0.367463 0.000000 0.102322 105.821031 0.011597 3.420531 -0.120979 
950 0.367463 0.000000 0.090953 106.133714 0.010557 3.163793 -0.127437 
951 0.367463 0.000000 0.113691 105.797383 0.014930 2.915348 -0.120159 
952 1.722968 0.000000 -0.545716 99.395644 0.002600 6.072525 0.008363 
953 1.722968 0.000000 -0.727622 99.464005 0.014906 6.409987 0.006582 
954 1.722968 0.000000 0.545716 100.215292 -0.017167 5.800293 -0.007675 
955 1.722968 0.000000 0.727622 99.985853 -0.038196 6.275426 -0.003655 
956 1.429886 0.000000 -0.272858 101.064599 -0.013210 1.288356 -0.021571 
957 1.429886 0.000000 -0.363811 99.657474 0.021461 5.706748 0.003582 
958 1.527580 0.000000 -0.272858 101.028368 0.004832 1.335190 -0.020851 
959 1.429886 0.000000 0.272858 100.976496 -0.061282 1.197585 -0.019769 
960 1.527580 0.000000 0.272858 101.920686 -0.034053 1.168631 -0.038919 
961 1.429886 0.000000 0.363811 100.123025 -0.001123 5.234520 -0.005202 
962 3.090685 0.000000 -1.091433 99.746699 0.032092 6.586566 0.000721 
963 3.090685 0.000000 -1.455243 99.740948 0.023375 6.760007 0.000605 
964 3.481461 0.000000 -1.091433 99.761771 0.035717 6.598870 0.000404 
965 2.504521 0.000000 -0.545716 99.689484 0.055869 5.351719 0.003336 
966 2.504521 0.000000 -0.727622 99.667389 0.051113 6.060501 0.002968 
967 2.699909 0.000000 -0.545716 99.765103 0.057184 5.391173 0.001786 
968 3.090685 0.000000 1.091433 99.792409 -0.044577 6.469878 -0.000039 
969 3.481461 0.000000 1.091433 99.795851 -0.049239 6.441466 -0.000071 
970 3.090685 0.000000 1.455243 99.783170 -0.031087 6.702279 -0.000160 
971 2.504521 0.000000 0.545716 99.806035 -0.093377 4.989534 0.001385 
972 2.699909 0.000000 0.545716 99.861242 -0.102042 4.898418 0.000373 
973 2.504521 0.000000 0.727622 99.795107 -0.066988 5.857574 0.000662 
974 2.406827 0.000000 -0.272858 99.781691 0.079954 2.385045 0.003792 
975 2.406827 0.000000 -0.363811 99.559806 0.094145 3.631571 0.007465 
976 2.504521 0.000000 -0.272858 99.947077 0.089614 2.583490 0.000390 
977 2.406827 0.000000 0.272858 99.834016 -0.149759 2.721010 0.002574 
978 2.504521 0.000000 0.272858 100.076463 -0.156055 2.455464 -0.002135 
979 2.406827 0.000000 0.363811 99.674078 -0.119867 3.487599 0.005290 
980 2.357979 0.000000 -0.136429 101.275411 0.053483 -1.873851 -0.026022 
981 2.357979 0.000000 -0.181905 99.817585 0.082321 -0.078089 0.003644 
982 2.406827 0.000000 -0.136429 101.274495 0.097857 -0.251692 -0.025660 
983 2.284709 0.000000 -0.113691 92.220591 0.244232 -9.823078 0.139881 
984 2.284709 0.000000 -0.136429 94.853592 0.169269 -3.590490 0.098988 
985 2.309132 0.000000 -0.113691 100.372926 0.186555 -8.522415 -0.014739 
986 2.357979 0.000000 0.136429 101.137576 -0.214578 4.892732 -0.025279 
987 2.406827 0.000000 0.136429 101.251480 -0.157555 3.241850 -0.026240 
988 2.357979 0.000000 0.181905 99.687236 -0.194912 3.599781 0.004946 
989 2.284709 0.000000 0.113691 91.030475 0.025654 12.812875 0.154928 
990 2.309132 0.000000 0.113691 99.851274 0.016146 11.680617 -0.010671 
991 2.284709 0.000000 0.136429 94.068560 -0.053286 6.605639 0.110747 
1 11 62 60 61 
2 62 10 24 60 
3 60 24 14 63 
4 61 60 63 6 
5 24 66 64 65 
6 66 23 40 64 
7 64 40 27 67 
8 65 64 67 14 
9 40 70 68 69 
10 69 68 71 27 
11 6 63 92 93 
12 63 14 36 92 
13 92 36 19 94 
14 93 92 94 20 
15 14 67 95 96 
16 67 27 52 95 
17 95 52 35 97 
18 96 95 97 36 
19 27 71 98 99 
20 99 98 100 52 
21 68 112 110 111 
22 112 56 80 110 
23 110 80 43 113 
24 111 110 113 71 
25 80 116 114 115 
26 115 114 117 43 
27 71 113 133 134 
28 113 43 102 133 
29 133 102 76 135 
30 134 133 135 98 
31 43 117 136 137 
32 137 136 138 102 
33 114 141 139 140 
34 141 106 129 139 
35 139 129 83 142 
36 140 139 142 117 
37 129 149 147 148 
38 147 150 132 151 
39 148 147 151 83 
40 117 142 152 153 
41 142 83 144 152 
42 152 144 125 154 
43 153 152 154 136 
44 83 151 155 156 
45 151 132 157 155 
46 156 155 158 144 
47 12 161 159 160 
48 161 7 162 159 
49 159 162 13 25 
50 160 159 25 10 
51 25 165 163 164 
52 165 13 166 163 
53 163 166 26 41 
54 164 163 41 23 
55 41 169 167 168 
56 169 26 170 167 
57 167 170 42 57 
58 168 167 57 39 
59 39 173 171 172 
60 173 57 174 171 
61 171 174 55 81 
62 172 171 81 56 
63 81 177 175 176 
64 177 55 178 175 
65 175 178 82 107 
66 176 175 107 79 
67 79 181 179 180 
68 181 107 182 179 
69 179 182 105 130 
70 180 179 130 106 
71 106 185 183 184 
72 185 130 186 183 
73 184 183 149 129 
74 195 197 109 198 
75 150 195 198 132 
76 149 201 199 200 
77 201 128 202 199 
78 199 202 150 203 
79 200 199 203 147 
80 132 198 210 157 
81 198 109 211 210 
82 19 38 213 214 
83 38 21 215 213 
84 213 215 9 216 
85 214 213 216 22 
86 35 54 217 218 
87 54 37 219 217 
88 217 219 21 220 
89 218 217 220 38 
90 51 78 221 222 
91 78 53 223 221 
92 221 223 37 224 
93 222 221 224 54 
94 76 104 225 226 
95 104 75 227 225 
96 225 227 78 228 
97 226 225 228 51 
98 101 127 229 230 
99 127 103 231 229 
100 229 231 75 232 
101 230 229 232 104 
102 125 146 233 234 
103 146 124 235 233 
104 233 235 127 236 
105 234 233 236 101 
106 144 158 237 238 
107 237 239 146 240 
108 238 237 240 125 
109 155 243 241 242 
110 243 157 244 241 
111 241 244 143 245 
112 242 241 245 158 
113 130 247 246 186 
114 247 105 248 246 
115 249 251 195 252 
116 202 249 252 150 
117 186 255 253 254 
118 255 246 256 253 
119 253 256 196 250 
120 254 253 250 128 
121 128 259 257 258 
122 259 250 260 257 
123 257 260 249 261 
124 258 257 261 202 
125 262 263 124 264 
126 239 262 264 146 
127 157 266 265 244 
128 266 210 267 265 
129 143 268 269 270 
130 268 212 271 269 
131 269 271 262 272 
132 270 269 272 239 
133 244 275 273 274 
134 275 265 276 273 
135 273 276 268 277 
136 274 273 277 143 
137 278 280 194 281 
138 197 278 281 109 
139 283 131 284 282 
140 282 284 197 285 
141 251 282 285 195 
142 107 287 286 182 
143 287 82 288 286 
144 286 288 108 192 
145 182 286 192 105 
146 105 290 289 248 
147 290 192 291 289 
148 246 293 292 256 
149 293 248 294 292 
150 292 294 131 283 
151 256 292 283 196 
152 196 297 295 296 
153 297 283 298 295 
154 295 298 282 299 
155 296 295 299 251 
156 109 281 300 211 
157 281 194 301 300 
158 210 304 303 267 
159 304 211 305 303 
160 303 305 145 306 
161 124 209 307 235 
162 209 126 308 307 
163 307 308 103 309 
164 235 307 309 127 
165 310 311 209 312 
166 263 310 312 124 
167 212 306 313 271 
168 306 145 314 313 
169 313 314 263 315 
170 271 313 315 262 
171 267 318 316 317 
172 318 303 319 316 
173 316 319 306 320 
174 317 316 320 212 
175 131 322 321 284 
176 322 279 323 321 
177 321 323 278 324 
178 284 321 324 197 
179 211 326 325 305 
180 326 300 327 325 
181 325 327 302 328 
182 305 325 328 145 
183 192 334 333 291 
184 334 108 335 333 
185 289 339 337 338 
186 339 291 340 337 
187 337 340 191 341 
188 338 337 341 279 
189 345 347 126 348 
190 311 345 348 209 
191 302 351 349 350 
192 351 207 352 349 
193 349 352 311 353 
194 350 349 353 310 
195 354 355 59 356 
196 280 354 356 194 
197 291 358 357 340 
198 358 333 359 357 
199 357 359 336 360 
200 191 360 361 362 
201 360 336 363 361 
202 361 363 354 364 
203 362 361 364 280 
204 340 367 365 366 
205 367 357 368 365 
206 365 368 360 369 
207 366 365 369 191 
208 194 356 370 301 
209 356 59 371 370 
210 373 346 374 372 
211 372 374 345 375 
212 352 372 375 311 
213 301 378 376 377 
214 378 370 379 376 
215 376 379 346 373 
216 377 376 373 207 
217 207 382 380 381 
218 382 373 383 380 
219 380 383 372 384 
220 381 380 384 352 
221 57 386 385 174 
222 386 42 387 385 
223 385 387 58 89 
224 174 385 89 55 
225 55 389 388 178 
226 389 89 390 388 
227 388 390 88 188 
228 178 388 188 82 
229 82 392 391 288 
230 392 188 393 391 
231 391 393 187 330 
232 288 391 330 108 
233 108 395 394 335 
234 395 330 396 394 
235 333 399 398 359 
236 399 335 400 398 
237 359 398 401 336 
238 75 123 402 227 
239 123 77 403 402 
240 402 403 53 404 
241 227 402 404 78 
242 103 206 405 231 
243 206 121 406 405 
244 405 406 123 407 
245 231 405 407 75 
246 126 344 408 308 
247 344 204 409 408 
248 408 409 206 410 
249 308 408 410 103 
250 411 413 344 414 
251 347 411 414 126 
252 346 416 415 374 
253 415 417 347 418 
254 374 415 418 345 
255 419 420 332 421 
256 355 419 421 59 
257 335 423 422 400 
258 423 394 424 422 
259 336 401 426 363 
260 401 193 427 426 
261 426 427 355 428 
262 363 426 428 354 
263 398 431 429 430 
264 431 400 432 429 
265 429 432 193 433 
266 430 429 433 401 
267 59 421 434 371 
268 421 332 435 434 
269 370 437 436 379 
270 437 371 438 436 
271 436 438 208 416 
272 379 436 416 346 
273 439 441 411 442 
274 417 439 442 347 
275 416 445 443 444 
276 445 208 446 443 
277 443 446 417 447 
278 444 443 447 415 
279 88 453 452 189 
280 453 90 454 452 
281 452 454 5 455 
282 189 452 455 91 
283 187 457 456 331 
284 457 189 458 456 
285 456 458 91 459 
286 331 456 459 190 
287 330 461 460 396 
288 461 187 462 460 
289 460 462 331 463 
290 396 460 463 329 
291 394 465 464 424 
292 465 396 466 464 
293 464 466 329 467 
294 424 464 467 397 
295 193 425 468 427 
296 425 397 469 468 
297 468 469 419 470 
298 427 468 470 355 
299 422 473 471 472 
300 473 424 474 471 
301 471 474 397 475 
302 472 471 475 425 
303 371 477 476 438 
304 477 434 478 476 
305 476 478 412 440 
306 438 476 440 208 
307 91 455 482 205 
308 455 5 483 482 
309 482 483 122 484 
310 205 482 484 121 
311 190 459 485 343 
312 459 91 486 485 
313 485 486 205 487 
314 343 485 487 204 
315 342 489 488 413 
316 489 343 490 488 
317 488 490 204 491 
318 413 488 491 344 
319 412 493 492 441 
320 493 342 494 492 
321 492 494 413 495 
322 441 492 495 411 
323 440 498 496 497 
324 498 412 499 496 
325 496 499 441 500 
326 497 496 500 439 
327 454 510 508 509 
328 508 511 504 512 
329 509 508 512 5 
330 5 512 513 514 
331 512 504 515 513 
332 514 513 516 483 
333 7 518 517 162 
334 518 16 519 517 
335 517 519 15 32 
336 162 517 32 13 
337 13 521 520 166 
338 521 32 522 520 
339 520 522 31 48 
340 166 520 48 26 
341 26 524 523 170 
342 524 48 525 523 
343 523 525 47 85 
344 170 523 85 42 
345 42 527 526 387 
346 527 85 528 526 
347 526 528 84 449 
348 387 526 449 58 
349 58 531 529 530 
350 531 449 532 529 
351 529 532 448 502 
352 530 529 502 90 
353 90 535 533 534 
354 535 502 536 533 
355 533 536 501 510 
356 534 533 510 454 
357 15 538 537 33 
358 538 17 539 537 
359 537 539 8 540 
360 33 537 540 18 
361 31 542 541 49 
362 542 33 543 541 
363 541 543 18 544 
364 49 541 544 34 
365 546 49 547 545 
366 545 547 34 548 
367 448 554 553 503 
368 554 450 555 553 
369 553 555 87 556 
370 503 553 556 451 
371 501 558 557 511 
372 558 503 559 557 
373 557 559 451 560 
374 511 557 560 504 
375 510 563 561 562 
376 563 501 564 561 
377 561 564 511 565 
378 562 561 565 508 
379 18 540 566 45 
380 540 8 567 566 
381 566 567 29 568 
382 45 566 568 28 
383 34 544 569 73 
384 544 18 570 569 
385 569 570 45 571 
386 73 569 571 44 
387 548 34 573 572 
388 572 573 73 574 
389 451 556 578 506 
390 556 87 579 578 
391 578 579 480 580 
392 506 578 580 479 
393 504 560 581 515 
394 560 451 582 581 
395 581 582 506 583 
396 515 581 583 505 
397 21 46 584 215 
398 46 28 585 584 
399 584 585 30 586 
400 215 584 586 9 
401 37 74 587 219 
402 74 44 588 587 
403 587 588 46 589 
404 219 587 589 21 
405 53 120 590 223 
406 120 72 591 590 
407 590 591 74 592 
408 223 590 592 37 
409 77 481 593 403 
410 481 118 594 593 
411 593 594 120 595 
412 403 593 595 53 
413 122 507 596 597 
414 507 479 598 596 
415 596 598 481 599 
416 597 596 599 77 
417 483 516 600 601 
418 516 505 602 600 
419 600 602 507 603 
420 601 600 603 122 
421 513 606 604 605 
422 606 515 607 604 
423 604 607 505 608 
424 605 604 608 516 
425 555 618 616 617 
426 617 616 620 87 
427 87 620 621 622 
428 622 621 624 579 
429 85 626 625 528 
430 626 47 627 625 
431 625 627 86 550 
432 528 625 550 84 
433 84 630 628 629 
434 630 550 631 628 
435 628 631 549 610 
436 629 628 610 450 
437 450 634 632 633 
438 634 610 635 632 
439 632 635 609 618 
440 633 632 618 555 
441 86 637 636 551 
442 637 545 638 636 
443 636 638 548 639 
444 551 636 639 50 
445 641 551 642 640 
446 640 642 50 643 
447 618 650 648 649 
448 650 609 651 648 
449 649 648 652 616 
450 50 639 653 576 
451 639 548 654 653 
452 653 654 572 655 
453 576 653 655 119 
454 643 50 657 656 
455 656 657 576 658 
456 118 577 662 594 
457 577 119 663 662 
458 662 663 72 664 
459 594 662 664 120 
460 480 615 665 666 
461 615 575 667 665 
462 665 667 577 668 
463 666 665 668 118 
464 579 624 669 670 
465 624 613 671 669 
466 669 671 615 672 
467 670 669 672 480 
468 621 675 673 674 
469 673 676 613 677 
470 674 673 677 624 
471 610 679 678 635 
472 679 549 680 678 
473 678 680 611 645 
474 635 678 645 609 
475 609 682 681 651 
476 682 645 683 681 
477 616 652 685 686 
478 685 687 612 688 
479 686 685 688 620 
480 648 691 689 690 
481 691 651 692 689 
482 690 689 693 652 
483 620 688 694 695 
484 688 612 696 694 
485 695 694 675 621 
486 613 661 697 671 
487 661 614 698 697 
488 697 698 575 699 
489 671 697 699 615 
490 700 702 661 703 
491 676 700 703 613 
492 675 706 704 705 
493 704 707 676 708 
494 705 704 708 673 
495 709 710 647 711 
496 687 709 711 612 
497 651 713 712 692 
498 713 681 714 712 
499 652 693 716 717 
500 693 619 718 716 
501 716 718 687 719 
502 717 716 719 685 
503 689 722 720 721 
504 722 692 723 720 
505 720 723 619 724 
506 721 720 724 693 
507 612 711 725 696 
508 711 647 726 725 
509 694 729 727 728 
510 729 696 730 727 
511 727 730 623 706 
512 728 727 706 675 
513 731 733 700 734 
514 707 731 734 676 
515 706 737 735 736 
516 737 623 738 735 
517 735 738 707 739 
518 736 735 739 704 
519 619 715 740 718 
520 715 684 741 740 
521 740 741 709 742 
522 718 740 742 687 
523 692 744 743 723 
524 744 712 745 743 
525 743 745 715 746 
526 723 743 746 619 
527 696 748 747 730 
528 748 725 749 747 
529 747 749 701 732 
530 730 747 732 623 
531 623 751 750 738 
532 751 732 752 750 
533 750 752 731 753 
534 738 750 753 707 
535 755 640 756 754 
536 754 756 643 757 
537 645 759 758 683 
538 759 611 760 758 
539 681 763 762 714 
540 763 683 764 762 
541 762 764 644 765 
542 712 767 766 745 
543 767 714 768 766 
544 766 768 684 769 
545 745 766 769 715 
546 757 643 771 770 
547 770 771 656 772 
548 773 775 614 776 
549 702 773 776 661 
550 778 659 779 777 
551 777 779 702 780 
552 733 777 780 700 
553 732 782 781 752 
554 782 701 783 781 
555 781 783 733 784 
556 752 781 784 731 
557 785 786 552 787 
558 710 785 787 647 
559 684 765 788 741 
560 765 644 789 788 
561 788 789 710 790 
562 741 788 790 709 
563 714 792 791 768 
564 792 762 793 791 
565 791 793 765 794 
566 768 791 794 684 
567 647 787 795 726 
568 787 552 796 795 
569 725 798 797 749 
570 798 726 799 797 
571 797 799 659 778 
572 749 797 778 701 
573 701 801 800 783 
574 801 778 802 800 
575 800 802 777 803 
576 783 800 803 733 
577 804 806 785 807 
578 789 804 807 710 
579 683 809 808 764 
580 809 758 810 808 
581 808 810 761 805 
582 764 808 805 644 
583 644 813 811 812 
584 813 805 814 811 
585 811 814 804 815 
586 812 811 815 789 
587 726 817 816 799 
588 817 795 818 816 
589 659 819 820 779 
590 819 774 821 820 
591 820 821 773 822 
592 779 820 822 702 
593 799 825 823 824 
594 825 816 826 823 
595 823 826 819 827 
596 824 823 827 659 
597 646 829 828 786 
598 829 754 830 828 
599 828 830 757 831 
600 786 828 831 552 
601 761 833 832 806 
602 833 646 834 832 
603 832 834 786 835 
604 806 832 835 785 
605 805 837 836 814 
606 837 761 838 836 
607 836 838 806 839 
608 814 836 839 804 
609 552 831 840 796 
610 831 757 841 840 
611 840 841 770 842 
612 796 840 842 660 
613 795 844 843 818 
614 844 796 845 843 
615 843 845 660 846 
616 818 843 846 774 
617 816 848 847 826 
618 848 818 849 847 
619 847 849 774 850 
620 826 847 850 819 
621 1 853 851 852 
622 853 12 160 851 
623 851 160 10 62 
624 852 851 62 11 
625 16 855 854 519 
626 855 2 856 854 
627 854 856 17 538 
628 519 854 538 15 
629 20 94 857 858 
630 94 19 214 857 
631 857 214 22 859 
632 858 857 859 4 
633 10 862 860 861 
634 862 25 164 860 
635 860 164 23 66 
636 861 860 66 24 
637 28 568 863 585 
638 568 29 864 863 
639 863 864 3 865 
640 585 863 865 30 
641 32 867 866 522 
642 867 15 868 866 
643 866 868 33 542 
644 522 866 542 31 
645 36 97 869 870 
646 97 35 218 869 
647 869 218 38 871 
648 870 869 871 19 
649 23 874 872 873 
650 874 41 168 872 
651 872 168 39 70 
652 873 872 70 40 
653 44 571 875 588 
654 571 45 876 875 
655 875 876 28 877 
656 588 875 877 46 
657 48 879 878 525 
658 879 31 880 878 
659 878 880 49 546 
660 525 878 546 47 
661 52 100 881 882 
662 100 51 222 881 
663 881 222 54 883 
664 882 881 883 35 
665 70 886 884 885 
666 886 39 172 884 
667 884 172 56 112 
668 885 884 112 68 
669 72 574 887 591 
670 574 73 888 887 
671 887 888 44 889 
672 591 887 889 74 
673 56 892 890 891 
674 892 81 176 890 
675 890 176 79 116 
676 891 890 116 80 
677 89 894 893 390 
678 894 58 530 893 
679 893 530 90 453 
680 390 893 453 88 
681 98 135 895 896 
682 135 76 226 895 
683 895 226 51 897 
684 896 895 897 100 
685 102 138 898 899 
686 138 101 230 898 
687 898 230 104 900 
688 899 898 900 76 
689 116 903 901 902 
690 903 79 180 901 
691 901 180 106 141 
692 902 901 141 114 
693 121 484 904 406 
694 484 122 597 904 
695 904 597 77 905 
696 406 904 905 123 
697 136 154 906 907 
698 154 125 234 906 
699 906 234 101 908 
700 907 906 908 138 
701 183 911 909 910 
702 911 186 254 909 
703 909 254 128 201 
704 910 909 201 149 
705 188 913 912 393 
706 913 88 914 912 
707 912 914 189 457 
708 393 912 457 187 
709 204 487 915 409 
710 487 205 916 915 
711 915 916 121 917 
712 409 915 917 206 
713 158 245 918 919 
714 245 143 270 918 
715 918 270 239 920 
716 919 918 920 237 
717 250 922 921 260 
718 922 196 296 921 
719 921 296 251 923 
720 260 921 923 249 
721 265 925 924 276 
722 925 267 317 924 
723 924 317 212 926 
724 276 924 926 268 
725 279 341 927 323 
726 341 191 362 927 
727 927 362 280 928 
728 323 927 928 278 
729 248 930 929 294 
730 930 289 338 929 
731 929 338 279 322 
732 294 929 322 131 
733 300 932 931 327 
734 932 301 377 931 
735 931 377 207 351 
736 327 931 351 302 
737 145 328 933 314 
738 328 302 350 933 
739 933 350 310 934 
740 314 933 934 263 
741 329 463 935 420 
742 463 331 936 935 
743 935 936 190 937 
744 420 935 937 332 
745 332 937 938 435 
746 937 190 939 938 
747 938 939 343 489 
748 435 938 489 342 
749 397 467 940 469 
750 467 329 941 940 
751 940 941 420 942 
752 469 940 942 419 
753 400 944 943 432 
754 944 422 472 943 
755 943 472 425 945 
756 432 943 945 193 
757 434 947 946 478 
758 947 435 948 946 
759 946 948 342 493 
760 478 946 493 412 
761 208 950 949 446 
762 950 440 497 949 
763 949 497 439 951 
764 446 949 951 417 
765 449 953 952 532 
766 953 84 629 952 
767 952 629 450 554 
768 532 952 554 448 
769 479 580 954 598 
770 580 480 666 954 
771 954 666 118 955 
772 598 954 955 481 
773 502 957 956 536 
774 957 448 958 956 
775 956 958 503 558 
776 536 956 558 501 
777 505 583 959 602 
778 583 506 960 959 
779 959 960 479 961 
780 602 959 961 507 
781 47 963 962 627 
782 963 546 964 962 
783 962 964 545 637 
784 627 962 637 86 
785 550 966 965 631 
786 966 86 967 965 
787 965 967 551 641 
788 631 965 641 549 
789 119 655 968 663 
790 655 572 969 968 
791 968 969 574 970 
792 663 968 970 72 
793 575 658 971 667 
794 658 576 972 971 
795 971 972 119 973 
796 667 971 973 577 
797 549 975 974 680 
798 975 641 976 974 
799 974 976 640 755 
800 680 974 755 611 
801 614 772 977 698 
802 772 656 978 977 
803 977 978 658 979 
804 698 977 979 575 
805 611 981 980 760 
806 981 755 982 980 
807 980 982 754 829 
808 760 980 829 646 
809 758 984 983 810 
810 984 760 985 983 
811 983 985 646 833 
812 810 983 833 761 
813 660 842 986 775 
814 842 770 987 986 
815 986 987 772 988 
816 775 986 988 614 
817 774 846 989 821 
818 846 660 990 989 
819 989 990 775 991 
820 821 989 991 773 
