2 0.000000 100.000000 262.180540
991 820 
1 -11.368037 0.000000 -11.572610 99.756188 -0.001241 6.975591 0.000004 
2 13.641644 0.000000 -11.572610 99.756313 -0.011041 6.973333 0.000005 
3 13.641644 0.000000 11.572610 99.756826 0.013416 6.972512 -0.000004 
4 -11.368037 0.000000 11.572610 99.756647 0.001511 6.975601 -0.000005 
5 1.136804 0.000000 0.000000 101.604495 -0.002326 6.274809 -0.036285 
6 -11.368037 0.000000 0.000000 99.756397 0.000145 6.975737 0.000000 
7 1.136804 0.000000 -11.572610 99.755603 -0.005894 6.974367 0.000018 
8 13.641644 0.000000 0.000000 99.794735 -0.185139 6.426448 -0.000032 
9 1.136804 0.000000 11.572610 99.757456 0.006702 6.974220 -0.000019 
10 -5.115617 0.000000 -5.786305 99.755486 -0.002252 6.975384 0.000019 
11 -11.368037 0.000000 -5.786305 99.756213 -0.000732 6.975667 0.000004 
12 -5.115617 0.000000 -11.572610 99.755879 -0.002683 6.975309 0.000011 
13 1.136804 0.000000 -5.786305 99.753119 -0.010610 6.970519 0.000073 
14 -5.115617 0.000000 0.000000 99.756238 0.000256 6.976079 0.000003 
15 7.389224 0.000000 -5.786305 99.755999 -0.021722 6.966379 0.000021 
16 7.389224 0.000000 -11.572610 99.755968 -0.009446 6.973482 0.000012 
17 13.641644 0.000000 -5.786305 99.756746 -0.022786 6.967231 0.000005 
18 7.389224 0.000000 0.000000 99.919304 -0.361732 4.639653 -0.000552 
19 -5.115617 0.000000 5.786305 99.757358 0.002748 6.975514 -0.000019 
20 -11.368037 0.000000 5.786305 99.756602 0.001018 6.975685 -0.000004 
21 1.136804 0.000000 5.786305 99.760956 0.012144 6.969978 -0.000083 
22 -5.115617 0.000000 11.572610 99.757021 0.003110 6.975322 -0.000012 
23 -1.989406 0.000000 -2.893153 99.751863 -0.003750 6.974455 0.000092 
24 -5.115617 0.000000 -2.893153 99.755498 -0.001297 6.975717 0.000018 
25 -1.989406 0.000000 -5.786305 99.754268 -0.004767 6.974158 0.000045 
26 1.136804 0.000000 -2.893153 99.747458 -0.017122 6.954223 0.000208 
27 -1.989406 0.000000 0.000000 99.753856 0.000643 6.978109 0.000047 
28 7.389224 0.000000 5.786305 99.758047 0.026435 6.963218 -0.000015 
29 13.641644 0.000000 5.786305 99.757588 0.031507 6.960722 -0.000003 
30 7.389224 0.000000 11.572610 99.757133 0.010945 6.973016 -0.000011 
31 4.263014 0.000000 -2.893153 99.754651 -0.041677 6.940032 0.000084 
32 4.263014 0.000000 -5.786305 99.754656 -0.018004 6.967100 0.000047 
33 7.389224 0.000000 -2.893153 99.757687 -0.045327 6.941494 0.000022 
34 4.263014 0.000000 0.000000 100.053674 -0.697892 2.646039 -0.001823 
35 -1.989406 0.000000 2.893153 99.760968 0.004927 6.976440 -0.000092 
36 -5.115617 0.000000 2.893153 99.757140 0.001808 6.975883 -0.000015 
37 1.136804 0.000000 2.893153 99.774820 0.019631 6.951508 -0.000334 
38 -1.989406 0.000000 5.786305 99.758902 0.005552 6.974437 -0.000048 
39 -0.426301 0.000000 -1.446576 99.727051 -0.003022 6.955992 0.000613 
40 -1.989406 0.000000 -1.446576 99.750853 -0.003820 6.975523 0.000111 
41 -0.426301 0.000000 -2.893153 99.742596 0.004147 6.968938 0.000285 
42 1.136804 0.000000 -1.446576 99.711806 -0.023274 6.882304 0.001019 
43 -0.426301 0.000000 0.000000 99.989606 -0.065917 7.041568 -0.004751 
44 4.263014 0.000000 2.893153 99.760851 0.051147 6.926758 -0.000021 
45 7.389224 0.000000 2.893153 99.760963 0.062446 6.917257 -0.000010 
46 4.263014 0.000000 5.786305 99.759273 0.020973 6.965188 -0.000043 
47 2.699909 0.000000 -1.446576 99.747466 -0.069257 6.838374 0.000367 
48 2.699909 0.000000 -2.893153 99.750840 -0.016349 6.942953 0.000157 
49 4.263014 0.000000 -1.446576 99.760015 -0.088903 6.837448 0.000118 
50 2.699909 0.000000 0.000000 100.131325 -0.891315 2.376131 -0.003272 
51 -0.426301 0.000000 1.446576 99.769727 0.006497 6.979664 -0.000271 
52 -1.989406 0.000000 1.446576 99.758750 -0.007403 6.976977 -0.000049 
53 1.136804 0.000000 1.446576 99.804233 0.020243 6.885852 -0.000830 
54 -0.426301 0.000000 2.893153 99.766355 -0.002509 6.970702 -0.000192 
55 0.355251 0.000000 -0.723288 99.686430 0.018361 6.718746 0.001747 
56 -0.426301 0.000000 -0.723288 99.672120 0.013685 6.990556 0.001660 
57 0.355251 0.000000 -1.446576 99.730409 -0.008635 6.920669 0.000595 
58 1.136804 0.000000 -0.723288 99.656662 0.003419 6.642323 0.002443 
59 0.355251 0.000000 0.000000 70.273736 -0.008175 0.043891 0.506160 
60 -8.241827 0.000000 -2.893153 99.756118 -0.000602 6.975740 0.000006 
61 -11.368037 0.000000 -2.893153 99.756285 -0.000326 6.975713 0.000002 
62 -8.241827 0.000000 -5.786305 99.756008 -0.001216 6.975624 0.000008 
63 -8.241827 0.000000 0.000000 99.756370 0.000185 6.975816 0.000000 
64 -3.552511 0.000000 -1.446576 99.754827 -0.001017 6.976286 0.000031 
65 -5.115617 0.000000 -1.446576 99.755770 -0.000572 6.975941 0.000012 
66 -3.552511 0.000000 -2.893153 99.754430 -0.002095 6.975642 0.000039 
67 -3.552511 0.000000 0.000000 99.755991 0.000316 6.976736 0.000007 
68 -1.207854 0.000000 -0.723288 99.744196 0.001219 6.980423 0.000237 
69 -1.989406 0.000000 -0.723288 99.752749 0.003594 6.973007 0.000077 
70 -1.207854 0.000000 -1.446576 99.743349 -0.002839 6.972978 0.000264 
71 -1.207854 0.000000 0.000000 99.752886 0.000148 6.981576 0.000062 
72 2.699909 0.000000 1.446576 99.775085 0.087465 6.778278 -0.000102 
73 4.263014 0.000000 1.446576 99.770292 0.121850 6.753367 0.000027 
74 2.699909 0.000000 2.893153 99.766628 0.036117 6.932441 -0.000144 
75 0.355251 0.000000 0.723288 99.938406 -0.014437 6.973085 -0.003631 
76 -0.426301 0.000000 0.723288 99.770005 -0.037255 6.973576 -0.000269 
77 1.136804 0.000000 0.723288 99.959623 0.013475 6.611418 -0.003564 
78 0.355251 0.000000 1.446576 99.807001 0.011616 6.955428 -0.000982 
79 -0.035525 0.000000 -0.361644 98.885902 0.008665 6.981318 0.017284 
80 -0.426301 0.000000 -0.361644 99.744825 0.000754 7.062355 0.000109 
81 -0.035525 0.000000 -0.723288 99.564693 0.021270 6.871480 0.003965 
82 0.355251 0.000000 -0.361644 100.188822 0.105268 5.766778 -0.007107 
83 -0.035525 0.000000 0.000000 168.108046 -0.076368 7.312357 -1.831379 
84 1.918356 0.000000 -0.723288 99.709402 -0.075688 6.500740 0.001577 
85 1.918356 0.000000 -1.446576 99.742448 -0.039707 6.859523 0.000439 
86 2.699909 0.000000 -0.723288 99.731169 -0.130625 6.401487 0.001270 
87 1.918356 0.000000 0.000000 101.927345 -0.054668 3.961220 -0.040488 
88 0.746027 0.000000 -0.361644 99.539008 0.028002 6.411474 0.005088 
89 0.746027 0.000000 -0.723288 99.638483 0.018782 6.789241 0.002608 
90 1.136804 0.000000 -0.361644 99.418354 -0.020636 5.745047 0.008298 
91 0.746027 0.000000 0.000000 101.864926 0.001034 6.695786 -0.042130 
92 -8.241827 0.000000 2.893153 99.756648 0.000970 6.975778 -0.000005 
93 -11.368037 0.000000 2.893153 99.756516 0.000615 6.975725 -0.000002 
94 -8.241827 0.000000 5.786305 99.756805 0.001578 6.975669 -0.000008 
95 -3.552511 0.000000 1.446576 99.757300 0.001650 6.976575 -0.000019 
96 -5.115617 0.000000 1.446576 99.756754 0.001084 6.976048 -0.000008 
97 -3.552511 0.000000 2.893153 99.758050 0.002730 6.976051 -0.000033 
98 -1.207854 0.000000 0.723288 99.759249 -0.000005 6.977656 -0.000060 
99 -1.989406 0.000000 0.723288 99.758537 0.000637 6.984462 -0.000055 
100 -1.207854 0.000000 1.446576 99.761189 0.004376 6.978049 -0.000099 
101 -0.035525 0.000000 0.361644 99.398104 -0.130728 6.774099 0.007411 
102 -0.426301 0.000000 0.361644 99.814559 -0.013217 6.901375 -0.001058 
103 0.355251 0.000000 0.361644 100.730627 -0.040738 7.074589 -0.019671 
104 -0.035525 0.000000 0.723288 99.774882 -0.010525 7.007763 -0.000414 
105 0.159863 0.000000 -0.180822 97.425557 -0.075575 0.481717 0.050802 
106 -0.035525 0.000000 -0.180822 96.909821 0.267259 10.042486 0.050756 
107 0.159863 0.000000 -0.361644 98.977017 0.081225 5.757513 0.017039 
108 0.355251 0.000000 -0.180822 101.400236 0.133704 3.055477 -0.029136 
109 0.159863 0.000000 0.000000 119.113563 0.138916 0.158133 -0.418809 
110 -0.817078 0.000000 -0.361644 99.746034 -0.008467 6.995813 0.000179 
111 -1.207854 0.000000 -0.361644 99.747400 -0.000781 6.981210 0.000172 
112 -0.817078 0.000000 -0.723288 99.732397 0.000393 6.981402 0.000471 
113 -0.817078 0.000000 0.000000 99.768345 -0.014106 6.998632 -0.000270 
114 -0.230913 0.000000 -0.180822 100.263390 -0.010292 7.478494 -0.010868 
115 -0.426301 0.000000 -0.180822 99.877889 -0.059675 7.097328 -0.002597 
116 -0.230913 0.000000 -0.361644 99.466673 0.052217 7.315509 0.005286 
117 -0.230913 0.000000 0.000000 101.285107 -0.079139 7.085345 -0.030888 
118 1.918356 0.000000 0.723288 99.924100 0.095119 6.274611 -0.002421 
119 2.699909 0.000000 0.723288 99.788772 0.237448 6.146225 0.000437 
120 1.918356 0.000000 1.446576 99.803666 0.050255 6.808331 -0.000713 
121 0.746027 0.000000 0.361644 100.000323 -0.032038 6.220464 -0.003876 
122 1.136804 0.000000 0.361644 100.326392 -0.010051 5.830156 -0.009938 
123 0.746027 0.000000 0.723288 99.922861 -0.020278 6.748848 -0.003013 
124 0.159863 0.000000 0.180822 99.190604 -0.255863 10.334377 0.005436 
125 -0.035525 0.000000 0.180822 98.285405 0.079517 3.715299 0.032617 
126 0.355251 0.000000 0.180822 102.308173 -0.072981 6.147276 -0.050476 
127 0.159863 0.000000 0.361644 99.641104 -0.072475 7.486664 0.001560 
128 0.062169 0.000000 -0.090411 83.223374 0.074908 -4.950465 0.304936 
129 -0.035525 0.000000 -0.090411 102.927732 0.118555 26.796249 -0.131217 
130 0.062169 0.000000 -0.180822 94.900073 0.105885 4.376210 0.097481 
131 0.159863 0.000000 -0.090411 97.507654 -0.036450 -13.033163 0.032239 
132 0.062169 0.000000 0.000000 200.589869 0.010332 0.781974 -3.023691 
133 -0.817078 0.000000 0.361644 99.769153 -0.008258 6.981577 -0.000263 
134 -1.207854 0.000000 0.361644 99.756216 0.001075 6.980371 -0.000003 
135 -0.817078 0.000000 0.723288 99.762332 0.004224 6.977404 -0.000121 
136 -0.230913 0.000000 0.180822 100.488624 -0.066788 6.600791 -0.014154 
137 -0.426301 0.000000 0.180822 99.927397 0.002084 6.928317 -0.003349 
138 -0.230913 0.000000 0.361644 99.712301 -0.040705 6.674069 0.001291 
139 -0.133219 0.000000 -0.090411 103.352832 -0.026597 9.850391 -0.077884 
140 -0.230913 0.000000 -0.090411 100.842560 -0.056929 7.560199 -0.022638 
141 -0.133219 0.000000 -0.180822 99.868305 -0.148809 9.055020 -0.005569 
142 -0.133219 0.000000 0.000000 106.729526 0.060178 7.280173 -0.144420 
143 0.062169 0.000000 0.090411 88.033277 -0.005856 11.484820 0.211824 
144 -0.035525 0.000000 0.090411 105.292692 0.040479 -11.784897 -0.122544 
145 0.159863 0.000000 0.090411 101.224296 -0.016915 13.789874 -0.043652 
146 0.062169 0.000000 0.180822 96.869931 -0.099282 7.857402 0.055447 
147 0.013322 0.000000 -0.045206 69.329312 0.172857 -13.512273 0.501084 
148 -0.035525 0.000000 -0.045206 146.173926 -0.029461 38.022936 -1.281256 
149 0.013322 0.000000 -0.090411 72.258878 0.004818 11.565407 0.464490 
150 0.062169 0.000000 -0.045206 198.127204 0.054480 -19.076771 -2.961832 
151 0.013322 0.000000 0.000000 251.264927 0.004576 3.661589 -5.314747 
152 -0.133219 0.000000 0.090411 103.817192 -0.099173 4.586879 -0.079906 
153 -0.230913 0.000000 0.090411 100.981452 -0.090320 6.578164 -0.024053 
154 -0.133219 0.000000 0.180822 100.388792 -0.171246 5.076268 -0.010371 
155 0.013322 0.000000 0.045206 77.275924 -0.153556 15.311907 0.379395 
156 -0.035525 0.000000 0.045206 145.954486 -0.084969 -21.945696 -1.178433 
157 0.062169 0.000000 0.045206 196.491631 -0.003306 19.933986 -2.900633 
158 0.013322 0.000000 0.090411 78.769937 -0.143606 -0.887436 0.379449 
159 -1.989406 0.000000 -8.679458 99.755236 -0.004526 6.974619 0.000025 
160 -5.115617 0.000000 -8.679458 99.755692 -0.002629 6.975293 0.000015 
161 -1.989406 0.000000 -11.572610 99.755682 -0.004047 6.974928 0.000015 
162 1.136804 0.000000 -8.679458 99.755009 -0.007594 6.973377 0.000031 
163 -0.426301 0.000000 -4.339729 99.751506 -0.007743 6.971222 0.000104 
164 -1.989406 0.000000 -4.339729 99.753180 -0.004531 6.974109 0.000066 
165 -0.426301 0.000000 -5.786305 99.753601 -0.007180 6.972590 0.000060 
166 1.136804 0.000000 -4.339729 99.750862 -0.009216 6.966492 0.000123 
167 0.355251 0.000000 -2.169864 99.747024 0.006826 6.946655 0.000228 
168 -0.426301 0.000000 -2.169864 99.741856 -0.007936 6.962545 0.000309 
169 0.355251 0.000000 -2.893153 99.746960 -0.011325 6.960462 0.000210 
170 1.136804 0.000000 -2.169864 99.755811 -0.019007 6.934024 0.000070 
171 -0.035525 0.000000 -1.084932 99.694279 0.007198 6.914685 0.001324 
172 -0.426301 0.000000 -1.084932 99.719065 -0.002641 6.950035 0.000781 
173 -0.035525 0.000000 -1.446576 99.711078 -0.009106 6.945278 0.000946 
174 0.355251 0.000000 -1.084932 99.713687 0.010430 6.874207 0.000993 
175 0.159863 0.000000 -0.542466 99.449340 0.030652 6.544427 0.006700 
176 -0.035525 0.000000 -0.542466 99.437958 0.039323 6.832571 0.006541 
177 0.159863 0.000000 -0.723288 99.596482 0.023091 6.756027 0.003490 
178 0.355251 0.000000 -0.542466 99.683411 0.039381 6.504153 0.002091 
179 0.062169 0.000000 -0.271233 97.026029 0.160458 5.842287 0.055179 
180 -0.035525 0.000000 -0.271233 97.794385 0.025417 7.716595 0.037671 
181 0.062169 0.000000 -0.361644 98.612676 0.035263 6.374371 0.023491 
182 0.159863 0.000000 -0.271233 98.243588 0.237753 4.169723 0.033075 
183 0.013322 0.000000 -0.135617 91.263714 0.072382 9.096010 0.158819 
184 -0.035525 0.000000 -0.135617 97.584760 0.214104 13.616271 0.029177 
185 0.013322 0.000000 -0.180822 94.961140 0.216785 7.689401 0.092321 
186 0.062169 0.000000 -0.135617 92.081234 0.099934 1.863837 0.151756 
187 0.550639 0.000000 -0.180822 101.210085 -0.001892 5.093562 -0.026943 
188 0.550639 0.000000 -0.361644 99.882627 0.053770 6.493212 -0.001870 
189 0.746027 0.000000 -0.180822 101.754650 0.008890 5.204822 -0.038110 
190 0.550639 0.000000 0.000000 101.343595 -0.007746 6.603247 -0.031413 
191 0.257557 0.000000 -0.090411 101.354263 0.022086 -10.005889 -0.037280 
192 0.257557 0.000000 -0.180822 100.008252 0.033204 1.078885 -0.000282 
193 0.355251 0.000000 -0.090411 104.553287 0.098265 -4.279559 -0.094971 
194 0.257557 0.000000 0.000000 84.576510 -0.041780 0.069380 0.284681 
195 0.111016 0.000000 -0.045206 148.204873 -0.005728 -13.586154 -1.214927 
196 0.111016 0.000000 -0.090411 90.072496 0.016722 -14.734224 0.166985 
197 0.159863 0.000000 -0.045206 117.970551 0.121096 -8.446599 -0.398841 
198 0.111016 0.000000 0.000000 151.344309 -0.020747 0.213295 -1.290515 
199 0.037745 0.000000 -0.067808 70.390133 0.170133 -13.562001 0.486127 
200 0.013322 0.000000 -0.067808 69.320387 0.178629 -13.151081 0.502170 
201 0.037745 0.000000 -0.090411 80.050547 0.051148 -0.919687 0.359106 
202 0.062169 0.000000 -0.067808 75.896705 0.119067 -14.440714 0.403114 
203 0.037745 0.000000 -0.045206 69.957969 0.170859 -13.635020 0.491994 
204 0.550639 0.000000 0.180822 101.474628 -0.017216 5.109226 -0.032320 
205 0.746027 0.000000 0.180822 102.119301 -0.005996 5.227898 -0.045568 
206 0.550639 0.000000 0.361644 100.272039 -0.063255 6.215590 -0.009312 
207 0.257557 0.000000 0.090411 104.063689 -0.041591 10.530380 -0.094014 
208 0.355251 0.000000 0.090411 106.065558 0.007459 4.604105 -0.127110 
209 0.257557 0.000000 0.180822 101.371270 -0.151715 8.739307 -0.035253 
210 0.111016 0.000000 0.045206 147.948800 -0.040861 13.857773 -1.208089 
211 0.159863 0.000000 0.045206 117.926670 0.082527 8.643262 -0.398141 
212 0.111016 0.000000 0.090411 94.714438 -0.089252 16.014628 0.077270 
213 -1.989406 0.000000 8.679458 99.757838 0.005201 6.974640 -0.000027 
214 -5.115617 0.000000 8.679458 99.757212 0.003095 6.975348 -0.000016 
215 1.136804 0.000000 8.679458 99.758281 0.008655 6.973124 -0.000034 
216 -1.989406 0.000000 11.572610 99.757298 0.004625 6.974898 -0.000017 
217 -0.426301 0.000000 4.339729 99.762638 0.008955 6.971928 -0.000119 
218 -1.989406 0.000000 4.339729 99.759866 0.005359 6.974761 -0.000068 
219 1.136804 0.000000 4.339729 99.765198 0.014004 6.965732 -0.000162 
220 -0.426301 0.000000 5.786305 99.760287 0.008254 6.972785 -0.000073 
221 0.355251 0.000000 2.169864 99.782133 0.011458 6.961664 -0.000494 
222 -0.426301 0.000000 2.169864 99.769733 0.009444 6.973679 -0.000263 
223 1.136804 0.000000 2.169864 99.799743 0.018289 6.936724 -0.000811 
224 0.355251 0.000000 2.893153 99.772657 0.013142 6.964713 -0.000309 
225 -0.035525 0.000000 1.084932 99.788940 -0.013933 6.987616 -0.000666 
226 -0.426301 0.000000 1.084932 99.772578 0.003542 6.986771 -0.000338 
227 0.355251 0.000000 1.084932 99.840654 -0.010726 6.961490 -0.001662 
228 -0.035525 0.000000 1.446576 99.771639 0.004461 6.966310 -0.000291 
229 0.159863 0.000000 0.542466 99.795174 -0.076684 7.110103 -0.000964 
230 -0.035525 0.000000 0.542466 99.671536 -0.010504 6.998173 0.001661 
231 0.355251 0.000000 0.542466 100.040331 -0.068675 6.989399 -0.005692 
232 0.159863 0.000000 0.723288 99.843603 -0.012697 7.030763 -0.001818 
233 0.062169 0.000000 0.271233 98.035562 -0.028344 7.374291 0.033465 
234 -0.035525 0.000000 0.271233 98.556909 -0.042141 6.037979 0.025008 
235 0.159863 0.000000 0.271233 99.261748 -0.054277 8.424827 0.007612 
236 0.062169 0.000000 0.361644 99.234780 -0.119856 7.146075 0.010138 
237 0.013322 0.000000 0.135617 94.199233 -0.041575 3.469981 0.111446 
238 -0.035525 0.000000 0.135617 99.491828 0.112281 0.364620 0.010123 
239 0.062169 0.000000 0.135617 95.062018 -0.114347 8.907933 0.088385 
240 0.013322 0.000000 0.180822 96.788861 0.028014 5.398220 0.060277 
241 0.037745 0.000000 0.067808 78.012925 -0.069180 15.495596 0.367387 
242 0.013322 0.000000 0.067808 77.207362 -0.150271 15.376675 0.380256 
243 0.037745 0.000000 0.045206 77.723266 -0.061239 15.403247 0.372183 
244 0.062169 0.000000 0.067808 82.619780 -0.082826 16.130378 0.291378 
245 0.037745 0.000000 0.090411 85.418670 -0.009554 8.981723 0.262298 
246 0.111016 0.000000 -0.135617 95.218902 0.011570 -1.672030 0.093056 
247 0.111016 0.000000 -0.180822 96.154287 0.024832 1.987285 0.075040 
248 0.159863 0.000000 -0.135617 97.501344 -0.197201 -3.271470 0.048275 
249 0.086592 0.000000 -0.067808 89.247399 -0.088479 -14.634789 0.182072 
250 0.086592 0.000000 -0.090411 89.697321 -0.110356 -14.880384 0.173295 
251 0.111016 0.000000 -0.067808 90.078535 0.004579 -14.684355 0.167023 
252 0.086592 0.000000 -0.045206 171.115098 0.014436 -17.383207 -1.958255 
253 0.086592 0.000000 -0.113014 91.586264 0.106231 -3.954729 0.159630 
254 0.062169 0.000000 -0.113014 88.649234 0.115144 -0.925858 0.214044 
255 0.086592 0.000000 -0.135617 93.593997 0.092740 -0.315986 0.124006 
256 0.111016 0.000000 -0.113014 94.296105 0.039236 -5.212268 0.108108 
257 0.074381 0.000000 -0.079110 86.000770 -0.040318 -14.606938 0.239050 
258 0.062169 0.000000 -0.079110 76.917294 0.103513 -14.537088 0.387239 
259 0.074381 0.000000 -0.090411 84.088482 0.067296 -9.348850 0.284172 
260 0.086592 0.000000 -0.079110 89.392493 -0.084537 -14.692257 0.179311 
261 0.074381 0.000000 -0.067808 83.812240 -0.005249 -14.595698 0.276247 
262 0.111016 0.000000 0.135617 97.902814 -0.091315 11.203599 0.028951 
263 0.159863 0.000000 0.135617 99.939473 -0.335786 11.710133 -0.012514 
264 0.111016 0.000000 0.180822 98.046944 -0.184577 9.465866 0.029716 
265 0.086592 0.000000 0.067808 94.244321 -0.028292 15.927547 0.086432 
266 0.086592 0.000000 0.045206 170.366811 -0.009982 17.727935 -1.933913 
267 0.111016 0.000000 0.067808 94.738012 -0.078392 16.030789 0.076772 
268 0.086592 0.000000 0.090411 94.669739 -0.028507 15.960864 0.078289 
269 0.086592 0.000000 0.113014 95.075690 -0.055754 12.271682 0.081002 
270 0.062169 0.000000 0.113014 92.417814 -0.057750 10.210101 0.135470 
271 0.111016 0.000000 0.113014 97.561812 -0.054613 12.752964 0.031905 
272 0.086592 0.000000 0.135617 96.435102 -0.071547 10.428495 0.059151 
273 0.074381 0.000000 0.079110 91.491994 -0.031367 15.804272 0.137944 
274 0.062169 0.000000 0.079110 83.538175 -0.076796 16.056047 0.276357 
275 0.074381 0.000000 0.067808 89.576357 -0.042156 15.870748 0.172419 
276 0.086592 0.000000 0.079110 94.359364 -0.031336 15.939417 0.084224 
277 0.074381 0.000000 0.090411 88.785341 -0.045292 14.994109 0.189234 
278 0.208710 0.000000 -0.045206 97.219869 -0.032033 -5.215769 0.052109 
279 0.208710 0.000000 -0.090411 98.877287 -0.063563 -12.383220 0.006993 
280 0.257557 0.000000 -0.045206 83.715616 0.011749 -4.042402 0.297535 
281 0.208710 0.000000 0.000000 98.320026 0.069414 0.126830 0.033315 
282 0.135439 0.000000 -0.067808 90.783223 0.065156 -15.052745 0.153182 
283 0.135439 0.000000 -0.090411 92.068268 0.045466 -14.681198 0.130789 
284 0.159863 0.000000 -0.067808 116.473663 0.076044 -12.722785 -0.372799 
285 0.135439 0.000000 -0.045206 131.528269 0.106406 -10.647601 -0.741307 
286 0.257557 0.000000 -0.271233 99.730521 0.120811 4.260529 0.003566 
287 0.257557 0.000000 -0.361644 99.788452 0.092527 5.526276 0.001172 
288 0.355251 0.000000 -0.271233 100.374078 0.083120 5.130484 -0.010128 
289 0.208710 0.000000 -0.135617 99.168757 -0.146135 -3.613723 0.015248 
290 0.208710 0.000000 -0.180822 98.596343 0.039380 0.211885 0.027871 
291 0.257557 0.000000 -0.135617 100.392787 0.153507 -3.029754 -0.008791 
292 0.135439 0.000000 -0.113014 95.564070 -0.006843 -5.884705 0.083288 
293 0.135439 0.000000 -0.135617 96.464364 -0.115572 -2.487024 0.068843 
294 0.159863 0.000000 -0.113014 96.981512 -0.146059 -6.835547 0.054784 
295 0.123228 0.000000 -0.079110 90.247124 0.053276 -14.845782 0.163506 
296 0.111016 0.000000 -0.079110 90.077371 0.011888 -14.786626 0.166742 
297 0.123228 0.000000 -0.090411 90.063575 0.041508 -14.935591 0.166548 
298 0.135439 0.000000 -0.079110 92.009712 0.048451 -14.875450 0.131293 
299 0.123228 0.000000 -0.067808 90.066393 0.037124 -14.936270 0.166495 
300 0.208710 0.000000 0.045206 97.232987 -0.050379 5.422668 0.051634 
301 0.257557 0.000000 0.045206 83.721781 -0.053981 4.147922 0.297346 
302 0.208710 0.000000 0.090411 102.225940 -0.102014 13.065939 -0.062087 
303 0.135439 0.000000 0.067808 95.283519 -0.117614 16.062223 0.066304 
304 0.135439 0.000000 0.045206 131.205434 -0.075264 10.887591 -0.733341 
305 0.159863 0.000000 0.067808 116.483081 0.021727 12.783900 -0.373174 
306 0.135439 0.000000 0.090411 96.433051 -0.088295 15.644855 0.045590 
307 0.257557 0.000000 0.271233 100.626064 -0.145321 7.896590 -0.018798 
308 0.355251 0.000000 0.271233 101.084781 -0.180292 6.711367 -0.026321 
309 0.257557 0.000000 0.361644 100.401866 -0.077458 7.488609 -0.013662 
310 0.208710 0.000000 0.135617 101.378354 -0.291851 11.069751 -0.040020 
311 0.257557 0.000000 0.135617 102.303328 0.048481 9.707367 -0.056021 
312 0.208710 0.000000 0.180822 100.199341 -0.158764 10.017894 -0.014029 
313 0.135439 0.000000 0.113014 98.724869 -0.118170 12.664516 0.009300 
314 0.159863 0.000000 0.113014 99.927625 -0.266864 12.850316 -0.015073 
315 0.135439 0.000000 0.135617 99.028560 -0.230393 11.457466 0.006202 
316 0.123228 0.000000 0.079110 94.812594 -0.115242 16.011980 0.075418 
317 0.111016 0.000000 0.079110 94.735800 -0.083352 16.006649 0.076891 
318 0.123228 0.000000 0.067808 94.694429 -0.104919 15.963886 0.077811 
319 0.135439 0.000000 0.079110 96.391893 -0.086782 15.851632 0.045732 
320 0.123228 0.000000 0.090411 94.682821 -0.109248 15.961779 0.078037 
321 0.184287 0.000000 -0.067808 105.004461 0.004901 -10.386122 -0.113381 
322 0.184287 0.000000 -0.090411 97.488538 -0.040236 -12.890177 0.032983 
323 0.208710 0.000000 -0.067808 95.164972 0.035966 -8.229200 0.087591 
324 0.184287 0.000000 -0.045206 106.443315 -0.041061 -6.809544 -0.137655 
325 0.184287 0.000000 0.067808 105.132686 -0.096478 10.543550 -0.116406 
326 0.184287 0.000000 0.045206 106.474350 -0.089440 7.004988 -0.138587 
327 0.208710 0.000000 0.067808 95.171858 -0.043408 8.416382 0.087148 
328 0.184287 0.000000 0.090411 101.122730 -0.081120 13.822203 -0.041687 
329 0.452945 0.000000 -0.090411 98.868214 0.001193 2.829435 0.021707 
330 0.452945 0.000000 -0.180822 99.606739 -0.004556 1.179209 0.007711 
331 0.550639 0.000000 -0.090411 100.836549 -0.004483 5.617088 -0.019956 
332 0.452945 0.000000 0.000000 101.343595 -0.007746 6.603249 -0.031413 
333 0.306404 0.000000 -0.135617 101.750491 0.132663 -1.305528 -0.035488 
334 0.306404 0.000000 -0.180822 100.785467 0.123747 1.846629 -0.016114 
335 0.355251 0.000000 -0.135617 103.852221 0.169036 0.026841 -0.078531 
336 0.306404 0.000000 -0.090411 103.441190 0.112780 -6.291376 -0.073967 
337 0.233134 0.000000 -0.113014 100.247460 -0.013379 -6.458633 -0.009127 
338 0.208710 0.000000 -0.113014 99.947673 -0.083048 -7.149792 -0.004066 
339 0.233134 0.000000 -0.135617 99.678141 -0.016185 -3.285328 0.005347 
340 0.257557 0.000000 -0.113014 101.381928 0.008190 -10.008872 -0.037847 
341 0.233134 0.000000 -0.090411 101.562552 -0.069110 -10.028125 -0.041552 
342 0.452945 0.000000 0.090411 99.181648 -0.029198 2.826163 0.015501 
343 0.550639 0.000000 0.090411 100.993143 -0.014768 5.619330 -0.023119 
344 0.452945 0.000000 0.180822 99.912584 -0.028849 1.178351 0.001609 
345 0.306404 0.000000 0.135617 103.321179 0.009015 7.356957 -0.072939 
346 0.306404 0.000000 0.090411 105.389570 -0.002578 6.667868 -0.115142 
347 0.355251 0.000000 0.135617 105.099782 -0.057844 5.540766 -0.107667 
348 0.306404 0.000000 0.180822 101.915276 -0.109051 7.594278 -0.044441 
349 0.233134 0.000000 0.113014 102.730642 -0.113977 10.524560 -0.066436 
350 0.208710 0.000000 0.113014 102.665199 -0.151056 11.937037 -0.068266 
351 0.233134 0.000000 0.090411 104.325021 -0.071135 10.556883 -0.099516 
352 0.257557 0.000000 0.113014 104.091368 -0.053091 10.533368 -0.094597 
353 0.233134 0.000000 0.135617 101.766406 -0.130319 10.317859 -0.046288 
354 0.306404 0.000000 -0.045206 74.754533 0.193675 -2.154271 0.440708 
355 0.355251 0.000000 -0.045206 69.535560 0.005786 -1.076940 0.516365 
356 0.306404 0.000000 0.000000 75.346475 0.069165 0.034238 0.432290 
357 0.281981 0.000000 -0.113014 102.585667 0.135324 -8.232273 -0.059161 
358 0.281981 0.000000 -0.135617 101.415353 0.145721 -2.062316 -0.028935 
359 0.306404 0.000000 -0.113014 103.440926 0.102144 -6.292407 -0.073963 
360 0.281981 0.000000 -0.090411 102.364190 0.126970 -8.551692 -0.055157 
361 0.281981 0.000000 -0.067808 77.346683 0.217907 -4.610921 0.399618 
362 0.257557 0.000000 -0.067808 82.771625 0.025639 -6.215070 0.311023 
363 0.306404 0.000000 -0.067808 74.118999 0.154100 -3.191002 0.449617 
364 0.281981 0.000000 -0.045206 78.413664 0.154466 -3.156703 0.384131 
365 0.269769 0.000000 -0.101712 101.535214 0.079790 -9.776984 -0.040500 
366 0.257557 0.000000 -0.101712 101.353015 0.022713 -10.005754 -0.037255 
367 0.269769 0.000000 -0.113014 101.509738 0.100822 -10.021011 -0.040466 
368 0.281981 0.000000 -0.101712 102.326433 0.143726 -9.191279 -0.055520 
369 0.269769 0.000000 -0.090411 101.435216 0.073255 -10.013656 -0.038938 
370 0.306404 0.000000 0.045206 74.877089 0.037487 2.191818 0.438862 
371 0.355251 0.000000 0.045206 69.509215 -0.023514 1.163592 0.516711 
372 0.281981 0.000000 0.113014 104.927249 0.081716 8.684376 -0.108515 
373 0.281981 0.000000 0.090411 104.769977 0.071525 9.016565 -0.105805 
374 0.306404 0.000000 0.113014 105.370428 -0.024021 6.666899 -0.114738 
375 0.281981 0.000000 0.135617 103.165446 -0.034724 8.427304 -0.071413 
376 0.281981 0.000000 0.067808 77.327918 0.152706 4.663772 0.399862 
377 0.257557 0.000000 0.067808 82.810881 -0.045660 6.324775 0.310235 
378 0.281981 0.000000 0.045206 78.453816 0.084023 3.281773 0.383422 
379 0.306404 0.000000 0.067808 74.215381 -0.006674 3.222451 0.448169 
380 0.269769 0.000000 0.101712 104.188320 0.019316 10.290923 -0.096111 
381 0.257557 0.000000 0.101712 104.062441 -0.041072 10.530245 -0.093988 
382 0.269769 0.000000 0.090411 104.125616 0.013921 10.535860 -0.095315 
383 0.281981 0.000000 0.101712 104.809647 0.112879 9.674867 -0.107868 
384 0.269769 0.000000 0.113014 104.186680 0.046053 10.541600 -0.096599 
385 0.746027 0.000000 -1.084932 99.718650 0.004851 6.855723 0.000919 
386 0.746027 0.000000 -1.446576 99.731467 -0.013094 6.906262 0.000594 
387 1.136804 0.000000 -1.084932 99.724383 -0.021183 6.822240 0.000850 
388 0.550639 0.000000 -0.542466 99.693260 0.035329 6.679214 0.001664 
389 0.550639 0.000000 -0.723288 99.691435 0.019908 6.750907 0.001604 
390 0.746027 0.000000 -0.542466 99.636345 0.037132 6.674248 0.002805 
391 0.452945 0.000000 -0.271233 100.200524 0.108271 5.926551 -0.007528 
392 0.452945 0.000000 -0.361644 100.152271 0.097153 6.293854 -0.007010 
393 0.550639 0.000000 -0.271233 101.195415 -0.006975 1.881128 -0.024405 
394 0.404098 0.000000 -0.135617 98.021020 -0.002206 0.455446 0.039167 
395 0.404098 0.000000 -0.180822 101.547449 0.105280 4.655316 -0.033357 
396 0.452945 0.000000 -0.135617 99.009130 0.000196 2.237767 0.019218 
397 0.404098 0.000000 -0.090411 100.929807 0.029227 -1.121489 -0.018808 
398 0.330828 0.000000 -0.113014 103.410703 0.106032 -6.294812 -0.073341 
399 0.330828 0.000000 -0.135617 102.169686 0.131692 -1.120015 -0.043992 
400 0.355251 0.000000 -0.113014 104.437358 0.103851 -4.525816 -0.092766 
401 0.330828 0.000000 -0.090411 103.404854 0.104762 -6.294416 -0.073219 
402 0.746027 0.000000 1.084932 99.867631 0.003038 6.889262 -0.002101 
403 1.136804 0.000000 1.084932 99.866882 0.023307 6.810759 -0.001978 
404 0.746027 0.000000 1.446576 99.820264 0.013877 6.921081 -0.001199 
405 0.550639 0.000000 0.542466 100.009982 -0.051211 6.706463 -0.004698 
406 0.746027 0.000000 0.542466 100.026600 -0.011435 6.630334 -0.004928 
407 0.550639 0.000000 0.723288 99.961168 -0.012935 6.879897 -0.003957 
408 0.452945 0.000000 0.271233 100.728170 -0.066752 5.788201 -0.017967 
409 0.550639 0.000000 0.271233 101.481999 -0.019672 1.882358 -0.030214 
410 0.452945 0.000000 0.361644 100.587362 -0.036152 6.448316 -0.015940 
411 0.404098 0.000000 0.135617 98.345930 -0.037976 0.452451 0.032787 
412 0.404098 0.000000 0.090411 101.568532 0.012689 1.935891 -0.031991 
413 0.452945 0.000000 0.135617 99.323360 -0.029389 2.234815 0.012987 
414 0.404098 0.000000 0.180822 102.254210 -0.108890 4.338456 -0.047476 
415 0.330828 0.000000 0.113014 105.374783 -0.040418 6.670007 -0.114834 
416 0.330828 0.000000 0.090411 105.368423 -0.041429 6.669587 -0.114699 
417 0.355251 0.000000 0.113014 106.007170 0.005315 4.856620 -0.126111 
418 0.330828 0.000000 0.135617 103.561730 0.010397 6.923631 -0.077297 
419 0.404098 0.000000 -0.045206 68.705273 0.034390 0.731422 0.527905 
420 0.452945 0.000000 -0.045206 99.395167 0.001873 4.460630 0.010070 
421 0.404098 0.000000 0.000000 69.727933 0.016919 0.003563 0.513802 
422 0.379675 0.000000 -0.113014 104.162142 0.071141 -2.092307 -0.085413 
423 0.379675 0.000000 -0.135617 103.663485 0.127560 1.619712 -0.074876 
424 0.404098 0.000000 -0.113014 100.555742 0.034740 -1.594770 -0.011400 
425 0.379675 0.000000 -0.090411 103.874178 0.066840 -2.086191 -0.079420 
426 0.330828 0.000000 -0.067808 71.208736 0.072815 -2.995646 0.492034 
427 0.355251 0.000000 -0.067808 68.311929 0.027759 -1.802852 0.533023 
428 0.330828 0.000000 -0.045206 71.769043 0.001344 -1.917508 0.484553 
429 0.343039 0.000000 -0.101712 103.839608 0.122304 -5.952798 -0.081811 
430 0.330828 0.000000 -0.101712 103.407049 0.105238 -6.294565 -0.073265 
431 0.343039 0.000000 -0.113014 103.915877 0.116406 -5.835507 -0.083258 
432 0.355251 0.000000 -0.101712 104.538925 0.098731 -4.599652 -0.094955 
433 0.343039 0.000000 -0.090411 103.653479 0.122225 -6.309909 -0.078387 
434 0.404098 0.000000 0.045206 68.743278 -0.004094 -0.772363 0.527377 
435 0.452945 0.000000 0.045206 99.680437 -0.024300 4.461392 0.004391 
436 0.330828 0.000000 0.067808 71.334505 -0.069696 3.071899 0.490195 
437 0.330828 0.000000 0.045206 71.826242 -0.062913 1.981387 0.483706 
438 0.355251 0.000000 0.067808 68.334833 -0.032133 1.861498 0.532688 
439 0.379675 0.000000 0.113014 105.094695 0.025989 2.366331 -0.105050 
440 0.379675 0.000000 0.090411 104.750700 0.029372 2.359050 -0.097828 
441 0.404098 0.000000 0.113014 101.245448 0.016200 2.116404 -0.025512 
442 0.379675 0.000000 0.135617 104.731154 -0.059206 3.750255 -0.098268 
443 0.343039 0.000000 0.101712 105.713746 -0.010812 6.317933 -0.121531 
444 0.330828 0.000000 0.101712 105.370810 -0.041050 6.669744 -0.114749 
445 0.343039 0.000000 0.090411 105.589731 -0.017977 6.683190 -0.119386 
446 0.355251 0.000000 0.101712 106.112741 0.006471 4.930822 -0.128423 
447 0.343039 0.000000 0.113014 105.758526 -0.010763 6.197292 -0.122327 
448 1.527580 0.000000 -0.361644 99.739330 -0.068352 5.619887 0.002048 
449 1.527580 0.000000 -0.723288 99.693656 -0.053277 6.556917 0.001818 
450 1.918356 0.000000 -0.361644 99.511606 -0.099585 5.242962 0.006994 
451 1.527580 0.000000 0.000000 101.730631 -0.017700 3.761375 -0.036327 
452 0.941416 0.000000 -0.180822 101.526212 0.010085 4.977112 -0.033234 
453 0.941416 0.000000 -0.361644 99.377419 0.026337 6.154489 0.008625 
454 1.136804 0.000000 -0.180822 100.596985 0.001685 3.913273 -0.013507 
455 0.941416 0.000000 0.000000 102.019382 0.003108 6.231101 -0.044678 
456 0.648333 0.000000 -0.090411 101.453431 -0.001940 5.674517 -0.032500 
457 0.648333 0.000000 -0.180822 101.452528 0.004390 4.592810 -0.031371 
458 0.746027 0.000000 -0.090411 101.895854 0.006987 6.361102 -0.042323 
459 0.648333 0.000000 0.000000 101.668761 -0.002270 6.660967 -0.038091 
460 0.501792 0.000000 -0.135617 99.505289 0.000335 3.369254 0.008735 
461 0.501792 0.000000 -0.180822 100.721944 -0.003479 3.172552 -0.015498 
462 0.550639 0.000000 -0.135617 101.229713 -0.002234 5.912071 -0.028241 
463 0.501792 0.000000 -0.090411 99.508800 0.000607 4.496648 0.007778 
464 0.428522 0.000000 -0.113014 97.916386 0.024733 -0.664244 0.041194 
465 0.428522 0.000000 -0.135617 98.981525 -0.001572 1.271582 0.020104 
466 0.452945 0.000000 -0.113014 98.893626 0.000105 2.288397 0.021481 
467 0.428522 0.000000 -0.090411 98.407311 0.016368 0.147498 0.031598 
468 0.379675 0.000000 -0.067808 67.521455 0.060722 -0.351006 0.544073 
469 0.404098 0.000000 -0.067808 98.027368 0.001121 1.061384 0.038951 
470 0.379675 0.000000 -0.045206 68.429032 0.040527 -0.259194 0.531740 
471 0.391886 0.000000 -0.101712 102.576356 0.045130 -1.883372 -0.052546 
472 0.379675 0.000000 -0.101712 104.169587 0.071616 -2.092512 -0.085569 
473 0.391886 0.000000 -0.113014 102.472634 0.044879 -1.841682 -0.050403 
474 0.404098 0.000000 -0.101712 100.617582 0.035143 -1.626876 -0.012655 
475 0.391886 0.000000 -0.090411 102.263389 0.044132 -1.745327 -0.046085 
476 0.379675 0.000000 0.067808 67.544800 0.006040 0.372354 0.543756 
477 0.379675 0.000000 0.045206 68.483576 -0.013049 0.266627 0.530993 
478 0.404098 0.000000 0.067808 98.352097 -0.033918 1.055295 0.032575 
479 1.527580 0.000000 0.361644 99.932074 0.033805 5.253796 -0.001402 
480 1.918356 0.000000 0.361644 100.352829 0.140512 4.575037 -0.009164 
481 1.527580 0.000000 0.723288 99.921698 0.013082 6.460584 -0.002609 
482 0.941416 0.000000 0.180822 102.618054 -0.002570 5.005244 -0.055552 
483 1.136804 0.000000 0.180822 102.907797 -0.008611 3.984320 -0.060589 
484 0.941416 0.000000 0.361644 100.143390 0.000959 6.199858 -0.006714 
485 0.648333 0.000000 0.090411 101.629880 -0.009240 5.684846 -0.036095 
486 0.746027 0.000000 0.090411 102.054479 -0.000688 6.369806 -0.045569 
487 0.648333 0.000000 0.180822 101.782070 -0.011462 4.605838 -0.038080 
488 0.501792 0.000000 0.135617 99.801884 -0.025787 3.373057 0.002821 
489 0.501792 0.000000 0.090411 99.767929 -0.023276 4.493713 0.002617 
490 0.550639 0.000000 0.135617 101.454496 -0.014925 5.921299 -0.032808 
491 0.501792 0.000000 0.180822 101.014868 -0.023019 3.177947 -0.021410 
492 0.428522 0.000000 0.113014 98.444856 -0.015205 1.794483 0.030539 
493 0.428522 0.000000 0.090411 98.873565 -0.018695 1.835941 0.022065 
494 0.452945 0.000000 0.113014 99.206396 -0.030204 2.287312 0.015286 
495 0.428522 0.000000 0.135617 99.294854 -0.029991 1.267978 0.013892 
496 0.391886 0.000000 0.101712 103.347743 0.028560 2.201257 -0.068560 
497 0.379675 0.000000 0.101712 105.101249 0.025928 2.366505 -0.105187 
498 0.391886 0.000000 0.090411 103.014177 0.023156 2.098278 -0.061632 
499 0.404098 0.000000 0.101712 101.312402 0.017048 2.130970 -0.026874 
500 0.391886 0.000000 0.113014 103.237897 0.026826 2.170011 -0.066277 
501 1.332192 0.000000 -0.180822 101.923446 -0.038674 2.717048 -0.039577 
502 1.332192 0.000000 -0.361644 99.750922 -0.036750 5.671397 0.001759 
503 1.527580 0.000000 -0.180822 102.094260 -0.039881 3.095645 -0.043282 
504 1.332192 0.000000 0.000000 101.330400 -0.026630 3.722372 -0.028171 
505 1.332192 0.000000 0.180822 101.319974 -0.028187 2.503771 -0.027201 
506 1.527580 0.000000 0.180822 101.732623 -0.002308 2.916650 -0.035803 
507 1.332192 0.000000 0.361644 100.058205 -0.012020 5.357767 -0.004035 
508 1.234498 0.000000 -0.090411 98.964753 -0.021070 1.205212 0.020452 
509 1.136804 0.000000 -0.090411 100.435164 -0.005822 4.388110 -0.010648 
510 1.234498 0.000000 -0.180822 100.169026 -0.007106 0.660727 -0.003427 
511 1.332192 0.000000 -0.090411 100.272090 -0.029472 2.004149 -0.005851 
512 1.234498 0.000000 0.000000 80.311115 -0.019549 0.641449 0.354971 
513 1.234498 0.000000 0.090411 99.848542 -0.017966 1.181476 0.002887 
514 1.136804 0.000000 0.090411 101.424035 -0.009037 4.392826 -0.030613 
515 1.332192 0.000000 0.090411 100.319194 -0.023897 1.965390 -0.006780 
516 1.234498 0.000000 0.180822 101.432765 -0.014193 0.658756 -0.028904 
517 4.263014 0.000000 -8.679458 99.755350 -0.011032 6.972177 0.000026 
518 4.263014 0.000000 -11.572610 99.755732 -0.007863 6.973821 0.000016 
519 7.389224 0.000000 -8.679458 99.755879 -0.013437 6.971620 0.000016 
520 2.699909 0.000000 -4.339729 99.751847 -0.019206 6.962023 0.000110 
521 2.699909 0.000000 -5.786305 99.753559 -0.014571 6.968389 0.000067 
522 4.263014 0.000000 -4.339729 99.753916 -0.025666 6.959508 0.000072 
523 1.918356 0.000000 -2.169864 99.756074 -0.033433 6.927507 0.000073 
524 1.918356 0.000000 -2.893153 99.748156 -0.018890 6.948412 0.000202 
525 2.699909 0.000000 -2.169864 99.748237 -0.045712 6.915913 0.000246 
526 1.527580 0.000000 -1.084932 99.727189 -0.032887 6.785087 0.000845 
527 1.527580 0.000000 -1.446576 99.738696 -0.016709 6.871588 0.000497 
528 1.918356 0.000000 -1.084932 99.726010 -0.058225 6.768702 0.000890 
529 1.332192 0.000000 -0.542466 99.664431 -0.024105 6.306036 0.002723 
530 1.136804 0.000000 -0.542466 99.572871 -0.000915 6.389866 0.004441 
531 1.332192 0.000000 -0.723288 99.681612 -0.037810 6.595951 0.002007 
532 1.527580 0.000000 -0.542466 99.685399 -0.042615 6.283910 0.002333 
533 1.234498 0.000000 -0.271233 99.812136 -0.040968 4.854406 0.001397 
534 1.136804 0.000000 -0.271233 100.966076 0.001344 0.933005 -0.019502 
535 1.234498 0.000000 -0.361644 99.641753 -0.033031 5.641502 0.003969 
536 1.332192 0.000000 -0.271233 101.919168 -0.046170 0.320151 -0.038762 
537 10.515434 0.000000 -2.893153 99.758116 -0.043936 6.945507 0.000008 
538 10.515434 0.000000 -5.786305 99.756546 -0.022756 6.966716 0.000010 
539 13.641644 0.000000 -2.893153 99.758089 -0.041877 6.948944 0.000003 
540 10.515434 0.000000 0.000000 99.827438 -0.245862 5.957631 -0.000107 
541 5.826119 0.000000 -1.446576 99.762865 -0.096037 6.851439 0.000042 
542 5.826119 0.000000 -2.893153 99.756600 -0.044905 6.939218 0.000047 
543 7.389224 0.000000 -1.446576 99.763177 -0.083835 6.865385 0.000017 
544 5.826119 0.000000 0.000000 100.006748 -0.491579 3.377217 -0.001300 
545 3.481461 0.000000 -0.723288 99.775958 -0.171149 6.449146 0.000314 
546 3.481461 0.000000 -1.446576 99.754411 -0.086060 6.830729 0.000239 
547 4.263014 0.000000 -0.723288 99.782772 -0.162597 6.509060 0.000100 
548 3.481461 0.000000 0.000000 100.057216 -0.830004 2.459828 -0.001819 
549 2.309132 0.000000 -0.361644 99.338381 -0.293907 4.808769 0.010868 
550 2.309132 0.000000 -0.723288 99.690597 -0.128392 6.440001 0.002029 
551 2.699909 0.000000 -0.361644 99.813425 -0.313742 4.973797 0.001244 
552 2.309132 0.000000 0.000000 131.923489 -0.717275 2.447831 -0.741031 
553 1.722968 0.000000 -0.180822 101.788323 -0.062464 3.171675 -0.037093 
554 1.722968 0.000000 -0.361644 99.504210 -0.072203 5.609735 0.006744 
555 1.918356 0.000000 -0.180822 101.180760 -0.117133 3.118689 -0.024729 
556 1.722968 0.000000 0.000000 102.086957 -0.025418 3.863282 -0.043667 
557 1.429886 0.000000 -0.090411 101.686046 -0.036606 2.658500 -0.034712 
558 1.429886 0.000000 -0.180822 101.885731 -0.036826 2.548587 -0.038720 
559 1.527580 0.000000 -0.090411 101.898691 -0.024144 2.979496 -0.039222 
560 1.429886 0.000000 0.000000 101.330018 -0.026625 3.723171 -0.028164 
561 1.283345 0.000000 -0.135617 99.727435 -0.029601 1.477798 0.005225 
562 1.234498 0.000000 -0.135617 99.133783 -0.019807 1.088527 0.017131 
563 1.283345 0.000000 -0.180822 100.491297 -0.036993 1.157015 -0.009984 
564 1.332192 0.000000 -0.135617 100.430897 -0.030257 2.328990 -0.009179 
565 1.283345 0.000000 -0.090411 99.432752 -0.027118 1.549896 0.011072 
566 10.515434 0.000000 2.893153 99.761428 0.069983 6.905663 -0.000004 
567 13.641644 0.000000 2.893153 99.762426 0.077995 6.890207 -0.000002 
568 10.515434 0.000000 5.786305 99.757667 0.029401 6.961973 -0.000006 
569 5.826119 0.000000 1.446576 99.774965 0.128270 6.709668 -0.000008 
570 7.389224 0.000000 1.446576 99.779074 0.153516 6.652917 -0.000015 
571 5.826119 0.000000 2.893153 99.762032 0.057621 6.920959 -0.000037 
572 3.481461 0.000000 0.723288 99.813322 0.262117 6.033345 0.000083 
573 4.263014 0.000000 0.723288 99.831103 0.291444 5.855619 -0.000062 
574 3.481461 0.000000 1.446576 99.769914 0.107780 6.768535 0.000014 
575 2.309132 0.000000 0.361644 99.334426 0.355127 4.195915 0.011494 
576 2.699909 0.000000 0.361644 99.924314 0.468991 3.976339 -0.000090 
577 2.309132 0.000000 0.723288 99.806735 0.167435 6.145752 0.000082 
578 1.722968 0.000000 0.180822 102.366739 0.009411 3.244746 -0.048948 
579 1.918356 0.000000 0.180822 102.554655 -0.013285 3.600865 -0.053042 
580 1.722968 0.000000 0.361644 99.999529 0.027061 5.054816 -0.002546 
581 1.429886 0.000000 0.090411 101.391819 -0.024960 2.610480 -0.028712 
582 1.527580 0.000000 0.090411 101.704904 -0.012688 2.945509 -0.035256 
583 1.429886 0.000000 0.180822 101.370527 -0.022805 2.405482 -0.028177 
584 4.263014 0.000000 8.679458 99.757971 0.012679 6.971524 -0.000026 
585 7.389224 0.000000 8.679458 99.757456 0.015799 6.970598 -0.000014 
586 4.263014 0.000000 11.572610 99.757358 0.008984 6.973515 -0.000016 
587 2.699909 0.000000 4.339729 99.763689 0.019510 6.958818 -0.000122 
588 4.263014 0.000000 4.339729 99.760771 0.030339 6.955443 -0.000059 
589 2.699909 0.000000 5.786305 99.760492 0.016795 6.967048 -0.000070 
590 1.918356 0.000000 2.169864 99.790576 0.038538 6.905804 -0.000585 
591 2.699909 0.000000 2.169864 99.770648 0.051816 6.893962 -0.000171 
592 1.918356 0.000000 2.893153 99.778636 0.021514 6.937115 -0.000390 
593 1.527580 0.000000 1.084932 99.846417 0.038595 6.733872 -0.001465 
594 1.918356 0.000000 1.084932 99.830239 0.069276 6.663879 -0.001049 
595 1.527580 0.000000 1.446576 99.818567 0.035916 6.839299 -0.001052 
596 1.332192 0.000000 0.542466 100.005321 -0.007836 6.187848 -0.003935 
597 1.136804 0.000000 0.542466 100.082304 0.004927 6.371631 -0.005707 
598 1.527580 0.000000 0.542466 99.923816 0.014376 6.081836 -0.002176 
599 1.332192 0.000000 0.723288 99.928543 0.022039 6.522331 -0.002825 
600 1.234498 0.000000 0.271233 100.493538 -0.022962 4.760089 -0.012161 
601 1.136804 0.000000 0.271233 102.525574 -0.011665 0.930917 -0.051236 
602 1.332192 0.000000 0.271233 101.343406 -0.045788 0.303530 -0.027058 
603 1.234498 0.000000 0.361644 100.242200 -0.013343 5.556742 -0.007938 
604 1.283345 0.000000 0.135617 99.928076 -0.021328 1.386468 0.001246 
605 1.234498 0.000000 0.135617 100.024400 -0.018144 1.068242 -0.000602 
606 1.283345 0.000000 0.090411 99.735151 -0.019528 1.476809 0.005072 
607 1.332192 0.000000 0.135617 100.332659 -0.022447 2.223635 -0.007159 
608 1.283345 0.000000 0.180822 100.410068 -0.027659 1.103661 -0.008340 
609 2.113744 0.000000 -0.180822 101.599683 -0.273064 5.158118 -0.034918 
610 2.113744 0.000000 -0.361644 99.700051 -0.193388 5.250071 0.003230 
611 2.309132 0.000000 -0.180822 98.262926 -0.518975 0.788831 0.034351 
612 2.113744 0.000000 0.000000 92.655829 -0.307010 -0.586586 0.141446 
613 2.113744 0.000000 0.180822 101.073603 0.528521 -2.113706 -0.022062 
614 2.309132 0.000000 0.180822 97.704251 0.650400 3.698762 0.043978 
615 2.113744 0.000000 0.361644 99.982470 0.250945 3.736846 -0.001052 
616 2.016050 0.000000 -0.090411 100.656733 -0.145059 2.002493 -0.013581 
617 1.918356 0.000000 -0.090411 101.484169 -0.082333 3.446055 -0.031092 
618 2.016050 0.000000 -0.180822 100.496429 -0.122210 1.083766 -0.010072 
619 2.113744 0.000000 -0.090411 108.493464 -0.528403 11.422610 -0.190159 
620 2.016050 0.000000 0.000000 101.927358 -0.054667 3.961144 -0.040488 
621 2.016050 0.000000 0.090411 101.970051 0.026228 2.276287 -0.040307 
622 1.918356 0.000000 0.090411 102.320259 -0.037464 3.642243 -0.048270 
623 2.113744 0.000000 0.090411 106.292807 1.065727 -11.096445 -0.142243 
624 2.016050 0.000000 0.180822 102.501314 0.053348 1.391990 -0.050846 
625 2.309132 0.000000 -1.084932 99.725673 -0.072626 6.743900 0.000930 
626 2.309132 0.000000 -1.446576 99.744555 -0.059847 6.847173 0.000414 
627 2.699909 0.000000 -1.084932 99.740057 -0.100805 6.726155 0.000667 
628 2.113744 0.000000 -0.542466 99.521142 -0.102219 6.064614 0.005875 
629 1.918356 0.000000 -0.542466 99.507215 -0.109426 6.124268 0.006080 
630 2.113744 0.000000 -0.723288 99.700150 -0.085563 6.474663 0.001795 
631 2.309132 0.000000 -0.542466 99.635455 -0.133614 6.025685 0.003645 
632 2.016050 0.000000 -0.271233 99.755315 -0.159609 3.970138 0.003309 
633 1.918356 0.000000 -0.271233 100.444638 -0.144988 1.867095 -0.009263 
634 2.016050 0.000000 -0.361644 99.675283 -0.139786 5.094030 0.003887 
635 2.113744 0.000000 -0.271233 99.748257 -0.227946 4.615624 0.002893 
636 3.090685 0.000000 -0.361644 99.835249 -0.281792 5.170554 0.000611 
637 3.090685 0.000000 -0.723288 99.762831 -0.167652 6.422320 0.000610 
638 3.481461 0.000000 -0.361644 99.852162 -0.296182 5.354386 0.000079 
639 3.090685 0.000000 0.000000 100.059866 -0.922468 2.426082 -0.001871 
640 2.504521 0.000000 -0.180822 100.218757 -0.511967 2.354079 -0.004960 
641 2.504521 0.000000 -0.361644 99.703310 -0.232490 4.789165 0.003626 
642 2.699909 0.000000 -0.180822 100.007836 -0.447894 2.887502 -0.001011 
643 2.504521 0.000000 0.000000 101.012913 -0.897363 2.395101 -0.021015 
644 2.211438 0.000000 -0.090411 91.185329 -0.864474 16.545252 0.141074 
645 2.211438 0.000000 -0.180822 97.257692 -0.351906 4.948059 0.051633 
646 2.309132 0.000000 -0.090411 106.417854 -0.837335 -12.156586 -0.147324 
647 2.211438 0.000000 0.000000 137.395257 -0.325722 0.065968 -0.887757 
648 2.064897 0.000000 -0.135617 100.502225 -0.123131 0.759644 -0.010129 
649 2.016050 0.000000 -0.135617 100.548509 -0.158854 2.063418 -0.011429 
650 2.064897 0.000000 -0.180822 101.808798 -0.243272 3.127212 -0.037487 
651 2.113744 0.000000 -0.135617 104.990050 -0.353234 7.315444 -0.107655 
652 2.064897 0.000000 -0.090411 101.273842 -0.185910 3.561487 -0.026911 
653 3.090685 0.000000 0.361644 99.960794 0.519952 3.581428 -0.000526 
654 3.481461 0.000000 0.361644 100.008981 0.522161 3.192386 -0.001226 
655 3.090685 0.000000 0.723288 99.799135 0.244301 6.102270 0.000284 
656 2.504521 0.000000 0.180822 100.276651 0.673226 2.353365 -0.006140 
657 2.699909 0.000000 0.180822 100.144883 0.751839 1.865772 -0.003304 
658 2.504521 0.000000 0.361644 99.756996 0.492192 4.254362 0.003020 
659 2.211438 0.000000 0.090411 88.555790 1.562692 -15.995801 0.189956 
660 2.309132 0.000000 0.090411 105.601505 0.765038 18.401693 -0.149089 
661 2.211438 0.000000 0.180822 96.388567 0.736018 -1.317888 0.070697 
662 2.309132 0.000000 1.084932 99.792984 0.098220 6.623010 -0.000251 
663 2.699909 0.000000 1.084932 99.774233 0.130557 6.615968 0.000131 
664 2.309132 0.000000 1.446576 99.787751 0.072453 6.787404 -0.000367 
665 2.113744 0.000000 0.542466 99.769750 0.202015 5.548988 0.001516 
666 1.918356 0.000000 0.542466 99.898293 0.085268 5.775315 -0.001303 
667 2.309132 0.000000 0.542466 99.739896 0.272474 5.516940 0.002144 
668 2.113744 0.000000 0.723288 99.876128 0.146395 6.174800 -0.001339 
669 2.016050 0.000000 0.271233 100.791018 0.204150 2.699708 -0.016616 
670 1.918356 0.000000 0.271233 103.080112 -0.023376 2.471283 -0.063162 
671 2.113744 0.000000 0.271233 99.951435 0.339106 1.742288 0.000656 
672 2.016050 0.000000 0.361644 100.329301 0.196830 4.170210 -0.008340 
673 2.064897 0.000000 0.135617 102.222576 0.074844 0.769384 -0.045005 
674 2.016050 0.000000 0.135617 102.002480 0.015437 2.422531 -0.041037 
675 2.064897 0.000000 0.090411 102.131631 0.234767 -1.779791 -0.043409 
676 2.113744 0.000000 0.135617 103.568661 0.786660 -5.927918 -0.076223 
677 2.064897 0.000000 0.180822 101.844656 0.291510 -0.358877 -0.037255 
678 2.211438 0.000000 -0.271233 98.736230 -0.283733 4.560109 0.023028 
679 2.211438 0.000000 -0.361644 99.436975 -0.232894 5.154918 0.008566 
680 2.309132 0.000000 -0.271233 98.932220 -0.341477 3.514350 0.019995 
681 2.162591 0.000000 -0.135617 99.767540 -0.504219 9.360847 -0.004144 
682 2.162591 0.000000 -0.180822 99.458342 -0.332199 6.023827 0.007164 
683 2.211438 0.000000 -0.135617 94.980341 -0.563322 7.478895 0.092248 
684 2.162591 0.000000 -0.090411 100.365917 -0.770998 16.002196 -0.032998 
685 2.064897 0.000000 -0.045206 100.513987 -0.122990 0.684280 -0.010354 
686 2.016050 0.000000 -0.045206 100.894682 -0.132361 3.230170 -0.019019 
687 2.113744 0.000000 -0.045206 90.126182 -0.151402 3.482256 0.186512 
688 2.064897 0.000000 0.000000 86.355173 -0.132837 -0.550801 0.254246 
689 2.089321 0.000000 -0.113014 106.565054 -0.333474 5.749958 -0.138928 
690 2.064897 0.000000 -0.113014 102.716459 -0.223173 4.641707 -0.057227 
691 2.089321 0.000000 -0.135617 100.556470 -0.097352 0.227561 -0.011166 
692 2.113744 0.000000 -0.113014 108.556274 -0.526968 11.284033 -0.191207 
693 2.089321 0.000000 -0.090411 106.264390 -0.323673 5.507205 -0.132255 
694 2.064897 0.000000 0.045206 102.138304 0.078779 0.689142 -0.043271 
695 2.016050 0.000000 0.045206 102.110108 -0.021154 3.531871 -0.043895 
696 2.113744 0.000000 0.045206 91.443546 -0.431693 -4.591602 0.161681 
697 2.211438 0.000000 0.271233 98.517697 0.486525 1.946419 0.029024 
698 2.309132 0.000000 0.271233 98.740564 0.471221 3.215122 0.023974 
699 2.211438 0.000000 0.361644 99.494043 0.326297 3.789734 0.008647 
700 2.162591 0.000000 0.135617 98.546673 0.904568 -7.670236 0.022890 
701 2.162591 0.000000 0.090411 98.556429 1.426403 -15.640192 0.003998 
702 2.211438 0.000000 0.135617 93.420018 0.935620 -5.311408 0.124361 
703 2.162591 0.000000 0.180822 98.743148 0.654651 -2.723705 0.024194 
704 2.089321 0.000000 0.113014 105.214250 0.649616 -5.347497 -0.109906 
705 2.064897 0.000000 0.113014 102.801356 0.388509 -3.618563 -0.058136 
706 2.089321 0.000000 0.090411 105.056249 0.623687 -5.048412 -0.106269 
707 2.113744 0.000000 0.113014 106.352759 1.062902 -10.960288 -0.143217 
708 2.089321 0.000000 0.135617 101.886629 0.134923 0.208755 -0.038095 
709 2.162591 0.000000 -0.045206 108.208541 -0.161256 7.710877 -0.176857 
710 2.211438 0.000000 -0.045206 136.964564 -0.004671 10.803570 -0.887601 
711 2.162591 0.000000 0.000000 110.430908 -0.411361 -0.467296 -0.219537 
712 2.138168 0.000000 -0.113014 104.269474 -0.649874 15.463538 -0.111167 
713 2.138168 0.000000 -0.135617 102.391044 -0.412719 9.079641 -0.056654 
714 2.162591 0.000000 -0.113014 100.254173 -0.685168 12.512381 -0.020793 
715 2.138168 0.000000 -0.090411 103.900203 -0.670980 15.408339 -0.103312 
716 2.089321 0.000000 -0.067808 100.556120 -0.097407 0.229105 -0.011160 
717 2.064897 0.000000 -0.067808 100.254910 -0.186804 1.962127 -0.005493 
718 2.113744 0.000000 -0.067808 87.155882 -0.054270 5.594227 0.237255 
719 2.089321 0.000000 -0.045206 85.600101 -0.050703 1.319847 0.267088 
720 2.101533 0.000000 -0.101712 109.015099 -0.459792 8.177827 -0.195138 
721 2.089321 0.000000 -0.101712 107.606332 -0.371443 6.146079 -0.161703 
722 2.101533 0.000000 -0.113014 109.240523 -0.453997 7.580465 -0.199116 
723 2.113744 0.000000 -0.101712 108.478148 -0.531072 11.840948 -0.190800 
724 2.101533 0.000000 -0.090411 109.334217 -0.470628 8.171615 -0.202097 
725 2.162591 0.000000 0.045206 109.170492 -0.463100 -8.518046 -0.199097 
726 2.211438 0.000000 0.045206 138.543351 -0.290551 -10.932190 -0.931386 
727 2.089321 0.000000 0.067808 101.886751 0.134776 0.210199 -0.038097 
728 2.064897 0.000000 0.067808 102.077901 -0.016852 2.382590 -0.042557 
729 2.089321 0.000000 0.045206 87.182581 -0.250664 -2.557466 0.239259 
730 2.113744 0.000000 0.067808 89.328642 -0.436166 -6.589880 0.197678 
731 2.138168 0.000000 0.113014 102.398433 1.244941 -15.101396 -0.071504 
732 2.138168 0.000000 0.090411 102.061310 1.272352 -15.052522 -0.064471 
733 2.162591 0.000000 0.113014 98.640900 1.174863 -11.769672 0.013007 
734 2.138168 0.000000 0.135617 101.133658 0.900580 -7.507438 -0.028519 
735 2.101533 0.000000 0.101712 106.875574 0.914732 -7.913642 -0.148585 
736 2.089321 0.000000 0.101712 105.942906 0.730988 -5.814466 -0.125824 
737 2.101533 0.000000 0.090411 107.143127 0.944918 -7.906702 -0.154306 
738 2.113744 0.000000 0.101712 106.268496 1.073888 -11.505103 -0.142651 
739 2.101533 0.000000 0.113014 107.122578 0.905303 -7.326465 -0.152974 
740 2.138168 0.000000 -0.067808 95.512738 -0.103026 9.015314 0.079603 
741 2.162591 0.000000 -0.067808 105.771512 -0.059800 11.854334 -0.132814 
742 2.138168 0.000000 -0.045206 97.725142 -0.175858 5.761692 0.041657 
743 2.125956 0.000000 -0.101712 105.486280 -0.594737 15.357119 -0.136355 
744 2.125956 0.000000 -0.113014 106.313026 -0.583559 14.608081 -0.151620 
745 2.138168 0.000000 -0.101712 104.038245 -0.663008 15.428894 -0.106245 
746 2.125956 0.000000 -0.090411 106.209327 -0.586374 14.677553 -0.149620 
747 2.138168 0.000000 0.067808 97.103784 -0.532877 -9.829700 0.047395 
748 2.138168 0.000000 0.045206 98.854843 -0.483379 -6.745439 0.018199 
749 2.162591 0.000000 0.067808 107.162396 -0.623492 -12.541107 -0.164145 
750 2.125956 0.000000 0.101712 103.495718 1.176790 -14.980550 -0.093717 
751 2.125956 0.000000 0.090411 104.161112 1.163688 -14.306771 -0.105558 
752 2.138168 0.000000 0.101712 102.188001 1.261813 -15.070724 -0.067111 
753 2.125956 0.000000 0.113014 104.256038 1.159944 -14.237497 -0.107337 
754 2.406827 0.000000 -0.090411 102.424319 -0.775471 0.702572 -0.049184 
755 2.406827 0.000000 -0.180822 100.245357 -0.458208 1.481137 -0.005154 
756 2.504521 0.000000 -0.090411 100.749346 -0.665101 2.200086 -0.015571 
757 2.406827 0.000000 0.000000 104.535635 -1.062156 2.463165 -0.093489 
758 2.260285 0.000000 -0.135617 92.637894 -0.537185 0.876641 0.141716 
759 2.260285 0.000000 -0.180822 96.606810 -0.435230 2.433040 0.066102 
760 2.309132 0.000000 -0.135617 98.378268 -0.609327 -3.073328 0.031190 
761 2.260285 0.000000 -0.090411 76.955318 -0.603854 12.747353 0.391502 
762 2.187015 0.000000 -0.113014 97.012747 -0.817188 12.348367 0.043538 
763 2.187015 0.000000 -0.135617 97.446506 -0.542488 8.870906 0.042519 
764 2.211438 0.000000 -0.113014 92.474860 -0.818037 10.750656 0.133215 
765 2.187015 0.000000 -0.090411 94.714205 -0.970086 17.330163 0.072794 
766 2.150380 0.000000 -0.101712 102.877845 -0.722756 15.255656 -0.081711 
767 2.150380 0.000000 -0.113014 103.283301 -0.706365 15.316246 -0.090253 
768 2.162591 0.000000 -0.101712 100.556235 -0.767976 15.938624 -0.036619 
769 2.150380 0.000000 -0.090411 102.184220 -0.736535 15.450086 -0.068086 
770 2.406827 0.000000 0.090411 102.250172 0.383879 4.636463 -0.047674 
771 2.504521 0.000000 0.090411 100.748729 0.433540 3.085726 -0.016002 
772 2.406827 0.000000 0.180822 100.121211 0.694382 3.227563 -0.003516 
773 2.260285 0.000000 0.135617 90.859594 0.931181 2.436677 0.173773 
774 2.260285 0.000000 0.090411 72.676583 0.952915 -11.963662 0.457408 
775 2.309132 0.000000 0.135617 97.449453 0.805510 7.374651 0.044857 
776 2.260285 0.000000 0.180822 95.747239 0.695366 1.678177 0.082917 
777 2.187015 0.000000 0.113014 95.295474 1.181028 -11.401608 0.078738 
778 2.187015 0.000000 0.090411 92.595063 1.546189 -16.882866 0.113873 
779 2.211438 0.000000 0.113014 90.394870 1.135781 -9.478248 0.173764 
780 2.187015 0.000000 0.135617 96.064780 0.909879 -6.979754 0.072201 
781 2.150380 0.000000 0.101712 101.107453 1.344109 -14.914638 -0.044697 
782 2.150380 0.000000 0.090411 100.406580 1.369608 -15.104251 -0.031150 
783 2.162591 0.000000 0.101712 98.751153 1.420974 -15.578621 0.000350 
784 2.150380 0.000000 0.113014 101.497082 1.318601 -14.970981 -0.052753 
785 2.260285 0.000000 -0.045206 166.817698 -0.222381 2.431941 -1.783411 
786 2.309132 0.000000 -0.045206 127.539932 -0.417640 -9.436081 -0.635565 
787 2.260285 0.000000 0.000000 156.345781 -0.520581 1.301796 -1.444597 
788 2.187015 0.000000 -0.067808 118.821584 0.293402 14.939664 -0.434185 
789 2.211438 0.000000 -0.067808 136.665097 0.429169 17.870826 -0.899690 
790 2.187015 0.000000 -0.045206 121.336460 -0.119586 9.615382 -0.481501 
791 2.174803 0.000000 -0.101712 97.470382 -0.838108 16.826181 0.021570 
792 2.174803 0.000000 -0.113014 98.725529 -0.719892 12.622712 0.009342 
793 2.187015 0.000000 -0.101712 94.728325 -0.982226 17.331037 0.072521 
794 2.174803 0.000000 -0.090411 97.120206 -0.842012 16.937293 0.028008 
795 2.260285 0.000000 0.045206 170.460488 -0.074331 -0.033393 -1.905678 
796 2.309132 0.000000 0.045206 128.179187 -0.155791 15.291603 -0.666376 
797 2.187015 0.000000 0.067808 120.243273 -0.530969 -15.580391 -0.470148 
798 2.187015 0.000000 0.045206 122.340580 -0.458820 -10.198995 -0.507145 
799 2.211438 0.000000 0.067808 138.743379 -0.346328 -18.383355 -0.958779 
800 2.174803 0.000000 0.101712 95.553783 1.490349 -16.428269 0.059737 
801 2.174803 0.000000 0.090411 95.189278 1.495187 -16.534452 0.066338 
802 2.187015 0.000000 0.101712 92.633644 1.540205 -16.889996 0.113136 
803 2.174803 0.000000 0.113014 97.108494 1.178907 -11.698649 0.043169 
804 2.235862 0.000000 -0.067808 79.938697 -0.702701 13.243746 0.343391 
805 2.235862 0.000000 -0.090411 80.922817 -0.723908 13.407070 0.327122 
806 2.260285 0.000000 -0.067808 75.731453 -0.564241 12.543973 0.410708 
807 2.235862 0.000000 -0.045206 153.187843 -0.036686 9.892157 -1.356437 
808 2.235862 0.000000 -0.113014 89.164287 -0.786570 6.615909 0.200534 
809 2.235862 0.000000 -0.135617 93.075975 -0.575999 4.760481 0.131387 
810 2.260285 0.000000 -0.113014 86.664954 -0.708144 -0.126419 0.248867 
811 2.223650 0.000000 -0.079110 85.717047 -0.784833 14.785983 0.243335 
812 2.211438 0.000000 -0.079110 90.780178 -0.862702 16.422790 0.148851 
813 2.223650 0.000000 -0.090411 85.689223 -0.782868 14.670407 0.244152 
814 2.235862 0.000000 -0.079110 80.802399 -0.721798 13.387065 0.329124 
815 2.223650 0.000000 -0.067808 146.105718 0.461465 16.798008 -1.162927 
816 2.235862 0.000000 0.067808 76.007486 1.123674 -12.517268 0.406492 
817 2.235862 0.000000 0.045206 155.560366 -0.102577 -9.196265 -1.428361 
818 2.260285 0.000000 0.067808 71.313316 0.909720 -11.736742 0.477583 
819 2.235862 0.000000 0.090411 77.097526 1.169291 -12.697659 0.389337 
820 2.235862 0.000000 0.113014 86.696273 1.097464 -4.708902 0.246038 
821 2.260285 0.000000 0.113014 83.839614 1.045332 3.101271 0.296021 
822 2.235862 0.000000 0.135617 91.348685 0.920409 -2.108965 0.165012 
823 2.223650 0.000000 0.079110 82.434143 1.368911 -14.147627 0.300258 
824 2.211438 0.000000 0.079110 88.102170 1.547558 -15.866400 0.198387 
825 2.223650 0.000000 0.067808 148.659891 -0.213811 -17.018628 -1.238944 
826 2.235862 0.000000 0.079110 76.963613 1.163808 -12.675491 0.391458 
827 2.223650 0.000000 0.090411 82.408778 1.369961 -14.035358 0.300993 
828 2.357979 0.000000 -0.045206 109.324162 -0.542369 -0.850961 -0.195279 
829 2.357979 0.000000 -0.090411 104.727423 -0.835863 -1.609783 -0.097112 
830 2.406827 0.000000 -0.045206 104.001565 -0.745972 1.155638 -0.081822 
831 2.357979 0.000000 0.000000 111.094440 -0.860163 2.555128 -0.234924 
832 2.284709 0.000000 -0.067808 149.583184 0.057376 -39.952914 -1.397137 
833 2.284709 0.000000 -0.090411 91.702876 -0.767196 -28.392724 0.078385 
834 2.309132 0.000000 -0.067808 118.274766 -0.061691 -14.408962 -0.419654 
835 2.284709 0.000000 -0.045206 152.757239 -0.294506 -12.675171 -1.349552 
836 2.248074 0.000000 -0.079110 78.429016 -0.649616 12.993240 0.367964 
837 2.248074 0.000000 -0.090411 78.714372 -0.659746 13.040568 0.363356 
838 2.260285 0.000000 -0.079110 76.197314 -0.580211 12.621064 0.403434 
839 2.248074 0.000000 -0.067808 77.916842 -0.632410 12.908074 0.376195 
840 2.357979 0.000000 0.045206 109.168304 -0.387304 6.428522 -0.195919 
841 2.406827 0.000000 0.045206 103.884113 -0.650919 4.185424 -0.080985 
842 2.357979 0.000000 0.090411 104.408324 0.583877 7.129269 -0.095227 
843 2.284709 0.000000 0.067808 152.900269 0.472702 48.532160 -1.573409 
844 2.284709 0.000000 0.045206 155.371862 -0.057093 17.990336 -1.446407 
845 2.309132 0.000000 0.067808 118.429440 0.416173 20.857977 -0.446076 
846 2.284709 0.000000 0.090411 88.823909 0.869349 35.235588 0.086801 
847 2.248074 0.000000 0.079110 74.338490 1.041846 -12.240479 0.432287 
848 2.248074 0.000000 0.067808 73.767931 1.012885 -12.145697 0.440975 
849 2.260285 0.000000 0.079110 71.825182 0.917111 -11.821812 0.470055 
850 2.248074 0.000000 0.090411 74.653444 1.057170 -12.292692 0.427464 
851 -8.241827 0.000000 -8.679458 99.756012 -0.001602 6.975542 0.000008 
852 -11.368037 0.000000 -8.679458 99.756185 -0.001038 6.975623 0.000004 
853 -8.241827 0.000000 -11.572610 99.756063 -0.001797 6.975504 0.000007 
854 10.515434 0.000000 -8.679458 99.756235 -0.014645 6.971532 0.000009 
855 10.515434 0.000000 -11.572610 99.756175 -0.010467 6.973349 0.000008 
856 13.641644 0.000000 -8.679458 99.756421 -0.015137 6.971624 0.000005 
857 -8.241827 0.000000 8.679458 99.756832 0.001951 6.975573 -0.000008 
858 -11.368037 0.000000 8.679458 99.756643 0.001316 6.975638 -0.000005 
859 -8.241827 0.000000 11.572610 99.756793 0.002129 6.975519 -0.000008 
860 -3.552511 0.000000 -4.339729 99.754680 -0.002817 6.975129 0.000035 
861 -5.115617 0.000000 -4.339729 99.755436 -0.001860 6.975515 0.000020 
862 -3.552511 0.000000 -5.786305 99.754967 -0.003219 6.974955 0.000030 
863 10.515434 0.000000 8.679458 99.757149 0.017803 6.970090 -0.000007 
864 13.641644 0.000000 8.679458 99.757009 0.019150 6.969709 -0.000004 
865 10.515434 0.000000 11.572610 99.756944 0.012388 6.972714 -0.000007 
866 5.826119 0.000000 -4.339729 99.755459 -0.028648 6.958977 0.000042 
867 5.826119 0.000000 -5.786305 99.755444 -0.020353 6.966493 0.000032 
868 7.389224 0.000000 -4.339729 99.756401 -0.029914 6.959448 0.000023 
869 -3.552511 0.000000 4.339729 99.758101 0.003445 6.975464 -0.000034 
870 -5.115617 0.000000 4.339729 99.757324 0.002366 6.975679 -0.000018 
871 -3.552511 0.000000 5.786305 99.757959 0.003836 6.975168 -0.000030 
872 -1.207854 0.000000 -2.169864 99.750537 0.002811 6.968458 0.000127 
873 -1.989406 0.000000 -2.169864 99.751007 0.003180 6.975115 0.000108 
874 -1.207854 0.000000 -2.893153 99.754731 -0.002706 6.966521 0.000046 
875 5.826119 0.000000 4.339729 99.759441 0.034894 6.953501 -0.000030 
876 7.389224 0.000000 4.339729 99.758744 0.037846 6.952209 -0.000014 
877 5.826119 0.000000 5.786305 99.758512 0.024168 6.964007 -0.000026 
878 3.481461 0.000000 -2.169864 99.749121 -0.051588 6.907336 0.000240 
879 3.481461 0.000000 -2.893153 99.754171 -0.037919 6.941620 0.000092 
880 4.263014 0.000000 -2.169864 99.755822 -0.057910 6.912260 0.000099 
881 -1.207854 0.000000 2.169864 99.769859 0.005899 6.981820 -0.000277 
882 -1.989406 0.000000 2.169864 99.760171 0.008104 6.976782 -0.000077 
883 -1.207854 0.000000 2.893153 99.766017 0.010765 6.978353 -0.000196 
884 -0.817078 0.000000 -1.084932 99.730905 -0.003241 6.971393 0.000515 
885 -1.207854 0.000000 -1.084932 99.740514 -0.003216 6.981516 0.000309 
886 -0.817078 0.000000 -1.446576 99.743528 0.001894 6.960421 0.000278 
887 3.481461 0.000000 2.169864 99.764349 0.059924 6.888618 -0.000038 
888 4.263014 0.000000 2.169864 99.763251 0.073889 6.884512 -0.000011 
889 3.481461 0.000000 2.893153 99.762497 0.047288 6.929325 -0.000057 
890 -0.230913 0.000000 -0.542466 99.560165 0.023425 7.021990 0.003846 
891 -0.426301 0.000000 -0.542466 99.675165 0.013289 7.028316 0.001546 
892 -0.230913 0.000000 -0.723288 99.606734 0.008074 6.964505 0.002999 
893 0.941416 0.000000 -0.542466 99.554102 0.013829 6.560113 0.004595 
894 0.941416 0.000000 -0.723288 99.619499 0.013682 6.712164 0.003090 
895 -0.817078 0.000000 1.084932 99.761458 0.003482 6.979694 -0.000106 
896 -1.207854 0.000000 1.084932 99.760193 -0.005803 6.976849 -0.000077 
897 -0.817078 0.000000 1.446576 99.770206 -0.000523 6.984608 -0.000288 
898 -0.230913 0.000000 0.542466 99.742747 0.003817 6.929419 0.000337 
899 -0.426301 0.000000 0.542466 99.786188 -0.006111 6.960280 -0.000573 
900 -0.230913 0.000000 0.723288 99.762439 -0.023207 6.976751 -0.000122 
901 -0.133219 0.000000 -0.271233 99.502846 -0.039236 7.578042 0.004176 
902 -0.230913 0.000000 -0.271233 99.711006 0.130618 7.469194 0.000191 
903 -0.133219 0.000000 -0.361644 99.272498 0.062547 7.237380 0.009259 
904 0.941416 0.000000 0.542466 100.054837 0.001060 6.534682 -0.005367 
905 0.941416 0.000000 0.723288 99.927768 0.004513 6.699077 -0.003044 
906 -0.133219 0.000000 0.271233 99.935663 -0.139216 6.371779 -0.002776 
907 -0.230913 0.000000 0.271233 99.970100 0.070293 6.571277 -0.003721 
908 -0.133219 0.000000 0.361644 99.650278 -0.053252 6.690123 0.002506 
909 0.037745 0.000000 -0.113014 86.272093 0.049168 3.475531 0.254504 
910 0.013322 0.000000 -0.113014 85.347288 0.017975 10.668804 0.260202 
911 0.037745 0.000000 -0.135617 90.978983 0.072842 5.084334 0.169697 
912 0.648333 0.000000 -0.271233 101.195398 -0.006996 1.874377 -0.024402 
913 0.648333 0.000000 -0.361644 99.636486 0.029917 6.446780 0.003101 
914 0.746027 0.000000 -0.271233 102.041637 0.022366 2.788010 -0.042027 
915 0.648333 0.000000 0.271233 101.481937 -0.019668 1.875595 -0.030210 
916 0.746027 0.000000 0.271233 102.529970 0.003429 2.788477 -0.052017 
917 0.648333 0.000000 0.361644 100.031597 -0.045930 6.214765 -0.004495 
918 0.037745 0.000000 0.113014 90.285612 -0.098301 6.977532 0.179981 
919 0.013322 0.000000 0.113014 89.440431 -0.118986 1.326310 0.199864 
920 0.037745 0.000000 0.135617 94.027356 -0.082901 6.542179 0.111605 
921 0.098804 0.000000 -0.079110 89.946720 -0.046677 -14.759917 0.169173 
922 0.098804 0.000000 -0.090411 90.092981 -0.004223 -14.942681 0.165997 
923 0.098804 0.000000 -0.067808 89.938301 -0.049375 -14.736806 0.169393 
924 0.098804 0.000000 0.079110 94.739254 -0.050757 16.009471 0.076817 
925 0.098804 0.000000 0.067808 94.734345 -0.049975 16.013645 0.076896 
926 0.098804 0.000000 0.090411 94.803917 -0.064093 15.983764 0.075673 
927 0.233134 0.000000 -0.067808 88.527816 0.011755 -6.487471 0.212074 
928 0.233134 0.000000 -0.045206 90.003033 -0.023334 -4.810856 0.187631 
929 0.184287 0.000000 -0.113014 98.451057 -0.211138 -7.273527 0.025444 
930 0.184287 0.000000 -0.135617 98.151453 -0.170254 -3.789303 0.035190 
931 0.233134 0.000000 0.067808 88.554725 -0.044851 6.584197 0.211471 
932 0.233134 0.000000 0.045206 90.003338 -0.045152 4.966641 0.187473 
933 0.184287 0.000000 0.113014 101.198334 -0.330302 12.661813 -0.040153 
934 0.184287 0.000000 0.135617 100.474310 -0.282124 11.731390 -0.023279 
935 0.501792 0.000000 -0.045206 100.282245 -0.003877 5.040420 -0.008193 
936 0.550639 0.000000 -0.045206 101.317077 -0.006545 6.379349 -0.030585 
937 0.501792 0.000000 0.000000 101.343595 -0.007746 6.603248 -0.031413 
938 0.501792 0.000000 0.045206 100.408712 -0.016321 5.038571 -0.010730 
939 0.550639 0.000000 0.045206 101.369667 -0.009489 6.381357 -0.031653 
940 0.428522 0.000000 -0.067808 98.984925 0.000392 2.135216 0.019743 
941 0.452945 0.000000 -0.067808 99.130361 0.001814 3.662407 0.015976 
942 0.428522 0.000000 -0.045206 99.147640 -0.001636 1.379900 0.016784 
943 0.367463 0.000000 -0.101712 104.515404 0.087831 -3.133430 -0.093330 
944 0.367463 0.000000 -0.113014 104.599403 0.081392 -2.620369 -0.094791 
945 0.367463 0.000000 -0.090411 104.827353 0.085571 -2.872292 -0.099703 
946 0.428522 0.000000 0.067808 99.300488 -0.029019 2.130206 0.013487 
947 0.428522 0.000000 0.045206 99.459036 -0.028861 1.376418 0.010600 
948 0.452945 0.000000 0.067808 99.433346 -0.026669 3.661976 0.009960 
949 0.367463 0.000000 0.101712 105.741632 0.015552 3.431680 -0.119307 
950 0.367463 0.000000 0.090411 106.046279 0.014708 3.165284 -0.125583 
951 0.367463 0.000000 0.113014 105.718978 0.018553 2.907074 -0.118495 
952 1.722968 0.000000 -0.542466 99.680525 -0.080596 6.207568 0.002525 
953 1.722968 0.000000 -0.723288 99.637746 -0.059649 6.506822 0.002998 
954 1.722968 0.000000 0.542466 99.998090 0.066301 6.010748 -0.003575 
955 1.722968 0.000000 0.723288 99.855786 0.046851 6.398388 -0.001212 
956 1.429886 0.000000 -0.271233 101.928413 -0.046295 1.262412 -0.039100 
957 1.429886 0.000000 -0.361644 99.742904 -0.010402 5.623946 0.001972 
958 1.527580 0.000000 -0.271233 102.134003 -0.046044 1.172746 -0.043273 
959 1.429886 0.000000 0.271233 101.341361 -0.038691 1.211145 -0.027154 
960 1.527580 0.000000 0.271233 101.946048 -0.002397 1.174118 -0.039438 
961 1.429886 0.000000 0.361644 99.942309 0.029565 5.276308 -0.001631 
962 3.090685 0.000000 -1.084932 99.753148 -0.111455 6.721848 0.000411 
963 3.090685 0.000000 -1.446576 99.749497 -0.080853 6.832323 0.000335 
964 3.481461 0.000000 -1.084932 99.762623 -0.114860 6.730455 0.000211 
965 2.504521 0.000000 -0.542466 99.693519 -0.205751 5.962830 0.002560 
966 2.504521 0.000000 -0.723288 99.680687 -0.138590 6.391960 0.002288 
967 2.699909 0.000000 -0.542466 99.746907 -0.217934 5.971718 0.001485 
968 3.090685 0.000000 1.084932 99.776528 0.148194 6.606049 0.000098 
969 3.481461 0.000000 1.084932 99.782005 0.158241 6.584452 0.000017 
970 3.090685 0.000000 1.446576 99.769432 0.102518 6.774637 0.000015 
971 2.504521 0.000000 0.542466 99.754044 0.283958 5.567358 0.001805 
972 2.699909 0.000000 0.542466 99.819109 0.305882 5.514099 0.000565 
973 2.504521 0.000000 0.723288 99.756717 0.200438 6.169549 0.001049 
974 2.406827 0.000000 -0.271233 99.684308 -0.399682 3.425066 0.005115 
975 2.406827 0.000000 -0.361644 99.520101 -0.266509 4.674815 0.007382 
976 2.504521 0.000000 -0.271233 99.860464 -0.376491 3.630456 0.001457 
977 2.406827 0.000000 0.271233 99.685799 0.522616 3.382734 0.005103 
978 2.504521 0.000000 0.271233 99.928724 0.543449 3.193782 0.000375 
979 2.406827 0.000000 0.361644 99.538373 0.434133 4.376569 0.007277 
980 2.357979 0.000000 -0.135617 101.095322 -0.688755 -0.904516 -0.022156 
981 2.357979 0.000000 -0.180822 99.754921 -0.527256 0.831402 0.004799 
982 2.406827 0.000000 -0.135617 101.098187 -0.653482 0.614131 -0.022165 
983 2.284709 0.000000 -0.113014 92.569802 -0.675213 -8.369944 0.136032 
984 2.284709 0.000000 -0.135617 95.055106 -0.561697 -2.572783 0.095759 
985 2.309132 0.000000 -0.113014 100.263251 -0.703787 -7.033455 -0.010268 
986 2.357979 0.000000 0.135617 100.729209 0.683140 5.280633 -0.017473 
987 2.406827 0.000000 0.135617 100.925988 0.687386 3.800376 -0.020097 
988 2.357979 0.000000 0.180822 99.442936 0.640782 3.853182 0.009584 
989 2.284709 0.000000 0.113014 90.373761 0.927336 12.868597 0.166612 
990 2.309132 0.000000 0.113014 99.201660 0.895245 11.857949 0.001762 
991 2.284709 0.000000 0.135617 93.610615 0.857370 6.526944 0.119372 
1 11 62 60 61 
2 62 10 24 60 
3 60 24 14 63 
4 61 60 63 6 
5 24 66 64 65 
6 66 23 40 64 
7 64 40 27 67 
8 65 64 67 14 
9 40 70 68 69 
10 69 68 71 27 
11 6 63 92 93 
12 63 14 36 92 
13 92 36 19 94 
14 93 92 94 20 
15 14 67 95 96 
16 67 27 52 95 
17 95 52 35 97 
18 96 95 97 36 
19 27 71 98 99 
20 99 98 100 52 
21 68 112 110 111 
22 112 56 80 110 
23 110 80 43 113 
24 111 110 113 71 
25 80 116 114 115 
26 115 114 117 43 
27 71 113 133 134 
28 113 43 102 133 
29 133 102 76 135 
30 134 133 135 98 
31 43 117 136 137 
32 137 136 138 102 
33 114 141 139 140 
34 141 106 129 139 
35 139 129 83 142 
36 140 139 142 117 
37 129 149 147 148 
38 147 150 132 151 
39 148 147 151 83 
40 117 142 152 153 
41 142 83 144 152 
42 152 144 125 154 
43 153 152 154 136 
44 83 151 155 156 
45 151 132 157 155 
46 156 155 158 144 
47 12 161 159 160 
48 161 7 162 159 
49 159 162 13 25 
50 160 159 25 10 
51 25 165 163 164 
52 165 13 166 163 
53 163 166 26 41 
54 164 163 41 23 
55 41 169 167 168 
56 169 26 170 167 
57 167 170 42 57 
58 168 167 57 39 
59 39 173 171 172 
60 173 57 174 171 
61 171 174 55 81 
62 172 171 81 56 
63 81 177 175 176 
64 177 55 178 175 
65 175 178 82 107 
66 176 175 107 79 
67 79 181 179 180 
68 181 107 182 179 
69 179 182 105 130 
70 180 179 130 106 
71 106 185 183 184 
72 185 130 186 183 
73 184 183 149 129 
74 195 197 109 198 
75 150 195 198 132 
76 149 201 199 200 
77 201 128 202 199 
78 199 202 150 203 
79 200 199 203 147 
80 132 198 210 157 
81 198 109 211 210 
82 19 38 213 214 
83 38 21 215 213 
84 213 215 9 216 
85 214 213 216 22 
86 35 54 217 218 
87 54 37 219 217 
88 217 219 21 220 
89 218 217 220 38 
90 51 78 221 222 
91 78 53 223 221 
92 221 223 37 224 
93 222 221 224 54 
94 76 104 225 226 
95 104 75 227 225 
96 225 227 78 228 
97 226 225 228 51 
98 101 127 229 230 
99 127 103 231 229 
100 229 231 75 232 
101 230 229 232 104 
102 125 146 233 234 
103 146 124 235 233 
104 233 235 127 236 
105 234 233 236 101 
106 144 158 237 238 
107 237 239 146 240 
108 238 237 240 125 
109 155 243 241 242 
110 243 157 244 241 
111 241 244 143 245 
112 242 241 245 158 
113 130 247 246 186 
114 247 105 248 246 
115 249 251 195 252 
116 202 249 252 150 
117 186 255 253 254 
118 255 246 256 253 
119 253 256 196 250 
120 254 253 250 128 
121 128 259 257 258 
122 259 250 260 257 
123 257 260 249 261 
124 258 257 261 202 
125 262 263 124 264 
126 239 262 264 146 
127 157 266 265 244 
128 266 210 267 265 
129 143 268 269 270 
130 268 212 271 269 
131 269 271 262 272 
132 270 269 272 239 
133 244 275 273 274 
134 275 265 276 273 
135 273 276 268 277 
136 274 273 277 143 
137 278 280 194 281 
138 197 278 281 109 
139 283 131 284 282 
140 282 284 197 285 
141 251 282 285 195 
142 107 287 286 182 
143 287 82 288 286 
144 286 288 108 192 
145 182 286 192 105 
146 105 290 289 248 
147 290 192 291 289 
148 246 293 292 256 
149 293 248 294 292 
150 292 294 131 283 
151 256 292 283 196 
152 196 297 295 296 
153 297 283 298 295 
154 295 298 282 299 
155 296 295 299 251 
156 109 281 300 211 
157 281 194 301 300 
158 210 304 303 267 
159 304 211 305 303 
160 303 305 145 306 
161 124 209 307 235 
162 209 126 308 307 
163 307 308 103 309 
164 235 307 309 127 
165 310 311 209 312 
166 263 310 312 124 
167 212 306 313 271 
168 306 145 314 313 
169 313 314 263 315 
170 271 313 315 262 
171 267 318 316 317 
172 318 303 319 316 
173 316 319 306 320 
174 317 316 320 212 
175 131 322 321 284 
176 322 279 323 321 
177 321 323 278 324 
178 284 321 324 197 
179 211 326 325 305 
180 326 300 327 325 
181 325 327 302 328 
182 305 325 328 145 
183 192 334 333 291 
184 334 108 335 333 
185 289 339 337 338 
186 339 291 340 337 
187 337 340 191 341 
188 338 337 341 279 
189 345 347 126 348 
190 311 345 348 209 
191 302 351 349 350 
192 351 207 352 349 
193 349 352 311 353 
194 350 349 353 310 
195 354 355 59 356 
196 280 354 356 194 
197 291 358 357 340 
198 358 333 359 357 
199 357 359 336 360 
200 191 360 361 362 
201 360 336 363 361 
202 361 363 354 364 
203 362 361 364 280 
204 340 367 365 366 
205 367 357 368 365 
206 365 368 360 369 
207 366 365 369 191 
208 194 356 370 301 
209 356 59 371 370 
210 373 346 374 372 
211 372 374 345 375 
212 352 372 375 311 
213 301 378 376 377 
214 378 370 379 376 
215 376 379 346 373 
216 377 376 373 207 
217 207 382 380 381 
218 382 373 383 380 
219 380 383 372 384 
220 381 380 384 352 
221 57 386 385 174 
222 386 42 387 385 
223 385 387 58 89 
224 174 385 89 55 
225 55 389 388 178 
226 389 89 390 388 
227 388 390 88 188 
228 178 388 188 82 
229 82 392 391 288 
230 392 188 393 391 
231 391 393 187 330 
232 288 391 330 108 
233 108 395 394 335 
234 395 330 396 394 
235 333 399 398 359 
236 399 335 400 398 
237 359 398 401 336 
238 75 123 402 227 
239 123 77 403 402 
240 402 403 53 404 
241 227 402 404 78 
242 103 206 405 231 
243 206 121 406 405 
244 405 406 123 407 
245 231 405 407 75 
246 126 344 408 308 
247 344 204 409 408 
248 408 409 206 410 
249 308 408 410 103 
250 411 413 344 414 
251 347 411 414 126 
252 346 416 415 374 
253 415 417 347 418 
254 374 415 418 345 
255 419 420 332 421 
256 355 419 421 59 
257 335 423 422 400 
258 423 394 424 422 
259 336 401 426 363 
260 401 193 427 426 
261 426 427 355 428 
262 363 426 428 354 
263 398 431 429 430 
264 431 400 432 429 
265 429 432 193 433 
266 430 429 433 401 
267 59 421 434 371 
268 421 332 435 434 
269 370 437 436 379 
270 437 371 438 436 
271 436 438 208 416 
272 379 436 416 346 
273 439 441 411 442 
274 417 439 442 347 
275 416 445 443 444 
276 445 208 446 443 
277 443 446 417 447 
278 444 443 447 415 
279 88 453 452 189 
280 453 90 454 452 
281 452 454 5 455 
282 189 452 455 91 
283 187 457 456 331 
284 457 189 458 456 
285 456 458 91 459 
286 331 456 459 190 
287 330 461 460 396 
288 461 187 462 460 
289 460 462 331 463 
290 396 460 463 329 
291 394 465 464 424 
292 465 396 466 464 
293 464 466 329 467 
294 424 464 467 397 
295 193 425 468 427 
296 425 397 469 468 
297 468 469 419 470 
298 427 468 470 355 
299 422 473 471 472 
300 473 424 474 471 
301 471 474 397 475 
302 472 471 475 425 
303 371 477 476 438 
304 477 434 478 476 
305 476 478 412 440 
306 438 476 440 208 
307 91 455 482 205 
308 455 5 483 482 
309 482 483 122 484 
310 205 482 484 121 
311 190 459 485 343 
312 459 91 486 485 
313 485 486 205 487 
314 343 485 487 204 
315 342 489 488 413 
316 489 343 490 488 
317 488 490 204 491 
318 413 488 491 344 
319 412 493 492 441 
320 493 342 494 492 
321 492 494 413 495 
322 441 492 495 411 
323 440 498 496 497 
324 498 412 499 496 
325 496 499 441 500 
326 497 496 500 439 
327 454 510 508 509 
328 508 511 504 512 
329 509 508 512 5 
330 5 512 513 514 
331 512 504 515 513 
332 514 513 516 483 
333 7 518 517 162 
334 518 16 519 517 
335 517 519 15 32 
336 162 517 32 13 
337 13 521 520 166 
338 521 32 522 520 
339 520 522 31 48 
340 166 520 48 26 
341 26 524 523 170 
342 524 48 525 523 
343 523 525 47 85 
344 170 523 85 42 
345 42 527 526 387 
346 527 85 528 526 
347 526 528 84 449 
348 387 526 449 58 
349 58 531 529 530 
350 531 449 532 529 
351 529 532 448 502 
352 530 529 502 90 
353 90 535 533 534 
354 535 502 536 533 
355 533 536 501 510 
356 534 533 510 454 
357 15 538 537 33 
358 538 17 539 537 
359 537 539 8 540 
360 33 537 540 18 
361 31 542 541 49 
362 542 33 543 541 
363 541 543 18 544 
364 49 541 544 34 
365 546 49 547 545 
366 545 547 34 548 
367 448 554 553 503 
368 554 450 555 553 
369 553 555 87 556 
370 503 553 556 451 
371 501 558 557 511 
372 558 503 559 557 
373 557 559 451 560 
374 511 557 560 504 
375 510 563 561 562 
376 563 501 564 561 
377 561 564 511 565 
378 562 561 565 508 
379 18 540 566 45 
380 540 8 567 566 
381 566 567 29 568 
382 45 566 568 28 
383 34 544 569 73 
384 544 18 570 569 
385 569 570 45 571 
386 73 569 571 44 
387 548 34 573 572 
388 572 573 73 574 
389 451 556 578 506 
390 556 87 579 578 
391 578 579 480 580 
392 506 578 580 479 
393 504 560 581 515 
394 560 451 582 581 
395 581 582 506 583 
396 515 581 583 505 
397 21 46 584 215 
398 46 28 585 584 
399 584 585 30 586 
400 215 584 586 9 
401 37 74 587 219 
402 74 44 588 587 
403 587 588 46 589 
404 219 587 589 21 
405 53 120 590 223 
406 120 72 591 590 
407 590 591 74 592 
408 223 590 592 37 
409 77 481 593 403 
410 481 118 594 593 
411 593 594 120 595 
412 403 593 595 53 
413 122 507 596 597 
414 507 479 598 596 
415 596 598 481 599 
416 597 596 599 77 
417 483 516 600 601 
418 516 505 602 600 
419 600 602 507 603 
420 601 600 603 122 
421 513 606 604 605 
422 606 515 607 604 
423 604 607 505 608 
424 605 604 608 516 
425 555 618 616 617 
426 617 616 620 87 
427 87 620 621 622 
428 622 621 624 579 
429 85 626 625 528 
430 626 47 627 625 
431 625 627 86 550 
432 528 625 550 84 
433 84 630 628 629 
434 630 550 631 628 
435 628 631 549 610 
436 629 628 610 450 
437 450 634 632 633 
438 634 610 635 632 
439 632 635 609 618 
440 633 632 618 555 
441 86 637 636 551 
442 637 545 638 636 
443 636 638 548 639 
444 551 636 639 50 
445 641 551 642 640 
446 640 642 50 643 
447 618 650 648 649 
448 650 609 651 648 
449 649 648 652 616 
450 50 639 653 576 
451 639 548 654 653 
452 653 654 572 655 
453 576 653 655 119 
454 643 50 657 656 
455 656 657 576 658 
456 118 577 662 594 
457 577 119 663 662 
458 662 663 72 664 
459 594 662 664 120 
460 480 615 665 666 
461 615 575 667 665 
462 665 667 577 668 
463 666 665 668 118 
464 579 624 669 670 
465 624 613 671 669 
466 669 671 615 672 
467 670 669 672 480 
468 621 675 673 674 
469 673 676 613 677 
470 674 673 677 624 
471 610 679 678 635 
472 679 549 680 678 
473 678 680 611 645 
474 635 678 645 609 
475 609 682 681 651 
476 682 645 683 681 
477 616 652 685 686 
478 685 687 612 688 
479 686 685 688 620 
480 648 691 689 690 
481 691 651 692 689 
482 690 689 693 652 
483 620 688 694 695 
484 688 612 696 694 
485 695 694 675 621 
486 613 661 697 671 
487 661 614 698 697 
488 697 698 575 699 
489 671 697 699 615 
490 700 702 661 703 
491 676 700 703 613 
492 675 706 704 705 
493 704 707 676 708 
494 705 704 708 673 
495 709 710 647 711 
496 687 709 711 612 
497 651 713 712 692 
498 713 681 714 712 
499 652 693 716 717 
500 693 619 718 716 
501 716 718 687 719 
502 717 716 719 685 
503 689 722 720 721 
504 722 692 723 720 
505 720 723 619 724 
506 721 720 724 693 
507 612 711 725 696 
508 711 647 726 725 
509 694 729 727 728 
510 729 696 730 727 
511 727 730 623 706 
512 728 727 706 675 
513 731 733 700 734 
514 707 731 734 676 
515 706 737 735 736 
516 737 623 738 735 
517 735 738 707 739 
518 736 735 739 704 
519 619 715 740 718 
520 715 684 741 740 
521 740 741 709 742 
522 718 740 742 687 
523 692 744 743 723 
524 744 712 745 743 
525 743 745 715 746 
526 723 743 746 619 
527 696 748 747 730 
528 748 725 749 747 
529 747 749 701 732 
530 730 747 732 623 
531 623 751 750 738 
532 751 732 752 750 
533 750 752 731 753 
534 738 750 753 707 
535 755 640 756 754 
536 754 756 643 757 
537 645 759 758 683 
538 759 611 760 758 
539 681 763 762 714 
540 763 683 764 762 
541 762 764 644 765 
542 712 767 766 745 
543 767 714 768 766 
544 766 768 684 769 
545 745 766 769 715 
546 757 643 771 770 
547 770 771 656 772 
548 773 775 614 776 
549 702 773 776 661 
550 778 659 779 777 
551 777 779 702 780 
552 733 777 780 700 
553 732 782 781 752 
554 782 701 783 781 
555 781 783 733 784 
556 752 781 784 731 
557 785 786 552 787 
558 710 785 787 647 
559 684 765 788 741 
560 765 644 789 788 
561 788 789 710 790 
562 741 788 790 709 
563 714 792 791 768 
564 792 762 793 791 
565 791 793 765 794 
566 768 791 794 684 
567 647 787 795 726 
568 787 552 796 795 
569 725 798 797 749 
570 798 726 799 797 
571 797 799 659 778 
572 749 797 778 701 
573 701 801 800 783 
574 801 778 802 800 
575 800 802 777 803 
576 783 800 803 733 
577 804 806 785 807 
578 789 804 807 710 
579 683 809 808 764 
580 809 758 810 808 
581 808 810 761 805 
582 764 808 805 644 
583 644 813 811 812 
584 813 805 814 811 
585 811 814 804 815 
586 812 811 815 789 
587 726 817 816 799 
588 817 795 818 816 
589 659 819 820 779 
590 819 774 821 820 
591 820 821 773 822 
592 779 820 822 702 
593 799 825 823 824 
594 825 816 826 823 
595 823 826 819 827 
596 824 823 827 659 
597 646 829 828 786 
598 829 754 830 828 
599 828 830 757 831 
600 786 828 831 552 
601 761 833 832 806 
602 833 646 834 832 
603 832 834 786 835 
604 806 832 835 785 
605 805 837 836 814 
606 837 761 838 836 
607 836 838 806 839 
608 814 836 839 804 
609 552 831 840 796 
610 831 757 841 840 
611 840 841 770 842 
612 796 840 842 660 
613 795 844 843 818 
614 844 796 845 843 
615 843 845 660 846 
616 818 843 846 774 
617 816 848 847 826 
618 848 818 849 847 
619 847 849 774 850 
620 826 847 850 819 
621 1 853 851 852 
622 853 12 160 851 
623 851 160 10 62 
624 852 851 62 11 
625 16 855 854 519 
626 855 2 856 854 
627 854 856 17 538 
628 519 854 538 15 
629 20 94 857 858 
630 94 19 214 857 
631 857 214 22 859 
632 858 857 859 4 
633 10 862 860 861 
634 862 25 164 860 
635 860 164 23 66 
636 861 860 66 24 
637 28 568 863 585 
638 568 29 864 863 
639 863 864 3 865 
640 585 863 865 30 
641 32 867 866 522 
642 867 15 868 866 
643 866 868 33 542 
644 522 866 542 31 
645 36 97 869 870 
646 97 35 218 869 
647 869 218 38 871 
648 870 869 871 19 
649 23 874 872 873 
650 874 41 168 872 
651 872 168 39 70 
652 873 872 70 40 
653 44 571 875 588 
654 571 45 876 875 
655 875 876 28 877 
656 588 875 877 46 
657 48 879 878 525 
658 879 31 880 878 
659 878 880 49 546 
660 525 878 546 47 
661 52 100 881 882 
662 100 51 222 881 
663 881 222 54 883 
664 882 881 883 35 
665 70 886 884 885 
666 886 39 172 884 
667 884 172 56 112 
668 885 884 112 68 
669 72 574 887 591 
670 574 73 888 887 
671 887 888 44 889 
672 591 887 889 74 
673 56 892 890 891 
674 892 81 176 890 
675 890 176 79 116 
676 891 890 116 80 
677 89 894 893 390 
678 894 58 530 893 
679 893 530 90 453 
680 390 893 453 88 
681 98 135 895 896 
682 135 76 226 895 
683 895 226 51 897 
684 896 895 897 100 
685 102 138 898 899 
686 138 101 230 898 
687 898 230 104 900 
688 899 898 900 76 
689 116 903 901 902 
690 903 79 180 901 
691 901 180 106 141 
692 902 901 141 114 
693 121 484 904 406 
694 484 122 597 904 
695 904 597 77 905 
696 406 904 905 123 
697 136 154 906 907 
698 154 125 234 906 
699 906 234 101 908 
700 907 906 908 138 
701 183 911 909 910 
702 911 186 254 909 
703 909 254 128 201 
704 910 909 201 149 
705 188 913 912 393 
706 913 88 914 912 
707 912 914 189 457 
708 393 912 457 187 
709 204 487 915 409 
710 487 205 916 915 
711 915 916 121 917 
712 409 915 917 206 
713 158 245 918 919 
714 245 143 270 918 
715 918 270 239 920 
716 919 918 920 237 
717 250 922 921 260 
718 922 196 296 921 
719 921 296 251 923 
720 260 921 923 249 
721 265 925 924 276 
722 925 267 317 924 
723 924 317 212 926 
724 276 924 926 268 
725 279 341 927 323 
726 341 191 362 927 
727 927 362 280 928 
728 323 927 928 278 
729 248 930 929 294 
730 930 289 338 929 
731 929 338 279 322 
732 294 929 322 131 
733 300 932 931 327 
734 932 301 377 931 
735 931 377 207 351 
736 327 931 351 302 
737 145 328 933 314 
738 328 302 350 933 
739 933 350 310 934 
740 314 933 934 263 
741 329 463 935 420 
742 463 331 936 935 
743 935 936 190 937 
744 420 935 937 332 
745 332 937 938 435 
746 937 190 939 938 
747 938 939 343 489 
748 435 938 489 342 
749 397 467 940 469 
750 467 329 941 940 
751 940 941 420 942 
752 469 940 942 419 
753 400 944 943 432 
754 944 422 472 943 
755 943 472 425 945 
756 432 943 945 193 
757 434 947 946 478 
758 947 435 948 946 
759 946 948 342 493 
760 478 946 493 412 
761 208 950 949 446 
762 950 440 497 949 
763 949 497 439 951 
764 446 949 951 417 
765 449 953 952 532 
766 953 84 629 952 
767 952 629 450 554 
768 532 952 554 448 
769 479 580 954 598 
770 580 480 666 954 
771 954 666 118 955 
772 598 954 955 481 
773 502 957 956 536 
774 957 448 958 956 
775 956 958 503 558 
776 536 956 558 501 
777 505 583 959 602 
778 583 506 960 959 
779 959 960 479 961 
780 602 959 961 507 
781 47 963 962 627 
782 963 546 964 962 
783 962 964 545 637 
784 627 962 637 86 
785 550 966 965 631 
786 966 86 967 965 
787 965 967 551 641 
788 631 965 641 549 
789 119 655 968 663 
790 655 572 969 968 
791 968 969 574 970 
792 663 968 970 72 
793 575 658 971 667 
794 658 576 972 971 
795 971 972 119 973 
796 667 971 973 577 
797 549 975 974 680 
798 975 641 976 974 
799 974 976 640 755 
800 680 974 755 611 
801 614 772 977 698 
802 772 656 978 977 
803 977 978 658 979 
804 698 977 979 575 
805 611 981 980 760 
806 981 755 982 980 
807 980 982 754 829 
808 760 980 829 646 
809 758 984 983 810 
810 984 760 985 983 
811 983 985 646 833 
812 810 983 833 761 
813 660 842 986 775 
814 842 770 987 986 
815 986 987 772 988 
816 775 986 988 614 
817 774 846 989 821 
818 846 660 990 989 
819 989 990 775 991 
820 821 989 991 773 
