2 0.000000 100.000000 262.180540
991 820 
1 -11.368037 0.000000 -11.611899 99.756156 -0.002242 6.975625 0.000005 
2 13.641644 0.000000 -11.611899 99.756264 -0.020905 6.973212 0.000006 
3 13.641644 0.000000 11.611899 99.756886 0.025143 6.972389 -0.000005 
4 -11.368037 0.000000 11.611899 99.756680 0.002749 6.975638 -0.000005 
5 1.136804 0.000000 0.000000 102.561077 0.013296 6.763912 -0.056453 
6 -11.368037 0.000000 0.000000 99.756390 0.000279 6.975806 0.000000 
7 1.136804 0.000000 -11.611899 99.755436 -0.010624 6.974380 0.000021 
8 13.641644 0.000000 0.000000 99.798954 -0.379784 6.366124 -0.000050 
9 1.136804 0.000000 11.611899 99.757624 0.012032 6.974221 -0.000022 
10 -5.115617 0.000000 -5.805950 99.755391 -0.003876 6.975506 0.000020 
11 -11.368037 0.000000 -5.805950 99.756185 -0.001298 6.975722 0.000004 
12 -5.115617 0.000000 -11.611899 99.755802 -0.004799 6.975359 0.000012 
13 1.136804 0.000000 -5.805950 99.752747 -0.018041 6.970880 0.000080 
14 -5.115617 0.000000 0.000000 99.756110 0.000502 6.976310 0.000005 
15 7.389224 0.000000 -5.805950 99.755736 -0.040728 6.965843 0.000027 
16 7.389224 0.000000 -11.611899 99.755836 -0.017565 6.973376 0.000014 
17 13.641644 0.000000 -5.805950 99.756721 -0.043590 6.966822 0.000006 
18 7.389224 0.000000 0.000000 99.929786 -0.779434 4.491526 -0.000674 
19 -5.115617 0.000000 5.805950 99.757449 0.004804 6.975688 -0.000021 
20 -11.368037 0.000000 5.805950 99.756624 0.001841 6.975745 -0.000005 
21 1.136804 0.000000 5.805950 99.761334 0.020677 6.970099 -0.000091 
22 -5.115617 0.000000 11.611899 99.757106 0.005581 6.975374 -0.000014 
23 -1.989406 0.000000 -2.902975 99.753035 0.008245 6.972920 0.000071 
24 -5.115617 0.000000 -2.902975 99.755392 -0.002158 6.975875 0.000020 
25 -1.989406 0.000000 -5.805950 99.754111 -0.008062 6.974412 0.000047 
26 1.136804 0.000000 -2.902975 99.745966 -0.029959 6.958506 0.000232 
27 -1.989406 0.000000 0.000000 99.750896 0.001489 6.978603 0.000106 
28 7.389224 0.000000 5.805950 99.758339 0.048614 6.962793 -0.000021 
29 13.641644 0.000000 5.805950 99.757666 0.058967 6.960292 -0.000004 
30 7.389224 0.000000 11.611899 99.757262 0.020180 6.972917 -0.000013 
31 4.263014 0.000000 -2.902975 99.752001 -0.072066 6.935254 0.000144 
32 4.263014 0.000000 -5.805950 99.753966 -0.032332 6.966729 0.000061 
33 7.389224 0.000000 -2.902975 99.757588 -0.087220 6.939514 0.000026 
34 4.263014 0.000000 0.000000 99.962398 -0.670232 4.029955 -0.000917 
35 -1.989406 0.000000 2.902975 99.758751 0.008860 6.975022 -0.000046 
36 -5.115617 0.000000 2.902975 99.757133 0.003141 6.976141 -0.000015 
37 1.136804 0.000000 2.902975 99.777740 0.033585 6.952816 -0.000394 
38 -1.989406 0.000000 5.805950 99.759178 0.009460 6.974740 -0.000054 
39 -0.426301 0.000000 -1.451487 99.730304 -0.000310 6.950394 0.000556 
40 -1.989406 0.000000 -1.451487 99.749849 0.005612 6.975501 0.000131 
41 -0.426301 0.000000 -2.902975 99.746727 -0.008227 6.968989 0.000202 
42 1.136804 0.000000 -1.451487 99.701819 -0.046728 6.912142 0.001177 
43 -0.426301 0.000000 0.000000 99.865376 -0.054773 7.039896 -0.002266 
44 4.263014 0.000000 2.902975 99.764389 0.086311 6.924627 -0.000089 
45 7.389224 0.000000 2.902975 99.761354 0.115083 6.915872 -0.000017 
46 4.263014 0.000000 5.805950 99.759824 0.037055 6.964928 -0.000053 
47 2.699909 0.000000 -1.451487 99.733360 -0.147013 6.821819 0.000670 
48 2.699909 0.000000 -2.902975 99.743567 -0.043578 6.941263 0.000304 
49 4.263014 0.000000 -1.451487 99.760470 -0.168592 6.822591 0.000127 
50 2.699909 0.000000 0.000000 100.371903 0.163010 5.007240 -0.009962 
51 -0.426301 0.000000 1.451487 99.769028 0.012520 6.989033 -0.000271 
52 -1.989406 0.000000 1.451487 99.757611 0.003128 6.978728 -0.000028 
53 1.136804 0.000000 1.451487 99.799667 0.050744 6.890967 -0.000746 
54 -0.426301 0.000000 2.902975 99.766373 0.008428 6.971951 -0.000194 
55 0.355251 0.000000 -0.725744 99.733193 0.008149 6.719332 0.000814 
56 -0.426301 0.000000 -0.725744 99.660957 0.006856 6.968328 0.001914 
57 0.355251 0.000000 -1.451487 99.743699 -0.021314 6.929165 0.000318 
58 1.136804 0.000000 -0.725744 99.700544 -0.013964 6.813484 0.001338 
59 0.355251 0.000000 0.000000 60.197549 -0.006210 0.036873 0.637625 
60 -8.241827 0.000000 -2.902975 99.756074 -0.001026 6.975839 0.000006 
61 -11.368037 0.000000 -2.902975 99.756265 -0.000564 6.975776 0.000003 
62 -8.241827 0.000000 -5.805950 99.755957 -0.002129 6.975702 0.000009 
63 -8.241827 0.000000 0.000000 99.756345 0.000358 6.975933 0.000001 
64 -3.552511 0.000000 -1.451487 99.754573 -0.001580 6.976324 0.000036 
65 -5.115617 0.000000 -1.451487 99.755641 -0.000905 6.976128 0.000015 
66 -3.552511 0.000000 -2.902975 99.754364 -0.003415 6.975626 0.000041 
67 -3.552511 0.000000 0.000000 99.755572 0.000633 6.976915 0.000015 
68 -1.207854 0.000000 -0.725744 99.738315 0.003248 6.980253 0.000354 
69 -1.989406 0.000000 -0.725744 99.752615 -0.003036 6.965670 0.000090 
70 -1.207854 0.000000 -1.451487 99.742153 -0.004662 6.970803 0.000291 
71 -1.207854 0.000000 0.000000 99.741331 0.003443 6.982064 0.000292 
72 2.699909 0.000000 1.451487 99.765442 0.164405 6.785908 0.000078 
73 4.263014 0.000000 1.451487 99.774840 0.215860 6.748217 -0.000060 
74 2.699909 0.000000 2.902975 99.767244 0.058838 6.933281 -0.000158 
75 0.355251 0.000000 0.725744 99.957591 -0.003466 6.992624 -0.004042 
76 -0.426301 0.000000 0.725744 99.756266 -0.035844 7.002451 -0.000035 
77 1.136804 0.000000 0.725744 100.010510 0.041798 6.703144 -0.004704 
78 0.355251 0.000000 1.451487 99.811176 0.024395 6.963836 -0.001077 
79 -0.035525 0.000000 -0.362872 98.893851 -0.013968 6.803507 0.017372 
80 -0.426301 0.000000 -0.362872 99.684880 0.001340 7.027617 0.001354 
81 -0.035525 0.000000 -0.725744 99.583748 0.015237 6.835635 0.003635 
82 0.355251 0.000000 -0.362872 100.378620 0.113114 5.776586 -0.010925 
83 -0.035525 0.000000 0.000000 155.864258 -0.051082 7.321922 -1.434728 
84 1.918356 0.000000 -0.725744 99.552010 -0.144919 6.532477 0.004670 
85 1.918356 0.000000 -1.451487 99.700526 -0.091311 6.877871 0.001249 
86 2.699909 0.000000 -0.725744 99.761922 -0.320295 6.277257 0.000805 
87 1.918356 0.000000 0.000000 103.090725 0.350168 5.823489 -0.066173 
88 0.746027 0.000000 -0.362872 99.625231 0.028064 6.471800 0.003293 
89 0.746027 0.000000 -0.725744 99.682335 0.017325 6.864679 0.001631 
90 1.136804 0.000000 -0.362872 99.709548 -0.009761 6.232192 0.001917 
91 0.746027 0.000000 0.000000 102.892950 0.006381 6.581778 -0.063028 
92 -8.241827 0.000000 2.902975 99.756657 0.001734 6.975896 -0.000005 
93 -11.368037 0.000000 2.902975 99.756523 0.001118 6.975793 -0.000003 
94 -8.241827 0.000000 5.805950 99.756845 0.002815 6.975766 -0.000009 
95 -3.552511 0.000000 1.451487 99.756978 0.002834 6.976912 -0.000013 
96 -5.115617 0.000000 1.451487 99.756674 0.001905 6.976312 -0.000006 
97 -3.552511 0.000000 2.902975 99.757925 0.004651 6.976320 -0.000031 
98 -1.207854 0.000000 0.725744 99.753557 0.006487 6.982968 0.000047 
99 -1.989406 0.000000 0.725744 99.757186 -0.000322 6.988979 -0.000034 
100 -1.207854 0.000000 1.451487 99.758996 0.008165 6.982154 -0.000061 
101 -0.035525 0.000000 0.362872 99.399133 -0.142617 6.957953 0.007138 
102 -0.426301 0.000000 0.362872 99.761264 -0.007596 6.954999 -0.000068 
103 0.355251 0.000000 0.362872 100.868697 -0.020781 7.038414 -0.022403 
104 -0.035525 0.000000 0.725744 99.785396 -0.004369 7.052655 -0.000687 
105 0.159863 0.000000 -0.181436 97.668992 -0.079543 0.403513 0.046060 
106 -0.035525 0.000000 -0.181436 96.917456 0.239824 9.064822 0.052478 
107 0.159863 0.000000 -0.362872 99.075041 0.077820 5.682172 0.015184 
108 0.355251 0.000000 -0.181436 101.501353 0.172030 3.226450 -0.031296 
109 0.159863 0.000000 0.000000 103.929475 0.091474 0.143790 -0.080136 
110 -0.817078 0.000000 -0.362872 99.726430 -0.003869 6.986985 0.000582 
111 -1.207854 0.000000 -0.362872 99.737593 0.001639 6.978914 0.000371 
112 -0.817078 0.000000 -0.725744 99.722278 0.007428 6.973637 0.000684 
113 -0.817078 0.000000 0.000000 99.741183 -0.012820 7.000338 0.000269 
114 -0.230913 0.000000 -0.181436 99.991489 -0.021541 7.335394 -0.005211 
115 -0.426301 0.000000 -0.181436 99.775263 -0.046729 7.070588 -0.000510 
116 -0.230913 0.000000 -0.362872 99.414239 0.051395 7.185389 0.006518 
117 -0.230913 0.000000 0.000000 100.807166 -0.082739 7.091863 -0.021239 
118 1.918356 0.000000 0.725744 99.853317 0.158114 6.173343 -0.000882 
119 2.699909 0.000000 0.725744 99.782014 0.375256 6.193726 0.000505 
120 1.918356 0.000000 1.451487 99.783742 0.104377 6.799834 -0.000304 
121 0.746027 0.000000 0.362872 99.864611 -0.016478 6.240105 -0.001188 
122 1.136804 0.000000 0.362872 100.299490 0.019551 6.405529 -0.010102 
123 0.746027 0.000000 0.725744 99.897858 0.007399 6.765959 -0.002536 
124 0.159863 0.000000 0.181436 99.399773 -0.255820 10.411347 0.001122 
125 -0.035525 0.000000 0.181436 98.282489 0.062470 4.697161 0.031849 
126 0.355251 0.000000 0.181436 102.365033 -0.032373 5.969600 -0.051424 
127 0.159863 0.000000 0.362872 99.728816 -0.086014 7.566894 -0.000310 
128 0.062169 0.000000 -0.090718 84.961701 0.072790 -5.711952 0.274888 
129 -0.035525 0.000000 -0.090718 101.137289 0.090226 23.160240 -0.076516 
130 0.062169 0.000000 -0.181436 95.278146 0.094868 3.890412 0.090693 
131 0.159863 0.000000 -0.090718 97.524194 -0.066147 -13.035219 0.031911 
132 0.062169 0.000000 0.000000 177.010490 0.023569 0.783542 -2.133333 
133 -0.817078 0.000000 0.362872 99.748271 -0.004775 6.991028 0.000141 
134 -1.207854 0.000000 0.362872 99.745804 0.005067 6.983757 0.000200 
135 -0.817078 0.000000 0.725744 99.750753 0.006535 6.987412 0.000096 
136 -0.230913 0.000000 0.181436 100.218745 -0.073583 6.753611 -0.008941 
137 -0.426301 0.000000 0.181436 99.828548 0.002660 6.964342 -0.001424 
138 -0.230913 0.000000 0.362872 99.652773 -0.036359 6.803906 0.002303 
139 -0.133219 0.000000 -0.090718 102.306222 -0.034434 9.289397 -0.055286 
140 -0.230913 0.000000 -0.090718 100.440247 -0.062586 7.441544 -0.014362 
141 -0.133219 0.000000 -0.181436 99.534388 -0.130439 8.555183 0.001970 
142 -0.133219 0.000000 0.000000 105.103691 0.027449 7.284901 -0.109986 
143 0.062169 0.000000 0.090718 89.778538 -0.008207 12.300888 0.178850 
144 -0.035525 0.000000 0.090718 103.505738 0.019953 -8.148272 -0.077983 
145 0.159863 0.000000 0.090718 101.248439 -0.066504 13.792834 -0.044149 
146 0.062169 0.000000 0.181436 97.226676 -0.102335 8.360820 0.047706 
147 0.013322 0.000000 -0.045359 72.524840 0.163381 -14.138879 0.454021 
148 -0.035525 0.000000 -0.045359 137.391921 -0.019294 33.071407 -0.997026 
149 0.013322 0.000000 -0.090718 74.971734 0.003055 9.229574 0.429405 
150 0.062169 0.000000 -0.045359 174.612895 0.071402 -17.306312 -2.078918 
151 0.013322 0.000000 0.000000 223.593993 -0.002431 3.666486 -4.000772 
152 -0.133219 0.000000 0.090718 102.768443 -0.099429 5.151083 -0.058790 
153 -0.230913 0.000000 0.090718 100.580945 -0.093321 6.708785 -0.016154 
154 -0.133219 0.000000 0.181436 100.059045 -0.163505 5.580309 -0.004298 
155 0.013322 0.000000 0.045359 80.497783 -0.147144 15.944386 0.326586 
156 -0.035525 0.000000 0.045359 137.182122 -0.066418 -16.971975 -0.910699 
157 0.062169 0.000000 0.045359 172.981126 0.008250 18.167893 -2.025254 
158 0.013322 0.000000 0.090718 81.431848 -0.125524 1.495496 0.336660 
159 -1.989406 0.000000 -8.708925 99.755072 -0.007926 6.974726 0.000028 
160 -5.115617 0.000000 -8.708925 99.755603 -0.004627 6.975374 0.000016 
161 -1.989406 0.000000 -11.611899 99.755562 -0.007238 6.974975 0.000018 
162 1.136804 0.000000 -8.708925 99.754713 -0.013426 6.973439 0.000037 
163 -0.426301 0.000000 -4.354462 99.751405 -0.013274 6.971970 0.000105 
164 -1.989406 0.000000 -4.354462 99.753252 -0.007468 6.974308 0.000065 
165 -0.426301 0.000000 -5.805950 99.753289 -0.012108 6.972927 0.000066 
166 1.136804 0.000000 -4.354462 99.749178 -0.009555 6.967593 0.000155 
167 0.355251 0.000000 -2.177231 99.753721 0.004148 6.951302 0.000087 
168 -0.426301 0.000000 -2.177231 99.744233 -0.011331 6.962847 0.000261 
169 0.355251 0.000000 -2.902975 99.747880 -0.019743 6.963328 0.000187 
170 1.136804 0.000000 -2.177231 99.762883 -0.036189 6.943246 -0.000084 
171 -0.035525 0.000000 -1.088616 99.708353 -0.001822 6.905472 0.001056 
172 -0.426301 0.000000 -1.088616 99.723264 -0.008053 6.934885 0.000718 
173 -0.035525 0.000000 -1.451487 99.710433 -0.009526 6.949156 0.000954 
174 0.355251 0.000000 -1.088616 99.741239 -0.002628 6.879729 0.000435 
175 0.159863 0.000000 -0.544308 99.517669 0.019227 6.502493 0.005395 
176 -0.035525 0.000000 -0.544308 99.450155 0.032996 6.758806 0.006398 
177 0.159863 0.000000 -0.725744 99.636689 0.015076 6.733896 0.002718 
178 0.355251 0.000000 -0.544308 99.760787 0.027203 6.502432 0.000550 
179 0.062169 0.000000 -0.272154 97.402403 0.169658 5.538566 0.048207 
180 -0.035525 0.000000 -0.272154 97.892212 0.019840 7.332867 0.036334 
181 0.062169 0.000000 -0.362872 98.684332 0.025870 6.240783 0.022245 
182 0.159863 0.000000 -0.272154 98.591365 0.239163 4.051083 0.026327 
183 0.013322 0.000000 -0.136077 91.738041 0.054706 7.754048 0.152400 
184 -0.035525 0.000000 -0.136077 97.121144 0.183212 12.046134 0.042234 
185 0.013322 0.000000 -0.181436 95.267388 0.185309 6.865172 0.087696 
186 0.062169 0.000000 -0.136077 92.528881 0.086976 1.338792 0.143661 
187 0.550639 0.000000 -0.181436 102.145566 0.003047 5.068055 -0.045940 
188 0.550639 0.000000 -0.362872 99.957175 0.052493 6.588717 -0.003485 
189 0.746027 0.000000 -0.181436 102.924870 0.016512 5.135512 -0.061990 
190 0.550639 0.000000 0.000000 102.182865 -0.003645 6.536287 -0.048406 
191 0.257557 0.000000 -0.090718 101.560298 0.063726 -10.026711 -0.041503 
192 0.257557 0.000000 -0.181436 100.107175 0.031244 1.138531 -0.002274 
193 0.355251 0.000000 -0.090718 104.970763 0.116238 -4.299142 -0.103736 
194 0.257557 0.000000 0.000000 72.957299 0.004603 0.064320 0.467723 
195 0.111016 0.000000 -0.045359 130.224492 -0.001458 -12.239724 -0.710823 
196 0.111016 0.000000 -0.090718 90.888514 -0.010413 -15.074111 0.151205 
197 0.159863 0.000000 -0.045359 102.859771 0.085258 -7.525181 -0.063677 
198 0.111016 0.000000 0.000000 132.903782 -0.015533 0.219672 -0.766346 
199 0.037745 0.000000 -0.068038 73.265692 0.177054 -14.122413 0.443266 
200 0.013322 0.000000 -0.068038 72.524099 0.167057 -13.772247 0.455055 
201 0.037745 0.000000 -0.090718 81.961015 0.052726 -1.925542 0.327868 
202 0.062169 0.000000 -0.068038 78.048178 0.117061 -14.859442 0.368767 
203 0.037745 0.000000 -0.045359 72.879101 0.179864 -14.209816 0.448669 
204 0.550639 0.000000 0.181436 102.218834 -0.011922 5.071759 -0.047441 
205 0.746027 0.000000 0.181436 103.059209 -0.000341 5.129883 -0.064752 
206 0.550639 0.000000 0.362872 100.249733 -0.055182 6.136358 -0.008767 
207 0.257557 0.000000 0.090718 104.230134 0.004116 10.546163 -0.097514 
208 0.355251 0.000000 0.090718 106.480739 0.021031 4.622438 -0.135952 
209 0.257557 0.000000 0.181436 101.424886 -0.141250 8.682695 -0.036242 
210 0.111016 0.000000 0.045359 129.973064 -0.033540 12.522435 -0.704981 
211 0.159863 0.000000 0.045359 102.836454 0.029633 7.702378 -0.063466 
212 0.111016 0.000000 0.090718 95.563464 -0.112750 16.109239 0.060810 
213 -1.989406 0.000000 8.708925 99.758036 0.009124 6.974743 -0.000031 
214 -5.115617 0.000000 8.708925 99.757313 0.005484 6.975444 -0.000018 
215 1.136804 0.000000 8.708925 99.758577 0.015224 6.973147 -0.000040 
216 -1.989406 0.000000 11.611899 99.757430 0.008269 6.974940 -0.000019 
217 -0.426301 0.000000 4.354462 99.763218 0.015389 6.972590 -0.000132 
218 -1.989406 0.000000 4.354462 99.759967 0.008973 6.975183 -0.000070 
219 1.136804 0.000000 4.354462 99.766405 0.009853 6.965952 -0.000186 
220 -0.426301 0.000000 5.805950 99.760538 0.013926 6.973036 -0.000079 
221 0.355251 0.000000 2.177231 99.786768 0.018152 6.966528 -0.000593 
222 -0.426301 0.000000 2.177231 99.771209 0.014771 6.977854 -0.000298 
223 1.136804 0.000000 2.177231 99.813019 0.034867 6.939039 -0.001079 
224 0.355251 0.000000 2.902975 99.774900 0.022878 6.966089 -0.000356 
225 -0.035525 0.000000 1.088616 99.794408 -0.007237 7.007185 -0.000802 
226 -0.426301 0.000000 1.088616 99.771435 0.007879 7.005270 -0.000341 
227 0.355251 0.000000 1.088616 99.851072 0.000634 6.976054 -0.001890 
228 -0.035525 0.000000 1.451487 99.767160 0.013110 6.972660 -0.000210 
229 0.159863 0.000000 0.544308 99.839640 -0.074121 7.159922 -0.001922 
230 -0.035525 0.000000 0.544308 99.680624 -0.002427 7.079614 0.001365 
231 0.355251 0.000000 0.544308 100.066299 -0.058043 6.984849 -0.006206 
232 0.159863 0.000000 0.725744 99.868950 -0.005505 7.065477 -0.002373 
233 0.062169 0.000000 0.272154 98.404375 -0.009267 7.684459 0.025753 
234 -0.035525 0.000000 0.272154 98.654544 -0.037945 6.431292 0.022592 
235 0.159863 0.000000 0.272154 99.590599 -0.045660 8.550370 0.000860 
236 0.062169 0.000000 0.362872 99.298745 -0.116242 7.287856 0.008663 
237 0.013322 0.000000 0.136077 94.661611 -0.045558 4.830678 0.101584 
238 -0.035525 0.000000 0.136077 99.022398 0.090155 1.938466 0.019080 
239 0.062169 0.000000 0.136077 95.499859 -0.119818 9.459172 0.079029 
240 0.013322 0.000000 0.181436 97.075738 0.011927 6.234367 0.053743 
241 0.037745 0.000000 0.068038 80.898693 -0.062386 16.061181 0.319744 
242 0.013322 0.000000 0.068038 80.433102 -0.143096 16.006892 0.327428 
243 0.037745 0.000000 0.045359 80.658851 -0.052578 15.980748 0.323876 
244 0.062169 0.000000 0.068038 84.780885 -0.083520 16.549640 0.253830 
245 0.037745 0.000000 0.090718 87.352124 -0.011313 10.045558 0.226869 
246 0.111016 0.000000 -0.136077 95.346855 0.002622 -1.883878 0.090543 
247 0.111016 0.000000 -0.181436 96.392269 0.042665 1.696839 0.070565 
248 0.159863 0.000000 -0.136077 97.466273 -0.182371 -3.319722 0.048927 
249 0.086592 0.000000 -0.068038 90.110102 -0.102055 -14.779415 0.166173 
250 0.086592 0.000000 -0.090718 90.516830 -0.124048 -15.016965 0.158118 
251 0.111016 0.000000 -0.068038 90.898300 -0.021371 -14.822013 0.151781 
252 0.086592 0.000000 -0.045359 150.496688 0.025914 -15.403974 -1.288654 
253 0.086592 0.000000 -0.113397 92.084820 0.089931 -4.077091 0.150376 
254 0.062169 0.000000 -0.113397 89.622241 0.117156 -1.401767 0.196588 
255 0.086592 0.000000 -0.136077 93.887772 0.087695 -0.603524 0.118471 
256 0.111016 0.000000 -0.113397 94.468539 0.009353 -5.392419 0.104662 
257 0.074381 0.000000 -0.079378 87.123976 -0.049515 -14.802664 0.219029 
258 0.062169 0.000000 -0.079378 78.966336 0.100684 -14.930680 0.354138 
259 0.074381 0.000000 -0.090718 85.948540 0.066560 -9.145971 0.252920 
260 0.086592 0.000000 -0.079378 90.240453 -0.098416 -14.830809 0.163670 
261 0.074381 0.000000 -0.068038 84.462823 -0.000029 -14.927157 0.264321 
262 0.111016 0.000000 0.136077 98.022715 -0.090536 11.445210 0.026055 
263 0.159863 0.000000 0.136077 99.895953 -0.316096 11.773692 -0.011792 
264 0.111016 0.000000 0.181436 98.263927 -0.175109 9.765930 0.024880 
265 0.086592 0.000000 0.068038 95.112936 -0.049304 16.071471 0.069523 
266 0.086592 0.000000 0.045359 149.750758 0.003043 15.749926 -1.267335 
267 0.111016 0.000000 0.068038 95.568586 -0.101684 16.168247 0.060522 
268 0.086592 0.000000 0.090718 95.494461 -0.053004 16.098368 0.062165 
269 0.086592 0.000000 0.113397 95.573020 -0.072087 12.434868 0.071117 
270 0.062169 0.000000 0.113397 93.401838 -0.059761 10.720003 0.116117 
271 0.111016 0.000000 0.113397 97.728319 -0.087646 12.972192 0.028089 
272 0.086592 0.000000 0.136077 96.721224 -0.075129 10.745084 0.052954 
273 0.074381 0.000000 0.079378 92.621411 -0.043213 16.001060 0.116524 
274 0.062169 0.000000 0.079378 85.595706 -0.078150 16.450933 0.240274 
275 0.074381 0.000000 0.068038 90.322382 -0.055653 16.233914 0.157832 
276 0.086592 0.000000 0.079378 95.213364 -0.052868 16.081850 0.067579 
277 0.074381 0.000000 0.090718 90.646581 -0.047214 14.857129 0.156246 
278 0.208710 0.000000 -0.045359 84.213732 0.003217 -4.702839 0.288593 
279 0.208710 0.000000 -0.090718 98.905785 -0.023295 -12.409631 0.006365 
280 0.257557 0.000000 -0.045359 72.191623 0.033469 -3.658202 0.477499 
281 0.208710 0.000000 0.000000 85.402673 0.079541 0.115060 0.270636 
282 0.135439 0.000000 -0.068038 91.502696 0.017183 -15.172325 0.139706 
283 0.135439 0.000000 -0.090718 92.657193 -0.003345 -14.775975 0.119632 
284 0.159863 0.000000 -0.068038 101.660520 -0.019498 -11.179936 -0.045985 
285 0.135439 0.000000 -0.045359 114.986987 0.064593 -9.663692 -0.331540 
286 0.257557 0.000000 -0.272154 100.030430 0.118019 4.190804 -0.002366 
287 0.257557 0.000000 -0.362872 99.898748 0.089083 5.504124 -0.001006 
288 0.355251 0.000000 -0.272154 100.493273 0.081445 5.220662 -0.012616 
289 0.208710 0.000000 -0.136077 99.133423 -0.149112 -3.484201 0.016040 
290 0.208710 0.000000 -0.181436 98.768575 -0.019164 0.320510 0.024467 
291 0.257557 0.000000 -0.136077 100.366417 0.154127 -2.920385 -0.008197 
292 0.135439 0.000000 -0.113397 95.820395 -0.033052 -6.040953 0.078196 
293 0.135439 0.000000 -0.136077 96.534748 -0.115337 -2.639955 0.067406 
294 0.159863 0.000000 -0.113397 96.979628 -0.153488 -6.714032 0.054985 
295 0.123228 0.000000 -0.079378 91.023105 0.012145 -14.976639 0.149049 
296 0.111016 0.000000 -0.079378 90.892964 -0.016106 -14.921504 0.151582 
297 0.123228 0.000000 -0.090718 90.865424 0.004227 -15.069085 0.151640 
298 0.135439 0.000000 -0.079378 92.607554 -0.000591 -14.977233 0.119952 
299 0.123228 0.000000 -0.068038 90.869842 0.001425 -15.070047 0.151557 
300 0.208710 0.000000 0.045359 84.224537 -0.015721 4.882799 0.288239 
301 0.257557 0.000000 0.045359 72.236985 -0.007987 3.746841 0.476778 
302 0.208710 0.000000 0.090718 102.267756 -0.067035 13.094621 -0.063017 
303 0.135439 0.000000 0.068038 96.008183 -0.152810 16.182174 0.052054 
304 0.135439 0.000000 0.045359 114.698374 -0.077854 9.913838 -0.325401 
305 0.159863 0.000000 0.068038 101.688801 -0.090458 11.230941 -0.046675 
306 0.135439 0.000000 0.090718 97.021650 -0.128069 15.739033 0.033907 
307 0.257557 0.000000 0.272154 100.899200 -0.153640 7.958923 -0.024402 
308 0.355251 0.000000 0.272154 101.173298 -0.169780 6.595740 -0.027957 
309 0.257557 0.000000 0.362872 100.475247 -0.071136 7.498190 -0.015150 
310 0.208710 0.000000 0.136077 101.320164 -0.289474 10.955349 -0.038588 
311 0.257557 0.000000 0.136077 102.236666 0.051856 9.623527 -0.054495 
312 0.208710 0.000000 0.181436 100.330015 -0.207223 9.914191 -0.016445 
313 0.135439 0.000000 0.113397 98.972069 -0.143861 12.866438 0.003896 
314 0.159863 0.000000 0.113397 99.915776 -0.265471 12.766894 -0.014623 
315 0.135439 0.000000 0.136077 99.093083 -0.227915 11.640970 0.004500 
316 0.123228 0.000000 0.079378 95.597213 -0.146867 16.141895 0.060059 
317 0.111016 0.000000 0.079378 95.562342 -0.107607 16.144121 0.060719 
318 0.123228 0.000000 0.068038 95.509603 -0.132440 16.099483 0.061870 
319 0.135439 0.000000 0.079378 96.988722 -0.126141 15.952707 0.033868 
320 0.123228 0.000000 0.090718 95.496859 -0.137098 16.097175 0.062121 
321 0.184287 0.000000 -0.068038 91.500904 -0.006344 -9.483232 0.153765 
322 0.184287 0.000000 -0.090718 97.522490 -0.036318 -12.895606 0.032307 
323 0.208710 0.000000 -0.068038 82.095080 0.066083 -7.536731 0.320359 
324 0.184287 0.000000 -0.045359 92.601265 -0.057705 -6.070979 0.138815 
325 0.184287 0.000000 0.068038 91.641540 -0.118785 9.626338 0.150915 
326 0.184287 0.000000 0.045359 92.631881 -0.113951 6.242800 0.138035 
327 0.208710 0.000000 0.068038 82.110319 -0.013314 7.690460 0.319875 
328 0.184287 0.000000 0.090718 101.172729 -0.095627 13.829512 -0.042719 
329 0.452945 0.000000 -0.090718 98.898922 0.007426 2.816531 0.021107 
330 0.452945 0.000000 -0.181436 99.931651 0.002667 1.183700 0.001226 
331 0.550639 0.000000 -0.090718 101.560451 0.000111 5.561286 -0.034545 
332 0.452945 0.000000 0.000000 102.182865 -0.003645 6.536287 -0.048406 
333 0.306404 0.000000 -0.136077 101.705134 0.159877 -1.171188 -0.034533 
334 0.306404 0.000000 -0.181436 100.879740 0.129041 1.957012 -0.018057 
335 0.355251 0.000000 -0.136077 104.225709 0.211842 0.092245 -0.086305 
336 0.306404 0.000000 -0.090718 103.669738 0.136236 -6.305983 -0.078720 
337 0.233134 0.000000 -0.113397 100.141937 0.028715 -6.114165 -0.006579 
338 0.208710 0.000000 -0.113397 100.174421 -0.051867 -7.134447 -0.008582 
339 0.233134 0.000000 -0.136077 99.588318 -0.005291 -3.077393 0.007270 
340 0.257557 0.000000 -0.113397 101.578739 0.052234 -10.028781 -0.041882 
341 0.233134 0.000000 -0.090718 101.573594 -0.016793 -10.029900 -0.041779 
342 0.452945 0.000000 0.090718 99.054752 -0.022022 2.809994 0.018026 
343 0.550639 0.000000 0.090718 101.619276 -0.010078 5.560976 -0.035740 
344 0.452945 0.000000 0.181436 100.069623 -0.021151 1.181575 -0.001533 
345 0.306404 0.000000 0.136077 103.239442 0.041185 7.246121 -0.071089 
346 0.306404 0.000000 0.090718 105.597845 0.000115 6.680845 -0.119554 
347 0.355251 0.000000 0.136077 105.447815 -0.021265 5.500775 -0.114950 
348 0.306404 0.000000 0.181436 101.967404 -0.085882 7.478265 -0.045328 
349 0.233134 0.000000 0.113397 102.584457 -0.073695 10.201509 -0.062765 
350 0.208710 0.000000 0.113397 102.888533 -0.121781 11.945092 -0.072875 
351 0.233134 0.000000 0.090718 104.315569 -0.019276 10.555792 -0.099316 
352 0.257557 0.000000 0.113397 104.250359 -0.003845 10.548477 -0.097941 
353 0.233134 0.000000 0.136077 101.642748 -0.122994 10.128359 -0.043385 
354 0.306404 0.000000 -0.045359 64.066156 0.175723 -1.956312 0.589167 
355 0.355251 0.000000 -0.045359 59.434773 0.007781 -0.913869 0.646667 
356 0.306404 0.000000 0.000000 64.680985 0.029844 0.023191 0.581637 
357 0.281981 0.000000 -0.113397 102.834478 0.154666 -8.250469 -0.064302 
358 0.281981 0.000000 -0.136077 101.472915 0.137874 -2.001735 -0.030078 
359 0.306404 0.000000 -0.113397 103.668943 0.128268 -6.306886 -0.078704 
360 0.281981 0.000000 -0.090718 102.611257 0.148246 -8.574924 -0.060262 
361 0.281981 0.000000 -0.068038 66.227066 0.193041 -4.244680 0.559592 
362 0.257557 0.000000 -0.068038 71.475974 0.042452 -5.676932 0.485896 
363 0.306404 0.000000 -0.068038 63.529223 0.164968 -2.784380 0.595626 
364 0.281981 0.000000 -0.045359 67.359420 0.145093 -2.856493 0.545453 
365 0.269769 0.000000 -0.102058 101.790119 0.111095 -9.787016 -0.045703 
366 0.257557 0.000000 -0.102058 101.559116 0.064463 -10.026578 -0.041479 
367 0.269769 0.000000 -0.113397 101.763383 0.127626 -10.046286 -0.045673 
368 0.281981 0.000000 -0.102058 102.611076 0.159870 -9.091487 -0.061171 
369 0.269769 0.000000 -0.090718 101.665126 0.096287 -10.036823 -0.043654 
370 0.306404 0.000000 0.045359 64.218658 0.020399 1.979929 0.587204 
371 0.355251 0.000000 0.045359 59.403362 -0.021119 0.988340 0.647026 
372 0.281981 0.000000 0.113397 105.135434 0.089038 8.699067 -0.112914 
373 0.281981 0.000000 0.090718 104.975940 0.082756 9.036023 -0.110160 
374 0.306404 0.000000 0.113397 105.583026 -0.019195 6.679935 -0.119240 
375 0.281981 0.000000 0.136077 103.191407 -0.024918 8.398188 -0.071900 
376 0.281981 0.000000 0.068038 66.217523 0.127889 4.292623 0.559680 
377 0.257557 0.000000 0.068038 71.559214 -0.012528 5.767327 0.484602 
378 0.281981 0.000000 0.045359 67.439977 0.083357 2.968340 0.544303 
379 0.306404 0.000000 0.068038 63.654448 -0.009656 2.804405 0.594025 
380 0.269769 0.000000 0.102058 104.395769 0.049663 10.295153 -0.100447 
381 0.257557 0.000000 0.102058 104.228837 0.004627 10.546015 -0.097487 
382 0.269769 0.000000 0.090718 104.314797 0.037829 10.554084 -0.099297 
383 0.281981 0.000000 0.102058 105.035298 0.116342 9.567535 -0.112397 
384 0.269769 0.000000 0.113397 104.393900 0.070089 10.561464 -0.100964 
385 0.746027 0.000000 -1.088616 99.752581 -0.014138 6.887213 0.000199 
386 0.746027 0.000000 -1.451487 99.743849 -0.032043 6.926937 0.000318 
387 1.136804 0.000000 -1.088616 99.738598 -0.056249 6.895140 0.000467 
388 0.550639 0.000000 -0.544308 99.739291 0.032712 6.744463 0.000658 
389 0.550639 0.000000 -0.725744 99.756023 0.011760 6.771924 0.000288 
390 0.746027 0.000000 -0.544308 99.733367 0.036526 6.742954 0.000779 
391 0.452945 0.000000 -0.272154 100.240924 0.103336 6.097199 -0.008543 
392 0.452945 0.000000 -0.362872 100.272928 0.101493 6.403974 -0.009568 
393 0.550639 0.000000 -0.272154 102.127165 -0.001048 1.079331 -0.043112 
394 0.404098 0.000000 -0.136077 97.721195 0.005127 0.454166 0.045036 
395 0.404098 0.000000 -0.181436 101.671377 0.127246 5.032822 -0.036241 
396 0.452945 0.000000 -0.136077 99.104472 0.006587 2.242127 0.017328 
397 0.404098 0.000000 -0.090718 100.667350 0.037354 -1.303405 -0.013562 
398 0.330828 0.000000 -0.113397 103.690473 0.143721 -6.312522 -0.079158 
399 0.330828 0.000000 -0.136077 102.212514 0.157040 -1.089565 -0.044861 
400 0.355251 0.000000 -0.113397 104.842250 0.123429 -4.543890 -0.101256 
401 0.330828 0.000000 -0.090718 103.683483 0.142682 -6.312058 -0.079013 
402 0.746027 0.000000 1.088616 99.872106 0.023074 6.901103 -0.002206 
403 1.136804 0.000000 1.088616 99.892300 0.046760 6.827361 -0.002509 
404 0.746027 0.000000 1.451487 99.824450 0.036151 6.928588 -0.001293 
405 0.550639 0.000000 0.544308 99.982561 -0.027926 6.670769 -0.004101 
406 0.746027 0.000000 0.544308 99.977783 0.006939 6.657193 -0.003988 
407 0.550639 0.000000 0.725744 99.952746 -0.003268 6.878482 -0.003786 
408 0.452945 0.000000 0.272154 100.720838 -0.060199 5.622109 -0.017630 
409 0.550639 0.000000 0.272154 102.217315 -0.010625 1.077068 -0.044954 
410 0.452945 0.000000 0.362872 100.642617 -0.031771 6.340868 -0.016914 
411 0.404098 0.000000 0.136077 97.908784 -0.030180 0.451460 0.041367 
412 0.404098 0.000000 0.090718 101.271722 0.033536 2.003882 -0.025998 
413 0.452945 0.000000 0.136077 99.257362 -0.022126 2.237185 0.014297 
414 0.404098 0.000000 0.181436 102.332906 -0.095038 3.974769 -0.048783 
415 0.330828 0.000000 0.113397 105.653128 -0.024608 6.686970 -0.120730 
416 0.330828 0.000000 0.090718 105.645502 -0.025372 6.686475 -0.120568 
417 0.355251 0.000000 0.113397 106.410068 0.018265 4.873508 -0.134685 
418 0.330828 0.000000 0.136077 103.570670 0.035923 6.921908 -0.077480 
419 0.404098 0.000000 -0.045359 59.195926 0.030815 1.115760 0.649460 
420 0.452945 0.000000 -0.045359 99.620747 0.007237 4.425176 0.005612 
421 0.404098 0.000000 0.000000 60.388832 0.021113 0.004650 0.635319 
422 0.379675 0.000000 -0.113397 104.431589 0.077371 -2.099015 -0.091037 
423 0.379675 0.000000 -0.136077 104.064389 0.151199 1.886295 -0.083298 
424 0.404098 0.000000 -0.113397 100.269152 0.041578 -1.585302 -0.005642 
425 0.379675 0.000000 -0.090718 104.093923 0.071551 -2.091773 -0.083993 
426 0.330828 0.000000 -0.068038 60.953428 0.094026 -2.750276 0.627711 
427 0.355251 0.000000 -0.068038 58.060684 0.033417 -1.639640 0.662627 
428 0.330828 0.000000 -0.045359 61.424964 0.013013 -1.717093 0.622403 
429 0.343039 0.000000 -0.102058 104.181039 0.151253 -5.982298 -0.088950 
430 0.330828 0.000000 -0.102058 103.686360 0.143109 -6.312249 -0.079073 
431 0.343039 0.000000 -0.113397 104.277017 0.143758 -5.851627 -0.090796 
432 0.355251 0.000000 -0.102058 104.965074 0.117472 -4.637904 -0.103919 
433 0.343039 0.000000 -0.090718 103.981674 0.153048 -6.330846 -0.085229 
434 0.404098 0.000000 0.045359 59.249719 -0.000754 -1.156518 0.648813 
435 0.452945 0.000000 0.045359 99.752185 -0.017987 4.419925 0.002997 
436 0.330828 0.000000 0.068038 61.107032 -0.061205 2.821332 0.625797 
437 0.330828 0.000000 0.045359 61.500173 -0.055617 1.768555 0.621460 
438 0.355251 0.000000 0.068038 58.090958 -0.029196 1.693018 0.662257 
439 0.379675 0.000000 0.113397 105.358517 0.042442 2.371720 -0.110604 
440 0.379675 0.000000 0.090718 104.963335 0.047328 2.363298 -0.102289 
441 0.404098 0.000000 0.113397 100.906894 0.034758 2.107876 -0.018665 
442 0.379675 0.000000 0.136077 105.107869 -0.041750 3.518518 -0.106005 
443 0.343039 0.000000 0.102058 106.057582 0.001219 6.346872 -0.128849 
444 0.330828 0.000000 0.102058 105.648641 -0.025057 6.686679 -0.120635 
445 0.343039 0.000000 0.090718 105.917713 -0.005169 6.703349 -0.126350 
446 0.355251 0.000000 0.102058 106.538073 0.020647 4.968075 -0.137504 
447 0.343039 0.000000 0.113397 106.117493 0.002281 6.212351 -0.129952 
448 1.527580 0.000000 -0.362872 99.586667 -0.049686 6.173007 0.004439 
449 1.527580 0.000000 -0.725744 99.626361 -0.069276 6.740088 0.002915 
450 1.918356 0.000000 -0.362872 98.993840 -0.161915 5.216009 0.017299 
451 1.527580 0.000000 0.000000 100.576648 0.071111 6.471360 -0.015755 
452 0.941416 0.000000 -0.181436 102.951963 0.025500 5.160004 -0.062573 
453 0.941416 0.000000 -0.362872 99.632428 0.020395 6.314428 0.003351 
454 1.136804 0.000000 -0.181436 102.319551 0.025082 4.579043 -0.049026 
455 0.941416 0.000000 0.000000 103.030573 0.013978 6.689713 -0.066005 
456 0.648333 0.000000 -0.090718 102.422034 0.003671 5.600929 -0.052164 
457 0.648333 0.000000 -0.181436 102.506221 0.011284 4.596556 -0.052865 
458 0.746027 0.000000 -0.090718 103.016658 0.013229 6.253306 -0.065154 
459 0.648333 0.000000 0.000000 102.625761 0.002609 6.564661 -0.057514 
460 0.501792 0.000000 -0.136077 99.786182 0.006102 3.356794 0.003145 
461 0.501792 0.000000 -0.181436 101.481266 0.002653 3.177553 -0.030854 
462 0.550639 0.000000 -0.136077 102.148931 0.002277 5.853453 -0.046867 
463 0.501792 0.000000 -0.090718 99.797234 0.004766 3.465856 0.002850 
464 0.428522 0.000000 -0.113397 97.819518 0.026428 -0.265682 0.043127 
465 0.428522 0.000000 -0.136077 99.060916 0.005235 1.272767 0.018531 
466 0.452945 0.000000 -0.113397 98.939286 0.006491 2.286863 0.020579 
467 0.428522 0.000000 -0.090718 98.053434 0.023981 0.143433 0.038550 
468 0.379675 0.000000 -0.068038 57.535223 0.053721 -0.040582 0.668969 
469 0.404098 0.000000 -0.068038 97.731850 0.007710 1.058668 0.044736 
470 0.379675 0.000000 -0.045359 58.529552 0.022071 -0.053706 0.657429 
471 0.391886 0.000000 -0.102058 102.620721 0.050185 -1.891887 -0.053459 
472 0.379675 0.000000 -0.102058 104.441811 0.077822 -2.099285 -0.091251 
473 0.391886 0.000000 -0.113397 102.476199 0.050119 -1.837972 -0.050475 
474 0.404098 0.000000 -0.102058 100.351314 0.042075 -1.626848 -0.007303 
475 0.391886 0.000000 -0.090718 102.273433 0.049655 -1.750457 -0.046292 
476 0.379675 0.000000 0.068038 57.568608 0.002708 0.055063 0.668585 
477 0.379675 0.000000 0.045359 58.603893 -0.021992 0.060777 0.656558 
478 0.404098 0.000000 0.068038 97.916875 -0.026467 1.052959 0.041118 
479 1.527580 0.000000 0.362872 100.473753 0.061715 5.243099 -0.012247 
480 1.918356 0.000000 0.362872 100.351912 0.190691 4.047452 -0.008692 
481 1.527580 0.000000 0.725744 100.020890 0.066723 6.430104 -0.004553 
482 0.941416 0.000000 0.181436 103.250119 0.008973 5.140951 -0.068702 
483 1.136804 0.000000 0.181436 102.791565 0.010281 4.542960 -0.058674 
484 0.941416 0.000000 0.362872 99.946777 0.019467 6.432109 -0.003073 
485 0.648333 0.000000 0.090718 102.482633 -0.004292 5.598965 -0.053404 
486 0.746027 0.000000 0.090718 103.071307 0.004974 6.253438 -0.066280 
487 0.648333 0.000000 0.181436 102.617481 -0.005529 4.596494 -0.055148 
488 0.501792 0.000000 0.136077 99.918590 -0.019257 3.354762 0.000502 
489 0.501792 0.000000 0.090718 99.923587 -0.018488 3.461239 0.000330 
490 0.550639 0.000000 0.136077 102.212229 -0.010143 5.854884 -0.048162 
491 0.501792 0.000000 0.181436 101.578905 -0.016466 3.177364 -0.032837 
492 0.428522 0.000000 0.113397 98.200367 -0.007194 1.662981 0.035392 
493 0.428522 0.000000 0.090718 98.404246 -0.008748 1.825883 0.031327 
494 0.452945 0.000000 0.113397 99.094969 -0.023027 2.282951 0.017497 
495 0.428522 0.000000 0.136077 99.216987 -0.022464 1.268568 0.015438 
496 0.391886 0.000000 0.102058 103.368091 0.050551 2.206497 -0.068983 
497 0.379675 0.000000 0.102058 105.367687 0.042214 2.371958 -0.110798 
498 0.391886 0.000000 0.090718 102.992589 0.043124 2.100902 -0.061189 
499 0.404098 0.000000 0.102058 100.997266 0.036091 2.126458 -0.020497 
500 0.391886 0.000000 0.113397 103.212967 0.047493 2.166074 -0.065761 
501 1.332192 0.000000 -0.181436 99.184750 -0.000868 4.278259 0.014408 
502 1.332192 0.000000 -0.362872 99.639180 -0.010774 6.339168 0.003185 
503 1.527580 0.000000 -0.181436 100.359666 -0.019244 5.003113 -0.009709 
504 1.332192 0.000000 0.000000 99.826346 0.026860 6.511717 -0.000770 
505 1.332192 0.000000 0.181436 100.822081 0.067763 3.391304 -0.017660 
506 1.527580 0.000000 0.181436 101.223868 0.178523 4.604768 -0.026751 
507 1.332192 0.000000 0.362872 100.591816 0.041520 5.770878 -0.015202 
508 1.234498 0.000000 -0.090718 97.768711 0.007359 1.926440 0.043757 
509 1.136804 0.000000 -0.090718 101.077490 0.015180 5.430028 -0.024614 
510 1.234498 0.000000 -0.181436 100.638629 0.027055 0.796587 -0.012877 
511 1.332192 0.000000 -0.090718 98.128030 0.005357 3.614924 0.035782 
512 1.234498 0.000000 0.000000 68.116486 -0.014510 0.015940 0.536014 
513 1.234498 0.000000 0.090718 98.700647 0.023850 1.876349 0.025466 
514 1.136804 0.000000 0.090718 101.489187 0.014569 5.414677 -0.032937 
515 1.332192 0.000000 0.090718 99.144802 0.026211 3.463828 0.015831 
516 1.234498 0.000000 0.181436 101.272344 0.020692 0.790825 -0.025671 
517 4.263014 0.000000 -8.708925 99.755036 -0.020024 6.972060 0.000032 
518 4.263014 0.000000 -11.611899 99.755558 -0.014390 6.973766 0.000020 
519 7.389224 0.000000 -8.708925 99.755688 -0.025017 6.971403 0.000020 
520 2.699909 0.000000 -4.354462 99.747842 -0.035107 6.961300 0.000191 
521 2.699909 0.000000 -5.805950 99.752986 -0.025858 6.968487 0.000078 
522 4.263014 0.000000 -4.354462 99.753107 -0.046718 6.958798 0.000089 
523 1.918356 0.000000 -2.177231 99.753193 -0.063724 6.934026 0.000122 
524 1.918356 0.000000 -2.902975 99.754136 -0.045847 6.955552 0.000073 
525 2.699909 0.000000 -2.177231 99.740403 -0.076054 6.911603 0.000408 
526 1.527580 0.000000 -1.088616 99.687573 -0.066462 6.862729 0.001529 
527 1.527580 0.000000 -1.451487 99.710107 -0.070784 6.914494 0.001008 
528 1.918356 0.000000 -1.088616 99.655336 -0.124419 6.797081 0.002260 
529 1.332192 0.000000 -0.544308 99.652020 -0.027723 6.656120 0.002517 
530 1.136804 0.000000 -0.544308 99.677458 -0.018326 6.680769 0.001977 
531 1.332192 0.000000 -0.725744 99.668970 -0.048909 6.794595 0.001993 
532 1.527580 0.000000 -0.544308 99.574798 -0.054082 6.589074 0.004144 
533 1.234498 0.000000 -0.272154 99.959139 -0.022164 5.812411 -0.002561 
534 1.136804 0.000000 -0.272154 102.286298 0.034676 1.106754 -0.046371 
535 1.234498 0.000000 -0.362872 99.757945 -0.018838 6.290733 0.000878 
536 1.332192 0.000000 -0.272154 99.327844 0.029163 0.427968 0.013380 
537 10.515434 0.000000 -2.902975 99.758153 -0.084863 6.943929 0.000009 
538 10.515434 0.000000 -5.805950 99.756464 -0.043316 6.966245 0.000012 
539 13.641644 0.000000 -2.902975 99.758150 -0.080982 6.947617 0.000004 
540 10.515434 0.000000 0.000000 99.836312 -0.514362 5.830890 -0.000155 
541 5.826119 0.000000 -1.451487 99.763287 -0.172868 6.841768 0.000045 
542 5.826119 0.000000 -2.902975 99.756242 -0.085536 6.936963 0.000056 
543 7.389224 0.000000 -1.451487 99.763643 -0.164743 6.858341 0.000015 
544 5.826119 0.000000 0.000000 99.984242 -0.978127 3.707658 -0.001155 
545 3.481461 0.000000 -0.725744 99.790396 -0.351962 6.386926 0.000096 
546 3.481461 0.000000 -1.451487 99.754859 -0.168129 6.814514 0.000250 
547 4.263014 0.000000 -0.725744 99.789720 -0.337400 6.460799 0.000016 
548 3.481461 0.000000 0.000000 99.944639 -0.094372 4.412619 -0.000841 
549 2.309132 0.000000 -0.362872 99.370022 -0.581532 4.130203 0.010820 
550 2.309132 0.000000 -0.725744 99.626267 -0.270827 6.297318 0.003488 
551 2.699909 0.000000 -0.362872 99.993397 -0.657193 4.684785 -0.002106 
552 2.309132 0.000000 0.000000 155.298791 0.221353 5.902167 -1.415260 
553 1.722968 0.000000 -0.181436 101.634798 -0.043242 5.184237 -0.035651 
554 1.722968 0.000000 -0.362872 99.166187 -0.088952 5.947452 0.013069 
555 1.918356 0.000000 -0.181436 102.803291 -0.082413 4.363606 -0.058756 
556 1.722968 0.000000 0.000000 101.906110 0.203731 6.596949 -0.042842 
557 1.429886 0.000000 -0.090718 99.750297 0.011450 4.457048 0.003001 
558 1.429886 0.000000 -0.181436 99.506983 0.005171 4.137043 0.008125 
559 1.527580 0.000000 -0.090718 100.466352 0.051298 5.120349 -0.011971 
560 1.429886 0.000000 0.000000 99.826352 0.026861 6.511698 -0.000770 
561 1.283345 0.000000 -0.136077 97.433101 -0.003505 2.506436 0.050051 
562 1.234498 0.000000 -0.136077 98.107124 0.010599 1.660438 0.037224 
563 1.283345 0.000000 -0.181436 98.101785 0.000582 1.730145 0.037305 
564 1.332192 0.000000 -0.136077 98.080441 -0.001884 4.186197 0.036270 
565 1.283345 0.000000 -0.090718 97.219789 -0.003713 2.807694 0.054043 
566 10.515434 0.000000 2.902975 99.761610 0.129323 6.904241 -0.000006 
567 13.641644 0.000000 2.902975 99.762560 0.143937 6.888705 -0.000004 
568 10.515434 0.000000 5.805950 99.757803 0.054805 6.961537 -0.000009 
569 5.826119 0.000000 1.451487 99.776459 0.244922 6.704304 -0.000035 
570 7.389224 0.000000 1.451487 99.779647 0.276483 6.647837 -0.000025 
571 5.826119 0.000000 2.902975 99.762093 0.105802 6.920560 -0.000038 
572 3.481461 0.000000 0.725744 99.824529 0.457535 6.014345 -0.000132 
573 4.263014 0.000000 0.725744 99.838323 0.503400 5.818828 -0.000180 
574 3.481461 0.000000 1.451487 99.772486 0.192041 6.769841 -0.000042 
575 2.309132 0.000000 0.362872 99.173689 0.517513 4.550737 0.014360 
576 2.699909 0.000000 0.362872 100.010558 0.713467 4.151727 -0.001986 
577 2.309132 0.000000 0.725744 99.684501 0.296699 6.193385 0.002455 
578 1.722968 0.000000 0.181436 102.377635 0.416306 5.506245 -0.051167 
579 1.918356 0.000000 0.181436 103.786509 0.809808 5.783186 -0.080574 
580 1.722968 0.000000 0.362872 100.252348 0.087986 4.764702 -0.007324 
581 1.429886 0.000000 0.090718 100.487675 0.068387 4.272276 -0.011603 
582 1.527580 0.000000 0.090718 101.032879 0.077598 4.996936 -0.023262 
583 1.429886 0.000000 0.181436 100.973131 0.067055 3.667619 -0.020903 
584 4.263014 0.000000 8.708925 99.758252 0.022789 6.971414 -0.000031 
585 7.389224 0.000000 8.708925 99.757645 0.029061 6.970409 -0.000018 
586 4.263014 0.000000 11.611899 99.757523 0.016331 6.973458 -0.000019 
587 2.699909 0.000000 4.354462 99.766764 0.038930 6.958195 -0.000183 
588 4.263014 0.000000 4.354462 99.761423 0.053956 6.955099 -0.000072 
589 2.699909 0.000000 5.805950 99.760871 0.029192 6.967077 -0.000077 
590 1.918356 0.000000 2.177231 99.797837 0.060531 6.902026 -0.000725 
591 2.699909 0.000000 2.177231 99.769804 0.085915 6.893490 -0.000154 
592 1.918356 0.000000 2.902975 99.787050 0.039069 6.934852 -0.000555 
593 1.527580 0.000000 1.088616 99.871051 0.077484 6.723569 -0.001944 
594 1.918356 0.000000 1.088616 99.815457 0.136624 6.638489 -0.000721 
595 1.527580 0.000000 1.451487 99.806986 0.074879 6.827747 -0.000806 
596 1.332192 0.000000 0.544308 100.218841 0.043866 6.348780 -0.008413 
597 1.136804 0.000000 0.544308 100.112398 0.032821 6.600822 -0.006606 
598 1.527580 0.000000 0.544308 100.170294 0.070433 6.057704 -0.007079 
599 1.332192 0.000000 0.725744 100.043188 0.055035 6.583837 -0.005199 
600 1.234498 0.000000 0.272154 101.041725 0.013083 5.754395 -0.024254 
601 1.136804 0.000000 0.272154 102.802637 0.015532 1.099299 -0.056959 
602 1.332192 0.000000 0.272154 100.643848 0.001663 0.348736 -0.012931 
603 1.234498 0.000000 0.362872 100.532108 0.023997 6.154482 -0.014458 
604 1.283345 0.000000 0.136077 98.730174 0.037948 2.159232 0.024769 
605 1.234498 0.000000 0.136077 99.003728 0.021987 1.623997 0.019562 
606 1.283345 0.000000 0.090718 98.491066 0.033365 2.615363 0.029267 
607 1.332192 0.000000 0.136077 99.422390 0.040929 3.858798 0.010030 
608 1.283345 0.000000 0.181436 99.393358 0.047477 1.456423 0.011884 
609 2.113744 0.000000 -0.181436 100.513532 -0.342521 5.820565 -0.013697 
610 2.113744 0.000000 -0.362872 99.213805 -0.376162 4.823969 0.013321 
611 2.309132 0.000000 -0.181436 98.551370 -0.882103 -1.164311 0.028549 
612 2.113744 0.000000 0.000000 122.852815 -0.089821 1.455652 -0.509494 
613 2.113744 0.000000 0.181436 99.295677 0.463455 -2.120600 0.013566 
614 2.309132 0.000000 0.181436 97.345518 0.650427 7.425747 0.046829 
615 2.113744 0.000000 0.362872 99.428543 0.358770 3.584041 0.010099 
616 2.016050 0.000000 -0.090718 103.956317 0.795815 3.008165 -0.081660 
617 1.918356 0.000000 -0.090718 102.846532 0.191119 4.953587 -0.060198 
618 2.016050 0.000000 -0.181436 103.317257 0.332056 1.510787 -0.067685 
619 2.113744 0.000000 -0.090718 106.417952 -0.362668 11.213989 -0.145067 
620 2.016050 0.000000 0.000000 103.090731 0.350151 5.823328 -0.066173 
621 2.016050 0.000000 0.090718 104.079317 0.509465 2.867448 -0.084099 
622 1.918356 0.000000 0.090718 103.553024 0.496134 5.532420 -0.075408 
623 2.113744 0.000000 0.090718 102.524100 0.358009 -10.660564 -0.062497 
624 2.016050 0.000000 0.181436 104.666407 0.258945 2.391557 -0.096084 
625 2.309132 0.000000 -1.088616 99.678657 -0.168531 6.710391 0.001911 
626 2.309132 0.000000 -1.451487 99.701934 -0.125007 6.836859 0.001277 
627 2.699909 0.000000 -1.088616 99.729423 -0.209484 6.677535 0.000941 
628 2.113744 0.000000 -0.544308 99.368009 -0.231376 5.856757 0.009164 
629 1.918356 0.000000 -0.544308 99.300200 -0.172107 6.087892 0.010238 
630 2.113744 0.000000 -0.725744 99.557620 -0.210670 6.399772 0.004728 
631 2.309132 0.000000 -0.544308 99.551967 -0.333796 5.678318 0.005705 
632 2.016050 0.000000 -0.272154 99.422507 -0.173641 4.023462 0.009895 
633 1.918356 0.000000 -0.272154 102.458284 -0.074380 2.583646 -0.050438 
634 2.016050 0.000000 -0.362872 99.148037 -0.242206 4.876624 0.014583 
635 2.113744 0.000000 -0.272154 99.155659 -0.384704 4.464578 0.014807 
636 3.090685 0.000000 -0.362872 99.908163 -0.651180 4.977035 -0.000684 
637 3.090685 0.000000 -0.725744 99.789678 -0.352080 6.338124 0.000172 
638 3.481461 0.000000 -0.362872 99.883074 -0.632105 5.173907 -0.000380 
639 3.090685 0.000000 0.000000 99.995569 0.077923 4.652045 -0.002076 
640 2.504521 0.000000 -0.181436 100.968070 -0.883660 2.709718 -0.020267 
641 2.504521 0.000000 -0.362872 99.932695 -0.587001 4.279829 -0.000521 
642 2.699909 0.000000 -0.181436 100.287730 -0.897098 3.444799 -0.007030 
643 2.504521 0.000000 0.000000 102.180525 0.231061 5.199369 -0.046795 
644 2.211438 0.000000 -0.090718 87.842615 -0.822647 15.950452 0.202858 
645 2.211438 0.000000 -0.181436 96.101788 -0.731669 4.290365 0.074550 
646 2.309132 0.000000 -0.090718 113.557633 -0.571715 -20.904646 -0.333267 
647 2.211438 0.000000 0.000000 179.522603 0.035512 2.625528 -2.223526 
648 2.064897 0.000000 -0.136077 103.783768 0.511813 1.014766 -0.077236 
649 2.016050 0.000000 -0.136077 103.958885 0.808198 3.185327 -0.081825 
650 2.064897 0.000000 -0.181436 101.159336 -0.098698 4.525950 -0.025371 
651 2.113744 0.000000 -0.136077 103.367608 -0.268347 8.122213 -0.075090 
652 2.064897 0.000000 -0.090718 104.749132 0.816844 4.133926 -0.099014 
653 3.090685 0.000000 0.362872 99.995507 0.720096 3.687097 -0.001321 
654 3.481461 0.000000 0.362872 100.012634 0.723973 3.385643 -0.001451 
655 3.090685 0.000000 0.725744 99.817250 0.427698 6.102576 -0.000091 
656 2.504521 0.000000 0.181436 100.825521 0.739622 4.023540 -0.018252 
657 2.699909 0.000000 0.181436 100.288100 0.745075 3.406509 -0.006986 
658 2.504521 0.000000 0.362872 99.819370 0.656390 4.607744 0.001443 
659 2.211438 0.000000 0.090718 83.524626 0.756095 -15.050249 0.279656 
660 2.309132 0.000000 0.090718 112.033041 0.511704 30.823754 -0.350177 
661 2.211438 0.000000 0.181436 94.552308 0.663688 0.437407 0.105923 
662 2.309132 0.000000 1.088616 99.763316 0.188298 6.630201 0.000329 
663 2.699909 0.000000 1.088616 99.766306 0.236634 6.635320 0.000260 
664 2.309132 0.000000 1.451487 99.755096 0.137989 6.793590 0.000275 
665 2.113744 0.000000 0.544308 99.616582 0.300780 5.457441 0.004666 
666 1.918356 0.000000 0.544308 99.854885 0.165134 5.597759 -0.000236 
667 2.309132 0.000000 0.544308 99.572871 0.400812 5.617330 0.005353 
668 2.113744 0.000000 0.725744 99.727993 0.225822 6.140369 0.001657 
669 2.016050 0.000000 0.272154 100.431581 0.218060 2.068528 -0.009083 
670 1.918356 0.000000 0.272154 104.735459 0.838672 4.274808 -0.098849 
671 2.113744 0.000000 0.272154 99.097858 0.382321 1.603046 0.017690 
672 2.016050 0.000000 0.362872 99.977568 0.274796 3.727714 -0.000949 
673 2.064897 0.000000 0.136077 104.659049 -0.115719 1.061456 -0.095466 
674 2.016050 0.000000 0.136077 104.170419 0.664251 3.211603 -0.086223 
675 2.064897 0.000000 0.090718 104.328770 0.196656 -1.696669 -0.088741 
676 2.113744 0.000000 0.136077 100.777707 0.468120 -5.819656 -0.019023 
677 2.064897 0.000000 0.181436 100.508351 0.138739 -1.317392 -0.010368 
678 2.211438 0.000000 -0.272154 97.918492 -0.518221 3.787733 0.039735 
679 2.211438 0.000000 -0.362872 99.115004 -0.457303 4.517183 0.015560 
680 2.309132 0.000000 -0.272154 98.736064 -0.611123 2.363428 0.024523 
681 2.162591 0.000000 -0.136077 98.604647 -0.586547 9.712802 0.018244 
682 2.162591 0.000000 -0.181436 98.329686 -0.582970 6.065549 0.029414 
683 2.211438 0.000000 -0.136077 93.450944 -0.781039 7.034227 0.121683 
684 2.162591 0.000000 -0.090718 98.544748 -0.819521 15.494218 0.004819 
685 2.064897 0.000000 -0.045359 103.874270 0.554583 0.938679 -0.079105 
686 2.016050 0.000000 -0.045359 103.497564 0.747446 4.817290 -0.073551 
687 2.113744 0.000000 -0.045359 120.080702 0.074208 6.254598 -0.445850 
688 2.064897 0.000000 0.000000 112.001648 0.088236 1.385053 -0.254630 
689 2.089321 0.000000 -0.113397 107.053936 0.252819 5.785255 -0.149408 
690 2.064897 0.000000 -0.113397 105.393011 0.655184 4.982068 -0.113294 
691 2.089321 0.000000 -0.136077 104.239606 0.770867 0.328718 -0.086660 
692 2.113744 0.000000 -0.113397 106.481281 -0.357691 11.075134 -0.146105 
693 2.089321 0.000000 -0.090718 106.928392 0.268094 5.582028 -0.146491 
694 2.064897 0.000000 0.045359 104.644249 -0.164160 0.971623 -0.095139 
695 2.016050 0.000000 0.045359 103.748766 0.712370 4.633506 -0.078578 
696 2.113744 0.000000 0.045359 122.015305 -0.208728 -5.331011 -0.491620 
697 2.211438 0.000000 0.272154 97.322710 0.580927 2.686065 0.052074 
698 2.309132 0.000000 0.272154 98.184562 0.683159 4.607115 0.033810 
699 2.211438 0.000000 0.362872 98.988123 0.469754 3.992950 0.018519 
700 2.162591 0.000000 0.136077 96.303917 0.626832 -6.787901 0.067909 
701 2.162591 0.000000 0.090718 95.100592 0.563093 -14.822352 0.073586 
702 2.211438 0.000000 0.136077 90.860825 0.703081 -3.263866 0.173316 
703 2.162591 0.000000 0.181436 96.946214 0.593367 -1.914445 0.059741 
704 2.089321 0.000000 0.113397 104.246604 0.045140 -5.168850 -0.089407 
705 2.064897 0.000000 0.113397 104.185161 0.067296 -3.526867 -0.086699 
706 2.089321 0.000000 0.090718 104.264780 0.035797 -4.895629 -0.089511 
707 2.113744 0.000000 0.113397 102.585399 0.356165 -10.526618 -0.063470 
708 2.089321 0.000000 0.136077 104.595270 -0.376398 0.309258 -0.094041 
709 2.162591 0.000000 -0.045359 143.263755 0.063865 11.326368 -1.065279 
710 2.211438 0.000000 -0.045359 179.500156 0.104107 15.163173 -2.245024 
711 2.162591 0.000000 0.000000 146.084428 -0.146430 1.779994 -1.134385 
712 2.138168 0.000000 -0.113397 102.791110 -0.675808 15.255221 -0.079919 
713 2.138168 0.000000 -0.136077 101.251935 -0.444830 9.539651 -0.034316 
714 2.162591 0.000000 -0.113397 98.327038 -0.773362 13.234322 0.015605 
715 2.138168 0.000000 -0.090718 102.447492 -0.707819 15.204636 -0.072717 
716 2.089321 0.000000 -0.068038 104.239468 0.770594 0.330921 -0.086657 
717 2.064897 0.000000 -0.068038 104.013698 1.035164 3.156466 -0.082988 
718 2.113744 0.000000 -0.068038 117.217432 0.229495 8.263055 -0.380826 
719 2.089321 0.000000 -0.045359 113.610580 0.172622 4.116226 -0.292434 
720 2.101533 0.000000 -0.102058 107.670309 -0.127007 8.003441 -0.165697 
721 2.089321 0.000000 -0.102058 107.488536 0.145627 6.164282 -0.159180 
722 2.101533 0.000000 -0.113397 107.825219 -0.114639 7.483852 -0.168230 
723 2.113744 0.000000 -0.102058 106.340044 -0.374447 11.658134 -0.144426 
724 2.101533 0.000000 -0.090718 107.713490 -0.163776 8.049705 -0.166702 
725 2.162591 0.000000 0.045359 144.583628 -0.182509 -9.934084 -1.100314 
726 2.211438 0.000000 0.045359 181.371877 -0.043829 -12.829120 -2.306035 
727 2.089321 0.000000 0.068038 104.595327 -0.375979 0.311375 -0.094042 
728 2.064897 0.000000 0.068038 104.353095 0.879325 2.740364 -0.089785 
729 2.089321 0.000000 0.045359 115.857275 0.045825 -3.370415 -0.343427 
730 2.113744 0.000000 0.068038 120.164792 -0.176487 -8.334754 -0.450908 
731 2.138168 0.000000 0.113397 99.269082 0.462370 -14.602083 -0.006779 
732 2.138168 0.000000 0.090718 98.968749 0.479583 -14.558259 -0.000699 
733 2.162591 0.000000 0.113397 95.321544 0.629540 -11.525204 0.078058 
734 2.138168 0.000000 0.136077 98.874651 0.600771 -6.885082 0.017604 
735 2.101533 0.000000 0.102058 103.894467 0.241069 -7.572998 -0.085147 
736 2.089321 0.000000 0.102058 104.295699 0.103879 -5.654829 -0.090958 
737 2.101533 0.000000 0.090718 103.873653 0.267464 -7.615679 -0.084781 
738 2.113744 0.000000 0.102058 102.428793 0.364504 -11.085934 -0.061469 
739 2.101533 0.000000 0.113397 104.084394 0.236265 -7.070718 -0.088361 
740 2.138168 0.000000 -0.068038 127.252569 0.130938 12.357995 -0.634595 
741 2.162591 0.000000 -0.068038 140.518348 0.104989 15.879241 -0.999757 
742 2.138168 0.000000 -0.045359 129.937273 0.095076 8.964403 -0.696406 
743 2.125956 0.000000 -0.102058 103.714561 -0.565490 15.113709 -0.098545 
744 2.125956 0.000000 -0.113397 104.407150 -0.526948 14.353715 -0.110716 
745 2.138168 0.000000 -0.102058 102.588842 -0.695416 15.225308 -0.075676 
746 2.125956 0.000000 -0.090718 104.312778 -0.534376 14.437482 -0.108988 
747 2.138168 0.000000 0.068038 129.440565 -0.292462 -12.277514 -0.690568 
748 2.138168 0.000000 0.045359 131.518491 -0.276115 -7.845708 -0.735874 
749 2.162591 0.000000 0.068038 142.543360 -0.264754 -15.680614 -1.056456 
750 2.125956 0.000000 0.102058 100.036900 0.425122 -14.443724 -0.021618 
751 2.125956 0.000000 0.090718 100.573142 0.418048 -13.784795 -0.030515 
752 2.138168 0.000000 0.102058 99.093293 0.472496 -14.576364 -0.003217 
753 2.125956 0.000000 0.113397 100.656066 0.415846 -13.702605 -0.031958 
754 2.406827 0.000000 -0.090718 105.201991 -0.609452 0.635514 -0.106823 
755 2.406827 0.000000 -0.181436 101.256525 -0.737841 0.882325 -0.025421 
756 2.504521 0.000000 -0.090718 101.807977 -0.478269 3.389024 -0.037658 
757 2.406827 0.000000 0.000000 108.690658 -0.008771 5.521853 -0.184415 
758 2.260285 0.000000 -0.136077 91.015390 -0.852386 -1.844635 0.171207 
759 2.260285 0.000000 -0.181436 95.864107 -0.865301 0.855916 0.080859 
760 2.309132 0.000000 -0.136077 99.643846 -0.909092 -6.760853 0.002457 
761 2.260285 0.000000 -0.090718 68.143727 -0.607290 11.309220 0.522817 
762 2.187015 0.000000 -0.113397 95.560789 -0.798842 12.237359 0.071774 
763 2.187015 0.000000 -0.136077 96.313808 -0.679134 8.853588 0.064480 
764 2.211438 0.000000 -0.113397 90.048840 -0.813386 10.841465 0.177301 
765 2.187015 0.000000 -0.090718 92.142089 -0.846570 16.881271 0.122414 
766 2.150380 0.000000 -0.102058 101.385628 -0.777336 15.048873 -0.050612 
767 2.150380 0.000000 -0.113397 101.861706 -0.759710 15.118876 -0.060496 
768 2.162591 0.000000 -0.102058 98.666132 -0.813511 15.649093 0.001944 
769 2.150380 0.000000 -0.090718 100.564510 -0.789074 15.214127 -0.034531 
770 2.406827 0.000000 0.090718 104.674568 0.249520 8.095915 -0.102237 
771 2.504521 0.000000 0.090718 101.637504 0.337700 5.214178 -0.035748 
772 2.406827 0.000000 0.181436 100.786691 0.842592 5.801216 -0.019232 
773 2.260285 0.000000 0.136077 88.038935 0.757412 7.405280 0.219373 
774 2.260285 0.000000 0.090718 61.135779 0.537191 -10.035693 0.616141 
775 2.309132 0.000000 0.136077 97.903761 0.686060 13.920097 0.022061 
776 2.260285 0.000000 0.181436 94.276783 0.631991 4.683082 0.108956 
777 2.187015 0.000000 0.113397 92.526437 0.701697 -9.986527 0.133864 
778 2.187015 0.000000 0.090718 88.344629 0.673511 -16.067245 0.193662 
779 2.211438 0.000000 0.113397 86.646676 0.743737 -8.068099 0.242671 
780 2.187015 0.000000 0.136077 93.909839 0.683703 -5.541634 0.114976 
781 2.150380 0.000000 0.102058 97.994970 0.522848 -14.415858 0.018890 
782 2.150380 0.000000 0.090718 97.155863 0.533468 -14.568170 0.034822 
783 2.162591 0.000000 0.102058 95.208251 0.559692 -14.969932 0.071098 
784 2.150380 0.000000 0.113397 98.453251 0.508950 -14.483277 0.009693 
785 2.260285 0.000000 -0.045359 215.140283 0.136165 2.149212 -3.628998 
786 2.309132 0.000000 -0.045359 147.844523 -0.019891 -14.576380 -1.207047 
787 2.260285 0.000000 0.000000 199.099237 0.110902 4.237818 -2.965848 
788 2.187015 0.000000 -0.068038 156.347422 0.111509 19.552421 -1.482683 
789 2.211438 0.000000 -0.068038 179.686825 0.122218 23.837974 -2.285562 
790 2.187015 0.000000 -0.045359 159.737137 0.052269 13.792604 -1.570619 
791 2.174803 0.000000 -0.102058 95.184268 -0.837039 16.437620 0.066906 
792 2.174803 0.000000 -0.113397 96.910764 -0.789095 12.395659 0.045403 
793 2.187015 0.000000 -0.102058 92.184895 -0.848425 16.888966 0.121599 
794 2.174803 0.000000 -0.090718 94.770277 -0.838111 16.547812 0.074406 
795 2.260285 0.000000 0.045359 220.496067 0.017076 3.758473 -3.863264 
796 2.309132 0.000000 0.045359 148.616899 0.199498 25.731360 -1.274913 
797 2.187015 0.000000 0.068038 158.073633 -0.070846 -19.185630 -1.535537 
798 2.187015 0.000000 0.045359 161.020116 -0.071661 -11.944621 -1.607016 
799 2.211438 0.000000 0.068038 182.106752 -0.054332 -23.485898 -2.371446 
800 2.174803 0.000000 0.102058 91.583104 0.605052 -15.689628 0.136600 
801 2.174803 0.000000 0.090718 91.149936 0.609206 -15.790840 0.144197 
802 2.187015 0.000000 0.102058 88.409063 0.666927 -16.079489 0.192484 
803 2.174803 0.000000 0.113397 93.917800 0.655910 -10.343100 0.107204 
804 2.235862 0.000000 -0.068038 72.711250 -0.726692 12.063004 0.456703 
805 2.235862 0.000000 -0.090718 74.105228 -0.742452 12.293694 0.435673 
806 2.260285 0.000000 -0.068038 66.309038 -0.561210 11.007250 0.548164 
807 2.235862 0.000000 -0.045359 199.420910 0.146850 13.306261 -2.994578 
808 2.235862 0.000000 -0.113397 86.206977 -0.799086 5.110473 0.254160 
809 2.235862 0.000000 -0.136077 91.143888 -0.803016 3.336714 0.168101 
810 2.260285 0.000000 -0.113397 83.181226 -0.813962 -3.983812 0.306435 
811 2.223650 0.000000 -0.079378 80.637315 -0.787697 13.933191 0.330287 
812 2.211438 0.000000 -0.079378 87.340359 -0.820682 15.816279 0.212083 
813 2.223650 0.000000 -0.090718 80.672202 -0.787434 13.839330 0.329985 
814 2.235862 0.000000 -0.079378 73.935588 -0.741023 12.265638 0.438253 
815 2.223650 0.000000 -0.068038 192.061359 0.124434 21.250074 -2.733915 
816 2.235862 0.000000 0.068038 66.346543 0.632130 -10.896840 0.547900 
817 2.235862 0.000000 0.045359 202.557564 -0.033519 -9.937451 -3.112832 
818 2.260285 0.000000 0.068038 59.075509 0.487048 -9.695309 0.641585 
819 2.235862 0.000000 0.090718 67.958742 0.646918 -11.162764 0.525658 
820 2.235862 0.000000 0.113397 82.155364 0.776112 -1.367013 0.324803 
821 2.260285 0.000000 0.113397 78.476876 0.727817 9.489706 0.375080 
822 2.235862 0.000000 0.136077 88.285031 0.769374 1.165245 0.220380 
823 2.223650 0.000000 0.079378 75.396743 0.705538 -12.919618 0.414792 
824 2.211438 0.000000 0.079378 82.959471 0.751208 -14.907366 0.289493 
825 2.223650 0.000000 0.068038 195.181778 -0.034693 -20.531619 -2.851748 
826 2.235862 0.000000 0.079378 67.763302 0.645469 -11.130544 0.528383 
827 2.223650 0.000000 0.090718 75.448836 0.703697 -12.833708 0.414227 
828 2.357979 0.000000 -0.045359 117.268912 -0.060278 -0.537958 -0.375229 
829 2.357979 0.000000 -0.090718 109.588859 -0.664585 -3.403005 -0.202174 
830 2.406827 0.000000 -0.045359 107.892102 -0.201789 2.682758 -0.164794 
831 2.357979 0.000000 0.000000 119.998052 0.144424 5.820914 -0.443344 
832 2.284709 0.000000 -0.068038 182.251646 -0.279291 -64.041765 -2.731709 
833 2.284709 0.000000 -0.090718 92.197573 -0.591640 -45.254847 -0.054874 
834 2.309132 0.000000 -0.068038 132.787206 -0.270085 -23.335884 -0.817708 
835 2.284709 0.000000 -0.045359 189.253675 0.024706 -19.961545 -2.621542 
836 2.248074 0.000000 -0.079378 70.498281 -0.675353 11.697135 0.489271 
837 2.248074 0.000000 -0.090718 70.894350 -0.684013 11.762670 0.483516 
838 2.260285 0.000000 -0.079378 66.969623 -0.575035 11.115973 0.539117 
839 2.248074 0.000000 -0.068038 69.695774 -0.654590 11.564674 0.500833 
840 2.357979 0.000000 0.045359 116.759297 0.107131 11.123016 -0.375647 
841 2.406827 0.000000 0.045359 107.492670 -0.031695 7.528389 -0.161135 
842 2.357979 0.000000 0.090718 108.786731 0.331961 12.314636 -0.198631 
843 2.284709 0.000000 0.068038 187.196608 0.319268 78.650262 -3.122854 
844 2.284709 0.000000 0.045359 193.224559 0.197236 30.371329 -2.825819 
845 2.309132 0.000000 0.068038 132.713971 0.311650 34.354963 -0.879336 
846 2.284709 0.000000 0.090718 87.309659 0.566253 56.969996 -0.086888 
847 2.248074 0.000000 0.079378 63.797367 0.590386 -10.475663 0.581981 
848 2.248074 0.000000 0.068038 62.881029 0.573846 -10.324230 0.593906 
849 2.260285 0.000000 0.079378 59.816526 0.507019 -9.817669 0.632534 
850 2.248074 0.000000 0.090718 64.255601 0.597512 -10.551364 0.575953 
851 -8.241827 0.000000 -8.708925 99.755960 -0.002844 6.975601 0.000009 
852 -11.368037 0.000000 -8.708925 99.756153 -0.001859 6.975667 0.000005 
853 -8.241827 0.000000 -11.611899 99.756013 -0.003228 6.975546 0.000008 
854 10.515434 0.000000 -8.708925 99.756139 -0.027658 6.971309 0.000011 
855 10.515434 0.000000 -11.611899 99.756091 -0.019686 6.973226 0.000010 
856 13.641644 0.000000 -8.708925 99.756374 -0.028778 6.971419 0.000006 
857 -8.241827 0.000000 8.708925 99.756885 0.003500 6.975642 -0.000010 
858 -11.368037 0.000000 8.708925 99.756673 0.002386 6.975687 -0.000005 
859 -8.241827 0.000000 11.611899 99.756845 0.003846 6.975566 -0.000009 
860 -3.552511 0.000000 -4.354462 99.754568 -0.004714 6.975317 0.000037 
861 -5.115617 0.000000 -4.354462 99.755336 -0.003156 6.975655 0.000021 
862 -3.552511 0.000000 -5.805950 99.754854 -0.005495 6.975163 0.000032 
863 10.515434 0.000000 8.708925 99.757261 0.033175 6.969881 -0.000009 
864 13.641644 0.000000 8.708925 99.757077 0.035897 6.969500 -0.000005 
865 10.515434 0.000000 11.611899 99.757033 0.023076 6.972596 -0.000008 
866 5.826119 0.000000 -4.354462 99.755110 -0.053819 6.958147 0.000050 
867 5.826119 0.000000 -5.805950 99.754990 -0.037524 6.965977 0.000042 
868 7.389224 0.000000 -4.354462 99.756148 -0.056546 6.958496 0.000029 
869 -3.552511 0.000000 4.354462 99.758205 0.005888 6.975812 -0.000036 
870 -5.115617 0.000000 4.354462 99.757382 0.004114 6.975901 -0.000020 
871 -3.552511 0.000000 5.805950 99.758108 0.006615 6.975448 -0.000034 
872 -1.207854 0.000000 -2.177231 99.756899 -0.010223 6.962403 0.000009 
873 -1.989406 0.000000 -2.177231 99.750631 0.012196 6.975101 0.000116 
874 -1.207854 0.000000 -2.902975 99.749330 0.012484 6.972770 0.000145 
875 5.826119 0.000000 4.354462 99.759820 0.063741 6.953042 -0.000037 
876 7.389224 0.000000 4.354462 99.759096 0.069659 6.951488 -0.000021 
877 5.826119 0.000000 5.805950 99.758936 0.043757 6.963632 -0.000034 
878 3.481461 0.000000 -2.177231 99.746956 -0.100601 6.900803 0.000291 
879 3.481461 0.000000 -2.902975 99.748111 -0.060384 6.936503 0.000220 
880 4.263014 0.000000 -2.177231 99.753189 -0.103048 6.903889 0.000163 
881 -1.207854 0.000000 2.177231 99.772684 0.004611 6.987454 -0.000341 
882 -1.989406 0.000000 2.177231 99.759719 0.006544 6.977954 -0.000069 
883 -1.207854 0.000000 2.902975 99.766400 0.005099 6.979076 -0.000204 
884 -0.817078 0.000000 -1.088616 99.727442 0.001983 6.963954 0.000594 
885 -1.207854 0.000000 -1.088616 99.735860 -0.004195 6.982458 0.000400 
886 -0.817078 0.000000 -1.451487 99.746195 -0.000062 6.955084 0.000232 
887 3.481461 0.000000 2.177231 99.765461 0.112562 6.889460 -0.000062 
888 4.263014 0.000000 2.177231 99.767095 0.126615 6.881203 -0.000084 
889 3.481461 0.000000 2.902975 99.766889 0.071411 6.927554 -0.000143 
890 -0.230913 0.000000 -0.544308 99.541961 0.019882 6.962478 0.004292 
891 -0.426301 0.000000 -0.544308 99.648987 0.010561 6.995957 0.002114 
892 -0.230913 0.000000 -0.725744 99.603307 0.002224 6.932503 0.003112 
893 0.941416 0.000000 -0.544308 99.697454 0.002042 6.707520 0.001543 
894 0.941416 0.000000 -0.725744 99.668805 0.000854 6.831452 0.001946 
895 -0.817078 0.000000 1.088616 99.755255 0.010045 6.988298 0.000005 
896 -1.207854 0.000000 1.088616 99.755933 -0.000415 6.980760 0.000002 
897 -0.817078 0.000000 1.451487 99.772190 0.006411 6.995159 -0.000342 
898 -0.230913 0.000000 0.544308 99.718879 0.007070 6.993742 0.000723 
899 -0.426301 0.000000 0.544308 99.758090 -0.002603 6.998894 -0.000066 
900 -0.230913 0.000000 0.725744 99.754524 -0.018814 7.016779 -0.000020 
901 -0.133219 0.000000 -0.272154 99.312005 -0.025535 7.342422 0.008321 
902 -0.230913 0.000000 -0.272154 99.579826 0.103376 7.312267 0.003038 
903 -0.133219 0.000000 -0.362872 99.236543 0.045067 7.064341 0.010220 
904 0.941416 0.000000 0.544308 99.994597 0.020958 6.663189 -0.004332 
905 0.941416 0.000000 0.725744 99.921523 0.026275 6.768304 -0.003012 
906 -0.133219 0.000000 0.272154 99.776181 -0.147966 6.627830 0.000076 
907 -0.230913 0.000000 0.272154 99.832558 0.054507 6.728452 -0.001181 
908 -0.133219 0.000000 0.362872 99.605975 -0.064105 6.865583 0.003151 
909 0.037745 0.000000 -0.113397 87.307885 0.039430 2.492126 0.237112 
910 0.013322 0.000000 -0.113397 86.448445 0.021705 8.872830 0.244794 
911 0.037745 0.000000 -0.136077 91.536099 0.055355 4.199466 0.160350 
912 0.648333 0.000000 -0.272154 102.133036 0.000184 1.880742 -0.043469 
913 0.648333 0.000000 -0.362872 99.688776 0.025697 6.517336 0.001967 
914 0.746027 0.000000 -0.272154 103.377666 0.034893 2.850941 -0.069507 
915 0.648333 0.000000 0.272154 102.221620 -0.012108 1.879160 -0.045279 
916 0.746027 0.000000 0.272154 103.585748 0.011581 2.845004 -0.073810 
917 0.648333 0.000000 0.362872 99.943598 -0.037031 6.194640 -0.002710 
918 0.037745 0.000000 0.113397 91.309420 -0.093099 8.000387 0.159858 
919 0.013322 0.000000 0.113397 90.522862 -0.100281 3.150653 0.179567 
920 0.037745 0.000000 0.136077 94.570914 -0.085078 7.450315 0.100083 
921 0.098804 0.000000 -0.079378 90.770977 -0.065095 -14.896124 0.153873 
922 0.098804 0.000000 -0.090718 90.914666 -0.026994 -15.079804 0.150712 
923 0.098804 0.000000 -0.068038 90.762403 -0.067561 -14.874983 0.154092 
924 0.098804 0.000000 0.079378 95.572209 -0.073033 16.148190 0.060518 
925 0.098804 0.000000 0.068038 95.567310 -0.072276 16.151858 0.060600 
926 0.098804 0.000000 0.090718 95.638903 -0.085173 16.122904 0.059324 
927 0.233134 0.000000 -0.068038 76.434786 0.034803 -5.634986 0.412597 
928 0.233134 0.000000 -0.045359 77.827078 0.010294 -4.296070 0.392449 
929 0.184287 0.000000 -0.113397 98.212079 -0.194365 -7.245619 0.030185 
930 0.184287 0.000000 -0.136077 98.081558 -0.173893 -3.734725 0.036603 
931 0.233134 0.000000 0.068038 76.504548 -0.010895 5.698319 0.411458 
932 0.233134 0.000000 0.045359 77.836002 -0.006403 4.430637 0.392193 
933 0.184287 0.000000 0.113397 100.959812 -0.303162 12.670823 -0.035353 
934 0.184287 0.000000 0.136077 100.386771 -0.280030 11.697030 -0.021440 
935 0.501792 0.000000 -0.045359 100.769707 0.001046 4.992783 -0.017946 
936 0.550639 0.000000 -0.045359 102.175168 -0.002324 6.315916 -0.047966 
937 0.501792 0.000000 0.000000 102.182865 -0.003645 6.536287 -0.048406 
938 0.501792 0.000000 0.045359 100.834759 -0.011011 4.990214 -0.019255 
939 0.550639 0.000000 0.045359 102.190139 -0.005205 6.316217 -0.048272 
940 0.428522 0.000000 -0.068038 99.063403 0.006868 2.133528 0.018189 
941 0.452945 0.000000 -0.068038 99.260111 0.007611 3.640993 0.013417 
942 0.428522 0.000000 -0.045359 99.287043 0.005108 1.380015 0.014018 
943 0.367463 0.000000 -0.102058 104.887846 0.099727 -3.138649 -0.101132 
944 0.367463 0.000000 -0.113397 104.965366 0.091351 -2.634881 -0.102468 
945 0.367463 0.000000 -0.090718 105.243555 0.097789 -2.883327 -0.108453 
946 0.428522 0.000000 0.068038 99.218082 -0.021585 2.127352 0.015125 
947 0.428522 0.000000 0.045359 99.437946 -0.021394 1.375761 0.011020 
948 0.452945 0.000000 0.068038 99.404444 -0.019892 3.635206 0.010554 
949 0.367463 0.000000 0.102058 106.109205 0.029401 3.435446 -0.127097 
950 0.367463 0.000000 0.090718 106.459233 0.028024 3.174923 -0.134365 
951 0.367463 0.000000 0.113397 106.082127 0.032780 2.920331 -0.126195 
952 1.722968 0.000000 -0.544308 99.441337 -0.108017 6.428154 0.007009 
953 1.722968 0.000000 -0.725744 99.494920 -0.094019 6.609623 0.005706 
954 1.722968 0.000000 0.544308 100.091599 0.116940 5.820532 -0.005222 
955 1.722968 0.000000 0.725744 99.873245 0.102327 6.322984 -0.001466 
956 1.429886 0.000000 -0.272154 99.311211 0.009552 1.785305 0.013410 
957 1.429886 0.000000 -0.362872 99.555779 -0.012516 6.232754 0.004980 
958 1.527580 0.000000 -0.272154 100.984235 0.001808 1.628545 -0.020047 
959 1.429886 0.000000 0.272154 100.718185 0.051879 1.498272 -0.014640 
960 1.527580 0.000000 0.272154 101.750106 0.167272 1.631312 -0.035577 
961 1.429886 0.000000 0.362872 100.535530 0.060652 5.510979 -0.013777 
962 3.090685 0.000000 -1.088616 99.752084 -0.222575 6.681627 0.000483 
963 3.090685 0.000000 -1.451487 99.746188 -0.162046 6.814700 0.000423 
964 3.481461 0.000000 -1.088616 99.769903 -0.235343 6.706362 0.000094 
965 2.504521 0.000000 -0.544308 99.752477 -0.428196 5.674792 0.001706 
966 2.504521 0.000000 -0.725744 99.707159 -0.310609 6.257613 0.001923 
967 2.699909 0.000000 -0.544308 99.829200 -0.452572 5.766905 0.000067 
968 3.090685 0.000000 1.088616 99.775154 0.263504 6.618194 0.000105 
969 3.481461 0.000000 1.088616 99.789550 0.283355 6.580411 -0.000134 
970 3.090685 0.000000 1.451487 99.769117 0.186943 6.779204 0.000013 
971 2.504521 0.000000 0.544308 99.701913 0.487646 5.696949 0.002684 
972 2.699909 0.000000 0.544308 99.841224 0.523019 5.556229 0.000058 
973 2.504521 0.000000 0.725744 99.728197 0.337756 6.222495 0.001545 
974 2.406827 0.000000 -0.272154 100.130800 -0.738025 2.752877 -0.003430 
975 2.406827 0.000000 -0.362872 99.733608 -0.600135 4.095510 0.003607 
976 2.504521 0.000000 -0.272154 100.319838 -0.812219 3.321380 -0.007576 
977 2.406827 0.000000 0.272154 99.864878 0.726826 4.443477 0.000673 
978 2.504521 0.000000 0.272154 100.225358 0.692128 3.935141 -0.006109 
979 2.406827 0.000000 0.362872 99.598627 0.606943 4.699354 0.005766 
980 2.357979 0.000000 -0.136077 103.299246 -0.933151 -2.468077 -0.067770 
981 2.357979 0.000000 -0.181436 100.700757 -0.837093 -0.519586 -0.014161 
982 2.406827 0.000000 -0.136077 102.843090 -0.807746 0.290890 -0.057744 
983 2.284709 0.000000 -0.113397 92.088503 -0.780542 -15.164015 0.128915 
984 2.284709 0.000000 -0.136077 94.815491 -0.908625 -6.358658 0.096876 
985 2.309132 0.000000 -0.113397 103.315149 -0.787869 -12.576317 -0.083280 
986 2.357979 0.000000 0.136077 102.401122 0.555370 9.805696 -0.058245 
987 2.406827 0.000000 0.136077 102.282289 0.626733 7.116537 -0.051270 
988 2.357979 0.000000 0.181436 99.913005 0.714342 7.105477 -0.003361 
989 2.284709 0.000000 0.113397 88.413405 0.696625 22.987823 0.165414 
990 2.309132 0.000000 0.113397 101.384856 0.695437 20.881838 -0.071542 
991 2.284709 0.000000 0.136077 92.307913 0.718699 12.990347 0.130998 
1 11 62 60 61 
2 62 10 24 60 
3 60 24 14 63 
4 61 60 63 6 
5 24 66 64 65 
6 66 23 40 64 
7 64 40 27 67 
8 65 64 67 14 
9 40 70 68 69 
10 69 68 71 27 
11 6 63 92 93 
12 63 14 36 92 
13 92 36 19 94 
14 93 92 94 20 
15 14 67 95 96 
16 67 27 52 95 
17 95 52 35 97 
18 96 95 97 36 
19 27 71 98 99 
20 99 98 100 52 
21 68 112 110 111 
22 112 56 80 110 
23 110 80 43 113 
24 111 110 113 71 
25 80 116 114 115 
26 115 114 117 43 
27 71 113 133 134 
28 113 43 102 133 
29 133 102 76 135 
30 134 133 135 98 
31 43 117 136 137 
32 137 136 138 102 
33 114 141 139 140 
34 141 106 129 139 
35 139 129 83 142 
36 140 139 142 117 
37 129 149 147 148 
38 147 150 132 151 
39 148 147 151 83 
40 117 142 152 153 
41 142 83 144 152 
42 152 144 125 154 
43 153 152 154 136 
44 83 151 155 156 
45 151 132 157 155 
46 156 155 158 144 
47 12 161 159 160 
48 161 7 162 159 
49 159 162 13 25 
50 160 159 25 10 
51 25 165 163 164 
52 165 13 166 163 
53 163 166 26 41 
54 164 163 41 23 
55 41 169 167 168 
56 169 26 170 167 
57 167 170 42 57 
58 168 167 57 39 
59 39 173 171 172 
60 173 57 174 171 
61 171 174 55 81 
62 172 171 81 56 
63 81 177 175 176 
64 177 55 178 175 
65 175 178 82 107 
66 176 175 107 79 
67 79 181 179 180 
68 181 107 182 179 
69 179 182 105 130 
70 180 179 130 106 
71 106 185 183 184 
72 185 130 186 183 
73 184 183 149 129 
74 195 197 109 198 
75 150 195 198 132 
76 149 201 199 200 
77 201 128 202 199 
78 199 202 150 203 
79 200 199 203 147 
80 132 198 210 157 
81 198 109 211 210 
82 19 38 213 214 
83 38 21 215 213 
84 213 215 9 216 
85 214 213 216 22 
86 35 54 217 218 
87 54 37 219 217 
88 217 219 21 220 
89 218 217 220 38 
90 51 78 221 222 
91 78 53 223 221 
92 221 223 37 224 
93 222 221 224 54 
94 76 104 225 226 
95 104 75 227 225 
96 225 227 78 228 
97 226 225 228 51 
98 101 127 229 230 
99 127 103 231 229 
100 229 231 75 232 
101 230 229 232 104 
102 125 146 233 234 
103 146 124 235 233 
104 233 235 127 236 
105 234 233 236 101 
106 144 158 237 238 
107 237 239 146 240 
108 238 237 240 125 
109 155 243 241 242 
110 243 157 244 241 
111 241 244 143 245 
112 242 241 245 158 
113 130 247 246 186 
114 247 105 248 246 
115 249 251 195 252 
116 202 249 252 150 
117 186 255 253 254 
118 255 246 256 253 
119 253 256 196 250 
120 254 253 250 128 
121 128 259 257 258 
122 259 250 260 257 
123 257 260 249 261 
124 258 257 261 202 
125 262 263 124 264 
126 239 262 264 146 
127 157 266 265 244 
128 266 210 267 265 
129 143 268 269 270 
130 268 212 271 269 
131 269 271 262 272 
132 270 269 272 239 
133 244 275 273 274 
134 275 265 276 273 
135 273 276 268 277 
136 274 273 277 143 
137 278 280 194 281 
138 197 278 281 109 
139 283 131 284 282 
140 282 284 197 285 
141 251 282 285 195 
142 107 287 286 182 
143 287 82 288 286 
144 286 288 108 192 
145 182 286 192 105 
146 105 290 289 248 
147 290 192 291 289 
148 246 293 292 256 
149 293 248 294 292 
150 292 294 131 283 
151 256 292 283 196 
152 196 297 295 296 
153 297 283 298 295 
154 295 298 282 299 
155 296 295 299 251 
156 109 281 300 211 
157 281 194 301 300 
158 210 304 303 267 
159 304 211 305 303 
160 303 305 145 306 
161 124 209 307 235 
162 209 126 308 307 
163 307 308 103 309 
164 235 307 309 127 
165 310 311 209 312 
166 263 310 312 124 
167 212 306 313 271 
168 306 145 314 313 
169 313 314 263 315 
170 271 313 315 262 
171 267 318 316 317 
172 318 303 319 316 
173 316 319 306 320 
174 317 316 320 212 
175 131 322 321 284 
176 322 279 323 321 
177 321 323 278 324 
178 284 321 324 197 
179 211 326 325 305 
180 326 300 327 325 
181 325 327 302 328 
182 305 325 328 145 
183 192 334 333 291 
184 334 108 335 333 
185 289 339 337 338 
186 339 291 340 337 
187 337 340 191 341 
188 338 337 341 279 
189 345 347 126 348 
190 311 345 348 209 
191 302 351 349 350 
192 351 207 352 349 
193 349 352 311 353 
194 350 349 353 310 
195 354 355 59 356 
196 280 354 356 194 
197 291 358 357 340 
198 358 333 359 357 
199 357 359 336 360 
200 191 360 361 362 
201 360 336 363 361 
202 361 363 354 364 
203 362 361 364 280 
204 340 367 365 366 
205 367 357 368 365 
206 365 368 360 369 
207 366 365 369 191 
208 194 356 370 301 
209 356 59 371 370 
210 373 346 374 372 
211 372 374 345 375 
212 352 372 375 311 
213 301 378 376 377 
214 378 370 379 376 
215 376 379 346 373 
216 377 376 373 207 
217 207 382 380 381 
218 382 373 383 380 
219 380 383 372 384 
220 381 380 384 352 
221 57 386 385 174 
222 386 42 387 385 
223 385 387 58 89 
224 174 385 89 55 
225 55 389 388 178 
226 389 89 390 388 
227 388 390 88 188 
228 178 388 188 82 
229 82 392 391 288 
230 392 188 393 391 
231 391 393 187 330 
232 288 391 330 108 
233 108 395 394 335 
234 395 330 396 394 
235 333 399 398 359 
236 399 335 400 398 
237 359 398 401 336 
238 75 123 402 227 
239 123 77 403 402 
240 402 403 53 404 
241 227 402 404 78 
242 103 206 405 231 
243 206 121 406 405 
244 405 406 123 407 
245 231 405 407 75 
246 126 344 408 308 
247 344 204 409 408 
248 408 409 206 410 
249 308 408 410 103 
250 411 413 344 414 
251 347 411 414 126 
252 346 416 415 374 
253 415 417 347 418 
254 374 415 418 345 
255 419 420 332 421 
256 355 419 421 59 
257 335 423 422 400 
258 423 394 424 422 
259 336 401 426 363 
260 401 193 427 426 
261 426 427 355 428 
262 363 426 428 354 
263 398 431 429 430 
264 431 400 432 429 
265 429 432 193 433 
266 430 429 433 401 
267 59 421 434 371 
268 421 332 435 434 
269 370 437 436 379 
270 437 371 438 436 
271 436 438 208 416 
272 379 436 416 346 
273 439 441 411 442 
274 417 439 442 347 
275 416 445 443 444 
276 445 208 446 443 
277 443 446 417 447 
278 444 443 447 415 
279 88 453 452 189 
280 453 90 454 452 
281 452 454 5 455 
282 189 452 455 91 
283 187 457 456 331 
284 457 189 458 456 
285 456 458 91 459 
286 331 456 459 190 
287 330 461 460 396 
288 461 187 462 460 
289 460 462 331 463 
290 396 460 463 329 
291 394 465 464 424 
292 465 396 466 464 
293 464 466 329 467 
294 424 464 467 397 
295 193 425 468 427 
296 425 397 469 468 
297 468 469 419 470 
298 427 468 470 355 
299 422 473 471 472 
300 473 424 474 471 
301 471 474 397 475 
302 472 471 475 425 
303 371 477 476 438 
304 477 434 478 476 
305 476 478 412 440 
306 438 476 440 208 
307 91 455 482 205 
308 455 5 483 482 
309 482 483 122 484 
310 205 482 484 121 
311 190 459 485 343 
312 459 91 486 485 
313 485 486 205 487 
314 343 485 487 204 
315 342 489 488 413 
316 489 343 490 488 
317 488 490 204 491 
318 413 488 491 344 
319 412 493 492 441 
320 493 342 494 492 
321 492 494 413 495 
322 441 492 495 411 
323 440 498 496 497 
324 498 412 499 496 
325 496 499 441 500 
326 497 496 500 439 
327 454 510 508 509 
328 508 511 504 512 
329 509 508 512 5 
330 5 512 513 514 
331 512 504 515 513 
332 514 513 516 483 
333 7 518 517 162 
334 518 16 519 517 
335 517 519 15 32 
336 162 517 32 13 
337 13 521 520 166 
338 521 32 522 520 
339 520 522 31 48 
340 166 520 48 26 
341 26 524 523 170 
342 524 48 525 523 
343 523 525 47 85 
344 170 523 85 42 
345 42 527 526 387 
346 527 85 528 526 
347 526 528 84 449 
348 387 526 449 58 
349 58 531 529 530 
350 531 449 532 529 
351 529 532 448 502 
352 530 529 502 90 
353 90 535 533 534 
354 535 502 536 533 
355 533 536 501 510 
356 534 533 510 454 
357 15 538 537 33 
358 538 17 539 537 
359 537 539 8 540 
360 33 537 540 18 
361 31 542 541 49 
362 542 33 543 541 
363 541 543 18 544 
364 49 541 544 34 
365 546 49 547 545 
366 545 547 34 548 
367 448 554 553 503 
368 554 450 555 553 
369 553 555 87 556 
370 503 553 556 451 
371 501 558 557 511 
372 558 503 559 557 
373 557 559 451 560 
374 511 557 560 504 
375 510 563 561 562 
376 563 501 564 561 
377 561 564 511 565 
378 562 561 565 508 
379 18 540 566 45 
380 540 8 567 566 
381 566 567 29 568 
382 45 566 568 28 
383 34 544 569 73 
384 544 18 570 569 
385 569 570 45 571 
386 73 569 571 44 
387 548 34 573 572 
388 572 573 73 574 
389 451 556 578 506 
390 556 87 579 578 
391 578 579 480 580 
392 506 578 580 479 
393 504 560 581 515 
394 560 451 582 581 
395 581 582 506 583 
396 515 581 583 505 
397 21 46 584 215 
398 46 28 585 584 
399 584 585 30 586 
400 215 584 586 9 
401 37 74 587 219 
402 74 44 588 587 
403 587 588 46 589 
404 219 587 589 21 
405 53 120 590 223 
406 120 72 591 590 
407 590 591 74 592 
408 223 590 592 37 
409 77 481 593 403 
410 481 118 594 593 
411 593 594 120 595 
412 403 593 595 53 
413 122 507 596 597 
414 507 479 598 596 
415 596 598 481 599 
416 597 596 599 77 
417 483 516 600 601 
418 516 505 602 600 
419 600 602 507 603 
420 601 600 603 122 
421 513 606 604 605 
422 606 515 607 604 
423 604 607 505 608 
424 605 604 608 516 
425 555 618 616 617 
426 617 616 620 87 
427 87 620 621 622 
428 622 621 624 579 
429 85 626 625 528 
430 626 47 627 625 
431 625 627 86 550 
432 528 625 550 84 
433 84 630 628 629 
434 630 550 631 628 
435 628 631 549 610 
436 629 628 610 450 
437 450 634 632 633 
438 634 610 635 632 
439 632 635 609 618 
440 633 632 618 555 
441 86 637 636 551 
442 637 545 638 636 
443 636 638 548 639 
444 551 636 639 50 
445 641 551 642 640 
446 640 642 50 643 
447 618 650 648 649 
448 650 609 651 648 
449 649 648 652 616 
450 50 639 653 576 
451 639 548 654 653 
452 653 654 572 655 
453 576 653 655 119 
454 643 50 657 656 
455 656 657 576 658 
456 118 577 662 594 
457 577 119 663 662 
458 662 663 72 664 
459 594 662 664 120 
460 480 615 665 666 
461 615 575 667 665 
462 665 667 577 668 
463 666 665 668 118 
464 579 624 669 670 
465 624 613 671 669 
466 669 671 615 672 
467 670 669 672 480 
468 621 675 673 674 
469 673 676 613 677 
470 674 673 677 624 
471 610 679 678 635 
472 679 549 680 678 
473 678 680 611 645 
474 635 678 645 609 
475 609 682 681 651 
476 682 645 683 681 
477 616 652 685 686 
478 685 687 612 688 
479 686 685 688 620 
480 648 691 689 690 
481 691 651 692 689 
482 690 689 693 652 
483 620 688 694 695 
484 688 612 696 694 
485 695 694 675 621 
486 613 661 697 671 
487 661 614 698 697 
488 697 698 575 699 
489 671 697 699 615 
490 700 702 661 703 
491 676 700 703 613 
492 675 706 704 705 
493 704 707 676 708 
494 705 704 708 673 
495 709 710 647 711 
496 687 709 711 612 
497 651 713 712 692 
498 713 681 714 712 
499 652 693 716 717 
500 693 619 718 716 
501 716 718 687 719 
502 717 716 719 685 
503 689 722 720 721 
504 722 692 723 720 
505 720 723 619 724 
506 721 720 724 693 
507 612 711 725 696 
508 711 647 726 725 
509 694 729 727 728 
510 729 696 730 727 
511 727 730 623 706 
512 728 727 706 675 
513 731 733 700 734 
514 707 731 734 676 
515 706 737 735 736 
516 737 623 738 735 
517 735 738 707 739 
518 736 735 739 704 
519 619 715 740 718 
520 715 684 741 740 
521 740 741 709 742 
522 718 740 742 687 
523 692 744 743 723 
524 744 712 745 743 
525 743 745 715 746 
526 723 743 746 619 
527 696 748 747 730 
528 748 725 749 747 
529 747 749 701 732 
530 730 747 732 623 
531 623 751 750 738 
532 751 732 752 750 
533 750 752 731 753 
534 738 750 753 707 
535 755 640 756 754 
536 754 756 643 757 
537 645 759 758 683 
538 759 611 760 758 
539 681 763 762 714 
540 763 683 764 762 
541 762 764 644 765 
542 712 767 766 745 
543 767 714 768 766 
544 766 768 684 769 
545 745 766 769 715 
546 757 643 771 770 
547 770 771 656 772 
548 773 775 614 776 
549 702 773 776 661 
550 778 659 779 777 
551 777 779 702 780 
552 733 777 780 700 
553 732 782 781 752 
554 782 701 783 781 
555 781 783 733 784 
556 752 781 784 731 
557 785 786 552 787 
558 710 785 787 647 
559 684 765 788 741 
560 765 644 789 788 
561 788 789 710 790 
562 741 788 790 709 
563 714 792 791 768 
564 792 762 793 791 
565 791 793 765 794 
566 768 791 794 684 
567 647 787 795 726 
568 787 552 796 795 
569 725 798 797 749 
570 798 726 799 797 
571 797 799 659 778 
572 749 797 778 701 
573 701 801 800 783 
574 801 778 802 800 
575 800 802 777 803 
576 783 800 803 733 
577 804 806 785 807 
578 789 804 807 710 
579 683 809 808 764 
580 809 758 810 808 
581 808 810 761 805 
582 764 808 805 644 
583 644 813 811 812 
584 813 805 814 811 
585 811 814 804 815 
586 812 811 815 789 
587 726 817 816 799 
588 817 795 818 816 
589 659 819 820 779 
590 819 774 821 820 
591 820 821 773 822 
592 779 820 822 702 
593 799 825 823 824 
594 825 816 826 823 
595 823 826 819 827 
596 824 823 827 659 
597 646 829 828 786 
598 829 754 830 828 
599 828 830 757 831 
600 786 828 831 552 
601 761 833 832 806 
602 833 646 834 832 
603 832 834 786 835 
604 806 832 835 785 
605 805 837 836 814 
606 837 761 838 836 
607 836 838 806 839 
608 814 836 839 804 
609 552 831 840 796 
610 831 757 841 840 
611 840 841 770 842 
612 796 840 842 660 
613 795 844 843 818 
614 844 796 845 843 
615 843 845 660 846 
616 818 843 846 774 
617 816 848 847 826 
618 848 818 849 847 
619 847 849 774 850 
620 826 847 850 819 
621 1 853 851 852 
622 853 12 160 851 
623 851 160 10 62 
624 852 851 62 11 
625 16 855 854 519 
626 855 2 856 854 
627 854 856 17 538 
628 519 854 538 15 
629 20 94 857 858 
630 94 19 214 857 
631 857 214 22 859 
632 858 857 859 4 
633 10 862 860 861 
634 862 25 164 860 
635 860 164 23 66 
636 861 860 66 24 
637 28 568 863 585 
638 568 29 864 863 
639 863 864 3 865 
640 585 863 865 30 
641 32 867 866 522 
642 867 15 868 866 
643 866 868 33 542 
644 522 866 542 31 
645 36 97 869 870 
646 97 35 218 869 
647 869 218 38 871 
648 870 869 871 19 
649 23 874 872 873 
650 874 41 168 872 
651 872 168 39 70 
652 873 872 70 40 
653 44 571 875 588 
654 571 45 876 875 
655 875 876 28 877 
656 588 875 877 46 
657 48 879 878 525 
658 879 31 880 878 
659 878 880 49 546 
660 525 878 546 47 
661 52 100 881 882 
662 100 51 222 881 
663 881 222 54 883 
664 882 881 883 35 
665 70 886 884 885 
666 886 39 172 884 
667 884 172 56 112 
668 885 884 112 68 
669 72 574 887 591 
670 574 73 888 887 
671 887 888 44 889 
672 591 887 889 74 
673 56 892 890 891 
674 892 81 176 890 
675 890 176 79 116 
676 891 890 116 80 
677 89 894 893 390 
678 894 58 530 893 
679 893 530 90 453 
680 390 893 453 88 
681 98 135 895 896 
682 135 76 226 895 
683 895 226 51 897 
684 896 895 897 100 
685 102 138 898 899 
686 138 101 230 898 
687 898 230 104 900 
688 899 898 900 76 
689 116 903 901 902 
690 903 79 180 901 
691 901 180 106 141 
692 902 901 141 114 
693 121 484 904 406 
694 484 122 597 904 
695 904 597 77 905 
696 406 904 905 123 
697 136 154 906 907 
698 154 125 234 906 
699 906 234 101 908 
700 907 906 908 138 
701 183 911 909 910 
702 911 186 254 909 
703 909 254 128 201 
704 910 909 201 149 
705 188 913 912 393 
706 913 88 914 912 
707 912 914 189 457 
708 393 912 457 187 
709 204 487 915 409 
710 487 205 916 915 
711 915 916 121 917 
712 409 915 917 206 
713 158 245 918 919 
714 245 143 270 918 
715 918 270 239 920 
716 919 918 920 237 
717 250 922 921 260 
718 922 196 296 921 
719 921 296 251 923 
720 260 921 923 249 
721 265 925 924 276 
722 925 267 317 924 
723 924 317 212 926 
724 276 924 926 268 
725 279 341 927 323 
726 341 191 362 927 
727 927 362 280 928 
728 323 927 928 278 
729 248 930 929 294 
730 930 289 338 929 
731 929 338 279 322 
732 294 929 322 131 
733 300 932 931 327 
734 932 301 377 931 
735 931 377 207 351 
736 327 931 351 302 
737 145 328 933 314 
738 328 302 350 933 
739 933 350 310 934 
740 314 933 934 263 
741 329 463 935 420 
742 463 331 936 935 
743 935 936 190 937 
744 420 935 937 332 
745 332 937 938 435 
746 937 190 939 938 
747 938 939 343 489 
748 435 938 489 342 
749 397 467 940 469 
750 467 329 941 940 
751 940 941 420 942 
752 469 940 942 419 
753 400 944 943 432 
754 944 422 472 943 
755 943 472 425 945 
756 432 943 945 193 
757 434 947 946 478 
758 947 435 948 946 
759 946 948 342 493 
760 478 946 493 412 
761 208 950 949 446 
762 950 440 497 949 
763 949 497 439 951 
764 446 949 951 417 
765 449 953 952 532 
766 953 84 629 952 
767 952 629 450 554 
768 532 952 554 448 
769 479 580 954 598 
770 580 480 666 954 
771 954 666 118 955 
772 598 954 955 481 
773 502 957 956 536 
774 957 448 958 956 
775 956 958 503 558 
776 536 956 558 501 
777 505 583 959 602 
778 583 506 960 959 
779 959 960 479 961 
780 602 959 961 507 
781 47 963 962 627 
782 963 546 964 962 
783 962 964 545 637 
784 627 962 637 86 
785 550 966 965 631 
786 966 86 967 965 
787 965 967 551 641 
788 631 965 641 549 
789 119 655 968 663 
790 655 572 969 968 
791 968 969 574 970 
792 663 968 970 72 
793 575 658 971 667 
794 658 576 972 971 
795 971 972 119 973 
796 667 971 973 577 
797 549 975 974 680 
798 975 641 976 974 
799 974 976 640 755 
800 680 974 755 611 
801 614 772 977 698 
802 772 656 978 977 
803 977 978 658 979 
804 698 977 979 575 
805 611 981 980 760 
806 981 755 982 980 
807 980 982 754 829 
808 760 980 829 646 
809 758 984 983 810 
810 984 760 985 983 
811 983 985 646 833 
812 810 983 833 761 
813 660 842 986 775 
814 842 770 987 986 
815 986 987 772 988 
816 775 986 988 614 
817 774 846 989 821 
818 846 660 990 989 
819 989 990 775 991 
820 821 989 991 773 
