2 0.000000 100.000000 262.180540
991 820 
1 -11.368037 0.000000 -11.667797 99.756049 0.000084 6.975617 0.000007 
2 13.641644 0.000000 -11.667797 99.756190 0.000767 6.971967 0.000009 
3 13.641644 0.000000 11.667797 99.757139 -0.000903 6.970751 -0.000008 
4 -11.368037 0.000000 11.667797 99.756807 -0.000101 6.975622 -0.000008 
5 1.136804 0.000000 0.000000 101.888095 -0.006901 6.658002 -0.042551 
6 -11.368037 0.000000 0.000000 99.756410 -0.000009 6.975867 -0.000000 
7 1.136804 0.000000 -11.667797 99.754954 0.000397 6.973797 0.000032 
8 13.641644 0.000000 0.000000 99.825721 0.015074 5.982873 -0.000097 
9 1.136804 0.000000 11.667797 99.758186 -0.000441 6.973588 -0.000033 
10 -5.115617 0.000000 -5.833899 99.755015 0.000150 6.975523 0.000028 
11 -11.368037 0.000000 -5.833899 99.756105 0.000050 6.975757 0.000006 
12 -5.115617 0.000000 -11.667797 99.755530 0.000181 6.975244 0.000018 
13 1.136804 0.000000 -5.833899 99.750832 0.000705 6.968833 0.000121 
14 -5.115617 0.000000 0.000000 99.756256 -0.000016 6.976544 0.000002 
15 7.389224 0.000000 -5.833899 99.755360 0.001515 6.960849 0.000041 
16 7.389224 0.000000 -11.667797 99.755542 0.000648 6.972245 0.000022 
17 13.641644 0.000000 -5.833899 99.756885 0.001610 6.962225 0.000009 
18 7.389224 0.000000 0.000000 100.015227 0.025332 3.266157 -0.001371 
19 -5.115617 0.000000 5.833899 99.757894 -0.000179 6.975643 -0.000030 
20 -11.368037 0.000000 5.833899 99.756734 -0.000068 6.975772 -0.000007 
21 1.136804 0.000000 5.833899 99.763479 -0.000769 6.968092 -0.000131 
22 -5.115617 0.000000 11.667797 99.757411 -0.000206 6.975238 -0.000019 
23 -1.989406 0.000000 -2.916949 99.750850 0.000251 6.974928 0.000112 
24 -5.115617 0.000000 -2.916949 99.755162 0.000086 6.976060 0.000024 
25 -1.989406 0.000000 -5.833899 99.753109 0.000314 6.974125 0.000068 
26 1.136804 0.000000 -2.916949 99.737949 0.001083 6.952424 0.000401 
27 -1.989406 0.000000 0.000000 99.753332 -0.000095 6.979531 0.000056 
28 7.389224 0.000000 5.833899 99.759412 -0.001735 6.956402 -0.000033 
29 13.641644 0.000000 5.833899 99.758321 -0.002087 6.952523 -0.000006 
30 7.389224 0.000000 11.667797 99.757706 -0.000729 6.971592 -0.000020 
31 4.263014 0.000000 -2.916949 99.750265 0.003048 6.916354 0.000205 
32 4.263014 0.000000 -5.833899 99.752627 0.001222 6.962420 0.000094 
33 7.389224 0.000000 -2.916949 99.758129 0.003272 6.920386 0.000042 
34 4.263014 0.000000 0.000000 100.134849 0.017856 1.488156 -0.002920 
35 -1.989406 0.000000 2.916949 99.761633 -0.000302 6.976236 -0.000105 
36 -5.115617 0.000000 2.916949 99.757536 -0.000117 6.976233 -0.000023 
37 1.136804 0.000000 2.916949 99.785278 -0.001221 6.949833 -0.000540 
38 -1.989406 0.000000 5.833899 99.760206 -0.000356 6.974353 -0.000074 
39 -0.426301 0.000000 -1.458475 99.725780 -0.000747 6.958750 0.000634 
40 -1.989406 0.000000 -1.458475 99.749056 -0.001786 6.978636 0.000142 
41 -0.426301 0.000000 -2.916949 99.737247 0.001541 6.972286 0.000387 
42 1.136804 0.000000 -1.458475 99.670237 0.003046 6.906666 0.001814 
43 -0.426301 0.000000 0.000000 99.962616 -0.063959 7.046868 -0.004219 
44 4.263014 0.000000 2.916949 99.768665 -0.003066 6.900379 -0.000140 
45 7.389224 0.000000 2.916949 99.763982 -0.003977 6.885566 -0.000026 
46 4.263014 0.000000 5.833899 99.761788 -0.001349 6.959912 -0.000085 
47 2.699909 0.000000 -1.458475 99.711551 0.006822 6.738729 0.001220 
48 2.699909 0.000000 -2.916949 99.735969 0.014900 6.924907 0.000478 
49 4.263014 0.000000 -1.458475 99.760568 0.006985 6.740831 0.000239 
50 2.699909 0.000000 0.000000 100.260009 0.061100 0.825138 -0.005275 
51 -0.426301 0.000000 1.458475 99.771848 -0.001791 6.985934 -0.000322 
52 -1.989406 0.000000 1.458475 99.759294 -0.000298 6.978545 -0.000062 
53 1.136804 0.000000 1.458475 99.841427 -0.005379 6.907951 -0.001603 
54 -0.426301 0.000000 2.916949 99.769202 -0.008180 6.971751 -0.000250 
55 0.355251 0.000000 -0.729237 99.702453 0.024566 6.745851 0.001391 
56 -0.426301 0.000000 -0.729237 99.669746 0.016135 6.991334 0.001706 
57 0.355251 0.000000 -1.458475 99.727299 0.001559 6.934552 0.000638 
58 1.136804 0.000000 -0.729237 99.659082 -0.003413 6.823708 0.002150 
59 0.355251 0.000000 0.000000 68.130425 -0.015640 0.051348 0.535824 
60 -8.241827 0.000000 -2.916949 99.755993 0.000041 6.975931 0.000008 
61 -11.368037 0.000000 -2.916949 99.756229 0.000022 6.975831 0.000003 
62 -8.241827 0.000000 -5.833899 99.755797 0.000082 6.975745 0.000012 
63 -8.241827 0.000000 0.000000 99.756388 -0.000012 6.976039 -0.000000 
64 -3.552511 0.000000 -1.458475 99.754514 0.000067 6.976754 0.000036 
65 -5.115617 0.000000 -1.458475 99.755587 0.000038 6.976369 0.000015 
66 -3.552511 0.000000 -2.916949 99.753917 0.000138 6.975972 0.000049 
67 -3.552511 0.000000 0.000000 99.755970 -0.000021 6.977243 0.000006 
68 -1.207854 0.000000 -0.729237 99.742692 0.003118 6.983252 0.000263 
69 -1.989406 0.000000 -0.729237 99.752758 0.000209 6.971487 0.000079 
70 -1.207854 0.000000 -1.458475 99.742087 0.000195 6.974227 0.000288 
71 -1.207854 0.000000 0.000000 99.750534 -0.000171 6.983420 0.000106 
72 2.699909 0.000000 1.458475 99.811203 -0.005347 6.682942 -0.000694 
73 4.263014 0.000000 1.458475 99.784341 -0.006967 6.629054 -0.000086 
74 2.699909 0.000000 2.916949 99.779458 -0.002173 6.915782 -0.000377 
75 0.355251 0.000000 0.729237 99.933769 -0.021623 6.999999 -0.003576 
76 -0.426301 0.000000 0.729237 99.767860 -0.041490 6.986358 -0.000244 
77 1.136804 0.000000 0.729237 99.965531 0.016292 6.782827 -0.003911 
78 0.355251 0.000000 1.458475 99.813565 -0.001079 6.968707 -0.001131 
79 -0.035525 0.000000 -0.364619 98.903850 0.005823 6.944522 0.016980 
80 -0.426301 0.000000 -0.364619 99.730800 0.002729 7.059896 0.000393 
81 -0.035525 0.000000 -0.729237 99.573841 0.025430 6.873779 0.003780 
82 0.355251 0.000000 -0.364619 100.191559 0.098867 5.809901 -0.007211 
83 -0.035525 0.000000 0.000000 165.378721 -0.072108 7.321651 -1.740373 
84 1.918356 0.000000 -0.729237 99.411161 0.010898 6.235635 0.007854 
85 1.918356 0.000000 -1.458475 99.676406 -0.000838 6.820367 0.001810 
86 2.699909 0.000000 -0.729237 99.731526 0.023512 5.936956 0.001837 
87 1.918356 0.000000 0.000000 101.426539 -0.149760 5.984218 -0.032318 
88 0.746027 0.000000 -0.364619 99.663372 0.025847 6.462383 0.002545 
89 0.746027 0.000000 -0.729237 99.673777 0.016346 6.856936 0.001812 
90 1.136804 0.000000 -0.364619 99.711017 -0.005558 6.340639 0.001751 
91 0.746027 0.000000 0.000000 102.076962 -0.000794 6.554866 -0.046267 
92 -8.241827 0.000000 2.916949 99.756810 -0.000064 6.975969 -0.000009 
93 -11.368037 0.000000 2.916949 99.756597 -0.000041 6.975842 -0.000004 
94 -8.241827 0.000000 5.833899 99.757054 -0.000104 6.975785 -0.000013 
95 -3.552511 0.000000 1.458475 99.757627 -0.000108 6.977092 -0.000026 
96 -5.115617 0.000000 1.458475 99.756981 -0.000070 6.976485 -0.000013 
97 -3.552511 0.000000 2.916949 99.758649 -0.000177 6.976413 -0.000046 
98 -1.207854 0.000000 0.729237 99.759253 -0.000361 6.981284 -0.000065 
99 -1.989406 0.000000 0.729237 99.758721 -0.003103 6.986128 -0.000061 
100 -1.207854 0.000000 1.458475 99.762073 -0.000417 6.980607 -0.000120 
101 -0.035525 0.000000 0.364619 99.404906 -0.136905 6.829519 0.007200 
102 -0.426301 0.000000 0.364619 99.802101 -0.014780 6.919442 -0.000834 
103 0.355251 0.000000 0.364619 100.672068 -0.043894 7.070748 -0.018486 
104 -0.035525 0.000000 0.729237 99.777099 -0.015589 7.025672 -0.000483 
105 0.159863 0.000000 -0.182309 97.505963 -0.073723 0.562170 0.049227 
106 -0.035525 0.000000 -0.182309 96.934755 0.259232 9.759064 0.050835 
107 0.159863 0.000000 -0.364619 99.016709 0.082655 5.777116 0.016231 
108 0.355251 0.000000 -0.182309 101.394879 0.137077 3.150140 -0.029086 
109 0.159863 0.000000 0.000000 115.750488 0.128390 0.144395 -0.339821 
110 -0.817078 0.000000 -0.364619 99.741571 -0.008133 6.996244 0.000267 
111 -1.207854 0.000000 -0.364619 99.745200 -0.000041 6.982458 0.000214 
112 -0.817078 0.000000 -0.729237 99.729082 0.004100 6.983009 0.000535 
113 -0.817078 0.000000 0.000000 99.762219 -0.016092 7.002204 -0.000153 
114 -0.230913 0.000000 -0.182309 100.195896 -0.011512 7.451383 -0.009474 
115 -0.426301 0.000000 -0.182309 99.854580 -0.055973 7.097305 -0.002131 
116 -0.230913 0.000000 -0.364619 99.455015 0.054230 7.287378 0.005559 
117 -0.230913 0.000000 0.000000 101.179793 -0.080139 7.092614 -0.028766 
118 1.918356 0.000000 0.729237 100.173912 -0.016139 6.024379 -0.007111 
119 2.699909 0.000000 0.729237 99.830330 0.016931 5.674718 0.000170 
120 1.918356 0.000000 1.458475 99.860420 0.006265 6.768122 -0.001791 
121 0.746027 0.000000 0.364619 99.855458 -0.027965 6.262942 -0.001034 
122 1.136804 0.000000 0.364619 100.052153 -0.023825 6.462725 -0.005220 
123 0.746027 0.000000 0.729237 99.883365 -0.014915 6.804372 -0.002299 
124 0.159863 0.000000 0.182309 99.236700 -0.255129 10.295430 0.004602 
125 -0.035525 0.000000 0.182309 98.293742 0.070845 4.011654 0.032224 
126 0.355251 0.000000 0.182309 102.248366 -0.052375 6.131352 -0.049232 
127 0.159863 0.000000 0.364619 99.664584 -0.099193 7.499105 0.001072 
128 0.062169 0.000000 -0.091155 83.762039 0.073481 -5.021902 0.295870 
129 -0.035525 0.000000 -0.091155 102.282916 0.111274 25.684479 -0.112150 
130 0.062169 0.000000 -0.182309 95.063076 0.103437 4.320197 0.094434 
131 0.159863 0.000000 -0.091155 97.509613 -0.044217 -13.033540 0.032200 
132 0.062169 0.000000 0.000000 195.337016 0.013292 0.782795 -2.815716 
133 -0.817078 0.000000 0.364619 99.764897 -0.011344 6.987149 -0.000186 
134 -1.207854 0.000000 0.364619 99.754312 -0.000288 6.982845 0.000032 
135 -0.817078 0.000000 0.729237 99.760007 -0.001787 6.982520 -0.000081 
136 -0.230913 0.000000 0.182309 100.421329 -0.070060 6.640985 -0.012855 
137 -0.426301 0.000000 0.182309 99.905190 0.000513 6.941614 -0.002923 
138 -0.230913 0.000000 0.364619 99.696898 -0.043000 6.713782 0.001545 
139 -0.133219 0.000000 -0.091155 103.087465 -0.027654 9.733030 -0.072176 
140 -0.230913 0.000000 -0.091155 100.749121 -0.057584 7.541780 -0.020727 
141 -0.133219 0.000000 -0.182309 99.773434 -0.141927 8.928140 -0.003447 
142 -0.133219 0.000000 0.000000 106.368757 0.052710 7.287295 -0.136742 
143 0.062169 0.000000 0.091155 88.535702 -0.008834 11.683963 0.202491 
144 -0.035525 0.000000 0.091155 104.653350 0.032972 -10.686347 -0.106652 
145 0.159863 0.000000 0.091155 101.242347 -0.031565 13.792517 -0.044025 
146 0.062169 0.000000 0.182309 97.002841 -0.103202 7.956551 0.052713 
147 0.013322 0.000000 -0.045577 70.043148 0.168909 -13.652155 0.490755 
148 -0.035525 0.000000 -0.045577 143.837238 -0.027883 37.063455 -1.206285 
149 0.013322 0.000000 -0.091155 73.436306 0.004406 11.100234 0.448389 
150 0.062169 0.000000 -0.045577 192.836836 0.058255 -18.800425 -2.753950 
151 0.013322 0.000000 0.000000 245.094980 0.002217 3.665940 -5.008499 
152 -0.133219 0.000000 0.091155 103.553047 -0.100289 4.714989 -0.074547 
153 -0.230913 0.000000 0.091155 100.888838 -0.091996 6.610571 -0.022227 
154 -0.133219 0.000000 0.182309 100.293175 -0.170608 5.213095 -0.008593 
155 0.013322 0.000000 0.045577 78.003189 -0.154777 15.454803 0.367663 
156 -0.035525 0.000000 0.045577 143.640526 -0.082773 -20.954201 -1.107169 
157 0.062169 0.000000 0.045577 191.190151 -0.001375 19.651590 -2.693986 
158 0.013322 0.000000 0.091155 79.837217 -0.141385 -0.336134 0.362589 
159 -1.989406 0.000000 -8.750848 99.754450 0.000302 6.974381 0.000041 
160 -5.115617 0.000000 -8.750848 99.755259 0.000176 6.975292 0.000023 
161 -1.989406 0.000000 -11.667797 99.755161 0.000272 6.974688 0.000026 
162 1.136804 0.000000 -8.750848 99.753856 0.000508 6.972458 0.000055 
163 -0.426301 0.000000 -4.375424 99.749316 0.000512 6.970981 0.000148 
164 -1.989406 0.000000 -4.375424 99.752077 0.000298 6.974232 0.000088 
165 -0.426301 0.000000 -5.833899 99.751771 0.000472 6.972140 0.000097 
166 1.136804 0.000000 -4.375424 99.751223 0.011017 6.963716 0.000120 
167 0.355251 0.000000 -2.187712 99.740340 0.011837 6.952042 0.000353 
168 -0.426301 0.000000 -2.187712 99.739602 0.000446 6.964908 0.000350 
169 0.355251 0.000000 -2.916949 99.741566 0.000708 6.961386 0.000316 
170 1.136804 0.000000 -2.187712 99.732858 0.005973 6.937319 0.000523 
171 -0.035525 0.000000 -1.093856 99.696974 0.013100 6.922841 0.001259 
172 -0.426301 0.000000 -1.093856 99.717163 0.001254 6.955447 0.000811 
173 -0.035525 0.000000 -1.458475 99.706633 0.006071 6.954607 0.001022 
174 0.355251 0.000000 -1.093856 99.717962 0.018554 6.894300 0.000880 
175 0.159863 0.000000 -0.546928 99.474200 0.032871 6.558529 0.006187 
176 -0.035525 0.000000 -0.546928 99.449125 0.042303 6.825343 0.006328 
177 0.159863 0.000000 -0.729237 99.611379 0.027461 6.768741 0.003176 
178 0.355251 0.000000 -0.546928 99.714836 0.044163 6.526808 0.001435 
179 0.062169 0.000000 -0.273464 97.161803 0.162767 5.800353 0.052591 
180 -0.035525 0.000000 -0.273464 97.843850 0.025831 7.615233 0.036859 
181 0.062169 0.000000 -0.364619 98.653733 0.035609 6.362980 0.022695 
182 0.159863 0.000000 -0.273464 98.385698 0.243667 4.219870 0.030239 
183 0.013322 0.000000 -0.136732 91.530736 0.068186 8.752594 0.154551 
184 -0.035525 0.000000 -0.136732 97.471372 0.205716 13.127443 0.032696 
185 0.013322 0.000000 -0.182309 95.111832 0.203786 7.486850 0.089765 
186 0.062169 0.000000 -0.136732 92.285481 0.096725 1.848361 0.147996 
187 0.550639 0.000000 -0.182309 101.501213 -0.002726 5.060192 -0.032810 
188 0.550639 0.000000 -0.364619 99.944163 0.052695 6.518992 -0.003134 
189 0.746027 0.000000 -0.182309 102.121064 0.007210 5.111068 -0.045483 
190 0.550639 0.000000 0.000000 101.519376 -0.008185 6.520522 -0.034870 
191 0.257557 0.000000 -0.091155 101.405569 0.027517 -10.010946 -0.038331 
192 0.257557 0.000000 -0.182309 100.062679 0.035458 1.181278 -0.001394 
193 0.355251 0.000000 -0.091155 104.654708 0.091589 -4.286395 -0.097099 
194 0.257557 0.000000 0.000000 82.075375 -0.033900 0.054561 0.326363 
195 0.111016 0.000000 -0.045577 144.155647 -0.003909 -13.378766 -1.095984 
196 0.111016 0.000000 -0.091155 90.264353 0.012080 -14.969937 0.162825 
197 0.159863 0.000000 -0.045577 114.605946 0.113785 -8.311403 -0.320362 
198 0.111016 0.000000 0.000000 147.243291 -0.019553 0.215674 -1.168063 
199 0.037745 0.000000 -0.068366 71.053509 0.169638 -13.684932 0.476409 
200 0.013322 0.000000 -0.068366 70.035928 0.174392 -13.281736 0.491853 
201 0.037745 0.000000 -0.091155 80.896850 0.050990 -0.998455 0.345470 
202 0.062169 0.000000 -0.068366 76.398760 0.116571 -14.541140 0.395177 
203 0.037745 0.000000 -0.045577 70.611567 0.170838 -13.763528 0.482454 
204 0.550639 0.000000 0.182309 101.535782 -0.017388 5.066715 -0.033519 
205 0.746027 0.000000 0.182309 102.186889 -0.008766 5.111644 -0.046829 
206 0.550639 0.000000 0.364619 100.213981 -0.062914 6.217599 -0.008150 
207 0.257557 0.000000 0.091155 104.054049 -0.037984 10.529384 -0.093811 
208 0.355251 0.000000 0.091155 106.125921 0.001357 4.608969 -0.128395 
209 0.257557 0.000000 0.182309 101.383889 -0.184195 8.680887 -0.035408 
210 0.111016 0.000000 0.045577 143.896648 -0.039968 13.653249 -1.089266 
211 0.159863 0.000000 0.045577 114.552834 0.069940 8.484586 -0.319434 
212 0.111016 0.000000 0.091155 94.934693 -0.095915 16.004727 0.073124 
213 -1.989406 0.000000 8.750848 99.758710 -0.000338 6.974356 -0.000044 
214 -5.115617 0.000000 8.750848 99.757697 -0.000203 6.975328 -0.000025 
215 1.136804 0.000000 8.750848 99.759563 -0.000561 6.972106 -0.000058 
216 -1.989406 0.000000 11.667797 99.757876 -0.000304 6.974624 -0.000028 
217 -0.426301 0.000000 4.375424 99.765126 -0.000572 6.971542 -0.000168 
218 -1.989406 0.000000 4.375424 99.761160 -0.000343 6.974858 -0.000094 
219 1.136804 0.000000 4.375424 99.772908 -0.005911 6.963434 -0.000312 
220 -0.426301 0.000000 5.833899 99.762075 -0.000525 6.972134 -0.000108 
221 0.355251 0.000000 2.187712 99.791033 -0.001684 6.967282 -0.000679 
222 -0.426301 0.000000 2.187712 99.773305 -0.000674 6.976587 -0.000339 
223 1.136804 0.000000 2.187712 99.813930 -0.002735 6.936754 -0.001094 
224 0.355251 0.000000 2.916949 99.778885 -0.000887 6.965068 -0.000434 
225 -0.035525 0.000000 1.093856 99.791829 -0.021210 7.000125 -0.000741 
226 -0.426301 0.000000 1.093856 99.771091 -0.003052 6.991371 -0.000315 
227 0.355251 0.000000 1.093856 99.843884 -0.021815 6.981846 -0.001755 
228 -0.035525 0.000000 1.458475 99.774147 -0.004410 6.974716 -0.000353 
229 0.159863 0.000000 0.546928 99.800404 -0.082590 7.128604 -0.001094 
230 -0.035525 0.000000 0.546928 99.675340 -0.014912 7.025291 0.001547 
231 0.355251 0.000000 0.546928 100.024105 -0.073545 7.002725 -0.005387 
232 0.159863 0.000000 0.729237 99.845447 -0.019599 7.049379 -0.001881 
233 0.062169 0.000000 0.273464 98.151926 -0.028472 7.443241 0.031080 
234 -0.035525 0.000000 0.273464 98.595262 -0.044946 6.156627 0.024107 
235 0.159863 0.000000 0.273464 99.378642 -0.063374 8.423673 0.005292 
236 0.062169 0.000000 0.364619 99.256127 -0.150365 7.172881 0.009675 
237 0.013322 0.000000 0.136732 94.425196 -0.045466 3.848191 0.106907 
238 -0.035525 0.000000 0.136732 99.362258 0.103211 0.858941 0.012639 
239 0.062169 0.000000 0.136732 95.232926 -0.117606 8.991601 0.084983 
240 0.013322 0.000000 0.182309 96.910634 0.019996 5.628944 0.057664 
241 0.037745 0.000000 0.068366 78.679488 -0.070565 15.627795 0.356531 
242 0.013322 0.000000 0.068366 77.933992 -0.151229 15.520630 0.368538 
243 0.037745 0.000000 0.045577 78.387487 -0.061929 15.533997 0.361409 
244 0.062169 0.000000 0.068366 83.128518 -0.085241 16.229995 0.282623 
245 0.037745 0.000000 0.091155 86.243495 -0.013018 9.179856 0.247779 
246 0.111016 0.000000 -0.136732 95.280180 -0.007902 -1.587108 0.091917 
247 0.111016 0.000000 -0.182309 96.195831 0.038222 1.968732 0.074248 
248 0.159863 0.000000 -0.136732 97.516849 -0.191121 -3.142176 0.048055 
249 0.086592 0.000000 -0.068366 89.449860 -0.093017 -14.671819 0.178345 
250 0.086592 0.000000 -0.091155 89.883925 -0.114646 -14.911341 0.169852 
251 0.111016 0.000000 -0.068366 90.267130 -0.002333 -14.719027 0.163520 
252 0.086592 0.000000 -0.045577 166.480186 0.017720 -17.086114 -1.800759 
253 0.086592 0.000000 -0.113943 91.768105 0.101536 -3.797294 0.156419 
254 0.062169 0.000000 -0.113943 89.131719 0.114874 -0.874097 0.205476 
255 0.086592 0.000000 -0.136732 93.751252 0.091256 -0.267157 0.121062 
256 0.111016 0.000000 -0.113943 94.359143 0.032071 -5.081195 0.107053 
257 0.074381 0.000000 -0.079760 86.263487 -0.043936 -14.655425 0.234383 
258 0.062169 0.000000 -0.079760 77.404882 0.100701 -14.626341 0.379454 
259 0.074381 0.000000 -0.091155 84.757369 0.065862 -9.006851 0.273506 
260 0.086592 0.000000 -0.079760 89.579867 -0.087980 -14.717885 0.175882 
261 0.074381 0.000000 -0.068366 83.432725 0.003516 -14.725058 0.282215 
262 0.111016 0.000000 0.136732 97.937773 -0.113789 11.205480 0.028262 
263 0.159863 0.000000 0.136732 99.931957 -0.332019 11.662593 -0.012252 
264 0.111016 0.000000 0.182309 98.064372 -0.183648 9.534996 0.029243 
265 0.086592 0.000000 0.068366 94.453891 -0.036130 15.961803 0.082368 
266 0.086592 0.000000 0.045577 165.724492 -0.007720 17.423388 -1.776818 
267 0.111016 0.000000 0.068366 94.934886 -0.085867 16.062958 0.072934 
268 0.086592 0.000000 0.091155 94.863570 -0.037391 15.993335 0.074511 
269 0.086592 0.000000 0.113943 95.227974 -0.062072 12.219752 0.078231 
270 0.062169 0.000000 0.113943 92.877106 -0.060389 10.248399 0.126881 
271 0.111016 0.000000 0.113943 97.598907 -0.065429 12.738542 0.031218 
272 0.086592 0.000000 0.136732 96.561184 -0.075123 10.452648 0.056667 
273 0.074381 0.000000 0.079760 91.760475 -0.036807 15.854245 0.132866 
274 0.062169 0.000000 0.079760 84.031025 -0.079243 16.146208 0.267808 
275 0.074381 0.000000 0.068366 89.286397 -0.051434 16.030153 0.177097 
276 0.086592 0.000000 0.079760 94.553060 -0.039343 15.973021 0.080458 
277 0.074381 0.000000 0.091155 89.409765 -0.048149 14.803999 0.178673 
278 0.208710 0.000000 -0.045577 94.354686 -0.022414 -5.151267 0.107066 
279 0.208710 0.000000 -0.091155 98.858548 -0.054982 -12.438897 0.007226 
280 0.257557 0.000000 -0.045577 81.221679 0.015654 -3.990826 0.338711 
281 0.208710 0.000000 0.000000 95.491033 0.070585 0.107940 0.088145 
282 0.135439 0.000000 -0.068366 90.953232 0.053486 -15.080895 0.150007 
283 0.135439 0.000000 -0.091155 92.218020 0.033488 -14.701175 0.127971 
284 0.159863 0.000000 -0.068366 113.160319 0.002436 -12.466079 -0.296066 
285 0.135439 0.000000 -0.045577 127.855072 0.097783 -10.541296 -0.645805 
286 0.257557 0.000000 -0.273464 99.845107 0.132028 4.263978 0.001276 
287 0.257557 0.000000 -0.364619 99.779777 0.095449 5.576237 0.001289 
288 0.355251 0.000000 -0.273464 100.396188 0.097157 5.181045 -0.010625 
289 0.208710 0.000000 -0.136732 99.152766 -0.143371 -3.444187 0.015685 
290 0.208710 0.000000 -0.182309 98.629088 0.020052 0.338043 0.027219 
291 0.257557 0.000000 -0.136732 100.385519 0.154513 -2.870991 -0.008552 
292 0.135439 0.000000 -0.113943 95.658667 -0.012787 -5.758878 0.081625 
293 0.135439 0.000000 -0.136732 96.511001 -0.113685 -2.383270 0.067993 
294 0.159863 0.000000 -0.113943 97.008390 -0.146213 -6.632229 0.054536 
295 0.123228 0.000000 -0.079760 90.423972 0.043655 -14.878583 0.160213 
296 0.111016 0.000000 -0.079760 90.264887 0.004799 -14.815381 0.163275 
297 0.123228 0.000000 -0.091155 90.249807 0.031679 -14.966478 0.163098 
298 0.135439 0.000000 -0.079760 92.158090 0.036570 -14.907594 0.128465 
299 0.123228 0.000000 -0.068366 90.252351 0.028251 -14.967083 0.163050 
300 0.208710 0.000000 0.045577 94.353532 -0.044123 5.313249 0.106918 
301 0.257557 0.000000 0.045577 81.252829 -0.046955 4.062898 0.338147 
302 0.208710 0.000000 0.091155 102.224218 -0.099402 13.125910 -0.062209 
303 0.135439 0.000000 0.068366 95.457786 -0.127914 16.091202 0.062887 
304 0.135439 0.000000 0.045577 127.531903 -0.076605 10.783652 -0.638068 
305 0.159863 0.000000 0.068366 113.159857 -0.060852 12.511213 -0.296169 
306 0.135439 0.000000 0.091155 96.585588 -0.099446 15.665168 0.042582 
307 0.257557 0.000000 0.273464 100.703486 -0.148810 7.927100 -0.020405 
308 0.355251 0.000000 0.273464 101.058089 -0.164583 6.702833 -0.025769 
309 0.257557 0.000000 0.364619 100.369524 -0.085200 7.470784 -0.012986 
310 0.208710 0.000000 0.136732 101.335817 -0.293347 10.979886 -0.038959 
311 0.257557 0.000000 0.136732 102.243253 0.043432 9.645894 -0.054673 
312 0.208710 0.000000 0.182309 100.196638 -0.178312 9.944684 -0.013829 
313 0.135439 0.000000 0.113943 98.790697 -0.126843 12.665365 0.007997 
314 0.159863 0.000000 0.113943 99.932336 -0.268145 12.769584 -0.014961 
315 0.135439 0.000000 0.136732 99.051410 -0.231344 11.448344 0.005770 
316 0.123228 0.000000 0.079760 94.994720 -0.125384 16.041532 0.071866 
317 0.111016 0.000000 0.079760 94.930172 -0.091469 16.039688 0.073098 
318 0.123228 0.000000 0.068366 94.887234 -0.113629 15.996104 0.074052 
319 0.135439 0.000000 0.079760 96.543499 -0.097774 15.884714 0.042702 
320 0.123228 0.000000 0.091155 94.877174 -0.117384 15.994276 0.074249 
321 0.184287 0.000000 -0.068366 101.984724 0.003511 -10.265346 -0.050626 
322 0.184287 0.000000 -0.091155 97.508031 -0.039721 -12.891828 0.032598 
323 0.208710 0.000000 -0.068366 92.251877 0.044948 -8.143802 0.142327 
324 0.184287 0.000000 -0.045577 103.354300 -0.018645 -6.728323 -0.072738 
325 0.184287 0.000000 0.068366 102.084743 -0.101025 10.401495 -0.052950 
326 0.184287 0.000000 0.045577 103.387605 -0.095306 6.868555 -0.073618 
327 0.208710 0.000000 0.068366 92.223903 -0.038193 8.276441 0.142625 
328 0.184287 0.000000 0.091155 101.164825 -0.086828 13.828549 -0.042556 
329 0.452945 0.000000 -0.091155 98.945342 0.000379 2.803526 0.020196 
330 0.452945 0.000000 -0.182309 99.768062 -0.005686 1.184709 0.004493 
331 0.550639 0.000000 -0.091155 101.035854 -0.005178 5.542520 -0.023896 
332 0.452945 0.000000 0.000000 101.519376 -0.008185 6.520522 -0.034870 
333 0.306404 0.000000 -0.136732 101.671363 0.134801 -1.169099 -0.033845 
334 0.306404 0.000000 -0.182309 100.798130 0.125221 1.947359 -0.016407 
335 0.355251 0.000000 -0.136732 103.863926 0.165874 0.146826 -0.078776 
336 0.306404 0.000000 -0.091155 103.498747 0.118329 -6.295208 -0.075163 
337 0.233134 0.000000 -0.113943 100.214294 -0.002315 -6.228757 -0.008170 
338 0.208710 0.000000 -0.113943 100.021756 -0.073334 -6.920454 -0.005225 
339 0.233134 0.000000 -0.136732 99.654440 -0.011546 -3.114040 0.005930 
340 0.257557 0.000000 -0.113943 101.430521 0.014492 -10.013645 -0.038842 
341 0.233134 0.000000 -0.091155 101.573264 -0.059485 -10.029291 -0.041772 
342 0.452945 0.000000 0.091155 99.069977 -0.030075 2.798129 0.017731 
343 0.550639 0.000000 0.091155 101.073842 -0.015222 5.543327 -0.024665 
344 0.452945 0.000000 0.182309 99.869546 -0.029602 1.183951 0.002467 
345 0.306404 0.000000 0.136732 103.189884 0.009877 7.340061 -0.070203 
346 0.306404 0.000000 0.091155 105.402255 0.002682 6.668548 -0.115410 
347 0.355251 0.000000 0.136732 105.054000 -0.060790 5.554873 -0.106720 
348 0.306404 0.000000 0.182309 101.880127 -0.111704 7.563916 -0.043679 
349 0.233134 0.000000 0.113943 102.641141 -0.109296 10.385531 -0.064308 
350 0.208710 0.000000 0.113943 102.741197 -0.147261 11.800175 -0.069502 
351 0.233134 0.000000 0.091155 104.294273 -0.064854 10.553946 -0.098869 
352 0.257557 0.000000 0.113943 104.079819 -0.048415 10.532185 -0.094354 
353 0.233134 0.000000 0.136732 101.700021 -0.132200 10.229457 -0.044755 
354 0.306404 0.000000 -0.045577 72.464286 0.194383 -2.127160 0.474436 
355 0.355251 0.000000 -0.045577 67.370704 -0.000724 -1.040769 0.546011 
356 0.306404 0.000000 0.000000 73.069566 0.068464 0.028994 0.466083 
357 0.281981 0.000000 -0.113943 102.649127 0.136872 -8.231366 -0.060462 
358 0.281981 0.000000 -0.136732 101.420449 0.131764 -1.947405 -0.028992 
359 0.306404 0.000000 -0.113943 103.495528 0.108181 -6.296064 -0.075098 
360 0.281981 0.000000 -0.091155 102.423554 0.128697 -8.561165 -0.056389 
361 0.281981 0.000000 -0.068366 74.924817 0.211216 -4.567281 0.436537 
362 0.257557 0.000000 -0.068366 80.322430 0.029369 -6.142563 0.351058 
363 0.306404 0.000000 -0.068366 71.845293 0.157440 -3.114410 0.482853 
364 0.281981 0.000000 -0.045577 76.033784 0.150481 -3.116472 0.420913 
365 0.269769 0.000000 -0.102549 101.632389 0.083092 -9.753011 -0.042427 
366 0.257557 0.000000 -0.102549 101.403282 0.028711 -10.010699 -0.038284 
367 0.269769 0.000000 -0.113943 101.574855 0.102827 -10.027443 -0.041801 
368 0.281981 0.000000 -0.102549 102.441439 0.141245 -8.939659 -0.057419 
369 0.269769 0.000000 -0.091155 101.490291 0.066157 -10.019192 -0.040067 
370 0.306404 0.000000 0.045577 72.602379 0.036130 2.157221 0.472424 
371 0.355251 0.000000 0.045577 67.353695 -0.031786 1.142681 0.546217 
372 0.281981 0.000000 0.113943 104.934206 0.079999 8.678545 -0.108651 
373 0.281981 0.000000 0.091155 104.773130 0.070182 9.021178 -0.105880 
374 0.306404 0.000000 0.113943 105.382574 -0.017830 6.667537 -0.114994 
375 0.281981 0.000000 0.136732 103.097688 -0.059147 8.408385 -0.069984 
376 0.281981 0.000000 0.068366 74.933306 0.141388 4.605059 0.436377 
377 0.257557 0.000000 0.068366 80.403814 -0.041609 6.218664 0.349655 
378 0.281981 0.000000 0.045577 76.098403 0.079119 3.220618 0.419865 
379 0.306404 0.000000 0.068366 71.962132 -0.005715 3.142603 0.481158 
380 0.269769 0.000000 0.102549 104.216518 0.021342 10.259540 -0.096634 
381 0.257557 0.000000 0.102549 104.051688 -0.037028 10.529128 -0.093762 
382 0.269769 0.000000 0.091155 104.121407 0.004318 10.535556 -0.095227 
383 0.281981 0.000000 0.102549 104.834223 0.100606 9.410172 -0.107878 
384 0.269769 0.000000 0.113943 104.189101 0.044760 10.541793 -0.096650 
385 0.746027 0.000000 -1.093856 99.713417 0.020369 6.901482 0.000960 
386 0.746027 0.000000 -1.458475 99.719133 0.001649 6.929276 0.000808 
387 1.136804 0.000000 -1.093856 99.686064 -0.015825 6.886597 0.001526 
388 0.550639 0.000000 -0.546928 99.731410 0.037888 6.720579 0.000848 
389 0.550639 0.000000 -0.729237 99.724967 0.031088 6.787501 0.000886 
390 0.746027 0.000000 -0.546928 99.732684 0.025748 6.734770 0.000803 
391 0.452945 0.000000 -0.273464 100.289132 0.107968 6.017869 -0.009414 
392 0.452945 0.000000 -0.364619 100.197887 0.087883 6.339254 -0.007981 
393 0.550639 0.000000 -0.273464 101.487097 -0.010611 1.077012 -0.030079 
394 0.404098 0.000000 -0.136732 98.022740 -0.003338 0.454156 0.039134 
395 0.404098 0.000000 -0.182309 101.557091 0.113922 4.762056 -0.033653 
396 0.452945 0.000000 -0.136732 99.117270 -0.000719 2.247088 0.017072 
397 0.404098 0.000000 -0.091155 100.852238 0.031213 -1.315775 -0.017291 
398 0.330828 0.000000 -0.113943 103.480703 0.107831 -6.299390 -0.074795 
399 0.330828 0.000000 -0.136732 102.177897 0.145194 -0.983826 -0.044131 
400 0.355251 0.000000 -0.113943 104.535499 0.097348 -4.528774 -0.094819 
401 0.330828 0.000000 -0.091155 103.474612 0.106806 -6.298979 -0.074668 
402 0.746027 0.000000 1.093856 99.879410 -0.013015 6.929995 -0.002392 
403 1.136804 0.000000 1.093856 99.908766 0.018853 6.866153 -0.002891 
404 0.746027 0.000000 1.458475 99.835594 -0.001590 6.941576 -0.001533 
405 0.550639 0.000000 0.546928 99.967231 -0.051300 6.726892 -0.003870 
406 0.746027 0.000000 0.546928 99.937346 -0.007852 6.684177 -0.003215 
407 0.550639 0.000000 0.729237 99.936809 -0.021189 6.911004 -0.003513 
408 0.452945 0.000000 0.273464 100.744266 -0.068672 5.746986 -0.018244 
409 0.550639 0.000000 0.273464 101.532652 -0.018983 1.076810 -0.031004 
410 0.452945 0.000000 0.364619 100.555359 -0.047381 6.448768 -0.015297 
411 0.404098 0.000000 0.136732 98.182363 -0.039345 0.451314 0.036002 
412 0.404098 0.000000 0.091155 101.429227 0.016323 2.009717 -0.029193 
413 0.452945 0.000000 0.136732 99.237444 -0.030200 2.243267 0.014690 
414 0.404098 0.000000 0.182309 102.207089 -0.106292 4.317425 -0.046494 
415 0.330828 0.000000 0.113943 105.405956 -0.038421 6.671785 -0.115493 
416 0.330828 0.000000 0.091155 105.399321 -0.039175 6.671349 -0.115353 
417 0.355251 0.000000 0.113943 106.064014 -0.000743 4.857448 -0.127317 
418 0.330828 0.000000 0.136732 103.518186 0.018742 6.913631 -0.076381 
419 0.404098 0.000000 -0.045577 66.664469 0.035592 0.826738 0.555516 
420 0.452945 0.000000 -0.045577 99.513680 0.001233 4.413059 0.007755 
421 0.404098 0.000000 0.000000 67.744785 0.018873 0.010863 0.541064 
422 0.379675 0.000000 -0.113943 104.236713 0.071643 -2.094247 -0.086968 
423 0.379675 0.000000 -0.136732 103.731041 0.128361 1.749263 -0.076321 
424 0.404098 0.000000 -0.113943 100.506528 0.035081 -1.580948 -0.010406 
425 0.379675 0.000000 -0.091155 103.941629 0.068635 -2.087995 -0.080823 
426 0.330828 0.000000 -0.068366 69.015422 0.080110 -2.968420 0.522805 
427 0.355251 0.000000 -0.068366 66.089261 0.021773 -1.774766 0.562906 
428 0.330828 0.000000 -0.045577 69.554081 0.009739 -1.885999 0.515867 
429 0.343039 0.000000 -0.102549 103.909982 0.118552 -5.979289 -0.083305 
430 0.330828 0.000000 -0.102549 103.477447 0.107283 -6.299171 -0.074727 
431 0.343039 0.000000 -0.113943 104.010049 0.110855 -5.829590 -0.085209 
432 0.355251 0.000000 -0.102549 104.638755 0.090845 -4.651922 -0.097092 
433 0.343039 0.000000 -0.091155 103.734710 0.118934 -6.315156 -0.080079 
434 0.404098 0.000000 0.045577 66.716600 -0.003169 -0.853094 0.554817 
435 0.452945 0.000000 0.045577 99.614968 -0.024896 4.409174 0.005742 
436 0.330828 0.000000 0.068366 69.155417 -0.063866 3.044543 0.520825 
437 0.330828 0.000000 0.045577 69.624754 -0.056776 1.947836 0.514860 
438 0.355251 0.000000 0.068366 66.127630 -0.040722 1.849279 0.562372 
439 0.379675 0.000000 0.113943 105.122359 0.027354 2.366717 -0.105631 
440 0.379675 0.000000 0.091155 104.770181 0.032580 2.359254 -0.098236 
441 0.404098 0.000000 0.113943 101.113987 0.017286 2.108098 -0.022848 
442 0.379675 0.000000 0.136732 104.742133 -0.072960 3.755518 -0.098502 
443 0.343039 0.000000 0.102549 105.751725 -0.015215 6.342484 -0.122365 
444 0.330828 0.000000 0.102549 105.402409 -0.038824 6.671552 -0.115418 
445 0.343039 0.000000 0.091155 105.632733 -0.020428 6.685746 -0.120297 
446 0.355251 0.000000 0.102549 106.177169 -0.000198 4.981836 -0.129841 
447 0.343039 0.000000 0.113943 105.810883 -0.014963 6.188547 -0.123424 
448 1.527580 0.000000 -0.364619 99.066124 -0.022129 6.386653 0.014511 
449 1.527580 0.000000 -0.729237 99.438939 -0.010266 6.682000 0.006725 
450 1.918356 0.000000 -0.364619 98.659543 0.026676 4.018880 0.025014 
451 1.527580 0.000000 0.000000 101.117965 -0.085474 7.324943 -0.027850 
452 0.941416 0.000000 -0.182309 102.196435 0.008596 5.120366 -0.047033 
453 0.941416 0.000000 -0.364619 99.653387 0.018379 6.365134 0.002869 
454 1.136804 0.000000 -0.182309 101.769956 0.001307 4.517552 -0.037753 
455 0.941416 0.000000 0.000000 102.219985 -0.000655 6.619603 -0.049274 
456 0.648333 0.000000 -0.091155 101.715946 -0.002837 5.575588 -0.037722 
457 0.648333 0.000000 -0.182309 101.789845 0.003028 4.587894 -0.038222 
458 0.746027 0.000000 -0.091155 102.181799 0.004880 6.222798 -0.047984 
459 0.648333 0.000000 0.000000 101.867155 -0.003575 6.541943 -0.041971 
460 0.501792 0.000000 -0.136732 99.650920 -0.000520 3.356617 0.005843 
461 0.501792 0.000000 -0.182309 100.982495 -0.004463 3.174014 -0.020754 
462 0.550639 0.000000 -0.136732 101.502390 -0.002974 5.840011 -0.033684 
463 0.501792 0.000000 -0.091155 99.652350 -0.002250 3.443253 0.005755 
464 0.428522 0.000000 -0.113943 98.223605 0.018594 -0.259670 0.035206 
465 0.428522 0.000000 -0.136732 99.080004 -0.002671 1.272883 0.018153 
466 0.452945 0.000000 -0.113943 98.984262 -0.000800 2.289174 0.019688 
467 0.428522 0.000000 -0.091155 98.382596 0.016515 0.122461 0.032085 
468 0.379675 0.000000 -0.068366 65.372286 0.068200 -0.278247 0.572638 
469 0.404098 0.000000 -0.068366 98.030740 0.000039 1.058156 0.038885 
470 0.379675 0.000000 -0.045577 66.308737 0.045756 -0.209447 0.560311 
471 0.391886 0.000000 -0.102549 102.647705 0.045424 -1.901239 -0.054017 
472 0.379675 0.000000 -0.102549 104.246837 0.072541 -2.094529 -0.087180 
473 0.391886 0.000000 -0.113943 102.468499 0.045324 -1.829518 -0.050314 
474 0.404098 0.000000 -0.102549 100.601776 0.035763 -1.635640 -0.012339 
475 0.391886 0.000000 -0.091155 102.306432 0.044840 -1.754423 -0.046969 
476 0.379675 0.000000 0.068366 65.414232 0.009044 0.311184 0.572088 
477 0.379675 0.000000 0.045577 66.378131 -0.010439 0.229154 0.559389 
478 0.404098 0.000000 0.068366 98.188118 -0.035277 1.052303 0.035798 
479 1.527580 0.000000 0.364619 100.603023 -0.015710 6.028004 -0.015731 
480 1.918356 0.000000 0.364619 101.129133 -0.017266 3.512498 -0.023944 
481 1.527580 0.000000 0.729237 100.114028 -0.024172 6.586137 -0.006620 
482 0.941416 0.000000 0.182309 102.346234 -0.009580 5.121104 -0.050098 
483 1.136804 0.000000 0.182309 102.006358 -0.019006 4.519887 -0.042573 
484 0.941416 0.000000 0.364619 99.862749 0.006221 6.426406 -0.001387 
485 0.648333 0.000000 0.091155 101.745451 -0.010362 5.576268 -0.038323 
486 0.746027 0.000000 0.091155 102.208754 -0.003023 6.225038 -0.048538 
487 0.648333 0.000000 0.182309 101.844351 -0.013110 4.592323 -0.039336 
488 0.501792 0.000000 0.136732 99.750500 -0.026446 3.355880 0.003858 
489 0.501792 0.000000 0.091155 99.749431 -0.025783 3.439642 0.003822 
490 0.550639 0.000000 0.136732 101.532483 -0.015089 5.844012 -0.034300 
491 0.501792 0.000000 0.182309 101.039501 -0.023352 3.176847 -0.021907 
492 0.428522 0.000000 0.113943 98.573553 -0.017986 1.670067 0.028047 
493 0.428522 0.000000 0.091155 98.704678 -0.019039 1.828071 0.025404 
494 0.452945 0.000000 0.113943 99.108460 -0.031084 2.286124 0.017229 
495 0.428522 0.000000 0.136732 99.203177 -0.030985 1.269451 0.015712 
496 0.391886 0.000000 0.102549 103.361583 0.031995 2.213081 -0.068852 
497 0.379675 0.000000 0.102549 105.130820 0.027489 2.366949 -0.105809 
498 0.391886 0.000000 0.091155 102.992075 0.025714 2.103484 -0.061179 
499 0.404098 0.000000 0.102549 101.219896 0.018738 2.132182 -0.025001 
500 0.391886 0.000000 0.113943 103.168918 0.028724 2.159363 -0.064849 
501 1.332192 0.000000 -0.182309 100.200607 -0.013190 5.002194 -0.006518 
502 1.332192 0.000000 -0.364619 99.568987 -0.011816 6.551100 0.004310 
503 1.527580 0.000000 -0.182309 99.623993 -0.017873 5.702484 0.004254 
504 1.332192 0.000000 0.000000 100.934935 -0.101762 7.399696 -0.024263 
505 1.332192 0.000000 0.182309 101.576873 -0.221892 5.238889 -0.034536 
506 1.527580 0.000000 0.182309 102.627690 -0.165901 5.962214 -0.056802 
507 1.332192 0.000000 0.364619 100.274508 -0.031734 6.239897 -0.009391 
508 1.234498 0.000000 -0.091155 98.618186 -0.017724 1.925481 0.027075 
509 1.136804 0.000000 -0.091155 100.883638 -0.006967 5.336649 -0.020599 
510 1.234498 0.000000 -0.182309 100.603747 -0.007926 0.791709 -0.012174 
511 1.332192 0.000000 -0.091155 99.254270 -0.027158 3.907105 0.013332 
512 1.234498 0.000000 0.000000 77.524065 -0.019585 0.033542 0.399002 
513 1.234498 0.000000 0.091155 99.266531 -0.032301 1.946802 0.014236 
514 1.136804 0.000000 0.091155 101.108811 -0.015067 5.340005 -0.025151 
515 1.332192 0.000000 0.091155 100.206573 -0.079297 3.977898 -0.005719 
516 1.234498 0.000000 0.182309 100.963853 -0.019983 0.794228 -0.019433 
517 4.263014 0.000000 -8.750848 99.754322 0.000748 6.970327 0.000049 
518 4.263014 0.000000 -11.667797 99.755126 0.000534 6.972857 0.000029 
519 7.389224 0.000000 -8.750848 99.755308 0.000926 6.969273 0.000031 
520 2.699909 0.000000 -4.375424 99.750416 0.007281 6.956497 0.000146 
521 2.699909 0.000000 -5.833899 99.751159 0.000976 6.965182 0.000119 
522 4.263014 0.000000 -4.375424 99.751261 0.001766 6.950516 0.000138 
523 1.918356 0.000000 -2.187712 99.723754 0.007542 6.910903 0.000741 
524 1.918356 0.000000 -2.916949 99.740206 0.007649 6.942093 0.000370 
525 2.699909 0.000000 -2.187712 99.729281 0.003913 6.881000 0.000672 
526 1.527580 0.000000 -1.093856 99.631323 -0.025681 6.811753 0.002720 
527 1.527580 0.000000 -1.458475 99.674171 0.005420 6.878978 0.001774 
528 1.918356 0.000000 -1.093856 99.623118 -0.030474 6.686358 0.003053 
529 1.332192 0.000000 -0.546928 99.540052 -0.003530 6.729643 0.004649 
530 1.136804 0.000000 -0.546928 99.657937 -0.013767 6.714890 0.002321 
531 1.332192 0.000000 -0.729237 99.585918 -0.045210 6.799195 0.003641 
532 1.527580 0.000000 -0.546928 99.294098 -0.004510 6.598113 0.009715 
533 1.234498 0.000000 -0.273464 99.956029 -0.026477 6.001035 -0.002722 
534 1.136804 0.000000 -0.273464 101.743134 0.000090 1.097605 -0.035287 
535 1.234498 0.000000 -0.364619 99.713173 -0.014041 6.454275 0.001563 
536 1.332192 0.000000 -0.273464 100.160987 -0.018528 0.489480 -0.003246 
537 10.515434 0.000000 -2.916949 99.759079 0.003181 6.927061 0.000014 
538 10.515434 0.000000 -5.833899 99.756487 0.001603 6.961375 0.000018 
539 13.641644 0.000000 -2.916949 99.759082 0.003029 6.932696 0.000006 
540 10.515434 0.000000 0.000000 99.886172 0.019913 5.116868 -0.000343 
541 5.826119 0.000000 -1.458475 99.766868 0.000375 6.768258 0.000076 
542 5.826119 0.000000 -2.916949 99.756115 0.003214 6.917011 0.000087 
543 7.389224 0.000000 -1.458475 99.767582 0.006324 6.793175 0.000028 
544 5.826119 0.000000 0.000000 100.086920 0.016247 2.226286 -0.002235 
545 3.481461 0.000000 -0.729237 99.794538 0.014064 6.028964 0.000470 
546 3.481461 0.000000 -1.458475 99.747217 0.008021 6.728618 0.000522 
547 4.263014 0.000000 -0.729237 99.803249 0.021744 6.140603 0.000160 
548 3.481461 0.000000 0.000000 100.154987 0.012694 1.102875 -0.003224 
549 2.309132 0.000000 -0.364619 99.377104 0.007588 3.483713 0.011205 
550 2.309132 0.000000 -0.729237 99.604581 -0.020654 5.968870 0.004330 
551 2.699909 0.000000 -0.364619 99.901152 0.011337 3.668133 0.000630 
552 2.309132 0.000000 0.000000 136.390997 0.151856 1.156962 -0.860387 
553 1.722968 0.000000 -0.182309 99.539439 -0.053706 5.304621 0.006376 
554 1.722968 0.000000 -0.364619 98.236837 -0.002097 5.563949 0.031857 
555 1.918356 0.000000 -0.182309 99.824274 -0.112513 4.452086 0.001528 
556 1.722968 0.000000 0.000000 101.385324 -0.098377 7.036349 -0.032850 
557 1.429886 0.000000 -0.091155 100.401145 -0.051126 4.896273 -0.010437 
558 1.429886 0.000000 -0.182309 100.151425 -0.013979 4.735467 -0.005273 
559 1.527580 0.000000 -0.091155 100.454237 -0.039565 5.595284 -0.012236 
560 1.429886 0.000000 0.000000 100.934930 -0.101767 7.399698 -0.024263 
561 1.283345 0.000000 -0.136732 98.573928 -0.017449 2.823824 0.027521 
562 1.234498 0.000000 -0.136732 98.862506 -0.016753 1.665042 0.022343 
563 1.283345 0.000000 -0.182309 99.082406 -0.018983 1.967209 0.017881 
564 1.332192 0.000000 -0.136732 99.321768 -0.014856 4.411519 0.011572 
565 1.283345 0.000000 -0.091155 98.408839 -0.017174 3.044737 0.030643 
566 10.515434 0.000000 2.916949 99.764281 -0.004443 6.868011 -0.000008 
567 13.641644 0.000000 2.916949 99.765697 -0.004911 6.844606 -0.000004 
568 10.515434 0.000000 5.833899 99.758547 -0.001944 6.954421 -0.000013 
569 5.826119 0.000000 1.458475 99.786641 -0.017448 6.561931 -0.000043 
570 7.389224 0.000000 1.458475 99.792035 -0.008896 6.473447 -0.000036 
571 5.826119 0.000000 2.916949 99.765160 -0.003666 6.892931 -0.000060 
572 3.481461 0.000000 0.729237 99.862577 -0.012242 5.446194 -0.000220 
573 4.263014 0.000000 0.729237 99.884746 -0.010315 5.149295 -0.000348 
574 3.481461 0.000000 1.458475 99.788068 -0.005184 6.656460 -0.000197 
575 2.309132 0.000000 0.364619 99.357913 -0.065150 3.227858 0.011758 
576 2.699909 0.000000 0.364619 100.012480 -0.002133 2.903878 -0.001093 
577 2.309132 0.000000 0.729237 99.877749 0.023016 5.729879 -0.000840 
578 1.722968 0.000000 0.182309 103.576004 -0.149615 5.661658 -0.076007 
579 1.918356 0.000000 0.182309 103.383829 -0.220938 5.435735 -0.071781 
580 1.722968 0.000000 0.364619 101.218911 -0.040721 5.115201 -0.027143 
581 1.429886 0.000000 0.091155 101.577106 -0.112371 4.995618 -0.034288 
582 1.527580 0.000000 0.091155 102.031147 -0.081102 5.683392 -0.044266 
583 1.429886 0.000000 0.182309 101.941567 -0.176471 4.937863 -0.041650 
584 4.263014 0.000000 8.750848 99.759205 -0.000829 6.969469 -0.000047 
585 7.389224 0.000000 8.750848 99.758312 -0.001046 6.967846 -0.000027 
586 4.263014 0.000000 11.667797 99.758077 -0.000594 6.972440 -0.000029 
587 2.699909 0.000000 4.375424 99.767821 -0.007716 6.952369 -0.000195 
588 4.263014 0.000000 4.375424 99.764366 -0.001925 6.945469 -0.000117 
589 2.699909 0.000000 5.833899 99.763209 -0.001064 6.963530 -0.000119 
590 1.918356 0.000000 2.187712 99.811009 -0.002257 6.889073 -0.000970 
591 2.699909 0.000000 2.187712 99.789983 -0.002144 6.858053 -0.000507 
592 1.918356 0.000000 2.916949 99.793224 -0.003720 6.927482 -0.000668 
593 1.527580 0.000000 1.093856 99.937634 0.021412 6.750555 -0.003310 
594 1.918356 0.000000 1.093856 99.925209 0.025644 6.582123 -0.002837 
595 1.527580 0.000000 1.458475 99.873655 -0.004027 6.836435 -0.002148 
596 1.332192 0.000000 0.546928 100.143558 -0.024121 6.601530 -0.007231 
597 1.136804 0.000000 0.546928 99.997482 0.015170 6.701506 -0.004441 
598 1.527580 0.000000 0.546928 100.311970 -0.028585 6.385538 -0.010327 
599 1.332192 0.000000 0.729237 100.035294 0.028130 6.716629 -0.005217 
600 1.234498 0.000000 0.273464 100.428231 -0.034113 5.965864 -0.012142 
601 1.136804 0.000000 0.273464 102.028670 -0.021086 1.100733 -0.041106 
602 1.332192 0.000000 0.273464 101.816238 -0.000968 0.515669 -0.036681 
603 1.234498 0.000000 0.364619 100.209559 -0.027175 6.397065 -0.008288 
604 1.283345 0.000000 0.136732 99.602349 -0.108439 2.930762 0.007077 
605 1.234498 0.000000 0.136732 99.489715 -0.026261 1.679862 0.009897 
606 1.283345 0.000000 0.091155 99.342329 -0.090677 3.131024 0.012129 
607 1.332192 0.000000 0.136732 100.375531 -0.125753 4.540005 -0.009587 
608 1.283345 0.000000 0.182309 100.344955 -0.138311 2.114275 -0.007360 
609 2.113744 0.000000 -0.182309 102.143236 0.048081 4.660392 -0.045496 
610 2.113744 0.000000 -0.364619 99.583994 0.008394 3.893077 0.006787 
611 2.309132 0.000000 -0.182309 98.351202 0.014632 -0.253413 0.032698 
612 2.113744 0.000000 0.000000 98.428966 -0.068225 -1.219196 0.031025 
613 2.113744 0.000000 0.182309 99.699443 -0.034671 -2.154986 0.005538 
614 2.309132 0.000000 0.182309 97.766151 -0.077933 3.968071 0.042603 
615 2.113744 0.000000 0.364619 99.955501 -0.042925 2.662062 0.000181 
616 2.016050 0.000000 -0.091155 100.424819 -0.061830 3.388416 -0.009663 
617 1.918356 0.000000 -0.091155 100.626558 -0.134181 5.157599 -0.015232 
618 2.016050 0.000000 -0.182309 100.066195 -0.047338 1.611624 -0.001584 
619 2.113744 0.000000 -0.091155 110.040425 0.047524 11.595171 -0.224335 
620 2.016050 0.000000 0.000000 101.549492 -0.160152 5.869472 -0.034678 
621 2.016050 0.000000 0.091155 102.540333 -0.384853 3.205813 -0.052495 
622 1.918356 0.000000 0.091155 102.354485 -0.179843 5.436829 -0.050603 
623 2.113744 0.000000 0.091155 102.924967 -0.037163 -10.726069 -0.070860 
624 2.016050 0.000000 0.182309 103.122231 -0.149340 1.920599 -0.063791 
625 2.309132 0.000000 -1.093856 99.661780 -0.009459 6.579897 0.002423 
626 2.309132 0.000000 -1.458475 99.690162 0.005735 6.768629 0.001606 
627 2.699909 0.000000 -1.093856 99.711508 -0.006844 6.534909 0.001491 
628 2.113744 0.000000 -0.546928 99.360207 0.049866 5.258350 0.009990 
629 1.918356 0.000000 -0.546928 99.036917 0.005885 5.543053 0.016096 
630 2.113744 0.000000 -0.729237 99.512075 0.013668 6.057014 0.006066 
631 2.309132 0.000000 -0.546928 99.583097 0.063025 5.162376 0.005655 
632 2.016050 0.000000 -0.273464 99.763956 0.022872 2.659421 0.004008 
633 1.918356 0.000000 -0.273464 99.369729 -0.132238 2.770767 0.011796 
634 2.016050 0.000000 -0.364619 99.295091 0.025156 3.718434 0.012666 
635 2.113744 0.000000 -0.273464 99.856086 0.034376 3.439045 0.001693 
636 3.090685 0.000000 -0.364619 99.915692 0.036931 3.921152 0.000148 
637 3.090685 0.000000 -0.729237 99.777717 0.005833 5.978486 0.000866 
638 3.481461 0.000000 -0.364619 99.929866 0.024475 4.162095 -0.000330 
639 3.090685 0.000000 0.000000 100.149371 0.032639 0.936072 -0.003077 
640 2.504521 0.000000 -0.182309 100.409023 0.021352 1.459092 -0.008410 
641 2.504521 0.000000 -0.364619 99.784542 0.087248 3.429659 0.003127 
642 2.699909 0.000000 -0.182309 100.112069 0.063188 1.921991 -0.002612 
643 2.504521 0.000000 0.000000 101.310778 0.048856 0.822613 -0.026455 
644 2.211438 0.000000 -0.091155 90.622951 0.014904 16.437752 0.151728 
645 2.211438 0.000000 -0.182309 97.312128 0.111755 4.257959 0.051221 
646 2.309132 0.000000 -0.091155 107.341781 0.104361 -15.210429 -0.175363 
647 2.211438 0.000000 0.000000 145.221699 0.011419 -0.244218 -1.108940 
648 2.064897 0.000000 -0.136732 100.392303 -0.015203 1.202424 -0.008006 
649 2.016050 0.000000 -0.136732 100.349264 -0.080695 3.731296 -0.008390 
650 2.064897 0.000000 -0.182309 102.628127 0.022241 2.595993 -0.053927 
651 2.113744 0.000000 -0.136732 106.085831 0.136123 7.152071 -0.130537 
652 2.064897 0.000000 -0.091155 102.118960 0.013022 4.399519 -0.044764 
653 3.090685 0.000000 0.364619 100.044643 -0.005776 2.527923 -0.001532 
654 3.481461 0.000000 0.364619 100.081082 -0.028128 2.241362 -0.002125 
655 3.090685 0.000000 0.729237 99.841925 -0.006018 5.573603 0.000052 
656 2.504521 0.000000 0.182309 100.414736 -0.067477 1.926189 -0.008683 
657 2.699909 0.000000 0.182309 100.200327 0.006879 1.365405 -0.004197 
658 2.504521 0.000000 0.364619 99.839645 0.024478 3.232892 0.002159 
659 2.211438 0.000000 0.091155 87.680627 -0.027136 -15.818719 0.206188 
660 2.309132 0.000000 0.091155 106.783683 0.073547 18.569885 -0.174760 
661 2.211438 0.000000 0.182309 95.986552 0.015169 -0.976329 0.078563 
662 2.309132 0.000000 1.093856 99.848480 0.011825 6.473392 -0.001162 
663 2.699909 0.000000 1.093856 99.810800 0.004870 6.432508 -0.000357 
664 2.309132 0.000000 1.458475 99.833003 -0.005676 6.712858 -0.001169 
665 2.113744 0.000000 0.546928 99.940939 -0.004479 4.838733 -0.001160 
666 1.918356 0.000000 0.546928 100.348440 -0.042165 5.273022 -0.009762 
667 2.309132 0.000000 0.546928 99.817974 0.002404 4.762209 0.001369 
668 2.113744 0.000000 0.729237 100.015182 -0.016164 5.800577 -0.003668 
669 2.016050 0.000000 0.273464 100.763007 -0.029240 1.578213 -0.015568 
670 1.918356 0.000000 0.273464 103.842595 -0.247539 3.386253 -0.079481 
671 2.113744 0.000000 0.273464 99.642643 -0.029872 0.936221 0.007047 
672 2.016050 0.000000 0.364619 100.579971 -0.017956 2.982027 -0.012522 
673 2.064897 0.000000 0.136732 102.881436 -0.210789 1.147911 -0.058595 
674 2.016050 0.000000 0.136732 102.647658 -0.430116 3.490457 -0.054891 
675 2.064897 0.000000 0.091155 101.838903 -0.216905 -1.425074 -0.037324 
676 2.113744 0.000000 0.136732 101.116571 0.033080 -5.502462 -0.025484 
677 2.064897 0.000000 0.182309 100.438268 -0.046290 -0.965238 -0.008878 
678 2.211438 0.000000 -0.273464 98.705770 0.067713 3.336955 0.024603 
679 2.211438 0.000000 -0.364619 99.432566 0.029222 3.822514 0.009855 
680 2.309132 0.000000 -0.273464 98.980984 0.048920 2.223086 0.019782 
681 2.162591 0.000000 -0.136732 100.350417 0.096120 9.179468 -0.015448 
682 2.162591 0.000000 -0.182309 99.761911 0.071305 5.479473 0.001753 
683 2.211438 0.000000 -0.136732 95.027250 0.061074 7.070134 0.091983 
684 2.162591 0.000000 -0.091155 100.966843 -0.027955 15.858796 -0.044581 
685 2.064897 0.000000 -0.045577 100.453488 -0.009181 1.139423 -0.009220 
686 2.016050 0.000000 -0.045577 100.553027 -0.114508 5.455096 -0.014068 
687 2.113744 0.000000 -0.045577 94.562857 -0.041604 3.118613 0.104814 
688 2.064897 0.000000 0.000000 91.338920 0.053329 -1.390739 0.165526 
689 2.089321 0.000000 -0.113943 108.446564 0.073912 5.924128 -0.179576 
690 2.064897 0.000000 -0.113943 104.029909 0.049032 5.125773 -0.084850 
691 2.089321 0.000000 -0.136732 100.823576 0.045274 0.324380 -0.016550 
692 2.113744 0.000000 -0.113943 110.114583 0.047679 11.448651 -0.225630 
693 2.089321 0.000000 -0.091155 108.170472 0.071113 5.762783 -0.173407 
694 2.064897 0.000000 0.045577 102.804173 -0.187470 1.041677 -0.056982 
695 2.016050 0.000000 0.045577 102.359481 -0.435857 5.088345 -0.050354 
696 2.113744 0.000000 0.045577 98.717087 -0.058591 -5.509807 0.022458 
697 2.211438 0.000000 0.273464 98.250441 0.005964 1.428056 0.034481 
698 2.309132 0.000000 0.273464 98.700441 -0.033871 2.736490 0.025073 
699 2.211438 0.000000 0.364619 99.453655 -0.027287 2.826706 0.010098 
700 2.162591 0.000000 0.136732 97.301765 -0.062458 -6.943215 0.048415 
701 2.162591 0.000000 0.091155 96.891465 -0.105294 -15.109607 0.038373 
702 2.211438 0.000000 0.136732 92.944155 -0.011676 -4.551343 0.134067 
703 2.162591 0.000000 0.182309 97.878253 0.008943 -2.468483 0.041375 
704 2.089321 0.000000 0.113943 102.419902 -0.010115 -5.036144 -0.051520 
705 2.064897 0.000000 0.113943 101.661206 -0.112148 -3.263967 -0.034567 
706 2.089321 0.000000 0.091155 102.434701 -0.017535 -4.814448 -0.051605 
707 2.113744 0.000000 0.113943 102.971968 -0.036004 -10.586280 -0.071530 
708 2.089321 0.000000 0.136732 102.351210 -0.043218 0.292446 -0.047586 
709 2.162591 0.000000 -0.045577 114.137774 -0.072000 7.823555 -0.308864 
710 2.211438 0.000000 -0.045577 144.829528 -0.007806 11.157522 -1.110008 
711 2.162591 0.000000 0.000000 117.139611 -0.104500 -0.775246 -0.372230 
712 2.138168 0.000000 -0.113943 105.260971 0.016617 15.624702 -0.132400 
713 2.138168 0.000000 -0.136732 103.201653 0.138919 8.893902 -0.072970 
714 2.162591 0.000000 -0.113943 100.785315 0.034861 12.454155 -0.031279 
715 2.138168 0.000000 -0.091155 104.828378 0.007268 15.560170 -0.123111 
716 2.089321 0.000000 -0.068366 100.823086 0.045183 0.326676 -0.016540 
717 2.064897 0.000000 -0.068366 100.201389 -0.106952 3.915349 -0.005566 
718 2.113744 0.000000 -0.068366 90.935718 0.036548 5.404470 0.170149 
719 2.089321 0.000000 -0.045577 89.415099 0.067955 0.778230 0.200433 
720 2.101533 0.000000 -0.102549 111.037259 0.061186 8.143303 -0.239559 
721 2.089321 0.000000 -0.102549 109.640714 0.073649 6.351090 -0.206143 
722 2.101533 0.000000 -0.113943 111.108517 0.059908 7.739475 -0.240501 
723 2.113744 0.000000 -0.102549 110.000440 0.045416 12.108116 -0.224671 
724 2.101533 0.000000 -0.091155 111.213086 0.058642 8.315993 -0.243751 
725 2.162591 0.000000 0.045577 116.495987 -0.032459 -9.190683 -0.365578 
726 2.211438 0.000000 0.045577 146.406842 0.014056 -11.655391 -1.157081 
727 2.089321 0.000000 0.068366 102.351599 -0.043603 0.294529 -0.047594 
728 2.064897 0.000000 0.068366 102.651531 -0.574674 3.302742 -0.054858 
729 2.089321 0.000000 0.045577 94.523824 0.064888 -3.715163 0.105144 
730 2.113744 0.000000 0.068366 97.499340 -0.020258 -7.471837 0.043805 
731 2.138168 0.000000 0.113943 100.087873 -0.089768 -14.732090 -0.023462 
732 2.138168 0.000000 0.091155 99.843030 -0.090162 -14.696937 -0.018464 
733 2.162591 0.000000 0.113943 97.039289 -0.114679 -11.040948 0.046146 
734 2.138168 0.000000 0.136732 99.304477 0.004246 -6.804076 0.009233 
735 2.101533 0.000000 0.102549 103.392023 -0.004575 -7.441730 -0.074529 
736 2.089321 0.000000 0.102549 102.782295 0.000945 -5.583736 -0.059538 
737 2.101533 0.000000 0.091155 103.527271 -0.005703 -7.602620 -0.077570 
738 2.113744 0.000000 0.102549 102.898417 -0.038698 -11.203931 -0.071361 
739 2.101533 0.000000 0.113943 103.557876 -0.002614 -7.058566 -0.077406 
740 2.138168 0.000000 -0.068366 100.139056 -0.046501 9.118612 -0.011098 
741 2.162591 0.000000 -0.068366 111.300643 -0.053914 12.164753 -0.253582 
742 2.138168 0.000000 -0.045577 102.899979 -0.053703 5.653226 -0.062037 
743 2.125956 0.000000 -0.102549 106.692886 0.046013 15.471267 -0.162273 
744 2.125956 0.000000 -0.113943 107.566468 0.040865 14.770816 -0.178872 
745 2.138168 0.000000 -0.102549 105.015998 0.011381 15.588177 -0.127135 
746 2.125956 0.000000 -0.091155 107.417067 0.040312 14.871388 -0.175959 
747 2.138168 0.000000 0.068366 104.799419 -0.058782 -10.655349 -0.109646 
748 2.138168 0.000000 0.045577 106.070782 -0.069693 -7.533402 -0.130777 
749 2.162591 0.000000 0.068366 114.876774 -0.099177 -13.331414 -0.337441 
750 2.125956 0.000000 0.102549 100.874021 -0.083688 -14.502320 -0.038589 
751 2.125956 0.000000 0.091155 101.329789 -0.072695 -13.908177 -0.046117 
752 2.138168 0.000000 0.102549 99.948940 -0.089996 -14.712156 -0.020625 
753 2.125956 0.000000 0.113943 101.420052 -0.071060 -13.806655 -0.047666 
754 2.406827 0.000000 -0.091155 102.922873 -0.075179 -0.787326 -0.059374 
755 2.406827 0.000000 -0.182309 100.432087 0.078699 0.465232 -0.008683 
756 2.504521 0.000000 -0.091155 100.978656 0.045430 0.949979 -0.019759 
757 2.406827 0.000000 0.000000 105.409853 -0.106257 0.945345 -0.111214 
758 2.260285 0.000000 -0.136732 92.409920 0.088206 -0.084517 0.146039 
759 2.260285 0.000000 -0.182309 96.575109 0.037590 1.526431 0.067092 
760 2.309132 0.000000 -0.136732 98.456242 0.016573 -4.342103 0.028751 
761 2.260285 0.000000 -0.091155 74.807518 0.152901 12.395230 0.425017 
762 2.187015 0.000000 -0.113943 97.267496 0.034291 12.162605 0.039110 
763 2.187015 0.000000 -0.136732 97.638435 0.079521 8.632351 0.039221 
764 2.211438 0.000000 -0.113943 92.532196 0.057504 10.499938 0.132754 
765 2.187015 0.000000 -0.091155 94.644021 -0.023619 17.330294 0.074217 
766 2.150380 0.000000 -0.102549 103.645870 -0.012824 15.384163 -0.097914 
767 2.150380 0.000000 -0.113943 104.110661 -0.007235 15.453420 -0.107784 
768 2.162591 0.000000 -0.102549 101.060928 -0.023950 16.030409 -0.047029 
769 2.150380 0.000000 -0.091155 102.889359 -0.017153 15.561622 -0.082838 
770 2.406827 0.000000 0.091155 102.840337 -0.116010 3.231822 -0.058659 
771 2.504521 0.000000 0.091155 100.997262 -0.014652 1.257756 -0.020203 
772 2.406827 0.000000 0.182309 100.298962 -0.025659 3.034110 -0.006909 
773 2.260285 0.000000 0.136732 90.963457 0.025770 3.004830 0.171662 
774 2.260285 0.000000 0.091155 71.794777 -0.084066 -11.828894 0.470558 
775 2.309132 0.000000 0.136732 97.746228 -0.031990 7.708417 0.038625 
776 2.260285 0.000000 0.182309 95.674424 -0.044141 1.971784 0.084251 
777 2.187015 0.000000 0.113943 94.365069 -0.100026 -10.436938 0.098629 
778 2.187015 0.000000 0.091155 91.360007 -0.087058 -16.637131 0.137655 
779 2.211438 0.000000 0.113943 89.944269 -0.071058 -8.606290 0.183596 
780 2.187015 0.000000 0.136732 95.103718 -0.072586 -6.214764 0.091665 
781 2.150380 0.000000 0.102549 99.101663 -0.093428 -14.590209 -0.003402 
782 2.150380 0.000000 0.091155 98.473238 -0.096995 -14.777794 0.008463 
783 2.162591 0.000000 0.102549 96.938506 -0.102953 -15.268115 0.036980 
784 2.150380 0.000000 0.113943 99.431924 -0.090896 -14.638140 -0.010099 
785 2.260285 0.000000 -0.045577 176.884799 0.060640 1.559459 -2.129067 
786 2.309132 0.000000 -0.045577 131.475376 0.136201 -12.067771 -0.743142 
787 2.260285 0.000000 0.000000 164.366321 0.012470 0.424174 -1.701647 
788 2.187015 0.000000 -0.068366 125.233381 -0.039666 15.564898 -0.592567 
789 2.211438 0.000000 -0.068366 144.511067 0.026554 18.828074 -1.123795 
790 2.187015 0.000000 -0.045577 128.114240 -0.064281 9.910615 -0.651148 
791 2.174803 0.000000 -0.102549 97.704031 -0.028441 16.859741 0.016967 
792 2.174803 0.000000 -0.113943 99.107277 0.036760 12.402248 0.002393 
793 2.187015 0.000000 -0.102549 94.668084 -0.025563 17.334749 0.073746 
794 2.174803 0.000000 -0.091155 97.257844 -0.028000 16.987047 0.025235 
795 2.260285 0.000000 0.045577 178.874003 0.001733 -0.592371 -2.199626 
796 2.309132 0.000000 0.045577 131.792376 0.137714 14.802567 -0.758837 
797 2.187015 0.000000 0.068366 127.810712 0.004798 -16.302461 -0.660135 
798 2.187015 0.000000 0.045577 129.871076 -0.010357 -10.836488 -0.698393 
799 2.211438 0.000000 0.068366 146.772723 0.016133 -19.414828 -1.191917 
800 2.174803 0.000000 0.102549 94.034113 -0.106953 -16.127941 0.089746 
801 2.174803 0.000000 0.091155 93.640032 -0.107522 -16.257640 0.096722 
802 2.187015 0.000000 0.102549 91.384042 -0.093609 -16.641683 0.137200 
803 2.174803 0.000000 0.113943 95.795933 -0.113576 -10.724529 0.070811 
804 2.235862 0.000000 -0.068366 78.216605 0.090950 12.959413 0.371421 
805 2.235862 0.000000 -0.091155 79.315606 0.084652 13.141414 0.353633 
806 2.260285 0.000000 -0.068366 73.421857 0.182777 12.166115 0.446118 
807 2.235862 0.000000 -0.045577 162.154129 0.044832 9.987222 -1.639371 
808 2.235862 0.000000 -0.113943 88.865191 0.066684 6.015383 0.206679 
809 2.235862 0.000000 -0.136732 92.898962 0.062963 4.100947 0.135296 
810 2.260285 0.000000 -0.113943 86.105146 0.111327 -1.275913 0.258426 
811 2.223650 0.000000 -0.079760 84.596148 0.056421 14.592145 0.263056 
812 2.211438 0.000000 -0.079760 88.752025 0.027729 15.844221 0.187204 
813 2.223650 0.000000 -0.091155 84.896794 0.054785 14.689734 0.257674 
814 2.235862 0.000000 -0.079760 79.183531 0.085213 13.119558 0.355784 
815 2.223650 0.000000 -0.068366 154.774291 0.036113 17.378912 -1.425711 
816 2.235862 0.000000 0.068366 75.246097 -0.055680 -12.397209 0.418433 
817 2.235862 0.000000 0.045577 163.788382 0.013721 -9.983421 -1.692630 
818 2.260285 0.000000 0.068366 70.364299 -0.103628 -11.591748 0.491449 
819 2.235862 0.000000 0.091155 76.360994 -0.056342 -12.579675 0.401075 
820 2.235862 0.000000 0.113943 86.563504 0.028225 -3.847337 0.249196 
821 2.260285 0.000000 0.113943 84.039282 0.037925 3.875955 0.292237 
822 2.235862 0.000000 0.136732 91.150945 0.019133 -1.410657 0.168951 
823 2.223650 0.000000 0.079760 81.692960 -0.044703 -14.012675 0.312990 
824 2.211438 0.000000 0.079760 85.820146 -0.034236 -15.237726 0.240271 
825 2.223650 0.000000 0.068366 157.044676 0.013320 -17.658619 -1.497486 
826 2.235862 0.000000 0.079760 76.225925 -0.056401 -12.557545 0.403191 
827 2.223650 0.000000 0.091155 81.995256 -0.043600 -14.108654 0.307772 
828 2.357979 0.000000 -0.045577 110.818885 0.065870 -2.428443 -0.228673 
829 2.357979 0.000000 -0.091155 105.545975 -0.023259 -3.414083 -0.115161 
830 2.406827 0.000000 -0.045577 104.753359 -0.105201 -0.212653 -0.097332 
831 2.357979 0.000000 0.000000 112.856797 0.065645 1.066144 -0.273780 
832 2.284709 0.000000 -0.068366 155.587796 0.128869 -47.559259 -1.646946 
833 2.284709 0.000000 -0.091155 91.094071 0.132794 -31.694233 0.069733 
834 2.309132 0.000000 -0.068366 120.834170 0.146942 -17.677179 -0.491340 
835 2.284709 0.000000 -0.045577 160.368167 0.131017 -15.735881 -1.596558 
836 2.248074 0.000000 -0.079760 76.556638 0.113733 12.684457 0.397817 
837 2.248074 0.000000 -0.091155 76.835503 0.110984 12.730683 0.393422 
838 2.260285 0.000000 -0.079760 73.939057 0.172604 12.251653 0.438288 
839 2.248074 0.000000 -0.068366 75.931344 0.125302 12.580981 0.407613 
840 2.357979 0.000000 0.045577 110.719912 0.043403 4.748828 -0.228145 
841 2.406827 0.000000 0.045577 104.712036 -0.110785 2.256223 -0.096971 
842 2.357979 0.000000 0.091155 105.347960 -0.029750 6.126386 -0.113573 
843 2.284709 0.000000 0.068366 157.121894 0.113578 51.995386 -1.739082 
844 2.284709 0.000000 0.045577 161.659157 0.138133 18.241854 -1.646647 
845 2.309132 0.000000 0.068366 120.804226 0.119441 20.911468 -0.503096 
846 2.284709 0.000000 0.091155 89.281427 0.072023 35.637606 0.075878 
847 2.248074 0.000000 0.079760 73.574589 -0.061476 -12.122952 0.443981 
848 2.248074 0.000000 0.068366 72.941297 -0.066907 -12.018643 0.453511 
849 2.260285 0.000000 0.079760 70.902193 -0.096703 -11.681014 0.483642 
850 2.248074 0.000000 0.091155 73.854074 -0.061675 -12.168665 0.439750 
851 -8.241827 0.000000 -8.750848 99.755778 0.000108 6.975594 0.000013 
852 -11.368037 0.000000 -8.750848 99.756052 0.000070 6.975679 0.000007 
853 -8.241827 0.000000 -11.667797 99.755842 0.000121 6.975508 0.000011 
854 10.515434 0.000000 -8.750848 99.755997 0.001019 6.969092 0.000017 
855 10.515434 0.000000 -11.667797 99.755928 0.000724 6.972000 0.000015 
856 13.641644 0.000000 -8.750848 99.756357 0.001058 6.969240 0.000010 
857 -8.241827 0.000000 8.750848 99.757100 -0.000129 6.975617 -0.000014 
858 -11.368037 0.000000 8.750848 99.756799 -0.000088 6.975690 -0.000008 
859 -8.241827 0.000000 11.667797 99.757042 -0.000142 6.975514 -0.000013 
860 -3.552511 0.000000 -4.375424 99.753957 0.000186 6.975407 0.000049 
861 -5.115617 0.000000 -4.375424 99.755000 0.000123 6.975754 0.000028 
862 -3.552511 0.000000 -5.833899 99.754243 0.000213 6.975105 0.000044 
863 10.515434 0.000000 8.750848 99.757719 -0.001189 6.966994 -0.000014 
864 13.641644 0.000000 8.750848 99.757432 -0.001283 6.966396 -0.000008 
865 10.515434 0.000000 11.667797 99.757363 -0.000831 6.971080 -0.000013 
866 5.826119 0.000000 -4.375424 99.754318 0.002003 6.949238 0.000078 
867 5.826119 0.000000 -5.833899 99.754217 0.001404 6.961138 0.000064 
868 7.389224 0.000000 -4.375424 99.755970 0.002112 6.949639 0.000045 
869 -3.552511 0.000000 4.375424 99.758931 -0.000222 6.975742 -0.000051 
870 -5.115617 0.000000 4.375424 99.757826 -0.000154 6.975918 -0.000029 
871 -3.552511 0.000000 5.833899 99.758781 -0.000248 6.975296 -0.000047 
872 -1.207854 0.000000 -2.187712 99.752842 0.006201 6.966329 0.000084 
873 -1.989406 0.000000 -2.187712 99.752041 0.009768 6.972553 0.000091 
874 -1.207854 0.000000 -2.916949 99.747851 0.012256 6.972661 0.000175 
875 5.826119 0.000000 4.375424 99.761830 -0.002252 6.941826 -0.000061 
876 7.389224 0.000000 4.375424 99.760572 -0.002462 6.939370 -0.000033 
877 5.826119 0.000000 5.833899 99.760372 -0.001571 6.957790 -0.000054 
878 3.481461 0.000000 -2.187712 99.737551 0.008323 6.863034 0.000532 
879 3.481461 0.000000 -2.916949 99.745190 0.002748 6.919295 0.000302 
880 4.263014 0.000000 -2.187712 99.751563 0.004332 6.868712 0.000245 
881 -1.207854 0.000000 2.187712 99.772163 -0.002621 6.983949 -0.000326 
882 -1.989406 0.000000 2.187712 99.761309 0.000041 6.977495 -0.000100 
883 -1.207854 0.000000 2.916949 99.764786 0.003128 6.975530 -0.000167 
884 -0.817078 0.000000 -1.093856 99.728874 0.002144 6.973597 0.000552 
885 -1.207854 0.000000 -1.093856 99.738722 -0.000791 6.983797 0.000341 
886 -0.817078 0.000000 -1.458475 99.742991 0.004817 6.962339 0.000286 
887 3.481461 0.000000 2.187712 99.776418 -0.005433 6.845259 -0.000219 
888 4.263014 0.000000 2.187712 99.772542 -0.004311 6.834612 -0.000127 
889 3.481461 0.000000 2.916949 99.773037 -0.002660 6.906140 -0.000235 
890 -0.230913 0.000000 -0.546928 99.558464 0.025987 7.013895 0.003892 
891 -0.426301 0.000000 -0.546928 99.669283 0.015534 7.026210 0.001667 
892 -0.230913 0.000000 -0.729237 99.608039 0.011468 6.964102 0.002974 
893 0.941416 0.000000 -0.546928 99.689768 0.007828 6.724088 0.001674 
894 0.941416 0.000000 -0.729237 99.668192 -0.005331 6.834688 0.001954 
895 -0.817078 0.000000 1.093856 99.761773 0.000704 6.985541 -0.000121 
896 -1.207854 0.000000 1.093856 99.760222 -0.007547 6.979397 -0.000081 
897 -0.817078 0.000000 1.458475 99.772732 -0.004787 6.989408 -0.000345 
898 -0.230913 0.000000 0.546928 99.737538 0.000049 6.951862 0.000410 
899 -0.426301 0.000000 0.546928 99.780113 -0.009258 6.975149 -0.000472 
900 -0.230913 0.000000 0.729237 99.761508 -0.027455 6.993158 -0.000126 
901 -0.133219 0.000000 -0.273464 99.430823 -0.007217 7.529915 0.005681 
902 -0.230913 0.000000 -0.273464 99.677657 0.125627 7.435339 0.000906 
903 -0.133219 0.000000 -0.364619 99.269332 0.060761 7.197498 0.009379 
904 0.941416 0.000000 0.546928 99.927421 0.005922 6.699733 -0.003038 
905 0.941416 0.000000 0.729237 99.888586 0.007216 6.808871 -0.002409 
906 -0.133219 0.000000 0.273464 99.893186 -0.143024 6.446683 -0.002023 
907 -0.230913 0.000000 0.273464 99.934064 0.063074 6.616174 -0.003059 
908 -0.133219 0.000000 0.364619 99.639920 -0.059220 6.742820 0.002642 
909 0.037745 0.000000 -0.113943 86.688098 0.046888 3.361082 0.247387 
910 0.013322 0.000000 -0.113943 85.875124 0.019052 10.217837 0.252106 
911 0.037745 0.000000 -0.136732 91.246449 0.068672 4.936404 0.164971 
912 0.648333 0.000000 -0.273464 101.491861 -0.008084 1.877483 -0.030412 
913 0.648333 0.000000 -0.364619 99.719262 0.029004 6.483832 0.001403 
914 0.746027 0.000000 -0.273464 102.482569 0.019208 2.841307 -0.051075 
915 0.648333 0.000000 0.273464 101.535950 -0.019945 1.878723 -0.031308 
916 0.746027 0.000000 0.273464 102.590725 -0.002140 2.842052 -0.053293 
917 0.648333 0.000000 0.364619 99.937283 -0.044669 6.242277 -0.002643 
918 0.037745 0.000000 0.113943 90.655934 -0.099458 7.171675 0.173006 
919 0.013322 0.000000 0.113943 89.907793 -0.116781 1.824851 0.191325 
920 0.037745 0.000000 0.136732 94.253636 -0.086273 6.741380 0.107080 
921 0.098804 0.000000 -0.079760 90.135928 -0.051859 -14.788736 0.165681 
922 0.098804 0.000000 -0.091155 90.281181 -0.010594 -14.973939 0.162509 
923 0.098804 0.000000 -0.068366 90.126426 -0.054680 -14.770471 0.165906 
924 0.098804 0.000000 0.079760 94.935747 -0.058474 16.042976 0.072982 
925 0.098804 0.000000 0.068366 94.930888 -0.057639 16.046003 0.073065 
926 0.098804 0.000000 0.091155 95.001239 -0.071078 16.016818 0.071822 
927 0.233134 0.000000 -0.068366 85.878001 0.017670 -6.340781 0.258476 
928 0.233134 0.000000 -0.045577 87.345283 -0.016052 -4.735579 0.234838 
929 0.184287 0.000000 -0.113943 98.374497 -0.205056 -7.062687 0.027253 
930 0.184287 0.000000 -0.136732 98.147056 -0.168488 -3.630334 0.035395 
931 0.233134 0.000000 0.068366 85.930155 -0.039044 6.369793 0.257543 
932 0.233134 0.000000 0.045577 87.352387 -0.038408 4.843923 0.234610 
933 0.184287 0.000000 0.113943 101.116121 -0.324138 12.572600 -0.038265 
934 0.184287 0.000000 0.136732 100.448267 -0.281718 11.656249 -0.022580 
935 0.501792 0.000000 -0.045577 100.410955 -0.004457 4.978717 -0.010715 
936 0.550639 0.000000 -0.045577 101.515562 -0.007057 6.298531 -0.034508 
937 0.501792 0.000000 0.000000 101.519376 -0.008185 6.520522 -0.034870 
938 0.501792 0.000000 0.045577 100.463840 -0.016979 4.976408 -0.011775 
939 0.550639 0.000000 0.045577 101.522742 -0.009884 6.299433 -0.034655 
940 0.428522 0.000000 -0.068366 99.076134 -0.000513 2.129406 0.017939 
941 0.452945 0.000000 -0.068366 99.229493 0.001102 3.628533 0.014034 
942 0.428522 0.000000 -0.045577 99.022750 -0.000916 1.891774 0.019092 
943 0.367463 0.000000 -0.102549 104.612552 0.085187 -3.118079 -0.095352 
944 0.367463 0.000000 -0.113943 104.690368 0.079124 -2.630958 -0.096700 
945 0.367463 0.000000 -0.091155 104.930281 0.081683 -2.869645 -0.101861 
946 0.428522 0.000000 0.068366 99.198168 -0.029908 2.124296 0.015521 
947 0.428522 0.000000 0.045577 99.147263 -0.029729 1.886011 0.016626 
948 0.452945 0.000000 0.068366 99.342690 -0.027390 3.623998 0.011790 
949 0.367463 0.000000 0.102549 105.790039 0.013411 3.414151 -0.120319 
950 0.367463 0.000000 0.091155 106.103598 0.010578 3.160856 -0.126796 
951 0.367463 0.000000 0.113943 105.766481 0.016522 2.916210 -0.119505 
952 1.722968 0.000000 -0.546928 99.082579 -0.013007 6.157241 0.014473 
953 1.722968 0.000000 -0.729237 99.308892 0.007899 6.456299 0.009606 
954 1.722968 0.000000 0.546928 100.546204 -0.011705 5.964984 -0.014512 
955 1.722968 0.000000 0.729237 100.148378 -0.022799 6.350461 -0.007003 
956 1.429886 0.000000 -0.273464 100.119319 -0.018412 2.038117 -0.002803 
957 1.429886 0.000000 -0.364619 99.329813 0.015824 6.514557 0.009115 
958 1.527580 0.000000 -0.273464 99.419003 -0.024432 1.796797 0.011263 
959 1.429886 0.000000 0.273464 101.725954 -0.150314 2.212378 -0.035309 
960 1.527580 0.000000 0.273464 103.405744 -0.084713 2.003998 -0.069677 
961 1.429886 0.000000 0.364619 100.365932 -0.005778 6.163789 -0.011131 
962 3.090685 0.000000 -1.093856 99.738828 0.010481 6.524632 0.000960 
963 3.090685 0.000000 -1.458475 99.732937 0.006710 6.729106 0.000806 
964 3.481461 0.000000 -1.093856 99.760015 0.011857 6.540686 0.000516 
965 2.504521 0.000000 -0.546928 99.703417 -0.005393 5.118190 0.003303 
966 2.504521 0.000000 -0.729237 99.663881 -0.000755 5.926872 0.003198 
967 2.699909 0.000000 -0.546928 99.780303 0.004048 5.163628 0.001723 
968 3.090685 0.000000 1.093856 99.803499 -0.008127 6.403623 -0.000174 
969 3.481461 0.000000 1.093856 99.805043 -0.008777 6.368981 -0.000161 
970 3.090685 0.000000 1.458475 99.794780 -0.005215 6.668675 -0.000347 
971 2.504521 0.000000 0.546928 99.819423 0.012701 4.764846 0.001338 
972 2.699909 0.000000 0.546928 99.885760 -0.003759 4.654306 0.000117 
973 2.504521 0.000000 0.729237 99.814901 0.012672 5.720408 0.000426 
974 2.406827 0.000000 -0.273464 99.846594 0.011784 2.154526 0.002602 
975 2.406827 0.000000 -0.364619 99.602476 0.046544 3.334363 0.006823 
976 2.504521 0.000000 -0.273464 99.989750 0.025598 2.325868 -0.000336 
977 2.406827 0.000000 0.273464 99.773944 -0.042140 2.764415 0.003752 
978 2.504521 0.000000 0.273464 100.044849 -0.047560 2.481664 -0.001513 
979 2.406827 0.000000 0.364619 99.643504 -0.027187 3.342091 0.006000 
980 2.357979 0.000000 -0.136732 101.436440 -0.049238 -2.000153 -0.029335 
981 2.357979 0.000000 -0.182309 99.913575 0.003417 -0.244243 0.001722 
982 2.406827 0.000000 -0.136732 101.398897 -0.001005 -0.367716 -0.028187 
983 2.284709 0.000000 -0.113943 92.323836 0.108765 -10.131877 0.137364 
984 2.284709 0.000000 -0.136732 94.958957 0.048947 -3.780459 0.096850 
985 2.309132 0.000000 -0.113943 100.577374 0.072694 -8.758852 -0.019253 
986 2.357979 0.000000 0.136732 101.136152 -0.141865 5.123282 -0.025479 
987 2.406827 0.000000 0.136732 101.258716 -0.085535 3.347004 -0.026454 
988 2.357979 0.000000 0.182309 99.595138 -0.089419 3.885116 0.006571 
989 2.284709 0.000000 0.113943 90.865038 0.052396 13.263363 0.156763 
990 2.309132 0.000000 0.113943 99.849765 0.066154 12.082068 -0.011596 
991 2.284709 0.000000 0.136732 93.887430 0.016187 6.973084 0.113653 
1 11 62 60 61 
2 62 10 24 60 
3 60 24 14 63 
4 61 60 63 6 
5 24 66 64 65 
6 66 23 40 64 
7 64 40 27 67 
8 65 64 67 14 
9 40 70 68 69 
10 69 68 71 27 
11 6 63 92 93 
12 63 14 36 92 
13 92 36 19 94 
14 93 92 94 20 
15 14 67 95 96 
16 67 27 52 95 
17 95 52 35 97 
18 96 95 97 36 
19 27 71 98 99 
20 99 98 100 52 
21 68 112 110 111 
22 112 56 80 110 
23 110 80 43 113 
24 111 110 113 71 
25 80 116 114 115 
26 115 114 117 43 
27 71 113 133 134 
28 113 43 102 133 
29 133 102 76 135 
30 134 133 135 98 
31 43 117 136 137 
32 137 136 138 102 
33 114 141 139 140 
34 141 106 129 139 
35 139 129 83 142 
36 140 139 142 117 
37 129 149 147 148 
38 147 150 132 151 
39 148 147 151 83 
40 117 142 152 153 
41 142 83 144 152 
42 152 144 125 154 
43 153 152 154 136 
44 83 151 155 156 
45 151 132 157 155 
46 156 155 158 144 
47 12 161 159 160 
48 161 7 162 159 
49 159 162 13 25 
50 160 159 25 10 
51 25 165 163 164 
52 165 13 166 163 
53 163 166 26 41 
54 164 163 41 23 
55 41 169 167 168 
56 169 26 170 167 
57 167 170 42 57 
58 168 167 57 39 
59 39 173 171 172 
60 173 57 174 171 
61 171 174 55 81 
62 172 171 81 56 
63 81 177 175 176 
64 177 55 178 175 
65 175 178 82 107 
66 176 175 107 79 
67 79 181 179 180 
68 181 107 182 179 
69 179 182 105 130 
70 180 179 130 106 
71 106 185 183 184 
72 185 130 186 183 
73 184 183 149 129 
74 195 197 109 198 
75 150 195 198 132 
76 149 201 199 200 
77 201 128 202 199 
78 199 202 150 203 
79 200 199 203 147 
80 132 198 210 157 
81 198 109 211 210 
82 19 38 213 214 
83 38 21 215 213 
84 213 215 9 216 
85 214 213 216 22 
86 35 54 217 218 
87 54 37 219 217 
88 217 219 21 220 
89 218 217 220 38 
90 51 78 221 222 
91 78 53 223 221 
92 221 223 37 224 
93 222 221 224 54 
94 76 104 225 226 
95 104 75 227 225 
96 225 227 78 228 
97 226 225 228 51 
98 101 127 229 230 
99 127 103 231 229 
100 229 231 75 232 
101 230 229 232 104 
102 125 146 233 234 
103 146 124 235 233 
104 233 235 127 236 
105 234 233 236 101 
106 144 158 237 238 
107 237 239 146 240 
108 238 237 240 125 
109 155 243 241 242 
110 243 157 244 241 
111 241 244 143 245 
112 242 241 245 158 
113 130 247 246 186 
114 247 105 248 246 
115 249 251 195 252 
116 202 249 252 150 
117 186 255 253 254 
118 255 246 256 253 
119 253 256 196 250 
120 254 253 250 128 
121 128 259 257 258 
122 259 250 260 257 
123 257 260 249 261 
124 258 257 261 202 
125 262 263 124 264 
126 239 262 264 146 
127 157 266 265 244 
128 266 210 267 265 
129 143 268 269 270 
130 268 212 271 269 
131 269 271 262 272 
132 270 269 272 239 
133 244 275 273 274 
134 275 265 276 273 
135 273 276 268 277 
136 274 273 277 143 
137 278 280 194 281 
138 197 278 281 109 
139 283 131 284 282 
140 282 284 197 285 
141 251 282 285 195 
142 107 287 286 182 
143 287 82 288 286 
144 286 288 108 192 
145 182 286 192 105 
146 105 290 289 248 
147 290 192 291 289 
148 246 293 292 256 
149 293 248 294 292 
150 292 294 131 283 
151 256 292 283 196 
152 196 297 295 296 
153 297 283 298 295 
154 295 298 282 299 
155 296 295 299 251 
156 109 281 300 211 
157 281 194 301 300 
158 210 304 303 267 
159 304 211 305 303 
160 303 305 145 306 
161 124 209 307 235 
162 209 126 308 307 
163 307 308 103 309 
164 235 307 309 127 
165 310 311 209 312 
166 263 310 312 124 
167 212 306 313 271 
168 306 145 314 313 
169 313 314 263 315 
170 271 313 315 262 
171 267 318 316 317 
172 318 303 319 316 
173 316 319 306 320 
174 317 316 320 212 
175 131 322 321 284 
176 322 279 323 321 
177 321 323 278 324 
178 284 321 324 197 
179 211 326 325 305 
180 326 300 327 325 
181 325 327 302 328 
182 305 325 328 145 
183 192 334 333 291 
184 334 108 335 333 
185 289 339 337 338 
186 339 291 340 337 
187 337 340 191 341 
188 338 337 341 279 
189 345 347 126 348 
190 311 345 348 209 
191 302 351 349 350 
192 351 207 352 349 
193 349 352 311 353 
194 350 349 353 310 
195 354 355 59 356 
196 280 354 356 194 
197 291 358 357 340 
198 358 333 359 357 
199 357 359 336 360 
200 191 360 361 362 
201 360 336 363 361 
202 361 363 354 364 
203 362 361 364 280 
204 340 367 365 366 
205 367 357 368 365 
206 365 368 360 369 
207 366 365 369 191 
208 194 356 370 301 
209 356 59 371 370 
210 373 346 374 372 
211 372 374 345 375 
212 352 372 375 311 
213 301 378 376 377 
214 378 370 379 376 
215 376 379 346 373 
216 377 376 373 207 
217 207 382 380 381 
218 382 373 383 380 
219 380 383 372 384 
220 381 380 384 352 
221 57 386 385 174 
222 386 42 387 385 
223 385 387 58 89 
224 174 385 89 55 
225 55 389 388 178 
226 389 89 390 388 
227 388 390 88 188 
228 178 388 188 82 
229 82 392 391 288 
230 392 188 393 391 
231 391 393 187 330 
232 288 391 330 108 
233 108 395 394 335 
234 395 330 396 394 
235 333 399 398 359 
236 399 335 400 398 
237 359 398 401 336 
238 75 123 402 227 
239 123 77 403 402 
240 402 403 53 404 
241 227 402 404 78 
242 103 206 405 231 
243 206 121 406 405 
244 405 406 123 407 
245 231 405 407 75 
246 126 344 408 308 
247 344 204 409 408 
248 408 409 206 410 
249 308 408 410 103 
250 411 413 344 414 
251 347 411 414 126 
252 346 416 415 374 
253 415 417 347 418 
254 374 415 418 345 
255 419 420 332 421 
256 355 419 421 59 
257 335 423 422 400 
258 423 394 424 422 
259 336 401 426 363 
260 401 193 427 426 
261 426 427 355 428 
262 363 426 428 354 
263 398 431 429 430 
264 431 400 432 429 
265 429 432 193 433 
266 430 429 433 401 
267 59 421 434 371 
268 421 332 435 434 
269 370 437 436 379 
270 437 371 438 436 
271 436 438 208 416 
272 379 436 416 346 
273 439 441 411 442 
274 417 439 442 347 
275 416 445 443 444 
276 445 208 446 443 
277 443 446 417 447 
278 444 443 447 415 
279 88 453 452 189 
280 453 90 454 452 
281 452 454 5 455 
282 189 452 455 91 
283 187 457 456 331 
284 457 189 458 456 
285 456 458 91 459 
286 331 456 459 190 
287 330 461 460 396 
288 461 187 462 460 
289 460 462 331 463 
290 396 460 463 329 
291 394 465 464 424 
292 465 396 466 464 
293 464 466 329 467 
294 424 464 467 397 
295 193 425 468 427 
296 425 397 469 468 
297 468 469 419 470 
298 427 468 470 355 
299 422 473 471 472 
300 473 424 474 471 
301 471 474 397 475 
302 472 471 475 425 
303 371 477 476 438 
304 477 434 478 476 
305 476 478 412 440 
306 438 476 440 208 
307 91 455 482 205 
308 455 5 483 482 
309 482 483 122 484 
310 205 482 484 121 
311 190 459 485 343 
312 459 91 486 485 
313 485 486 205 487 
314 343 485 487 204 
315 342 489 488 413 
316 489 343 490 488 
317 488 490 204 491 
318 413 488 491 344 
319 412 493 492 441 
320 493 342 494 492 
321 492 494 413 495 
322 441 492 495 411 
323 440 498 496 497 
324 498 412 499 496 
325 496 499 441 500 
326 497 496 500 439 
327 454 510 508 509 
328 508 511 504 512 
329 509 508 512 5 
330 5 512 513 514 
331 512 504 515 513 
332 514 513 516 483 
333 7 518 517 162 
334 518 16 519 517 
335 517 519 15 32 
336 162 517 32 13 
337 13 521 520 166 
338 521 32 522 520 
339 520 522 31 48 
340 166 520 48 26 
341 26 524 523 170 
342 524 48 525 523 
343 523 525 47 85 
344 170 523 85 42 
345 42 527 526 387 
346 527 85 528 526 
347 526 528 84 449 
348 387 526 449 58 
349 58 531 529 530 
350 531 449 532 529 
351 529 532 448 502 
352 530 529 502 90 
353 90 535 533 534 
354 535 502 536 533 
355 533 536 501 510 
356 534 533 510 454 
357 15 538 537 33 
358 538 17 539 537 
359 537 539 8 540 
360 33 537 540 18 
361 31 542 541 49 
362 542 33 543 541 
363 541 543 18 544 
364 49 541 544 34 
365 546 49 547 545 
366 545 547 34 548 
367 448 554 553 503 
368 554 450 555 553 
369 553 555 87 556 
370 503 553 556 451 
371 501 558 557 511 
372 558 503 559 557 
373 557 559 451 560 
374 511 557 560 504 
375 510 563 561 562 
376 563 501 564 561 
377 561 564 511 565 
378 562 561 565 508 
379 18 540 566 45 
380 540 8 567 566 
381 566 567 29 568 
382 45 566 568 28 
383 34 544 569 73 
384 544 18 570 569 
385 569 570 45 571 
386 73 569 571 44 
387 548 34 573 572 
388 572 573 73 574 
389 451 556 578 506 
390 556 87 579 578 
391 578 579 480 580 
392 506 578 580 479 
393 504 560 581 515 
394 560 451 582 581 
395 581 582 506 583 
396 515 581 583 505 
397 21 46 584 215 
398 46 28 585 584 
399 584 585 30 586 
400 215 584 586 9 
401 37 74 587 219 
402 74 44 588 587 
403 587 588 46 589 
404 219 587 589 21 
405 53 120 590 223 
406 120 72 591 590 
407 590 591 74 592 
408 223 590 592 37 
409 77 481 593 403 
410 481 118 594 593 
411 593 594 120 595 
412 403 593 595 53 
413 122 507 596 597 
414 507 479 598 596 
415 596 598 481 599 
416 597 596 599 77 
417 483 516 600 601 
418 516 505 602 600 
419 600 602 507 603 
420 601 600 603 122 
421 513 606 604 605 
422 606 515 607 604 
423 604 607 505 608 
424 605 604 608 516 
425 555 618 616 617 
426 617 616 620 87 
427 87 620 621 622 
428 622 621 624 579 
429 85 626 625 528 
430 626 47 627 625 
431 625 627 86 550 
432 528 625 550 84 
433 84 630 628 629 
434 630 550 631 628 
435 628 631 549 610 
436 629 628 610 450 
437 450 634 632 633 
438 634 610 635 632 
439 632 635 609 618 
440 633 632 618 555 
441 86 637 636 551 
442 637 545 638 636 
443 636 638 548 639 
444 551 636 639 50 
445 641 551 642 640 
446 640 642 50 643 
447 618 650 648 649 
448 650 609 651 648 
449 649 648 652 616 
450 50 639 653 576 
451 639 548 654 653 
452 653 654 572 655 
453 576 653 655 119 
454 643 50 657 656 
455 656 657 576 658 
456 118 577 662 594 
457 577 119 663 662 
458 662 663 72 664 
459 594 662 664 120 
460 480 615 665 666 
461 615 575 667 665 
462 665 667 577 668 
463 666 665 668 118 
464 579 624 669 670 
465 624 613 671 669 
466 669 671 615 672 
467 670 669 672 480 
468 621 675 673 674 
469 673 676 613 677 
470 674 673 677 624 
471 610 679 678 635 
472 679 549 680 678 
473 678 680 611 645 
474 635 678 645 609 
475 609 682 681 651 
476 682 645 683 681 
477 616 652 685 686 
478 685 687 612 688 
479 686 685 688 620 
480 648 691 689 690 
481 691 651 692 689 
482 690 689 693 652 
483 620 688 694 695 
484 688 612 696 694 
485 695 694 675 621 
486 613 661 697 671 
487 661 614 698 697 
488 697 698 575 699 
489 671 697 699 615 
490 700 702 661 703 
491 676 700 703 613 
492 675 706 704 705 
493 704 707 676 708 
494 705 704 708 673 
495 709 710 647 711 
496 687 709 711 612 
497 651 713 712 692 
498 713 681 714 712 
499 652 693 716 717 
500 693 619 718 716 
501 716 718 687 719 
502 717 716 719 685 
503 689 722 720 721 
504 722 692 723 720 
505 720 723 619 724 
506 721 720 724 693 
507 612 711 725 696 
508 711 647 726 725 
509 694 729 727 728 
510 729 696 730 727 
511 727 730 623 706 
512 728 727 706 675 
513 731 733 700 734 
514 707 731 734 676 
515 706 737 735 736 
516 737 623 738 735 
517 735 738 707 739 
518 736 735 739 704 
519 619 715 740 718 
520 715 684 741 740 
521 740 741 709 742 
522 718 740 742 687 
523 692 744 743 723 
524 744 712 745 743 
525 743 745 715 746 
526 723 743 746 619 
527 696 748 747 730 
528 748 725 749 747 
529 747 749 701 732 
530 730 747 732 623 
531 623 751 750 738 
532 751 732 752 750 
533 750 752 731 753 
534 738 750 753 707 
535 755 640 756 754 
536 754 756 643 757 
537 645 759 758 683 
538 759 611 760 758 
539 681 763 762 714 
540 763 683 764 762 
541 762 764 644 765 
542 712 767 766 745 
543 767 714 768 766 
544 766 768 684 769 
545 745 766 769 715 
546 757 643 771 770 
547 770 771 656 772 
548 773 775 614 776 
549 702 773 776 661 
550 778 659 779 777 
551 777 779 702 780 
552 733 777 780 700 
553 732 782 781 752 
554 782 701 783 781 
555 781 783 733 784 
556 752 781 784 731 
557 785 786 552 787 
558 710 785 787 647 
559 684 765 788 741 
560 765 644 789 788 
561 788 789 710 790 
562 741 788 790 709 
563 714 792 791 768 
564 792 762 793 791 
565 791 793 765 794 
566 768 791 794 684 
567 647 787 795 726 
568 787 552 796 795 
569 725 798 797 749 
570 798 726 799 797 
571 797 799 659 778 
572 749 797 778 701 
573 701 801 800 783 
574 801 778 802 800 
575 800 802 777 803 
576 783 800 803 733 
577 804 806 785 807 
578 789 804 807 710 
579 683 809 808 764 
580 809 758 810 808 
581 808 810 761 805 
582 764 808 805 644 
583 644 813 811 812 
584 813 805 814 811 
585 811 814 804 815 
586 812 811 815 789 
587 726 817 816 799 
588 817 795 818 816 
589 659 819 820 779 
590 819 774 821 820 
591 820 821 773 822 
592 779 820 822 702 
593 799 825 823 824 
594 825 816 826 823 
595 823 826 819 827 
596 824 823 827 659 
597 646 829 828 786 
598 829 754 830 828 
599 828 830 757 831 
600 786 828 831 552 
601 761 833 832 806 
602 833 646 834 832 
603 832 834 786 835 
604 806 832 835 785 
605 805 837 836 814 
606 837 761 838 836 
607 836 838 806 839 
608 814 836 839 804 
609 552 831 840 796 
610 831 757 841 840 
611 840 841 770 842 
612 796 840 842 660 
613 795 844 843 818 
614 844 796 845 843 
615 843 845 660 846 
616 818 843 846 774 
617 816 848 847 826 
618 848 818 849 847 
619 847 849 774 850 
620 826 847 850 819 
621 1 853 851 852 
622 853 12 160 851 
623 851 160 10 62 
624 852 851 62 11 
625 16 855 854 519 
626 855 2 856 854 
627 854 856 17 538 
628 519 854 538 15 
629 20 94 857 858 
630 94 19 214 857 
631 857 214 22 859 
632 858 857 859 4 
633 10 862 860 861 
634 862 25 164 860 
635 860 164 23 66 
636 861 860 66 24 
637 28 568 863 585 
638 568 29 864 863 
639 863 864 3 865 
640 585 863 865 30 
641 32 867 866 522 
642 867 15 868 866 
643 866 868 33 542 
644 522 866 542 31 
645 36 97 869 870 
646 97 35 218 869 
647 869 218 38 871 
648 870 869 871 19 
649 23 874 872 873 
650 874 41 168 872 
651 872 168 39 70 
652 873 872 70 40 
653 44 571 875 588 
654 571 45 876 875 
655 875 876 28 877 
656 588 875 877 46 
657 48 879 878 525 
658 879 31 880 878 
659 878 880 49 546 
660 525 878 546 47 
661 52 100 881 882 
662 100 51 222 881 
663 881 222 54 883 
664 882 881 883 35 
665 70 886 884 885 
666 886 39 172 884 
667 884 172 56 112 
668 885 884 112 68 
669 72 574 887 591 
670 574 73 888 887 
671 887 888 44 889 
672 591 887 889 74 
673 56 892 890 891 
674 892 81 176 890 
675 890 176 79 116 
676 891 890 116 80 
677 89 894 893 390 
678 894 58 530 893 
679 893 530 90 453 
680 390 893 453 88 
681 98 135 895 896 
682 135 76 226 895 
683 895 226 51 897 
684 896 895 897 100 
685 102 138 898 899 
686 138 101 230 898 
687 898 230 104 900 
688 899 898 900 76 
689 116 903 901 902 
690 903 79 180 901 
691 901 180 106 141 
692 902 901 141 114 
693 121 484 904 406 
694 484 122 597 904 
695 904 597 77 905 
696 406 904 905 123 
697 136 154 906 907 
698 154 125 234 906 
699 906 234 101 908 
700 907 906 908 138 
701 183 911 909 910 
702 911 186 254 909 
703 909 254 128 201 
704 910 909 201 149 
705 188 913 912 393 
706 913 88 914 912 
707 912 914 189 457 
708 393 912 457 187 
709 204 487 915 409 
710 487 205 916 915 
711 915 916 121 917 
712 409 915 917 206 
713 158 245 918 919 
714 245 143 270 918 
715 918 270 239 920 
716 919 918 920 237 
717 250 922 921 260 
718 922 196 296 921 
719 921 296 251 923 
720 260 921 923 249 
721 265 925 924 276 
722 925 267 317 924 
723 924 317 212 926 
724 276 924 926 268 
725 279 341 927 323 
726 341 191 362 927 
727 927 362 280 928 
728 323 927 928 278 
729 248 930 929 294 
730 930 289 338 929 
731 929 338 279 322 
732 294 929 322 131 
733 300 932 931 327 
734 932 301 377 931 
735 931 377 207 351 
736 327 931 351 302 
737 145 328 933 314 
738 328 302 350 933 
739 933 350 310 934 
740 314 933 934 263 
741 329 463 935 420 
742 463 331 936 935 
743 935 936 190 937 
744 420 935 937 332 
745 332 937 938 435 
746 937 190 939 938 
747 938 939 343 489 
748 435 938 489 342 
749 397 467 940 469 
750 467 329 941 940 
751 940 941 420 942 
752 469 940 942 419 
753 400 944 943 432 
754 944 422 472 943 
755 943 472 425 945 
756 432 943 945 193 
757 434 947 946 478 
758 947 435 948 946 
759 946 948 342 493 
760 478 946 493 412 
761 208 950 949 446 
762 950 440 497 949 
763 949 497 439 951 
764 446 949 951 417 
765 449 953 952 532 
766 953 84 629 952 
767 952 629 450 554 
768 532 952 554 448 
769 479 580 954 598 
770 580 480 666 954 
771 954 666 118 955 
772 598 954 955 481 
773 502 957 956 536 
774 957 448 958 956 
775 956 958 503 558 
776 536 956 558 501 
777 505 583 959 602 
778 583 506 960 959 
779 959 960 479 961 
780 602 959 961 507 
781 47 963 962 627 
782 963 546 964 962 
783 962 964 545 637 
784 627 962 637 86 
785 550 966 965 631 
786 966 86 967 965 
787 965 967 551 641 
788 631 965 641 549 
789 119 655 968 663 
790 655 572 969 968 
791 968 969 574 970 
792 663 968 970 72 
793 575 658 971 667 
794 658 576 972 971 
795 971 972 119 973 
796 667 971 973 577 
797 549 975 974 680 
798 975 641 976 974 
799 974 976 640 755 
800 680 974 755 611 
801 614 772 977 698 
802 772 656 978 977 
803 977 978 658 979 
804 698 977 979 575 
805 611 981 980 760 
806 981 755 982 980 
807 980 982 754 829 
808 760 980 829 646 
809 758 984 983 810 
810 984 760 985 983 
811 983 985 646 833 
812 810 983 833 761 
813 660 842 986 775 
814 842 770 987 986 
815 986 987 772 988 
816 775 986 988 614 
817 774 846 989 821 
818 846 660 990 989 
819 989 990 775 991 
820 821 989 991 773 
