2 0.000000 100.000000 262.180540
991 820 
1 -11.368037 0.000000 -11.641948 99.756095 0.000454 6.975627 0.000006 
2 13.641644 0.000000 -11.641948 99.756221 0.004149 6.972589 0.000008 
3 13.641644 0.000000 11.641948 99.757016 -0.005094 6.971578 -0.000007 
4 -11.368037 0.000000 11.641948 99.756750 -0.000557 6.975637 -0.000007 
5 1.136804 0.000000 0.000000 102.525038 0.007196 6.777320 -0.055732 
6 -11.368037 0.000000 0.000000 99.756397 -0.000055 6.975850 -0.000000 
7 1.136804 0.000000 -11.641948 99.755169 0.002127 6.974084 0.000027 
8 13.641644 0.000000 0.000000 99.812557 0.065647 6.171396 -0.000064 
9 1.136804 0.000000 11.641948 99.757930 -0.002449 6.973895 -0.000028 
10 -5.115617 0.000000 -5.820974 99.755171 0.000790 6.975524 0.000025 
11 -11.368037 0.000000 -5.820974 99.756137 0.000264 6.975749 0.000005 
12 -5.115617 0.000000 -11.641948 99.755650 0.000968 6.975306 0.000016 
13 1.136804 0.000000 -5.820974 99.751684 0.003627 6.969854 0.000102 
14 -5.115617 0.000000 0.000000 99.756138 -0.000097 6.976475 0.000004 
15 7.389224 0.000000 -5.820974 99.755531 0.008014 6.963323 0.000035 
16 7.389224 0.000000 -11.641948 99.755674 0.003492 6.972802 0.000019 
17 13.641644 0.000000 -5.820974 99.756798 0.008582 6.964543 0.000008 
18 7.389224 0.000000 0.000000 99.979578 0.113240 3.778512 -0.001021 
19 -5.115617 0.000000 5.820974 99.757704 -0.000981 6.975693 -0.000026 
20 -11.368037 0.000000 5.820974 99.756684 -0.000373 6.975770 -0.000006 
21 1.136804 0.000000 5.820974 99.762514 -0.004304 6.968976 -0.000113 
22 -5.115617 0.000000 11.641948 99.757278 -0.001134 6.975312 -0.000017 
23 -1.989406 0.000000 -2.910487 99.752299 0.015798 6.973062 0.000085 
24 -5.115617 0.000000 -2.910487 99.755228 0.000446 6.975985 0.000023 
25 -1.989406 0.000000 -5.820974 99.753552 0.001640 6.974260 0.000059 
26 1.136804 0.000000 -2.910487 99.741704 0.005755 6.955517 0.000321 
27 -1.989406 0.000000 0.000000 99.751048 0.000431 6.979230 0.000102 
28 7.389224 0.000000 5.820974 99.758886 -0.009976 6.959627 -0.000027 
29 13.641644 0.000000 5.820974 99.757993 -0.012077 6.956480 -0.000005 
30 7.389224 0.000000 11.641948 99.757494 -0.004097 6.972251 -0.000017 
31 4.263014 0.000000 -2.910487 99.750699 0.021174 6.924797 0.000184 
32 4.263014 0.000000 -5.820974 99.753240 0.006396 6.964493 0.000079 
33 7.389224 0.000000 -2.910487 99.757872 0.016851 6.929978 0.000034 
34 4.263014 0.000000 0.000000 100.062703 0.190350 2.582229 -0.001925 
35 -1.989406 0.000000 2.910487 99.759610 -0.000858 6.975099 -0.000063 
36 -5.115617 0.000000 2.910487 99.757345 -0.000640 6.976240 -0.000020 
37 1.136804 0.000000 2.910487 99.782182 -0.007141 6.949770 -0.000478 
38 -1.989406 0.000000 5.820974 99.759795 -0.001945 6.974552 -0.000066 
39 -0.426301 0.000000 -1.455243 99.728364 0.007332 6.950347 0.000595 
40 -1.989406 0.000000 -1.455243 99.749307 0.009706 6.976070 0.000141 
41 -0.426301 0.000000 -2.910487 99.744618 0.007758 6.968868 0.000245 
42 1.136804 0.000000 -1.455243 99.680690 -0.002130 6.911530 0.001599 
43 -0.426301 0.000000 0.000000 99.869250 -0.056793 7.041557 -0.002345 
44 4.263014 0.000000 2.910487 99.766948 -0.024316 6.912400 -0.000123 
45 7.389224 0.000000 2.910487 99.762670 -0.024089 6.901063 -0.000022 
46 4.263014 0.000000 5.820974 99.760807 -0.007700 6.962354 -0.000069 
47 2.699909 0.000000 -1.455243 99.717091 0.023508 6.773555 0.001062 
48 2.699909 0.000000 -2.910487 99.739730 0.025249 6.932754 0.000392 
49 4.263014 0.000000 -1.455243 99.761141 0.038587 6.779987 0.000174 
50 2.699909 0.000000 0.000000 100.407043 0.282748 3.850821 -0.009648 
51 -0.426301 0.000000 1.455243 99.770495 0.001665 6.989259 -0.000300 
52 -1.989406 0.000000 1.455243 99.758368 -0.003198 6.979219 -0.000044 
53 1.136804 0.000000 1.455243 99.812765 -0.006483 6.885886 -0.001000 
54 -0.426301 0.000000 2.910487 99.768579 -0.010519 6.971665 -0.000237 
55 0.355251 0.000000 -0.727622 99.728201 0.020324 6.722847 0.000909 
56 -0.426301 0.000000 -0.727622 99.660180 0.012311 6.970013 0.001927 
57 0.355251 0.000000 -1.455243 99.738643 -0.001165 6.929412 0.000419 
58 1.136804 0.000000 -0.727622 99.675680 0.025490 6.814116 0.001833 
59 0.355251 0.000000 0.000000 60.357484 -0.006908 0.046157 0.635697 
60 -8.241827 0.000000 -2.910487 99.756018 0.000211 6.975903 0.000007 
61 -11.368037 0.000000 -2.910487 99.756241 0.000116 6.975816 0.000003 
62 -8.241827 0.000000 -5.820974 99.755862 0.000434 6.975735 0.000011 
63 -8.241827 0.000000 0.000000 99.756358 -0.000071 6.976009 0.000000 
64 -3.552511 0.000000 -1.455243 99.754394 0.000338 6.976567 0.000039 
65 -5.115617 0.000000 -1.455243 99.755560 0.000191 6.976279 0.000016 
66 -3.552511 0.000000 -2.910487 99.754042 0.000711 6.975767 0.000047 
67 -3.552511 0.000000 0.000000 99.755624 -0.000116 6.977197 0.000013 
68 -1.207854 0.000000 -0.727622 99.737925 0.006152 6.981197 0.000361 
69 -1.989406 0.000000 -0.727622 99.752390 -0.001316 6.966356 0.000093 
70 -1.207854 0.000000 -1.455243 99.741213 0.001886 6.971491 0.000309 
71 -1.207854 0.000000 0.000000 99.741744 0.002142 6.983079 0.000282 
72 2.699909 0.000000 1.455243 99.777614 -0.028688 6.740900 -0.000101 
73 4.263014 0.000000 1.455243 99.780407 -0.050822 6.690360 -0.000089 
74 2.699909 0.000000 2.910487 99.771946 -0.019769 6.924253 -0.000239 
75 0.355251 0.000000 0.727622 99.960695 -0.020403 6.994220 -0.004106 
76 -0.426301 0.000000 0.727622 99.758248 -0.044362 7.002964 -0.000075 
77 1.136804 0.000000 0.727622 100.035507 -0.006389 6.706033 -0.005207 
78 0.355251 0.000000 1.455243 99.816041 -0.000043 6.963581 -0.001173 
79 -0.035525 0.000000 -0.363811 98.895795 -0.010570 6.809370 0.017325 
80 -0.426301 0.000000 -0.363811 99.685647 0.003295 7.029904 0.001335 
81 -0.035525 0.000000 -0.727622 99.582121 0.022894 6.838676 0.003663 
82 0.355251 0.000000 -0.363811 100.308570 0.106328 5.797307 -0.009543 
83 -0.035525 0.000000 0.000000 156.286777 -0.053851 7.324155 -1.447920 
84 1.918356 0.000000 -0.727622 99.439746 0.034465 6.383403 0.007099 
85 1.918356 0.000000 -1.455243 99.674171 0.010029 6.850666 0.001813 
86 2.699909 0.000000 -0.727622 99.754508 0.067631 6.072858 0.001215 
87 1.918356 0.000000 0.000000 102.861083 0.162436 4.498568 -0.060067 
88 0.746027 0.000000 -0.363811 99.618682 0.036727 6.482683 0.003409 
89 0.746027 0.000000 -0.727622 99.670836 0.036341 6.870293 0.001852 
90 1.136804 0.000000 -0.363811 99.683923 0.011359 6.248394 0.002407 
91 0.746027 0.000000 0.000000 102.867994 0.002152 6.591753 -0.062528 
92 -8.241827 0.000000 2.910487 99.756737 -0.000352 6.975956 -0.000007 
93 -11.368037 0.000000 2.910487 99.756562 -0.000226 6.975831 -0.000003 
94 -8.241827 0.000000 5.820974 99.756961 -0.000572 6.975794 -0.000011 
95 -3.552511 0.000000 1.455243 99.757252 -0.000574 6.977137 -0.000019 
96 -5.115617 0.000000 1.455243 99.756809 -0.000385 6.976457 -0.000009 
97 -3.552511 0.000000 2.910487 99.758323 -0.000952 6.976436 -0.000039 
98 -1.207854 0.000000 0.727622 99.754499 0.000990 6.983738 0.000027 
99 -1.989406 0.000000 0.727622 99.757684 -0.004160 6.989573 -0.000045 
100 -1.207854 0.000000 1.455243 99.760270 -0.000914 6.982631 -0.000087 
101 -0.035525 0.000000 0.363811 99.402135 -0.149105 6.956602 0.007080 
102 -0.426301 0.000000 0.363811 99.763407 -0.012952 6.955042 -0.000111 
103 0.355251 0.000000 0.363811 100.803126 -0.039958 7.038814 -0.021082 
104 -0.035525 0.000000 0.727622 99.787896 -0.015798 7.052861 -0.000737 
105 0.159863 0.000000 -0.181905 97.656219 -0.079180 0.430421 0.046307 
106 -0.035525 0.000000 -0.181905 96.921767 0.240741 9.077571 0.052371 
107 0.159863 0.000000 -0.363811 99.073149 0.081415 5.692630 0.015210 
108 0.355251 0.000000 -0.181905 101.493271 0.162816 3.248298 -0.031146 
109 0.159863 0.000000 0.000000 104.445049 0.093667 0.143560 -0.090880 
110 -0.817078 0.000000 -0.363811 99.725987 -0.003301 6.987661 0.000590 
111 -1.207854 0.000000 -0.363811 99.737609 0.002484 6.979969 0.000369 
112 -0.817078 0.000000 -0.727622 99.721355 0.009976 6.974084 0.000701 
113 -0.817078 0.000000 0.000000 99.741322 -0.014126 7.000916 0.000266 
114 -0.230913 0.000000 -0.181905 99.997036 -0.020862 7.341160 -0.005330 
115 -0.426301 0.000000 -0.181905 99.777703 -0.046929 7.073023 -0.000562 
116 -0.230913 0.000000 -0.363811 99.414389 0.053878 7.189345 0.006509 
117 -0.230913 0.000000 0.000000 100.822541 -0.084690 7.093605 -0.021551 
118 1.918356 0.000000 0.727622 99.964905 -0.047288 6.040463 -0.002947 
119 2.699909 0.000000 0.727622 99.807893 -0.090416 5.961724 0.000283 
120 1.918356 0.000000 1.455243 99.808631 -0.016634 6.773957 -0.000765 
121 0.746027 0.000000 0.363811 99.874431 -0.036328 6.252134 -0.001399 
122 1.136804 0.000000 0.363811 100.319000 -0.012482 6.412961 -0.010503 
123 0.746027 0.000000 0.727622 99.909682 -0.022245 6.772673 -0.002781 
124 0.159863 0.000000 0.181905 99.385844 -0.261325 10.405204 0.001412 
125 -0.035525 0.000000 0.181905 98.284471 0.058272 4.688060 0.031818 
126 0.355251 0.000000 0.181905 102.362095 -0.045621 5.999560 -0.051400 
127 0.159863 0.000000 0.363811 99.728719 -0.094139 7.564779 -0.000305 
128 0.062169 0.000000 -0.090953 84.937186 0.070576 -5.641885 0.275384 
129 -0.035525 0.000000 -0.090953 101.118925 0.090484 23.189769 -0.076281 
130 0.062169 0.000000 -0.181905 95.284087 0.095522 3.922544 0.090555 
131 0.159863 0.000000 -0.090953 97.482652 -0.069720 -13.029620 0.032736 
132 0.062169 0.000000 0.000000 177.828358 0.023148 0.783968 -2.162354 
133 -0.817078 0.000000 0.363811 99.748660 -0.008092 6.991461 0.000132 
134 -1.207854 0.000000 0.363811 99.746534 0.001623 6.984660 0.000184 
135 -0.817078 0.000000 0.727622 99.751314 0.001235 6.987804 0.000085 
136 -0.230913 0.000000 0.181905 100.225533 -0.077368 6.750922 -0.009074 
137 -0.426301 0.000000 0.181905 99.831790 -0.000781 6.964715 -0.001489 
138 -0.230913 0.000000 0.363811 99.654852 -0.042379 6.803058 0.002263 
139 -0.133219 0.000000 -0.090953 102.329789 -0.035202 9.310974 -0.055808 
140 -0.230913 0.000000 -0.090953 100.451291 -0.063244 7.447714 -0.014593 
141 -0.133219 0.000000 -0.181905 99.537029 -0.130514 8.567032 0.001897 
142 -0.133219 0.000000 0.000000 105.158241 0.026321 7.286993 -0.111136 
143 0.062169 0.000000 0.090953 89.741628 -0.012766 12.271228 0.179586 
144 -0.035525 0.000000 0.090953 103.490309 0.017337 -8.182848 -0.077720 
145 0.159863 0.000000 0.090953 101.211680 -0.071344 13.787971 -0.043392 
146 0.062169 0.000000 0.181905 97.227891 -0.107209 8.342449 0.047713 
147 0.013322 0.000000 -0.045476 72.405973 0.160202 -14.115518 0.455810 
148 -0.035525 0.000000 -0.045476 137.573264 -0.020884 33.289252 -1.003458 
149 0.013322 0.000000 -0.090953 75.059557 0.001627 9.332331 0.427897 
150 0.062169 0.000000 -0.045476 175.409319 0.071911 -17.408184 -2.107148 
151 0.013322 0.000000 0.000000 224.551278 -0.003571 3.667807 -4.043673 
152 -0.133219 0.000000 0.090953 102.793688 -0.102847 5.133064 -0.059290 
153 -0.230913 0.000000 0.090953 100.592798 -0.096270 6.705938 -0.016389 
154 -0.133219 0.000000 0.181905 100.062826 -0.168054 5.571403 -0.004364 
155 0.013322 0.000000 0.045476 80.381558 -0.151957 15.921606 0.328528 
156 -0.035525 0.000000 0.045476 137.371208 -0.069584 -17.180872 -0.916604 
157 0.062169 0.000000 0.045476 173.774939 0.007050 18.267968 -2.053145 
158 0.013322 0.000000 0.090953 81.487125 -0.130196 1.418762 0.335782 
159 -1.989406 0.000000 -8.731461 99.754726 0.001600 6.974554 0.000035 
160 -5.115617 0.000000 -8.731461 99.755409 0.000937 6.975340 0.000020 
161 -1.989406 0.000000 -11.641948 99.755339 0.001456 6.974833 0.000022 
162 1.136804 0.000000 -8.731461 99.754239 0.002691 6.972936 0.000047 
163 -0.426301 0.000000 -4.365730 99.750153 0.002692 6.971470 0.000131 
164 -1.989406 0.000000 -4.365730 99.752569 0.001533 6.974243 0.000078 
165 -0.426301 0.000000 -5.820974 99.752451 0.002455 6.972469 0.000083 
166 1.136804 0.000000 -4.365730 99.750086 0.016140 6.965797 0.000140 
167 0.355251 0.000000 -2.182865 99.749903 0.018574 6.950003 0.000165 
168 -0.426301 0.000000 -2.182865 99.742035 0.002944 6.963061 0.000304 
169 0.355251 0.000000 -2.910487 99.744809 0.004056 6.962247 0.000250 
170 1.136804 0.000000 -2.182865 99.747313 0.010046 6.940540 0.000230 
171 -0.035525 0.000000 -1.091433 99.705584 0.009771 6.907150 0.001109 
172 -0.426301 0.000000 -1.091433 99.718263 0.001694 6.941684 0.000808 
173 -0.035525 0.000000 -1.455243 99.707586 0.005005 6.949774 0.001010 
174 0.355251 0.000000 -1.091433 99.736004 0.014080 6.881150 0.000538 
175 0.159863 0.000000 -0.545716 99.514941 0.025996 6.508229 0.005442 
176 -0.035525 0.000000 -0.545716 99.449816 0.038416 6.763007 0.006399 
177 0.159863 0.000000 -0.727622 99.633535 0.024393 6.737669 0.002776 
178 0.355251 0.000000 -0.545716 99.755542 0.036153 6.507000 0.000649 
179 0.062169 0.000000 -0.272858 97.401754 0.170922 5.554952 0.048201 
180 -0.035525 0.000000 -0.272858 97.894267 0.021705 7.340474 0.036283 
181 0.062169 0.000000 -0.363811 98.685574 0.029340 6.249626 0.022210 
182 0.159863 0.000000 -0.272858 98.611758 0.245431 4.079584 0.025902 
183 0.013322 0.000000 -0.136429 91.770054 0.054902 7.786637 0.151762 
184 -0.035525 0.000000 -0.136429 97.131730 0.184003 12.056043 0.042004 
185 0.013322 0.000000 -0.181905 95.279422 0.186328 6.886382 0.087437 
186 0.062169 0.000000 -0.136429 92.539464 0.086712 1.390634 0.143451 
187 0.550639 0.000000 -0.181905 102.123280 -0.000150 5.077842 -0.045495 
188 0.550639 0.000000 -0.363811 99.952105 0.057772 6.594866 -0.003392 
189 0.746027 0.000000 -0.181905 102.895420 0.014262 5.144347 -0.061393 
190 0.550639 0.000000 0.000000 102.163104 -0.008053 6.545471 -0.048014 
191 0.257557 0.000000 -0.090953 101.608150 0.052767 -10.031396 -0.042485 
192 0.257557 0.000000 -0.181905 100.151602 0.031113 1.150913 -0.003167 
193 0.355251 0.000000 -0.090953 104.980014 0.104948 -4.300025 -0.103930 
194 0.257557 0.000000 0.000000 73.220112 0.003334 0.064068 0.463881 
195 0.111016 0.000000 -0.045476 130.832258 -0.000427 -12.319992 -0.726886 
196 0.111016 0.000000 -0.090953 90.843871 -0.013551 -15.066598 0.152039 
197 0.159863 0.000000 -0.045476 103.371234 0.087980 -7.584916 -0.074315 
198 0.111016 0.000000 0.000000 133.542900 -0.015486 0.219679 -0.783375 
199 0.037745 0.000000 -0.068215 73.163165 0.173379 -14.100088 0.444831 
200 0.013322 0.000000 -0.068215 72.404947 0.164094 -13.746197 0.456854 
201 0.037745 0.000000 -0.090953 81.946469 0.050882 -1.816707 0.328147 
202 0.062169 0.000000 -0.068215 77.969307 0.113437 -14.845082 0.370040 
203 0.037745 0.000000 -0.045476 72.768460 0.176129 -14.188008 0.450342 
204 0.550639 0.000000 0.181905 102.201541 -0.019563 5.081155 -0.047097 
205 0.746027 0.000000 0.181905 103.036922 -0.008438 5.138109 -0.064301 
206 0.550639 0.000000 0.363811 100.255351 -0.070614 6.150934 -0.008897 
207 0.257557 0.000000 0.090953 104.288183 -0.008232 10.552112 -0.098737 
208 0.355251 0.000000 0.090953 106.495423 0.007301 4.624177 -0.136266 
209 0.257557 0.000000 0.181905 101.475300 -0.185752 8.679869 -0.037261 
210 0.111016 0.000000 0.045476 130.580519 -0.034441 12.602271 -0.721009 
211 0.159863 0.000000 0.045476 103.346074 0.030799 7.761469 -0.074065 
212 0.111016 0.000000 0.090953 95.521705 -0.117191 16.102314 0.061631 
213 -1.989406 0.000000 8.731461 99.758420 -0.001865 6.974547 -0.000039 
214 -5.115617 0.000000 8.731461 99.757532 -0.001117 6.975398 -0.000022 
215 1.136804 0.000000 8.731461 99.759114 -0.003116 6.972599 -0.000050 
216 -1.989406 0.000000 11.641948 99.757679 -0.001683 6.974781 -0.000024 
217 -0.426301 0.000000 4.365730 99.764569 -0.003174 6.972015 -0.000158 
218 -1.989406 0.000000 4.365730 99.760729 -0.001850 6.975070 -0.000085 
219 1.136804 0.000000 4.365730 99.770816 -0.007773 6.964481 -0.000272 
220 -0.426301 0.000000 5.820974 99.761440 -0.002878 6.972447 -0.000096 
221 0.355251 0.000000 2.182865 99.790082 -0.003924 6.965623 -0.000658 
222 -0.426301 0.000000 2.182865 99.773577 -0.002587 6.977772 -0.000346 
223 1.136804 0.000000 2.182865 99.809936 -0.005526 6.933573 -0.001010 
224 0.355251 0.000000 2.910487 99.778050 -0.004659 6.964865 -0.000417 
225 -0.035525 0.000000 1.091433 99.797396 -0.022404 7.007487 -0.000863 
226 -0.426301 0.000000 1.091433 99.769707 -0.001715 6.999862 -0.000299 
227 0.355251 0.000000 1.091433 99.855619 -0.020174 6.976664 -0.001982 
228 -0.035525 0.000000 1.455243 99.770601 -0.005068 6.972852 -0.000279 
229 0.159863 0.000000 0.545716 99.841202 -0.084850 7.159875 -0.001954 
230 -0.035525 0.000000 0.545716 99.683176 -0.011787 7.079334 0.001315 
231 0.355251 0.000000 0.545716 100.068625 -0.075041 6.991189 -0.006261 
232 0.159863 0.000000 0.727622 99.871400 -0.018457 7.065803 -0.002422 
233 0.062169 0.000000 0.272858 98.402596 -0.015943 7.676485 0.025800 
234 -0.035525 0.000000 0.272858 98.656161 -0.043807 6.427970 0.022564 
235 0.159863 0.000000 0.272858 99.615365 -0.062830 8.540371 0.000384 
236 0.062169 0.000000 0.363811 99.300945 -0.123451 7.285389 0.008623 
237 0.013322 0.000000 0.136429 94.682349 -0.049618 4.808766 0.101213 
238 -0.035525 0.000000 0.136429 99.029724 0.086848 1.929778 0.018938 
239 0.062169 0.000000 0.136429 95.502175 -0.124434 9.428964 0.079041 
240 0.013322 0.000000 0.181905 97.082696 0.007627 6.221308 0.053625 
241 0.037745 0.000000 0.068215 80.796987 -0.067100 16.041797 0.321450 
242 0.013322 0.000000 0.068215 80.316219 -0.147839 15.984778 0.329377 
243 0.037745 0.000000 0.045476 80.551253 -0.057172 15.959632 0.325678 
244 0.062169 0.000000 0.068215 84.704272 -0.088025 16.535107 0.255177 
245 0.037745 0.000000 0.090953 87.323511 -0.015666 9.975367 0.227510 
246 0.111016 0.000000 -0.136429 95.331812 -0.020547 -1.838558 0.090846 
247 0.111016 0.000000 -0.181905 96.387139 0.042872 1.730038 0.070652 
248 0.159863 0.000000 -0.136429 97.451413 -0.183715 -3.280435 0.049243 
249 0.086592 0.000000 -0.068215 90.068689 -0.105712 -14.773626 0.166936 
250 0.086592 0.000000 -0.090953 90.474775 -0.127679 -15.009899 0.158900 
251 0.111016 0.000000 -0.068215 90.853889 -0.024580 -14.815696 0.152607 
252 0.086592 0.000000 -0.045476 151.196705 0.026670 -15.519303 -1.310129 
253 0.086592 0.000000 -0.113691 92.077417 0.088720 -4.009570 0.150566 
254 0.062169 0.000000 -0.113691 89.624864 0.115806 -1.334293 0.196559 
255 0.086592 0.000000 -0.136429 93.923039 0.086976 -0.573430 0.117813 
256 0.111016 0.000000 -0.113691 94.454944 0.008285 -5.328703 0.104987 
257 0.074381 0.000000 -0.079584 87.075684 -0.053197 -14.795267 0.219892 
258 0.062169 0.000000 -0.079584 78.893799 0.096975 -14.915124 0.355330 
259 0.074381 0.000000 -0.090953 85.947273 0.064156 -9.052659 0.253111 
260 0.086592 0.000000 -0.079584 90.195454 -0.101673 -14.821609 0.164509 
261 0.074381 0.000000 -0.068215 84.427075 -0.004004 -14.913352 0.264966 
262 0.111016 0.000000 0.136429 98.002371 -0.119286 11.427607 0.026493 
263 0.159863 0.000000 0.136429 99.877972 -0.322095 11.766792 -0.011417 
264 0.111016 0.000000 0.181905 98.255822 -0.180450 9.750672 0.025069 
265 0.086592 0.000000 0.068215 95.074449 -0.053525 16.064899 0.070277 
266 0.086592 0.000000 0.045476 150.449459 0.001952 15.863521 -1.288669 
267 0.111016 0.000000 0.068215 95.527300 -0.105997 16.161231 0.061334 
268 0.086592 0.000000 0.090953 95.455454 -0.057142 16.091899 0.062930 
269 0.086592 0.000000 0.113691 95.557731 -0.076567 12.402140 0.071490 
270 0.062169 0.000000 0.113691 93.394056 -0.064363 10.682097 0.116344 
271 0.111016 0.000000 0.113691 97.708938 -0.092065 12.945471 0.028537 
272 0.086592 0.000000 0.136429 96.747791 -0.080131 10.735921 0.052460 
273 0.074381 0.000000 0.079584 92.575522 -0.047681 15.994246 0.117395 
274 0.062169 0.000000 0.079584 85.525058 -0.082623 16.435737 0.241532 
275 0.074381 0.000000 0.068215 90.286604 -0.059875 16.219667 0.158525 
276 0.086592 0.000000 0.079584 95.171013 -0.057082 16.075238 0.068406 
277 0.074381 0.000000 0.090953 90.630665 -0.051947 14.812252 0.156668 
278 0.208710 0.000000 -0.045476 84.617758 0.004966 -4.763819 0.281714 
279 0.208710 0.000000 -0.090953 98.852051 -0.029452 -12.420986 0.007399 
280 0.257557 0.000000 -0.045476 72.437373 0.034013 -3.709921 0.473906 
281 0.208710 0.000000 0.000000 85.797820 0.081108 0.113539 0.263871 
282 0.135439 0.000000 -0.068215 91.457902 0.014538 -15.164791 0.140548 
283 0.135439 0.000000 -0.090953 92.617744 -0.006065 -14.768136 0.120386 
284 0.159863 0.000000 -0.068215 102.156802 -0.016611 -11.271694 -0.056306 
285 0.135439 0.000000 -0.045476 115.549277 0.067029 -9.725743 -0.344623 
286 0.257557 0.000000 -0.272858 100.020664 0.120490 4.202603 -0.002181 
287 0.257557 0.000000 -0.363811 99.892087 0.093295 5.513973 -0.000884 
288 0.355251 0.000000 -0.272858 100.485110 0.077068 5.236508 -0.012468 
289 0.208710 0.000000 -0.136429 99.101066 -0.150510 -3.472483 0.016690 
290 0.208710 0.000000 -0.181905 98.752725 -0.017986 0.334015 0.024779 
291 0.257557 0.000000 -0.136429 100.377376 0.151844 -2.915131 -0.008414 
292 0.135439 0.000000 -0.113691 95.798192 -0.034328 -5.983139 0.078691 
293 0.135439 0.000000 -0.136429 96.523277 -0.116246 -2.594501 0.067651 
294 0.159863 0.000000 -0.113691 96.958667 -0.155391 -6.667311 0.055454 
295 0.123228 0.000000 -0.079584 90.976141 0.009509 -14.969837 0.149925 
296 0.111016 0.000000 -0.079584 90.848273 -0.019212 -14.913262 0.152419 
297 0.123228 0.000000 -0.090953 90.820263 0.001167 -15.061499 0.152483 
298 0.135439 0.000000 -0.079584 92.566946 -0.003256 -14.972997 0.120717 
299 0.123228 0.000000 -0.068215 90.824573 -0.001520 -15.062430 0.152402 
300 0.208710 0.000000 0.045476 84.625445 -0.016015 4.941144 0.281412 
301 0.257557 0.000000 0.045476 72.478492 -0.010213 3.798388 0.473244 
302 0.208710 0.000000 0.090953 102.222837 -0.074954 13.107772 -0.062133 
303 0.135439 0.000000 0.068215 95.966784 -0.157370 16.175328 0.052871 
304 0.135439 0.000000 0.045476 115.258515 -0.078442 9.975746 -0.338405 
305 0.159863 0.000000 0.068215 102.184880 -0.090515 11.322190 -0.056995 
306 0.135439 0.000000 0.090953 96.985549 -0.132478 15.731795 0.034630 
307 0.257557 0.000000 0.272858 100.891386 -0.160903 7.960774 -0.024247 
308 0.355251 0.000000 0.272858 101.170510 -0.191023 6.611062 -0.027921 
309 0.257557 0.000000 0.363811 100.492546 -0.081859 7.506812 -0.015511 
310 0.208710 0.000000 0.136429 101.287543 -0.295947 10.979334 -0.037980 
311 0.257557 0.000000 0.136429 102.250307 0.041023 9.658394 -0.054841 
312 0.208710 0.000000 0.181905 100.314898 -0.212544 9.923369 -0.016160 
313 0.135439 0.000000 0.113691 98.943665 -0.148672 12.848353 0.004505 
314 0.159863 0.000000 0.113691 99.890817 -0.271144 12.764389 -0.014118 
315 0.135439 0.000000 0.136429 99.077202 -0.233285 11.625322 0.004851 
316 0.123228 0.000000 0.079584 95.553322 -0.151615 16.134389 0.060922 
317 0.111016 0.000000 0.079584 95.520303 -0.112114 16.137363 0.061544 
318 0.123228 0.000000 0.068215 95.467240 -0.136973 16.092457 0.062702 
319 0.135439 0.000000 0.079584 96.951797 -0.130537 15.949323 0.034595 
320 0.123228 0.000000 0.090953 95.455079 -0.141390 16.090256 0.062941 
321 0.184287 0.000000 -0.068215 91.952423 -0.003449 -9.558517 0.145339 
322 0.184287 0.000000 -0.090953 97.471287 -0.040831 -12.888196 0.033324 
323 0.208710 0.000000 -0.068215 82.513517 0.068699 -7.626828 0.313335 
324 0.184287 0.000000 -0.045476 93.020350 -0.025405 -6.149165 0.130940 
325 0.184287 0.000000 0.068215 92.090739 -0.119054 9.702238 0.142515 
326 0.184287 0.000000 0.045476 93.088240 -0.113498 6.298627 0.129489 
327 0.208710 0.000000 0.068215 82.522601 -0.014098 7.779486 0.312950 
328 0.184287 0.000000 0.090953 101.126683 -0.101080 13.823495 -0.041771 
329 0.452945 0.000000 -0.090953 98.889285 0.002692 2.815201 0.021298 
330 0.452945 0.000000 -0.181905 99.924019 -0.003020 1.186900 0.001378 
331 0.550639 0.000000 -0.090953 101.541460 -0.003662 5.566319 -0.034165 
332 0.452945 0.000000 0.000000 102.163103 -0.008053 6.545471 -0.048014 
333 0.306404 0.000000 -0.136429 101.714739 0.148482 -1.151656 -0.034724 
334 0.306404 0.000000 -0.181905 100.875626 0.121022 1.975388 -0.017981 
335 0.355251 0.000000 -0.136429 104.198625 0.199423 0.130185 -0.085741 
336 0.306404 0.000000 -0.090953 103.694175 0.119932 -6.307361 -0.079228 
337 0.233134 0.000000 -0.113691 100.138160 0.024236 -6.168974 -0.006571 
338 0.208710 0.000000 -0.113691 100.084077 -0.055348 -7.103435 -0.006728 
339 0.233134 0.000000 -0.136429 99.579584 -0.007415 -3.088168 0.007437 
340 0.257557 0.000000 -0.113691 101.625978 0.041270 -10.033405 -0.042851 
341 0.233134 0.000000 -0.090953 101.603555 -0.025487 -10.032860 -0.042394 
342 0.452945 0.000000 0.090953 99.049513 -0.031443 2.808545 0.018130 
343 0.550639 0.000000 0.090953 101.603293 -0.016521 5.565950 -0.035421 
344 0.452945 0.000000 0.181905 100.067266 -0.031866 1.184815 -0.001486 
345 0.306404 0.000000 0.136429 103.254300 0.024887 7.270371 -0.071431 
346 0.306404 0.000000 0.090953 105.633775 -0.020378 6.683223 -0.120316 
347 0.355251 0.000000 0.136429 105.422621 -0.035371 5.524458 -0.114445 
348 0.306404 0.000000 0.181905 101.967072 -0.100995 7.491569 -0.045342 
349 0.233134 0.000000 0.113691 102.583608 -0.081927 10.304955 -0.062960 
350 0.208710 0.000000 0.113691 102.795854 -0.129042 11.961024 -0.071007 
351 0.233134 0.000000 0.090953 104.354043 -0.028401 10.559768 -0.100128 
352 0.257557 0.000000 0.113691 104.307709 -0.016145 10.554354 -0.099149 
353 0.233134 0.000000 0.136429 101.635577 -0.129934 10.176009 -0.043336 
354 0.306404 0.000000 -0.045476 64.245559 0.171157 -1.975526 0.586858 
355 0.355251 0.000000 -0.045476 59.587604 0.008269 -0.912931 0.644848 
356 0.306404 0.000000 0.000000 64.866711 0.024384 0.021376 0.579231 
357 0.281981 0.000000 -0.113691 102.873167 0.143104 -8.251680 -0.065100 
358 0.281981 0.000000 -0.136429 101.472869 0.131036 -1.982615 -0.030069 
359 0.306404 0.000000 -0.113691 103.690391 0.111185 -6.308091 -0.079150 
360 0.281981 0.000000 -0.090953 102.650713 0.136917 -8.579661 -0.061080 
361 0.281981 0.000000 -0.068215 66.404364 0.196644 -4.289018 0.557203 
362 0.257557 0.000000 -0.068215 71.692838 0.043833 -5.755226 0.482701 
363 0.306404 0.000000 -0.068215 63.699901 0.160795 -2.808691 0.593441 
364 0.281981 0.000000 -0.045476 67.559172 0.147487 -2.889841 0.542739 
365 0.269769 0.000000 -0.102322 101.848696 0.100537 -9.782336 -0.046886 
366 0.257557 0.000000 -0.102322 101.606743 0.053673 -10.031237 -0.042456 
367 0.269769 0.000000 -0.113691 101.812034 0.117233 -10.051051 -0.046673 
368 0.281981 0.000000 -0.102322 102.665775 0.148617 -9.017699 -0.062160 
369 0.269769 0.000000 -0.090953 101.711932 0.085742 -10.041398 -0.044615 
370 0.306404 0.000000 0.045476 64.394143 0.013957 1.994990 0.584941 
371 0.355251 0.000000 0.045476 59.558097 -0.022852 1.004668 0.645182 
372 0.281981 0.000000 0.113691 105.184843 0.074314 8.701340 -0.113957 
373 0.281981 0.000000 0.090953 105.026572 0.068586 9.041968 -0.111234 
374 0.306404 0.000000 0.113691 105.616239 -0.040610 6.682171 -0.119944 
375 0.281981 0.000000 0.136429 103.194882 -0.037495 8.422944 -0.072013 
376 0.281981 0.000000 0.068215 66.388761 0.128224 4.335231 0.557372 
377 0.257557 0.000000 0.068215 71.770568 -0.014927 5.845895 0.481481 
378 0.281981 0.000000 0.045476 67.635271 0.083385 2.999582 0.541647 
379 0.306404 0.000000 0.068215 63.818080 -0.012698 2.820217 0.591930 
380 0.269769 0.000000 0.102322 104.462651 0.037665 10.291333 -0.101836 
381 0.257557 0.000000 0.102322 104.286643 -0.007607 10.551936 -0.098705 
382 0.269769 0.000000 0.090953 104.372066 0.025625 10.559949 -0.100504 
383 0.281981 0.000000 0.102322 105.091046 0.100494 9.492569 -0.113425 
384 0.269769 0.000000 0.113691 104.453068 0.058029 10.567524 -0.102212 
385 0.746027 0.000000 -1.091433 99.733173 0.010112 6.897452 0.000572 
386 0.746027 0.000000 -1.455243 99.735758 -0.002528 6.925618 0.000481 
387 1.136804 0.000000 -1.091433 99.718201 -0.010926 6.891636 0.000879 
388 0.550639 0.000000 -0.545716 99.732036 0.042005 6.751165 0.000794 
389 0.550639 0.000000 -0.727622 99.747783 0.018700 6.777150 0.000445 
390 0.746027 0.000000 -0.545716 99.724369 0.040602 6.752204 0.000946 
391 0.452945 0.000000 -0.272858 100.241486 0.106842 6.105277 -0.008564 
392 0.452945 0.000000 -0.363811 100.262368 0.101282 6.413595 -0.009369 
393 0.550639 0.000000 -0.272858 102.104258 -0.006575 1.080866 -0.042645 
394 0.404098 0.000000 -0.136429 97.719076 -0.001308 0.454671 0.045078 
395 0.404098 0.000000 -0.181905 101.658969 0.121451 5.039733 -0.035996 
396 0.452945 0.000000 -0.136429 99.100748 0.001549 2.249346 0.017398 
397 0.404098 0.000000 -0.090953 100.681394 0.030826 -1.308841 -0.013846 
398 0.330828 0.000000 -0.113691 103.706032 0.128115 -6.313329 -0.079482 
399 0.330828 0.000000 -0.136429 102.221196 0.141590 -1.051604 -0.045030 
400 0.355251 0.000000 -0.113691 104.851768 0.111614 -4.543582 -0.101455 
401 0.330828 0.000000 -0.090953 103.699134 0.127077 -6.312871 -0.079338 
402 0.746027 0.000000 1.091433 99.885016 -0.012997 6.905830 -0.002471 
403 1.136804 0.000000 1.091433 99.914136 -0.010350 6.826235 -0.002943 
404 0.746027 0.000000 1.455243 99.832322 0.001407 6.927208 -0.001448 
405 0.550639 0.000000 0.545716 99.988979 -0.046256 6.680139 -0.004242 
406 0.746027 0.000000 0.545716 99.989368 -0.017686 6.667895 -0.004233 
407 0.550639 0.000000 0.727622 99.964087 -0.024636 6.890293 -0.004030 
408 0.452945 0.000000 0.272858 100.723385 -0.070838 5.642727 -0.017705 
409 0.550639 0.000000 0.272858 102.201050 -0.021565 1.078709 -0.044622 
410 0.452945 0.000000 0.363811 100.643542 -0.039495 6.360012 -0.016957 
411 0.404098 0.000000 0.136429 97.911067 -0.041314 0.451999 0.041322 
412 0.404098 0.000000 0.090953 101.287479 0.023233 2.006713 -0.026318 
413 0.452945 0.000000 0.136429 99.258153 -0.031984 2.244323 0.014278 
414 0.404098 0.000000 0.181905 102.325504 -0.099780 4.011241 -0.048661 
415 0.330828 0.000000 0.113691 105.679616 -0.042683 6.688851 -0.121292 
416 0.330828 0.000000 0.090953 105.672103 -0.043584 6.688361 -0.121133 
417 0.355251 0.000000 0.113691 106.425414 0.004509 4.874065 -0.135013 
418 0.330828 0.000000 0.136429 103.584447 0.013907 6.929471 -0.077776 
419 0.404098 0.000000 -0.045476 59.334321 0.033592 1.112095 0.647820 
420 0.452945 0.000000 -0.045476 99.609107 0.003443 4.429167 0.005841 
421 0.404098 0.000000 0.000000 60.533966 0.022600 0.003816 0.633564 
422 0.379675 0.000000 -0.113691 104.440304 0.070267 -2.098978 -0.091219 
423 0.379675 0.000000 -0.136429 104.053633 0.147307 1.910823 -0.083083 
424 0.404098 0.000000 -0.113691 100.271396 0.034877 -1.580768 -0.005685 
425 0.379675 0.000000 -0.090953 104.103934 0.064999 -2.091787 -0.084201 
426 0.330828 0.000000 -0.068215 61.113922 0.088824 -2.772848 0.625739 
427 0.355251 0.000000 -0.068215 58.204391 0.030812 -1.646883 0.660954 
428 0.330828 0.000000 -0.045476 61.589530 0.006157 -1.730189 0.620374 
429 0.343039 0.000000 -0.102322 104.188129 0.137301 -5.989580 -0.089106 
430 0.330828 0.000000 -0.102322 103.702171 0.127534 -6.313073 -0.079401 
431 0.343039 0.000000 -0.113691 104.291333 0.129566 -5.848655 -0.091091 
432 0.355251 0.000000 -0.102322 104.973601 0.105775 -4.653419 -0.104112 
433 0.343039 0.000000 -0.090953 103.994947 0.138301 -6.331472 -0.085506 
434 0.404098 0.000000 0.045476 59.391633 -0.000423 -1.154255 0.647130 
435 0.452945 0.000000 0.045476 99.744570 -0.026051 4.423698 0.003145 
436 0.330828 0.000000 0.068215 61.263901 -0.070488 2.841755 0.623865 
437 0.330828 0.000000 0.045476 61.662977 -0.064576 1.782402 0.619450 
438 0.355251 0.000000 0.068215 58.236858 -0.031466 1.711338 0.660554 
439 0.379675 0.000000 0.113691 105.366788 0.032011 2.372106 -0.110779 
440 0.379675 0.000000 0.090953 104.972366 0.037370 2.363689 -0.102479 
441 0.404098 0.000000 0.113691 100.909078 0.024232 2.106485 -0.018708 
442 0.379675 0.000000 0.136429 105.099381 -0.064446 3.551848 -0.105850 
443 0.343039 0.000000 0.102322 106.076084 -0.013704 6.355420 -0.129253 
444 0.330828 0.000000 0.102322 105.675410 -0.043188 6.688577 -0.121203 
445 0.343039 0.000000 0.090953 105.941174 -0.020712 6.705068 -0.126849 
446 0.355251 0.000000 0.102322 106.554349 0.006524 4.984750 -0.137868 
447 0.343039 0.000000 0.113691 106.139935 -0.012899 6.210319 -0.130425 
448 1.527580 0.000000 -0.363811 99.455824 0.008373 6.181797 0.007032 
449 1.527580 0.000000 -0.727622 99.516779 0.009859 6.703809 0.005147 
450 1.918356 0.000000 -0.363811 98.668449 0.059446 4.642174 0.024298 
451 1.527580 0.000000 0.000000 100.362616 0.011324 6.130258 -0.011023 
452 0.941416 0.000000 -0.181905 102.912627 0.023802 5.169259 -0.061773 
453 0.941416 0.000000 -0.363811 99.621313 0.034258 6.325554 0.003558 
454 1.136804 0.000000 -0.181905 102.272562 0.023083 4.589540 -0.048074 
455 0.941416 0.000000 0.000000 102.998027 0.008912 6.701695 -0.065351 
456 0.648333 0.000000 -0.090953 102.398491 0.000134 5.605747 -0.051688 
457 0.648333 0.000000 -0.181905 102.480907 0.008432 4.605819 -0.052355 
458 0.746027 0.000000 -0.090953 102.988928 0.010125 6.261779 -0.064593 
459 0.648333 0.000000 0.000000 102.602760 -0.001688 6.574338 -0.057055 
460 0.501792 0.000000 -0.136429 99.778061 0.001723 3.364800 0.003302 
461 0.501792 0.000000 -0.181905 101.463613 -0.001632 3.183888 -0.030500 
462 0.550639 0.000000 -0.136429 102.127036 -0.000688 5.862949 -0.046431 
463 0.501792 0.000000 -0.090953 99.784958 0.000232 3.462215 0.003098 
464 0.428522 0.000000 -0.113691 97.827626 0.020166 -0.258135 0.042969 
465 0.428522 0.000000 -0.136429 99.055245 -0.000429 1.275144 0.018643 
466 0.452945 0.000000 -0.113691 98.934245 0.001416 2.292916 0.020676 
467 0.428522 0.000000 -0.090953 98.051219 0.018057 0.136755 0.038594 
468 0.379675 0.000000 -0.068215 57.677297 0.058373 -0.040466 0.667332 
469 0.404098 0.000000 -0.068215 97.729713 0.001788 1.059719 0.044778 
470 0.379675 0.000000 -0.045476 58.675958 0.026266 -0.051514 0.655713 
471 0.391886 0.000000 -0.102322 102.644554 0.043375 -1.897255 -0.053951 
472 0.379675 0.000000 -0.102322 104.451339 0.070830 -2.099272 -0.091449 
473 0.391886 0.000000 -0.113691 102.474454 0.043383 -1.833806 -0.050438 
474 0.404098 0.000000 -0.102322 100.364742 0.035441 -1.629457 -0.007574 
475 0.391886 0.000000 -0.090953 102.287565 0.042996 -1.752962 -0.046582 
476 0.379675 0.000000 0.068215 57.717565 0.003714 0.066264 0.666868 
477 0.379675 0.000000 0.045476 58.753869 -0.020236 0.070925 0.654798 
478 0.404098 0.000000 0.068215 97.919028 -0.037195 1.054038 0.041075 
479 1.527580 0.000000 0.363811 100.590295 -0.011838 5.259844 -0.014607 
480 1.918356 0.000000 0.363811 100.675007 -0.054020 3.586362 -0.014832 
481 1.527580 0.000000 0.727622 100.044426 -0.029963 6.421829 -0.005013 
482 0.941416 0.000000 0.181905 103.223909 -0.001616 5.148864 -0.068169 
483 1.136804 0.000000 0.181905 102.763716 -0.003728 4.550344 -0.058109 
484 0.941416 0.000000 0.363811 99.959358 -0.002816 6.440376 -0.003335 
485 0.648333 0.000000 0.090953 102.462679 -0.010773 5.603527 -0.053000 
486 0.746027 0.000000 0.090953 103.046768 -0.000726 6.261678 -0.065785 
487 0.648333 0.000000 0.181905 102.598775 -0.013859 4.605323 -0.054772 
488 0.501792 0.000000 0.136429 99.914877 -0.028204 3.362576 0.000571 
489 0.501792 0.000000 0.090953 99.915581 -0.027209 3.457535 0.000492 
490 0.550639 0.000000 0.136429 102.194698 -0.016957 5.864110 -0.047814 
491 0.501792 0.000000 0.181905 101.566699 -0.025684 3.183476 -0.032593 
492 0.428522 0.000000 0.113691 98.211331 -0.017678 1.664623 0.035176 
493 0.428522 0.000000 0.090953 98.406438 -0.019019 1.825772 0.031284 
494 0.452945 0.000000 0.113691 99.094346 -0.032818 2.288897 0.017507 
495 0.428522 0.000000 0.136429 99.216177 -0.033092 1.270980 0.015453 
496 0.391886 0.000000 0.102322 103.392052 0.040660 2.210864 -0.069481 
497 0.379675 0.000000 0.102322 105.376518 0.031821 2.372362 -0.110984 
498 0.391886 0.000000 0.090953 103.007028 0.032931 2.103170 -0.061487 
499 0.404098 0.000000 0.102322 101.011864 0.025775 2.128048 -0.020793 
500 0.391886 0.000000 0.113691 103.209884 0.036991 2.163331 -0.065696 
501 1.332192 0.000000 -0.181905 98.769804 0.022399 4.172671 0.022711 
502 1.332192 0.000000 -0.363811 99.583173 0.021353 6.356931 0.004278 
503 1.527580 0.000000 -0.181905 99.924774 0.028620 4.918594 -0.000915 
504 1.332192 0.000000 0.000000 99.544173 0.007887 6.368241 0.005040 
505 1.332192 0.000000 0.181905 100.591935 0.000798 3.107403 -0.012839 
506 1.527580 0.000000 0.181905 101.187727 -0.000542 3.938070 -0.025446 
507 1.332192 0.000000 0.363811 100.636104 -0.006376 5.796223 -0.016122 
508 1.234498 0.000000 -0.090953 97.670264 0.005285 1.914724 0.045685 
509 1.136804 0.000000 -0.090953 101.033566 0.012239 5.437101 -0.023734 
510 1.234498 0.000000 -0.181905 100.600689 0.022340 0.797976 -0.012114 
511 1.332192 0.000000 -0.090953 97.891918 0.005730 3.556312 0.040453 
512 1.234498 0.000000 0.000000 68.373226 -0.013913 0.019200 0.532510 
513 1.234498 0.000000 0.090953 98.684403 0.005557 1.868695 0.025790 
514 1.136804 0.000000 0.090953 101.467911 0.003474 5.422762 -0.032514 
515 1.332192 0.000000 0.090953 99.049276 0.001557 3.381600 0.017781 
516 1.234498 0.000000 0.181905 101.270423 0.004365 0.793664 -0.025633 
517 4.263014 0.000000 -8.731461 99.754642 0.003983 6.971171 0.000041 
518 4.263014 0.000000 -11.641948 99.755320 0.002869 6.973302 0.000025 
519 7.389224 0.000000 -8.731461 99.755480 0.004956 6.970323 0.000026 
520 2.699909 0.000000 -4.365730 99.748509 0.007113 6.958715 0.000181 
521 2.699909 0.000000 -5.820974 99.751971 0.005051 6.966764 0.000101 
522 4.263014 0.000000 -4.365730 99.752106 0.009218 6.954480 0.000115 
523 1.918356 0.000000 -2.182865 99.736975 0.014830 6.921551 0.000463 
524 1.918356 0.000000 -2.910487 99.749363 0.005925 6.949636 0.000177 
525 2.699909 0.000000 -2.182865 99.735554 0.015222 6.896216 0.000526 
526 1.527580 0.000000 -1.091433 99.650218 0.014606 6.843417 0.002300 
527 1.527580 0.000000 -1.455243 99.688476 -0.003086 6.901128 0.001458 
528 1.918356 0.000000 -1.091433 99.623801 0.009505 6.743940 0.002962 
529 1.332192 0.000000 -0.545716 99.594538 0.018636 6.663811 0.003652 
530 1.136804 0.000000 -0.545716 99.653524 0.013075 6.683337 0.002451 
531 1.332192 0.000000 -0.727622 99.631571 0.004944 6.784598 0.002752 
532 1.527580 0.000000 -0.545716 99.460701 0.022110 6.572004 0.006438 
533 1.234498 0.000000 -0.272858 99.917915 -0.003403 5.835911 -0.001765 
534 1.136804 0.000000 -0.272858 102.240977 0.030087 1.107744 -0.045445 
535 1.234498 0.000000 -0.363811 99.711045 0.006503 6.318965 0.001778 
536 1.332192 0.000000 -0.272858 99.050154 0.024574 0.407259 0.018890 
537 10.515434 0.000000 -2.910487 99.758612 0.016450 6.935572 0.000012 
538 10.515434 0.000000 -5.820974 99.756469 0.008522 6.963817 0.000015 
539 13.641644 0.000000 -2.910487 99.758610 0.015736 6.940243 0.000005 
540 10.515434 0.000000 0.000000 99.862572 0.083603 5.455004 -0.000230 
541 5.826119 0.000000 -1.455243 99.764788 0.032100 6.803333 0.000070 
542 5.826119 0.000000 -2.910487 99.756152 0.016481 6.926827 0.000073 
543 7.389224 0.000000 -1.455243 99.765643 0.030948 6.825915 0.000022 
544 5.826119 0.000000 0.000000 100.047538 0.137173 2.800192 -0.001737 
545 3.481461 0.000000 -0.727622 99.798090 0.060449 6.202885 0.000186 
546 3.481461 0.000000 -1.455243 99.752971 0.029898 6.770691 0.000350 
547 4.263014 0.000000 -0.727622 99.798424 0.063878 6.298119 0.000060 
548 3.481461 0.000000 0.000000 100.039635 0.238763 3.029012 -0.001716 
549 2.309132 0.000000 -0.363811 99.338201 0.092806 3.534840 0.011942 
550 2.309132 0.000000 -0.727622 99.587231 0.047658 6.090728 0.004528 
551 2.699909 0.000000 -0.363811 100.007455 0.100742 4.050373 -0.001791 
552 2.309132 0.000000 0.000000 154.523331 0.296733 4.733175 -1.389995 
553 1.722968 0.000000 -0.181905 101.131965 0.044947 5.153444 -0.025423 
554 1.722968 0.000000 -0.363811 98.766567 0.023893 5.785435 0.021169 
555 1.918356 0.000000 -0.181905 102.348282 0.070202 4.363087 -0.049421 
556 1.722968 0.000000 0.000000 101.729161 0.070636 5.784062 -0.038228 
557 1.429886 0.000000 -0.090953 99.359666 0.018602 4.270322 0.010942 
558 1.429886 0.000000 -0.181905 99.080009 0.023845 4.070079 0.016659 
559 1.527580 0.000000 -0.090953 100.104605 0.020634 4.894003 -0.004488 
560 1.429886 0.000000 0.000000 99.544171 0.007887 6.368210 0.005040 
561 1.283345 0.000000 -0.136429 97.199834 0.003349 2.464782 0.054612 
562 1.234498 0.000000 -0.136429 98.021334 0.007592 1.656259 0.038907 
563 1.283345 0.000000 -0.181905 97.798402 0.010590 1.640065 0.043278 
564 1.332192 0.000000 -0.136429 97.816380 0.008360 4.149190 0.041474 
565 1.283345 0.000000 -0.090953 97.013272 0.001105 2.764892 0.058078 
566 10.515434 0.000000 2.910487 99.762924 -0.027123 6.886577 -0.000007 
567 13.641644 0.000000 2.910487 99.764092 -0.030297 6.867237 -0.000003 
568 10.515434 0.000000 5.820974 99.758179 -0.011227 6.958035 -0.000011 
569 5.826119 0.000000 1.455243 99.782231 -0.055494 6.633815 -0.000050 
570 7.389224 0.000000 1.455243 99.785684 -0.060614 6.563521 -0.000027 
571 5.826119 0.000000 2.910487 99.763715 -0.022169 6.906928 -0.000050 
572 3.481461 0.000000 0.727622 99.844744 -0.100455 5.744623 -0.000198 
573 4.263014 0.000000 0.727622 99.862361 -0.112064 5.491447 -0.000266 
574 3.481461 0.000000 1.455243 99.778721 -0.047921 6.717322 -0.000092 
575 2.309132 0.000000 0.363811 99.211588 -0.177636 4.003501 0.014100 
576 2.699909 0.000000 0.363811 100.057654 -0.130550 3.570446 -0.002430 
577 2.309132 0.000000 0.727622 99.741726 -0.064556 5.985092 0.001576 
578 1.722968 0.000000 0.181905 102.469302 0.071573 4.382910 -0.051917 
579 1.918356 0.000000 0.181905 103.734991 0.268174 3.527403 -0.077346 
580 1.722968 0.000000 0.363811 100.624287 -0.041804 4.647426 -0.014685 
581 1.429886 0.000000 0.090953 100.301322 0.005330 3.973523 -0.007614 
582 1.527580 0.000000 0.090953 100.954452 0.008798 4.613310 -0.021308 
583 1.429886 0.000000 0.181905 100.822200 0.003081 3.463445 -0.017711 
584 4.263014 0.000000 8.731461 99.758749 -0.004657 6.970421 -0.000039 
585 7.389224 0.000000 8.731461 99.757989 -0.005923 6.969128 -0.000023 
586 4.263014 0.000000 11.641948 99.757817 -0.003321 6.972940 -0.000024 
587 2.699909 0.000000 4.365730 99.768894 -0.011282 6.954617 -0.000220 
588 4.263014 0.000000 4.365730 99.762816 -0.011275 6.950284 -0.000093 
589 2.699909 0.000000 5.820974 99.762071 -0.006111 6.965201 -0.000098 
590 1.918356 0.000000 2.182865 99.796680 -0.009574 6.893283 -0.000689 
591 2.699909 0.000000 2.182865 99.776313 -0.024412 6.876202 -0.000260 
592 1.918356 0.000000 2.910487 99.792259 -0.019532 6.928897 -0.000650 
593 1.527580 0.000000 1.091433 99.908335 -0.017923 6.707285 -0.002666 
594 1.918356 0.000000 1.091433 99.849068 -0.016806 6.589185 -0.001325 
595 1.527580 0.000000 1.455243 99.837694 -0.007387 6.817213 -0.001404 
596 1.332192 0.000000 0.545716 100.266552 -0.018460 6.356036 -0.009378 
597 1.136804 0.000000 0.545716 100.133484 -0.005287 6.603462 -0.007032 
598 1.527580 0.000000 0.545716 100.269907 -0.021762 6.045373 -0.009060 
599 1.332192 0.000000 0.727622 100.075265 -0.010630 6.575344 -0.005829 
600 1.234498 0.000000 0.272858 101.061987 -0.018711 5.772179 -0.024684 
601 1.136804 0.000000 0.272858 102.782842 -0.001430 1.101852 -0.056553 
602 1.332192 0.000000 0.272858 100.633085 0.006863 0.357760 -0.012715 
603 1.234498 0.000000 0.363811 100.562483 -0.015669 6.173257 -0.015092 
604 1.283345 0.000000 0.136429 98.635626 -0.000265 2.055938 0.026679 
605 1.234498 0.000000 0.136429 98.997515 0.005620 1.627416 0.019684 
606 1.283345 0.000000 0.090953 98.403561 -0.000379 2.521188 0.031038 
607 1.332192 0.000000 0.136429 99.296549 -0.000480 3.729781 0.012628 
608 1.283345 0.000000 0.181905 99.283507 0.002082 1.321178 0.014104 
609 2.113744 0.000000 -0.181905 100.833304 0.122142 5.202365 -0.019443 
610 2.113744 0.000000 -0.363811 99.170893 0.067122 4.210555 0.014740 
611 2.309132 0.000000 -0.181905 98.430584 0.079575 -1.938554 0.030766 
612 2.113744 0.000000 0.000000 121.745092 -0.073084 1.110039 -0.482310 
613 2.113744 0.000000 0.181905 99.147326 -0.090451 -2.405028 0.016402 
614 2.309132 0.000000 0.181905 97.451302 -0.277959 6.805432 0.045685 
615 2.113744 0.000000 0.363811 99.543061 -0.132617 3.070714 0.008173 
616 2.016050 0.000000 -0.090953 103.264915 0.343915 3.010481 -0.067282 
617 1.918356 0.000000 -0.090953 102.497558 0.120863 4.138314 -0.052289 
618 2.016050 0.000000 -0.181905 102.780728 0.127686 1.546605 -0.056629 
619 2.113744 0.000000 -0.090953 107.472038 0.188595 11.309777 -0.167819 
620 2.016050 0.000000 0.000000 102.861089 0.162427 4.498456 -0.060067 
621 2.016050 0.000000 0.090953 104.310681 -0.003999 2.546032 -0.088720 
622 1.918356 0.000000 0.090953 103.419223 0.197430 3.974161 -0.071137 
623 2.113744 0.000000 0.090953 101.985546 0.032269 -10.614822 -0.051373 
624 2.016050 0.000000 0.181905 104.581964 0.285958 1.513955 -0.093976 
625 2.309132 0.000000 -1.091433 99.659734 0.030794 6.635209 0.002391 
626 2.309132 0.000000 -1.455243 99.684359 0.017766 6.798299 0.001681 
627 2.699909 0.000000 -1.091433 99.717285 0.034863 6.592298 0.001300 
628 2.113744 0.000000 -0.545716 99.313084 0.096100 5.511886 0.010652 
629 1.918356 0.000000 -0.545716 99.136846 0.036111 5.812596 0.013810 
630 2.113744 0.000000 -0.727622 99.495467 0.040661 6.205608 0.006214 
631 2.309132 0.000000 -0.545716 99.520798 0.101380 5.313216 0.006737 
632 2.016050 0.000000 -0.272858 99.370166 0.071884 3.343852 0.011438 
633 1.918356 0.000000 -0.272858 101.854942 0.079015 2.681832 -0.038163 
634 2.016050 0.000000 -0.363811 99.004733 0.071603 4.257536 0.017993 
635 2.113744 0.000000 -0.272858 99.208962 0.095811 3.825859 0.014294 
636 3.090685 0.000000 -0.363811 99.937622 0.104167 4.374982 -0.000668 
637 3.090685 0.000000 -0.727622 99.791324 0.060622 6.139688 0.000399 
638 3.481461 0.000000 -0.363811 99.918289 0.099471 4.610578 -0.000493 
639 3.090685 0.000000 0.000000 100.045287 0.256112 3.437616 -0.002094 
640 2.504521 0.000000 -0.181905 100.956238 0.140581 1.781632 -0.019536 
641 2.504521 0.000000 -0.363811 99.927610 0.140193 3.643684 0.000118 
642 2.699909 0.000000 -0.181905 100.311801 0.167320 2.500674 -0.006874 
643 2.504521 0.000000 0.000000 102.180450 0.324906 4.016596 -0.045708 
644 2.211438 0.000000 -0.090953 87.686659 0.236008 15.904726 0.205803 
645 2.211438 0.000000 -0.181905 96.157892 0.137923 3.711071 0.073987 
646 2.309132 0.000000 -0.090953 113.000219 0.204571 -22.040766 -0.325489 
647 2.211438 0.000000 0.000000 178.105037 0.090072 2.253448 -2.172649 
648 2.064897 0.000000 -0.136429 103.238446 0.196564 1.091257 -0.065941 
649 2.016050 0.000000 -0.136429 103.206582 0.373697 3.310525 -0.066270 
650 2.064897 0.000000 -0.181905 101.496312 0.096181 3.780820 -0.031581 
651 2.113744 0.000000 -0.136429 104.079940 0.261160 7.669458 -0.089152 
652 2.064897 0.000000 -0.090953 104.415231 0.338489 4.187783 -0.092019 
653 3.090685 0.000000 0.363811 100.039640 -0.147793 3.110032 -0.001762 
654 3.481461 0.000000 0.363811 100.053889 -0.142660 2.824727 -0.001878 
655 3.090685 0.000000 0.727622 99.838327 -0.093512 5.850473 -0.000193 
656 2.504521 0.000000 0.181905 100.863313 -0.173057 3.312320 -0.018441 
657 2.699909 0.000000 0.181905 100.326822 -0.125029 2.688160 -0.007271 
658 2.504521 0.000000 0.363811 99.865666 -0.149851 4.041294 0.001049 
659 2.211438 0.000000 0.090953 83.903194 0.119790 -15.130896 0.273130 
660 2.309132 0.000000 0.090953 111.787172 0.039371 29.161392 -0.334676 
661 2.211438 0.000000 0.181905 94.701835 -0.170683 0.042249 0.103153 
662 2.309132 0.000000 1.091433 99.795254 -0.040308 6.551631 -0.000202 
663 2.699909 0.000000 1.091433 99.785168 -0.046799 6.543683 0.000010 
664 2.309132 0.000000 1.455243 99.784708 -0.021929 6.752001 -0.000258 
665 2.113744 0.000000 0.545716 99.708032 -0.065385 5.133904 0.003195 
666 1.918356 0.000000 0.545716 100.024597 -0.067874 5.358762 -0.003364 
667 2.309132 0.000000 0.545716 99.617719 -0.102318 5.257361 0.004866 
668 2.113744 0.000000 0.727622 99.815369 -0.061473 5.958790 0.000138 
669 2.016050 0.000000 0.272858 100.547214 -0.080906 1.587048 -0.011227 
670 1.918356 0.000000 0.272858 104.674258 0.272771 2.631257 -0.096370 
671 2.113744 0.000000 0.272858 99.167333 -0.142019 1.143002 0.016451 
672 2.016050 0.000000 0.363811 100.164738 -0.080667 3.221176 -0.004336 
673 2.064897 0.000000 0.136429 104.651414 0.133042 0.983550 -0.095290 
674 2.016050 0.000000 0.136429 104.448459 -0.022326 2.842182 -0.091756 
675 2.064897 0.000000 0.090953 104.306271 0.113562 -1.616427 -0.088242 
676 2.113744 0.000000 0.136429 100.395743 0.042599 -5.968774 -0.011493 
677 2.064897 0.000000 0.181905 100.347208 -0.026252 -1.683184 -0.007240 
678 2.211438 0.000000 -0.272858 97.873217 0.174912 3.143097 0.041092 
679 2.211438 0.000000 -0.363811 99.110142 0.113900 3.924099 0.016177 
680 2.309132 0.000000 -0.272858 98.727397 0.192536 1.726386 0.024988 
681 2.162591 0.000000 -0.136429 98.852231 0.253674 9.252582 0.014256 
682 2.162591 0.000000 -0.181905 98.525163 0.161467 5.514117 0.026236 
683 2.211438 0.000000 -0.136429 93.465426 0.181566 6.502418 0.122190 
684 2.162591 0.000000 -0.090953 98.884529 0.146419 15.526550 -0.001925 
685 2.064897 0.000000 -0.045476 103.333897 0.204579 1.019261 -0.067897 
686 2.016050 0.000000 -0.045476 102.847239 0.359829 4.325668 -0.059640 
687 2.113744 0.000000 -0.045476 118.414808 -0.042064 5.796504 -0.405567 
688 2.064897 0.000000 0.000000 111.079570 0.082037 1.095813 -0.233988 
689 2.089321 0.000000 -0.113691 107.893212 0.241413 5.836718 -0.167507 
690 2.064897 0.000000 -0.113691 105.471222 0.299454 5.013193 -0.114940 
691 2.089321 0.000000 -0.136429 103.780196 0.179242 0.290528 -0.077045 
692 2.113744 0.000000 -0.113691 107.542968 0.188841 11.168132 -0.169025 
693 2.089321 0.000000 -0.090953 107.724456 0.241522 5.655891 -0.163661 
694 2.064897 0.000000 0.045476 104.647002 0.137379 0.931002 -0.095188 
695 2.016050 0.000000 0.045476 104.005038 -0.066682 4.073299 -0.083364 
696 2.113744 0.000000 0.045476 121.353102 -0.081349 -5.564691 -0.475755 
697 2.211438 0.000000 0.272858 97.390718 -0.134980 2.183882 0.051026 
698 2.309132 0.000000 0.272858 98.280466 -0.152327 4.059899 0.032444 
699 2.211438 0.000000 0.363811 99.079764 -0.139091 3.472736 0.017112 
700 2.162591 0.000000 0.136429 96.262523 -0.095818 -6.952813 0.068518 
701 2.162591 0.000000 0.090953 95.089324 -0.055751 -14.823839 0.073827 
702 2.211438 0.000000 0.136429 91.099400 -0.142914 -3.590025 0.168799 
703 2.162591 0.000000 0.181905 96.958313 -0.117540 -2.216953 0.059416 
704 2.089321 0.000000 0.113691 103.634455 0.183065 -5.123787 -0.076639 
705 2.064897 0.000000 0.113691 103.930755 0.176379 -3.446834 -0.081351 
706 2.089321 0.000000 0.090953 103.676467 0.180732 -4.880267 -0.077266 
707 2.113744 0.000000 0.113691 102.042929 0.034228 -10.479083 -0.052257 
708 2.089321 0.000000 0.136429 104.488414 0.295977 0.275829 -0.091799 
709 2.162591 0.000000 -0.045476 141.757064 -0.033051 10.982363 -1.021568 
710 2.211438 0.000000 -0.045476 178.142877 0.100459 14.812108 -2.195429 
711 2.162591 0.000000 0.000000 144.827429 -0.114414 1.484300 -1.097720 
712 2.138168 0.000000 -0.113691 103.390703 0.146112 15.334750 -0.092481 
713 2.138168 0.000000 -0.136429 101.714480 0.277842 9.114360 -0.042898 
714 2.162591 0.000000 -0.113691 98.693900 0.180059 12.905442 0.009293 
715 2.138168 0.000000 -0.090953 103.006079 0.140070 15.277811 -0.084368 
716 2.089321 0.000000 -0.068215 103.779824 0.179423 0.292594 -0.077037 
717 2.064897 0.000000 -0.068215 103.088790 0.487440 3.293681 -0.063838 
718 2.113744 0.000000 -0.068215 115.156759 0.074125 7.826766 -0.332234 
719 2.089321 0.000000 -0.045476 111.889940 0.117201 3.578046 -0.253217 
720 2.101533 0.000000 -0.102322 108.877657 0.203184 8.019546 -0.191870 
721 2.089321 0.000000 -0.102322 108.497990 0.231760 6.234568 -0.181074 
722 2.101533 0.000000 -0.113691 108.987446 0.202303 7.559550 -0.193545 
723 2.113744 0.000000 -0.102322 107.384736 0.187251 11.785981 -0.167043 
724 2.101533 0.000000 -0.090953 108.900233 0.203032 8.123945 -0.192530 
725 2.162591 0.000000 0.045476 143.546084 -0.065738 -10.068280 -1.070685 
726 2.211438 0.000000 0.045476 179.863224 0.036356 -12.991512 -2.251956 
727 2.089321 0.000000 0.068215 104.488653 0.295526 0.277772 -0.091804 
728 2.064897 0.000000 0.068215 104.807643 -0.185555 2.962646 -0.099345 
729 2.089321 0.000000 0.045476 115.351918 0.112428 -3.624512 -0.331921 
730 2.113744 0.000000 0.068215 119.757176 -0.031326 -8.515470 -0.441430 
731 2.138168 0.000000 0.113691 99.012433 -0.065595 -14.571171 -0.001579 
732 2.138168 0.000000 0.090953 98.741957 -0.065652 -14.531986 0.003884 
733 2.162591 0.000000 0.113691 95.318959 -0.126284 -11.507540 0.078186 
734 2.138168 0.000000 0.136429 98.678298 0.001397 -7.018061 0.021334 
735 2.101533 0.000000 0.102322 103.260362 0.105837 -7.474606 -0.071858 
736 2.089321 0.000000 0.102322 103.632111 0.166891 -5.629384 -0.077133 
737 2.101533 0.000000 0.090953 103.215447 0.097238 -7.571021 -0.071076 
738 2.113744 0.000000 0.102322 101.892381 0.028953 -11.064097 -0.050447 
739 2.101533 0.000000 0.113691 103.416752 0.110771 -7.033697 -0.074451 
740 2.138168 0.000000 -0.068215 125.445893 -0.046615 11.997146 -0.588061 
741 2.162591 0.000000 -0.068215 138.847059 -0.026986 15.555675 -0.952049 
742 2.138168 0.000000 -0.045476 128.360247 -0.037160 8.575189 -0.654989 
743 2.125956 0.000000 -0.102322 104.472609 0.179314 15.180344 -0.114500 
744 2.125956 0.000000 -0.113691 105.230560 0.176676 14.447454 -0.128223 
745 2.138168 0.000000 -0.102322 103.168275 0.142453 15.301780 -0.087786 
746 2.125956 0.000000 -0.090953 105.115077 0.175671 14.540434 -0.126063 
747 2.138168 0.000000 0.068215 128.791775 -0.123965 -12.369737 -0.674035 
748 2.138168 0.000000 0.045476 130.681862 -0.126977 -8.023926 -0.714215 
749 2.162591 0.000000 0.068215 141.627944 -0.145779 -15.719211 -1.030559 
750 2.125956 0.000000 0.102322 99.712549 -0.047909 -14.372433 -0.014916 
751 2.125956 0.000000 0.090953 100.189287 -0.030183 -13.745021 -0.022682 
752 2.138168 0.000000 0.102322 98.856542 -0.065699 -14.548562 0.001572 
753 2.125956 0.000000 0.113691 100.271800 -0.027529 -13.652605 -0.024083 
754 2.406827 0.000000 -0.090953 105.064996 0.108292 -0.782136 -0.103928 
755 2.406827 0.000000 -0.181905 101.181386 0.255576 0.009740 -0.023774 
756 2.504521 0.000000 -0.090953 101.787678 0.249747 1.955773 -0.036462 
757 2.406827 0.000000 0.000000 108.588379 0.080371 4.299608 -0.180993 
758 2.260285 0.000000 -0.136429 90.883527 0.137258 -2.524606 0.173379 
759 2.260285 0.000000 -0.181905 95.819695 0.072112 0.217819 0.081853 
760 2.309132 0.000000 -0.136429 99.324669 0.072611 -7.631781 0.007636 
761 2.260285 0.000000 -0.090953 67.671718 0.405239 11.212653 0.529465 
762 2.187015 0.000000 -0.113691 95.673950 0.198788 11.912821 0.070454 
763 2.187015 0.000000 -0.136429 96.191515 0.238217 8.411158 0.067639 
764 2.211438 0.000000 -0.113691 90.237467 0.210275 10.348026 0.175007 
765 2.187015 0.000000 -0.090953 92.186966 0.177899 16.874794 0.121677 
766 2.150380 0.000000 -0.102322 101.846945 0.134136 15.106973 -0.060104 
767 2.150380 0.000000 -0.113691 102.352940 0.131835 15.181643 -0.070662 
768 2.162591 0.000000 -0.102322 99.007189 0.145240 15.690568 -0.004864 
769 2.150380 0.000000 -0.090953 100.997792 0.137620 15.265966 -0.043362 
770 2.406827 0.000000 0.090953 104.671046 -0.079479 6.924943 -0.100399 
771 2.504521 0.000000 0.090953 101.670132 0.077037 4.087764 -0.035353 
772 2.406827 0.000000 0.181905 100.826623 -0.091589 5.100493 -0.019203 
773 2.260285 0.000000 0.136429 88.479770 -0.128090 6.668723 0.212684 
774 2.260285 0.000000 0.090953 62.162832 0.048665 -10.220423 0.603132 
775 2.309132 0.000000 0.136429 97.955554 -0.190622 12.920144 0.023774 
776 2.260285 0.000000 0.181905 94.486208 -0.266449 4.096666 0.105550 
777 2.187015 0.000000 0.113691 92.652340 -0.088487 -10.106481 0.131340 
778 2.187015 0.000000 0.090953 88.574292 0.038815 -16.121517 0.189469 
779 2.211438 0.000000 0.113691 87.221571 -0.070016 -8.246473 0.232439 
780 2.187015 0.000000 0.136429 93.793179 -0.107158 -5.826675 0.116888 
781 2.150380 0.000000 0.102322 97.847534 -0.063741 -14.402202 0.021843 
782 2.150380 0.000000 0.090953 97.052877 -0.062174 -14.559570 0.036875 
783 2.162591 0.000000 0.102322 95.180928 -0.053747 -14.977471 0.071626 
784 2.150380 0.000000 0.113691 98.276209 -0.064879 -14.464815 0.013255 
785 2.260285 0.000000 -0.045476 214.265556 0.250447 1.468827 -3.591195 
786 2.309132 0.000000 -0.045476 147.233575 0.267165 -15.890027 -1.193029 
787 2.260285 0.000000 0.000000 197.658714 0.173973 3.477854 -2.908109 
788 2.187015 0.000000 -0.068215 154.813940 0.047575 19.318084 -1.434055 
789 2.211438 0.000000 -0.068215 178.330275 0.102738 23.600017 -2.235866 
790 2.187015 0.000000 -0.045476 158.299487 0.005179 13.468493 -1.524013 
791 2.174803 0.000000 -0.102322 95.387196 0.159609 16.452776 0.063056 
792 2.174803 0.000000 -0.113691 97.159706 0.190956 12.110862 0.041328 
793 2.187015 0.000000 -0.102322 92.231972 0.174283 16.882959 0.120820 
794 2.174803 0.000000 -0.090953 94.934188 0.161179 16.566431 0.071303 
795 2.260285 0.000000 0.045476 218.392000 0.109234 3.026685 -3.770424 
796 2.309132 0.000000 0.045476 147.792767 0.234528 24.340641 -1.243522 
797 2.187015 0.000000 0.068215 156.888189 0.009657 -19.189208 -1.498213 
798 2.187015 0.000000 0.045476 159.771270 0.025834 -12.069295 -1.567253 
799 2.211438 0.000000 0.068215 180.571325 -0.004520 -23.465939 -2.315665 
800 2.174803 0.000000 0.102322 91.704190 -0.025026 -15.718246 0.134328 
801 2.174803 0.000000 0.090953 91.264575 -0.021398 -15.828083 0.142025 
802 2.187015 0.000000 0.102322 88.634123 0.032616 -16.132812 0.188372 
803 2.174803 0.000000 0.113691 93.983161 -0.122967 -10.433747 0.105829 
804 2.235862 0.000000 -0.068215 72.298720 0.317533 11.976663 0.462935 
805 2.235862 0.000000 -0.090953 73.719080 0.309116 12.211843 0.441627 
806 2.260285 0.000000 -0.068215 65.820872 0.443137 10.907379 0.554845 
807 2.235862 0.000000 -0.045476 198.193246 0.190045 12.866536 -2.944615 
808 2.235862 0.000000 -0.113691 86.060767 0.224954 4.550970 0.257278 
809 2.235862 0.000000 -0.136429 91.075110 0.181286 2.724838 0.169787 
810 2.260285 0.000000 -0.113691 82.984054 0.177715 -4.669755 0.309181 
811 2.223650 0.000000 -0.079584 80.348727 0.277214 13.866212 0.335173 
812 2.211438 0.000000 -0.079584 87.192179 0.238983 15.773972 0.214865 
813 2.223650 0.000000 -0.090953 80.403308 0.277901 13.781153 0.334531 
814 2.235862 0.000000 -0.079584 73.547725 0.309871 12.183487 0.444220 
815 2.223650 0.000000 -0.068215 190.782095 0.126370 20.941768 -2.683638 
816 2.235862 0.000000 0.068215 67.225560 0.080106 -11.057577 0.535845 
817 2.235862 0.000000 0.045476 200.734757 0.062896 -10.268038 -3.039988 
818 2.260285 0.000000 0.068215 60.149176 0.011431 -9.887813 0.628431 
819 2.235862 0.000000 0.090953 68.793465 0.079385 -11.315914 0.513940 
820 2.235862 0.000000 0.113691 82.697296 -0.037932 -1.796996 0.315793 
821 2.260285 0.000000 0.113691 79.257697 -0.069238 8.675580 0.364295 
822 2.235862 0.000000 0.136429 88.662797 -0.103124 0.666868 0.213845 
823 2.223650 0.000000 0.079584 76.016411 0.093325 -13.038487 0.405149 
824 2.211438 0.000000 0.079584 83.375660 0.115887 -14.996284 0.282360 
825 2.223650 0.000000 0.068215 193.485968 -0.001308 -20.575945 -2.786019 
826 2.235862 0.000000 0.079584 68.604591 0.079411 -11.284822 0.516606 
827 2.223650 0.000000 0.090953 76.089898 0.090986 -12.960509 0.404234 
828 2.357979 0.000000 -0.045476 116.978149 0.230145 -1.967046 -0.368781 
829 2.357979 0.000000 -0.090953 109.318730 0.079914 -4.771508 -0.197336 
830 2.406827 0.000000 -0.045476 107.758818 0.087598 1.243616 -0.161352 
831 2.357979 0.000000 0.000000 119.728850 0.227250 4.587723 -0.435610 
832 2.284709 0.000000 -0.068215 181.322053 0.231557 -65.816871 -2.720960 
833 2.284709 0.000000 -0.090953 91.432701 0.234566 -45.771613 -0.045503 
834 2.309132 0.000000 -0.068215 132.171148 0.269666 -24.663823 -0.807759 
835 2.284709 0.000000 -0.045476 188.560434 0.268333 -21.148133 -2.600235 
836 2.248074 0.000000 -0.079584 70.069084 0.350401 11.607894 0.495546 
837 2.248074 0.000000 -0.090953 70.452441 0.345856 11.671371 0.490011 
838 2.260285 0.000000 -0.079584 66.490038 0.431625 11.017851 0.545750 
839 2.248074 0.000000 -0.068215 69.236491 0.366183 11.470416 0.507460 
840 2.357979 0.000000 0.045476 116.548957 0.147995 9.890613 -0.368151 
841 2.406827 0.000000 0.045476 107.433928 0.017096 6.355730 -0.158244 
842 2.357979 0.000000 0.090953 108.706869 -0.062617 11.071199 -0.193976 
843 2.284709 0.000000 0.068215 185.032375 0.141684 76.709264 -3.012131 
844 2.284709 0.000000 0.045476 191.580450 0.236300 29.068494 -2.754810 
845 2.309132 0.000000 0.068215 132.054589 0.151550 32.711133 -0.850846 
846 2.284709 0.000000 0.090953 87.644031 0.043891 54.282243 -0.062804 
847 2.248074 0.000000 0.079584 64.773621 0.072541 -10.652443 0.569090 
848 2.248074 0.000000 0.068215 63.862622 0.066883 -10.501803 0.581127 
849 2.260285 0.000000 0.079584 60.878025 0.029031 -10.008011 0.619370 
850 2.248074 0.000000 0.090953 65.196652 0.072949 -10.722304 0.563442 
851 -8.241827 0.000000 -8.731461 99.755856 0.000577 6.975605 0.000011 
852 -11.368037 0.000000 -8.731461 99.756095 0.000377 6.975680 0.000006 
853 -8.241827 0.000000 -11.641948 99.755916 0.000652 6.975533 0.000010 
854 10.515434 0.000000 -8.731461 99.756059 0.005473 6.970197 0.000014 
855 10.515434 0.000000 -11.641948 99.756001 0.003909 6.972609 0.000012 
856 13.641644 0.000000 -8.731461 99.756360 0.005695 6.970334 0.000008 
857 -8.241827 0.000000 8.731461 99.757006 -0.000711 6.975642 -0.000012 
858 -11.368037 0.000000 8.731461 99.756743 -0.000484 6.975698 -0.000007 
859 -8.241827 0.000000 11.641948 99.756955 -0.000781 6.975547 -0.000011 
860 -3.552511 0.000000 -4.365730 99.754201 0.000967 6.975360 0.000044 
861 -5.115617 0.000000 -4.365730 99.755128 0.000646 6.975717 0.000025 
862 -3.552511 0.000000 -5.820974 99.754504 0.001119 6.975136 0.000039 
863 10.515434 0.000000 8.731461 99.757496 -0.006750 6.968450 -0.000012 
864 13.641644 0.000000 8.731461 99.757257 -0.007298 6.967969 -0.000006 
865 10.515434 0.000000 11.641948 99.757204 -0.004679 6.971841 -0.000011 
866 5.826119 0.000000 -4.365730 99.754697 0.010512 6.953624 0.000065 
867 5.826119 0.000000 -5.820974 99.754569 0.007395 6.963509 0.000054 
868 7.389224 0.000000 -4.365730 99.756051 0.011056 6.954049 0.000037 
869 -3.552511 0.000000 4.365730 99.758631 -0.001207 6.975830 -0.000045 
870 -5.115617 0.000000 4.365730 99.757632 -0.000840 6.975950 -0.000025 
871 -3.552511 0.000000 5.820974 99.758504 -0.001355 6.975399 -0.000042 
872 -1.207854 0.000000 -2.182865 99.755626 -0.000919 6.962860 0.000033 
873 -1.989406 0.000000 -2.182865 99.750035 0.019965 6.975255 0.000128 
874 -1.207854 0.000000 -2.910487 99.748089 0.023078 6.972884 0.000170 
875 5.826119 0.000000 4.365730 99.760826 -0.013178 6.947498 -0.000049 
876 7.389224 0.000000 4.365730 99.759845 -0.014390 6.945521 -0.000027 
877 5.826119 0.000000 5.820974 99.759665 -0.008999 6.960716 -0.000044 
878 3.481461 0.000000 -2.182865 99.744018 0.018893 6.881970 0.000377 
879 3.481461 0.000000 -2.910487 99.745680 0.022846 6.926532 0.000282 
880 4.263014 0.000000 -2.182865 99.752189 0.027295 6.884783 0.000210 
881 -1.207854 0.000000 2.182865 99.772547 -0.007614 6.986202 -0.000337 
882 -1.989406 0.000000 2.182865 99.760311 0.001955 6.978035 -0.000081 
883 -1.207854 0.000000 2.910487 99.767767 -0.008168 6.979068 -0.000231 
884 -0.817078 0.000000 -1.091433 99.727334 0.004220 6.962200 0.000599 
885 -1.207854 0.000000 -1.091433 99.735176 0.000670 6.983222 0.000413 
886 -0.817078 0.000000 -1.455243 99.744768 0.008253 6.956002 0.000260 
887 3.481461 0.000000 2.182865 99.772463 -0.026690 6.866063 -0.000169 
888 4.263014 0.000000 2.182865 99.770444 -0.032587 6.858112 -0.000118 
889 3.481461 0.000000 2.910487 99.770379 -0.025204 6.916533 -0.000197 
890 -0.230913 0.000000 -0.545716 99.541629 0.024364 6.965185 0.004295 
891 -0.426301 0.000000 -0.545716 99.648717 0.014310 6.997970 0.002116 
892 -0.230913 0.000000 -0.727622 99.602297 0.008664 6.934680 0.003129 
893 0.941416 0.000000 -0.545716 99.682451 0.023542 6.714891 0.001832 
894 0.941416 0.000000 -0.727622 99.656119 0.012228 6.842473 0.002184 
895 -0.817078 0.000000 1.091433 99.758599 0.000879 6.993244 -0.000068 
896 -1.207854 0.000000 1.091433 99.757072 -0.007783 6.981405 -0.000021 
897 -0.817078 0.000000 1.455243 99.773862 -0.004760 6.995533 -0.000376 
898 -0.230913 0.000000 0.545716 99.721176 -0.000921 6.993948 0.000677 
899 -0.426301 0.000000 0.545716 99.760057 -0.009598 6.999321 -0.000106 
900 -0.230913 0.000000 0.727622 99.756842 -0.028639 7.017167 -0.000067 
901 -0.133219 0.000000 -0.272858 99.314462 -0.023556 7.347958 0.008264 
902 -0.230913 0.000000 -0.272858 99.581379 0.105390 7.317385 0.002999 
903 -0.133219 0.000000 -0.363811 99.237349 0.048053 7.068813 0.010198 
904 0.941416 0.000000 0.545716 100.010803 -0.009572 6.671736 -0.004667 
905 0.941416 0.000000 0.727622 99.938571 -0.013668 6.773538 -0.003360 
906 -0.133219 0.000000 0.272858 99.779786 -0.153090 6.625508 0.000007 
907 -0.230913 0.000000 0.272858 99.835808 0.049869 6.726492 -0.001244 
908 -0.133219 0.000000 0.363811 99.608470 -0.070290 6.864564 0.003103 
909 0.037745 0.000000 -0.113691 87.326333 0.038593 2.563203 0.236754 
910 0.013322 0.000000 -0.113691 86.498119 0.020881 8.920566 0.243850 
911 0.037745 0.000000 -0.136429 91.557644 0.055233 4.247393 0.159915 
912 0.648333 0.000000 -0.272858 102.110118 -0.004769 1.883692 -0.043002 
913 0.648333 0.000000 -0.363811 99.684621 0.032245 6.525572 0.002039 
914 0.746027 0.000000 -0.272858 103.342661 0.032630 2.855631 -0.068786 
915 0.648333 0.000000 0.272858 102.205071 -0.022469 1.882156 -0.044942 
916 0.746027 0.000000 0.272858 103.561641 0.001095 2.849595 -0.073313 
917 0.648333 0.000000 0.363811 99.949182 -0.053147 6.211088 -0.002842 
918 0.037745 0.000000 0.113691 91.314666 -0.097551 7.953751 0.159836 
919 0.013322 0.000000 0.113691 90.554616 -0.104872 3.117090 0.179013 
920 0.037745 0.000000 0.136429 94.582229 -0.089650 7.419548 0.099914 
921 0.098804 0.000000 -0.079584 90.728043 -0.068509 -14.888127 0.154676 
922 0.098804 0.000000 -0.090953 90.870920 -0.030416 -15.072441 0.151530 
923 0.098804 0.000000 -0.068215 90.719114 -0.071040 -14.868532 0.154896 
924 0.098804 0.000000 0.079584 95.531998 -0.077271 16.141756 0.061308 
925 0.098804 0.000000 0.068215 95.527141 -0.076482 16.145073 0.061390 
926 0.098804 0.000000 0.090953 95.598045 -0.089464 16.116130 0.060128 
927 0.233134 0.000000 -0.068215 76.746539 0.038407 -5.754401 0.407685 
928 0.233134 0.000000 -0.045476 78.149707 0.012885 -4.365979 0.387356 
929 0.184287 0.000000 -0.113691 98.185361 -0.197177 -7.194344 0.030784 
930 0.184287 0.000000 -0.136429 98.058740 -0.175069 -3.703198 0.037074 
931 0.233134 0.000000 0.068215 76.809926 -0.010942 5.812927 0.406644 
932 0.233134 0.000000 0.045476 78.154919 -0.005978 4.495597 0.387160 
933 0.184287 0.000000 0.113691 100.931001 -0.310003 12.665116 -0.034757 
934 0.184287 0.000000 0.136429 100.362575 -0.286099 11.699473 -0.020961 
935 0.501792 0.000000 -0.045476 100.754114 -0.003504 4.997978 -0.017637 
936 0.550639 0.000000 -0.045476 102.154865 -0.006426 6.323745 -0.047561 
937 0.501792 0.000000 0.000000 102.163103 -0.008053 6.545471 -0.048014 
938 0.501792 0.000000 0.045476 100.820982 -0.017492 4.995383 -0.018982 
939 0.550639 0.000000 0.045476 102.170913 -0.010228 6.323989 -0.047889 
940 0.428522 0.000000 -0.068215 99.053866 0.001798 2.135248 0.018377 
941 0.452945 0.000000 -0.068215 99.249208 0.003390 3.642287 0.013633 
942 0.428522 0.000000 -0.045476 99.276579 -0.000447 1.381439 0.014225 
943 0.367463 0.000000 -0.102322 104.897576 0.090660 -3.132793 -0.101332 
944 0.367463 0.000000 -0.113691 104.972892 0.082969 -2.637277 -0.102627 
945 0.367463 0.000000 -0.090953 105.251763 0.088645 -2.881391 -0.108624 
946 0.428522 0.000000 0.068215 99.213261 -0.031591 2.129041 0.015220 
947 0.428522 0.000000 0.045476 99.432518 -0.031974 1.377218 0.011128 
948 0.452945 0.000000 0.068215 99.397792 -0.028639 3.636309 0.010686 
949 0.367463 0.000000 0.102322 106.119793 0.017433 3.430094 -0.127318 
950 0.367463 0.000000 0.090953 106.469070 0.015590 3.173584 -0.134573 
951 0.367463 0.000000 0.113691 106.091364 0.021104 2.923346 -0.126392 
952 1.722968 0.000000 -0.545716 99.299949 0.019832 6.311327 0.009969 
953 1.722968 0.000000 -0.727622 99.386292 0.025819 6.536552 0.007964 
954 1.722968 0.000000 0.545716 100.230105 -0.027324 5.723822 -0.007884 
955 1.722968 0.000000 0.727622 99.976067 -0.038318 6.260281 -0.003441 
956 1.429886 0.000000 -0.272858 98.912161 0.025635 1.685620 0.021354 
957 1.429886 0.000000 -0.363811 99.479086 0.029946 6.246478 0.006489 
958 1.527580 0.000000 -0.272858 100.406297 0.034182 1.567924 -0.008388 
959 1.429886 0.000000 0.272858 100.578036 0.003569 1.392165 -0.011788 
960 1.527580 0.000000 0.272858 101.878131 0.006913 1.292503 -0.038082 
961 1.429886 0.000000 0.363811 100.604394 0.002095 5.528829 -0.015181 
962 3.090685 0.000000 -1.091433 99.749173 0.041622 6.597505 0.000657 
963 3.090685 0.000000 -1.455243 99.741534 0.027961 6.769773 0.000580 
964 3.481461 0.000000 -1.091433 99.766789 0.041481 6.619541 0.000277 
965 2.504521 0.000000 -0.545716 99.737222 0.073198 5.304981 0.002434 
966 2.504521 0.000000 -0.727622 99.692398 0.052437 6.055626 0.002475 
967 2.699909 0.000000 -0.545716 99.827980 0.074268 5.404288 0.000516 
968 3.090685 0.000000 1.091433 99.789731 -0.049379 6.518731 -0.000049 
969 3.481461 0.000000 1.091433 99.795702 -0.060822 6.484341 -0.000123 
970 3.090685 0.000000 1.455243 99.778187 -0.037143 6.729335 -0.000097 
971 2.504521 0.000000 0.545716 99.751932 -0.097989 5.297028 0.002148 
972 2.699909 0.000000 0.545716 99.877037 -0.115741 5.141426 -0.000187 
973 2.504521 0.000000 0.727622 99.760768 -0.083363 6.004824 0.001172 
974 2.406827 0.000000 -0.272858 100.106575 0.120192 2.046700 -0.002553 
975 2.406827 0.000000 -0.363811 99.718740 0.100051 3.467050 0.004414 
976 2.504521 0.000000 -0.272858 100.308499 0.069581 2.564601 -0.006838 
977 2.406827 0.000000 0.272858 99.915019 -0.149734 3.883169 0.000189 
978 2.504521 0.000000 0.272858 100.272308 -0.210491 3.367530 -0.006592 
979 2.406827 0.000000 0.363811 99.667467 -0.161294 4.119263 0.004940 
980 2.357979 0.000000 -0.136429 103.115805 0.041700 -3.511990 -0.064521 
981 2.357979 0.000000 -0.181905 100.594324 0.148370 -1.336586 -0.012103 
982 2.406827 0.000000 -0.136429 102.730129 0.157675 -0.825400 -0.055419 
983 2.284709 0.000000 -0.113691 91.761827 0.173029 -15.923642 0.132617 
984 2.284709 0.000000 -0.136429 94.613594 0.079257 -7.108133 0.099774 
985 2.309132 0.000000 -0.113691 102.940917 0.136628 -13.536195 -0.078008 
986 2.357979 0.000000 0.136429 102.426789 -0.283182 8.831121 -0.056932 
987 2.406827 0.000000 0.136429 102.310000 -0.168446 6.180417 -0.050556 
988 2.357979 0.000000 0.181905 99.977632 -0.221157 6.384283 -0.003633 
989 2.284709 0.000000 0.113691 88.892735 -0.065295 21.581441 0.163232 
990 2.309132 0.000000 0.113691 101.434925 -0.040446 19.523337 -0.067021 
991 2.284709 0.000000 0.136429 92.627120 -0.159505 11.996122 0.127628 
1 11 62 60 61 
2 62 10 24 60 
3 60 24 14 63 
4 61 60 63 6 
5 24 66 64 65 
6 66 23 40 64 
7 64 40 27 67 
8 65 64 67 14 
9 40 70 68 69 
10 69 68 71 27 
11 6 63 92 93 
12 63 14 36 92 
13 92 36 19 94 
14 93 92 94 20 
15 14 67 95 96 
16 67 27 52 95 
17 95 52 35 97 
18 96 95 97 36 
19 27 71 98 99 
20 99 98 100 52 
21 68 112 110 111 
22 112 56 80 110 
23 110 80 43 113 
24 111 110 113 71 
25 80 116 114 115 
26 115 114 117 43 
27 71 113 133 134 
28 113 43 102 133 
29 133 102 76 135 
30 134 133 135 98 
31 43 117 136 137 
32 137 136 138 102 
33 114 141 139 140 
34 141 106 129 139 
35 139 129 83 142 
36 140 139 142 117 
37 129 149 147 148 
38 147 150 132 151 
39 148 147 151 83 
40 117 142 152 153 
41 142 83 144 152 
42 152 144 125 154 
43 153 152 154 136 
44 83 151 155 156 
45 151 132 157 155 
46 156 155 158 144 
47 12 161 159 160 
48 161 7 162 159 
49 159 162 13 25 
50 160 159 25 10 
51 25 165 163 164 
52 165 13 166 163 
53 163 166 26 41 
54 164 163 41 23 
55 41 169 167 168 
56 169 26 170 167 
57 167 170 42 57 
58 168 167 57 39 
59 39 173 171 172 
60 173 57 174 171 
61 171 174 55 81 
62 172 171 81 56 
63 81 177 175 176 
64 177 55 178 175 
65 175 178 82 107 
66 176 175 107 79 
67 79 181 179 180 
68 181 107 182 179 
69 179 182 105 130 
70 180 179 130 106 
71 106 185 183 184 
72 185 130 186 183 
73 184 183 149 129 
74 195 197 109 198 
75 150 195 198 132 
76 149 201 199 200 
77 201 128 202 199 
78 199 202 150 203 
79 200 199 203 147 
80 132 198 210 157 
81 198 109 211 210 
82 19 38 213 214 
83 38 21 215 213 
84 213 215 9 216 
85 214 213 216 22 
86 35 54 217 218 
87 54 37 219 217 
88 217 219 21 220 
89 218 217 220 38 
90 51 78 221 222 
91 78 53 223 221 
92 221 223 37 224 
93 222 221 224 54 
94 76 104 225 226 
95 104 75 227 225 
96 225 227 78 228 
97 226 225 228 51 
98 101 127 229 230 
99 127 103 231 229 
100 229 231 75 232 
101 230 229 232 104 
102 125 146 233 234 
103 146 124 235 233 
104 233 235 127 236 
105 234 233 236 101 
106 144 158 237 238 
107 237 239 146 240 
108 238 237 240 125 
109 155 243 241 242 
110 243 157 244 241 
111 241 244 143 245 
112 242 241 245 158 
113 130 247 246 186 
114 247 105 248 246 
115 249 251 195 252 
116 202 249 252 150 
117 186 255 253 254 
118 255 246 256 253 
119 253 256 196 250 
120 254 253 250 128 
121 128 259 257 258 
122 259 250 260 257 
123 257 260 249 261 
124 258 257 261 202 
125 262 263 124 264 
126 239 262 264 146 
127 157 266 265 244 
128 266 210 267 265 
129 143 268 269 270 
130 268 212 271 269 
131 269 271 262 272 
132 270 269 272 239 
133 244 275 273 274 
134 275 265 276 273 
135 273 276 268 277 
136 274 273 277 143 
137 278 280 194 281 
138 197 278 281 109 
139 283 131 284 282 
140 282 284 197 285 
141 251 282 285 195 
142 107 287 286 182 
143 287 82 288 286 
144 286 288 108 192 
145 182 286 192 105 
146 105 290 289 248 
147 290 192 291 289 
148 246 293 292 256 
149 293 248 294 292 
150 292 294 131 283 
151 256 292 283 196 
152 196 297 295 296 
153 297 283 298 295 
154 295 298 282 299 
155 296 295 299 251 
156 109 281 300 211 
157 281 194 301 300 
158 210 304 303 267 
159 304 211 305 303 
160 303 305 145 306 
161 124 209 307 235 
162 209 126 308 307 
163 307 308 103 309 
164 235 307 309 127 
165 310 311 209 312 
166 263 310 312 124 
167 212 306 313 271 
168 306 145 314 313 
169 313 314 263 315 
170 271 313 315 262 
171 267 318 316 317 
172 318 303 319 316 
173 316 319 306 320 
174 317 316 320 212 
175 131 322 321 284 
176 322 279 323 321 
177 321 323 278 324 
178 284 321 324 197 
179 211 326 325 305 
180 326 300 327 325 
181 325 327 302 328 
182 305 325 328 145 
183 192 334 333 291 
184 334 108 335 333 
185 289 339 337 338 
186 339 291 340 337 
187 337 340 191 341 
188 338 337 341 279 
189 345 347 126 348 
190 311 345 348 209 
191 302 351 349 350 
192 351 207 352 349 
193 349 352 311 353 
194 350 349 353 310 
195 354 355 59 356 
196 280 354 356 194 
197 291 358 357 340 
198 358 333 359 357 
199 357 359 336 360 
200 191 360 361 362 
201 360 336 363 361 
202 361 363 354 364 
203 362 361 364 280 
204 340 367 365 366 
205 367 357 368 365 
206 365 368 360 369 
207 366 365 369 191 
208 194 356 370 301 
209 356 59 371 370 
210 373 346 374 372 
211 372 374 345 375 
212 352 372 375 311 
213 301 378 376 377 
214 378 370 379 376 
215 376 379 346 373 
216 377 376 373 207 
217 207 382 380 381 
218 382 373 383 380 
219 380 383 372 384 
220 381 380 384 352 
221 57 386 385 174 
222 386 42 387 385 
223 385 387 58 89 
224 174 385 89 55 
225 55 389 388 178 
226 389 89 390 388 
227 388 390 88 188 
228 178 388 188 82 
229 82 392 391 288 
230 392 188 393 391 
231 391 393 187 330 
232 288 391 330 108 
233 108 395 394 335 
234 395 330 396 394 
235 333 399 398 359 
236 399 335 400 398 
237 359 398 401 336 
238 75 123 402 227 
239 123 77 403 402 
240 402 403 53 404 
241 227 402 404 78 
242 103 206 405 231 
243 206 121 406 405 
244 405 406 123 407 
245 231 405 407 75 
246 126 344 408 308 
247 344 204 409 408 
248 408 409 206 410 
249 308 408 410 103 
250 411 413 344 414 
251 347 411 414 126 
252 346 416 415 374 
253 415 417 347 418 
254 374 415 418 345 
255 419 420 332 421 
256 355 419 421 59 
257 335 423 422 400 
258 423 394 424 422 
259 336 401 426 363 
260 401 193 427 426 
261 426 427 355 428 
262 363 426 428 354 
263 398 431 429 430 
264 431 400 432 429 
265 429 432 193 433 
266 430 429 433 401 
267 59 421 434 371 
268 421 332 435 434 
269 370 437 436 379 
270 437 371 438 436 
271 436 438 208 416 
272 379 436 416 346 
273 439 441 411 442 
274 417 439 442 347 
275 416 445 443 444 
276 445 208 446 443 
277 443 446 417 447 
278 444 443 447 415 
279 88 453 452 189 
280 453 90 454 452 
281 452 454 5 455 
282 189 452 455 91 
283 187 457 456 331 
284 457 189 458 456 
285 456 458 91 459 
286 331 456 459 190 
287 330 461 460 396 
288 461 187 462 460 
289 460 462 331 463 
290 396 460 463 329 
291 394 465 464 424 
292 465 396 466 464 
293 464 466 329 467 
294 424 464 467 397 
295 193 425 468 427 
296 425 397 469 468 
297 468 469 419 470 
298 427 468 470 355 
299 422 473 471 472 
300 473 424 474 471 
301 471 474 397 475 
302 472 471 475 425 
303 371 477 476 438 
304 477 434 478 476 
305 476 478 412 440 
306 438 476 440 208 
307 91 455 482 205 
308 455 5 483 482 
309 482 483 122 484 
310 205 482 484 121 
311 190 459 485 343 
312 459 91 486 485 
313 485 486 205 487 
314 343 485 487 204 
315 342 489 488 413 
316 489 343 490 488 
317 488 490 204 491 
318 413 488 491 344 
319 412 493 492 441 
320 493 342 494 492 
321 492 494 413 495 
322 441 492 495 411 
323 440 498 496 497 
324 498 412 499 496 
325 496 499 441 500 
326 497 496 500 439 
327 454 510 508 509 
328 508 511 504 512 
329 509 508 512 5 
330 5 512 513 514 
331 512 504 515 513 
332 514 513 516 483 
333 7 518 517 162 
334 518 16 519 517 
335 517 519 15 32 
336 162 517 32 13 
337 13 521 520 166 
338 521 32 522 520 
339 520 522 31 48 
340 166 520 48 26 
341 26 524 523 170 
342 524 48 525 523 
343 523 525 47 85 
344 170 523 85 42 
345 42 527 526 387 
346 527 85 528 526 
347 526 528 84 449 
348 387 526 449 58 
349 58 531 529 530 
350 531 449 532 529 
351 529 532 448 502 
352 530 529 502 90 
353 90 535 533 534 
354 535 502 536 533 
355 533 536 501 510 
356 534 533 510 454 
357 15 538 537 33 
358 538 17 539 537 
359 537 539 8 540 
360 33 537 540 18 
361 31 542 541 49 
362 542 33 543 541 
363 541 543 18 544 
364 49 541 544 34 
365 546 49 547 545 
366 545 547 34 548 
367 448 554 553 503 
368 554 450 555 553 
369 553 555 87 556 
370 503 553 556 451 
371 501 558 557 511 
372 558 503 559 557 
373 557 559 451 560 
374 511 557 560 504 
375 510 563 561 562 
376 563 501 564 561 
377 561 564 511 565 
378 562 561 565 508 
379 18 540 566 45 
380 540 8 567 566 
381 566 567 29 568 
382 45 566 568 28 
383 34 544 569 73 
384 544 18 570 569 
385 569 570 45 571 
386 73 569 571 44 
387 548 34 573 572 
388 572 573 73 574 
389 451 556 578 506 
390 556 87 579 578 
391 578 579 480 580 
392 506 578 580 479 
393 504 560 581 515 
394 560 451 582 581 
395 581 582 506 583 
396 515 581 583 505 
397 21 46 584 215 
398 46 28 585 584 
399 584 585 30 586 
400 215 584 586 9 
401 37 74 587 219 
402 74 44 588 587 
403 587 588 46 589 
404 219 587 589 21 
405 53 120 590 223 
406 120 72 591 590 
407 590 591 74 592 
408 223 590 592 37 
409 77 481 593 403 
410 481 118 594 593 
411 593 594 120 595 
412 403 593 595 53 
413 122 507 596 597 
414 507 479 598 596 
415 596 598 481 599 
416 597 596 599 77 
417 483 516 600 601 
418 516 505 602 600 
419 600 602 507 603 
420 601 600 603 122 
421 513 606 604 605 
422 606 515 607 604 
423 604 607 505 608 
424 605 604 608 516 
425 555 618 616 617 
426 617 616 620 87 
427 87 620 621 622 
428 622 621 624 579 
429 85 626 625 528 
430 626 47 627 625 
431 625 627 86 550 
432 528 625 550 84 
433 84 630 628 629 
434 630 550 631 628 
435 628 631 549 610 
436 629 628 610 450 
437 450 634 632 633 
438 634 610 635 632 
439 632 635 609 618 
440 633 632 618 555 
441 86 637 636 551 
442 637 545 638 636 
443 636 638 548 639 
444 551 636 639 50 
445 641 551 642 640 
446 640 642 50 643 
447 618 650 648 649 
448 650 609 651 648 
449 649 648 652 616 
450 50 639 653 576 
451 639 548 654 653 
452 653 654 572 655 
453 576 653 655 119 
454 643 50 657 656 
455 656 657 576 658 
456 118 577 662 594 
457 577 119 663 662 
458 662 663 72 664 
459 594 662 664 120 
460 480 615 665 666 
461 615 575 667 665 
462 665 667 577 668 
463 666 665 668 118 
464 579 624 669 670 
465 624 613 671 669 
466 669 671 615 672 
467 670 669 672 480 
468 621 675 673 674 
469 673 676 613 677 
470 674 673 677 624 
471 610 679 678 635 
472 679 549 680 678 
473 678 680 611 645 
474 635 678 645 609 
475 609 682 681 651 
476 682 645 683 681 
477 616 652 685 686 
478 685 687 612 688 
479 686 685 688 620 
480 648 691 689 690 
481 691 651 692 689 
482 690 689 693 652 
483 620 688 694 695 
484 688 612 696 694 
485 695 694 675 621 
486 613 661 697 671 
487 661 614 698 697 
488 697 698 575 699 
489 671 697 699 615 
490 700 702 661 703 
491 676 700 703 613 
492 675 706 704 705 
493 704 707 676 708 
494 705 704 708 673 
495 709 710 647 711 
496 687 709 711 612 
497 651 713 712 692 
498 713 681 714 712 
499 652 693 716 717 
500 693 619 718 716 
501 716 718 687 719 
502 717 716 719 685 
503 689 722 720 721 
504 722 692 723 720 
505 720 723 619 724 
506 721 720 724 693 
507 612 711 725 696 
508 711 647 726 725 
509 694 729 727 728 
510 729 696 730 727 
511 727 730 623 706 
512 728 727 706 675 
513 731 733 700 734 
514 707 731 734 676 
515 706 737 735 736 
516 737 623 738 735 
517 735 738 707 739 
518 736 735 739 704 
519 619 715 740 718 
520 715 684 741 740 
521 740 741 709 742 
522 718 740 742 687 
523 692 744 743 723 
524 744 712 745 743 
525 743 745 715 746 
526 723 743 746 619 
527 696 748 747 730 
528 748 725 749 747 
529 747 749 701 732 
530 730 747 732 623 
531 623 751 750 738 
532 751 732 752 750 
533 750 752 731 753 
534 738 750 753 707 
535 755 640 756 754 
536 754 756 643 757 
537 645 759 758 683 
538 759 611 760 758 
539 681 763 762 714 
540 763 683 764 762 
541 762 764 644 765 
542 712 767 766 745 
543 767 714 768 766 
544 766 768 684 769 
545 745 766 769 715 
546 757 643 771 770 
547 770 771 656 772 
548 773 775 614 776 
549 702 773 776 661 
550 778 659 779 777 
551 777 779 702 780 
552 733 777 780 700 
553 732 782 781 752 
554 782 701 783 781 
555 781 783 733 784 
556 752 781 784 731 
557 785 786 552 787 
558 710 785 787 647 
559 684 765 788 741 
560 765 644 789 788 
561 788 789 710 790 
562 741 788 790 709 
563 714 792 791 768 
564 792 762 793 791 
565 791 793 765 794 
566 768 791 794 684 
567 647 787 795 726 
568 787 552 796 795 
569 725 798 797 749 
570 798 726 799 797 
571 797 799 659 778 
572 749 797 778 701 
573 701 801 800 783 
574 801 778 802 800 
575 800 802 777 803 
576 783 800 803 733 
577 804 806 785 807 
578 789 804 807 710 
579 683 809 808 764 
580 809 758 810 808 
581 808 810 761 805 
582 764 808 805 644 
583 644 813 811 812 
584 813 805 814 811 
585 811 814 804 815 
586 812 811 815 789 
587 726 817 816 799 
588 817 795 818 816 
589 659 819 820 779 
590 819 774 821 820 
591 820 821 773 822 
592 779 820 822 702 
593 799 825 823 824 
594 825 816 826 823 
595 823 826 819 827 
596 824 823 827 659 
597 646 829 828 786 
598 829 754 830 828 
599 828 830 757 831 
600 786 828 831 552 
601 761 833 832 806 
602 833 646 834 832 
603 832 834 786 835 
604 806 832 835 785 
605 805 837 836 814 
606 837 761 838 836 
607 836 838 806 839 
608 814 836 839 804 
609 552 831 840 796 
610 831 757 841 840 
611 840 841 770 842 
612 796 840 842 660 
613 795 844 843 818 
614 844 796 845 843 
615 843 845 660 846 
616 818 843 846 774 
617 816 848 847 826 
618 848 818 849 847 
619 847 849 774 850 
620 826 847 850 819 
621 1 853 851 852 
622 853 12 160 851 
623 851 160 10 62 
624 852 851 62 11 
625 16 855 854 519 
626 855 2 856 854 
627 854 856 17 538 
628 519 854 538 15 
629 20 94 857 858 
630 94 19 214 857 
631 857 214 22 859 
632 858 857 859 4 
633 10 862 860 861 
634 862 25 164 860 
635 860 164 23 66 
636 861 860 66 24 
637 28 568 863 585 
638 568 29 864 863 
639 863 864 3 865 
640 585 863 865 30 
641 32 867 866 522 
642 867 15 868 866 
643 866 868 33 542 
644 522 866 542 31 
645 36 97 869 870 
646 97 35 218 869 
647 869 218 38 871 
648 870 869 871 19 
649 23 874 872 873 
650 874 41 168 872 
651 872 168 39 70 
652 873 872 70 40 
653 44 571 875 588 
654 571 45 876 875 
655 875 876 28 877 
656 588 875 877 46 
657 48 879 878 525 
658 879 31 880 878 
659 878 880 49 546 
660 525 878 546 47 
661 52 100 881 882 
662 100 51 222 881 
663 881 222 54 883 
664 882 881 883 35 
665 70 886 884 885 
666 886 39 172 884 
667 884 172 56 112 
668 885 884 112 68 
669 72 574 887 591 
670 574 73 888 887 
671 887 888 44 889 
672 591 887 889 74 
673 56 892 890 891 
674 892 81 176 890 
675 890 176 79 116 
676 891 890 116 80 
677 89 894 893 390 
678 894 58 530 893 
679 893 530 90 453 
680 390 893 453 88 
681 98 135 895 896 
682 135 76 226 895 
683 895 226 51 897 
684 896 895 897 100 
685 102 138 898 899 
686 138 101 230 898 
687 898 230 104 900 
688 899 898 900 76 
689 116 903 901 902 
690 903 79 180 901 
691 901 180 106 141 
692 902 901 141 114 
693 121 484 904 406 
694 484 122 597 904 
695 904 597 77 905 
696 406 904 905 123 
697 136 154 906 907 
698 154 125 234 906 
699 906 234 101 908 
700 907 906 908 138 
701 183 911 909 910 
702 911 186 254 909 
703 909 254 128 201 
704 910 909 201 149 
705 188 913 912 393 
706 913 88 914 912 
707 912 914 189 457 
708 393 912 457 187 
709 204 487 915 409 
710 487 205 916 915 
711 915 916 121 917 
712 409 915 917 206 
713 158 245 918 919 
714 245 143 270 918 
715 918 270 239 920 
716 919 918 920 237 
717 250 922 921 260 
718 922 196 296 921 
719 921 296 251 923 
720 260 921 923 249 
721 265 925 924 276 
722 925 267 317 924 
723 924 317 212 926 
724 276 924 926 268 
725 279 341 927 323 
726 341 191 362 927 
727 927 362 280 928 
728 323 927 928 278 
729 248 930 929 294 
730 930 289 338 929 
731 929 338 279 322 
732 294 929 322 131 
733 300 932 931 327 
734 932 301 377 931 
735 931 377 207 351 
736 327 931 351 302 
737 145 328 933 314 
738 328 302 350 933 
739 933 350 310 934 
740 314 933 934 263 
741 329 463 935 420 
742 463 331 936 935 
743 935 936 190 937 
744 420 935 937 332 
745 332 937 938 435 
746 937 190 939 938 
747 938 939 343 489 
748 435 938 489 342 
749 397 467 940 469 
750 467 329 941 940 
751 940 941 420 942 
752 469 940 942 419 
753 400 944 943 432 
754 944 422 472 943 
755 943 472 425 945 
756 432 943 945 193 
757 434 947 946 478 
758 947 435 948 946 
759 946 948 342 493 
760 478 946 493 412 
761 208 950 949 446 
762 950 440 497 949 
763 949 497 439 951 
764 446 949 951 417 
765 449 953 952 532 
766 953 84 629 952 
767 952 629 450 554 
768 532 952 554 448 
769 479 580 954 598 
770 580 480 666 954 
771 954 666 118 955 
772 598 954 955 481 
773 502 957 956 536 
774 957 448 958 956 
775 956 958 503 558 
776 536 956 558 501 
777 505 583 959 602 
778 583 506 960 959 
779 959 960 479 961 
780 602 959 961 507 
781 47 963 962 627 
782 963 546 964 962 
783 962 964 545 637 
784 627 962 637 86 
785 550 966 965 631 
786 966 86 967 965 
787 965 967 551 641 
788 631 965 641 549 
789 119 655 968 663 
790 655 572 969 968 
791 968 969 574 970 
792 663 968 970 72 
793 575 658 971 667 
794 658 576 972 971 
795 971 972 119 973 
796 667 971 973 577 
797 549 975 974 680 
798 975 641 976 974 
799 974 976 640 755 
800 680 974 755 611 
801 614 772 977 698 
802 772 656 978 977 
803 977 978 658 979 
804 698 977 979 575 
805 611 981 980 760 
806 981 755 982 980 
807 980 982 754 829 
808 760 980 829 646 
809 758 984 983 810 
810 984 760 985 983 
811 983 985 646 833 
812 810 983 833 761 
813 660 842 986 775 
814 842 770 987 986 
815 986 987 772 988 
816 775 986 988 614 
817 774 846 989 821 
818 846 660 990 989 
819 989 990 775 991 
820 821 989 991 773 
