2 0.000000 100.000000 262.180540
991 820 
1 -11.368037 0.000000 -11.572610 99.756184 -0.001592 6.975595 0.000004 
2 13.641644 0.000000 -11.572610 99.756294 -0.014136 6.973166 0.000006 
3 13.641644 0.000000 11.572610 99.756868 0.017205 6.972312 -0.000005 
4 -11.368037 0.000000 11.572610 99.756652 0.001940 6.975605 -0.000005 
5 1.136804 0.000000 0.000000 101.783489 -0.007060 6.602217 -0.040347 
6 -11.368037 0.000000 0.000000 99.756397 0.000188 6.975742 0.000000 
7 1.136804 0.000000 -11.572610 99.755542 -0.007563 6.974357 0.000019 
8 13.641644 0.000000 0.000000 99.799146 -0.232582 6.363316 -0.000042 
9 1.136804 0.000000 11.572610 99.757523 0.008609 6.974211 -0.000020 
10 -5.115617 0.000000 -5.786305 99.755508 -0.002894 6.975423 0.000018 
11 -11.368037 0.000000 -5.786305 99.756213 -0.000939 6.975673 0.000004 
12 -5.115617 0.000000 -11.572610 99.755867 -0.003443 6.975321 0.000011 
13 1.136804 0.000000 -5.786305 99.753176 -0.013640 6.970834 0.000071 
14 -5.115617 0.000000 0.000000 99.756222 0.000330 6.976086 0.000003 
15 7.389224 0.000000 -5.786305 99.755849 -0.027808 6.965716 0.000025 
16 7.389224 0.000000 -11.572610 99.755905 -0.012104 6.973357 0.000013 
17 13.641644 0.000000 -5.786305 99.756760 -0.029144 6.966568 0.000005 
18 7.389224 0.000000 0.000000 99.938370 -0.442577 4.366938 -0.000694 
19 -5.115617 0.000000 5.786305 99.757331 0.003536 6.975561 -0.000018 
20 -11.368037 0.000000 5.786305 99.756602 0.001308 6.975691 -0.000004 
21 1.136804 0.000000 5.786305 99.760885 0.015641 6.970323 -0.000082 
22 -5.115617 0.000000 11.572610 99.757035 0.003996 6.975335 -0.000012 
23 -1.989406 0.000000 -2.893153 99.752481 -0.004823 6.974494 0.000080 
24 -5.115617 0.000000 -2.893153 99.755544 -0.001668 6.975742 0.000017 
25 -1.989406 0.000000 -5.786305 99.754338 -0.006132 6.974335 0.000043 
26 1.136804 0.000000 -2.893153 99.747513 -0.021984 6.957614 0.000202 
27 -1.989406 0.000000 0.000000 99.753551 0.000328 6.977722 0.000054 
28 7.389224 0.000000 5.786305 99.758270 0.033942 6.962537 -0.000019 
29 13.641644 0.000000 5.786305 99.757677 0.040433 6.959818 -0.000003 
30 7.389224 0.000000 11.572610 99.757210 0.014045 6.972882 -0.000012 
31 4.263014 0.000000 -2.893153 99.753275 -0.053138 6.936865 0.000116 
32 4.263014 0.000000 -5.786305 99.754253 -0.023094 6.966787 0.000055 
33 7.389224 0.000000 -2.893153 99.757678 -0.057868 6.938576 0.000026 
34 4.263014 0.000000 0.000000 100.110208 -0.882424 1.844450 -0.002623 
35 -1.989406 0.000000 2.893153 99.760186 0.006170 6.976416 -0.000077 
36 -5.115617 0.000000 2.893153 99.757078 0.002328 6.975919 -0.000014 
37 1.136804 0.000000 2.893153 99.775130 0.025110 6.956115 -0.000346 
38 -1.989406 0.000000 5.786305 99.758834 0.007149 6.974630 -0.000047 
39 -0.426301 0.000000 -1.446576 99.730944 -0.008902 6.956832 0.000534 
40 -1.989406 0.000000 -1.446576 99.750463 -0.004757 6.977212 0.000116 
41 -0.426301 0.000000 -2.893153 99.741782 -0.008818 6.972116 0.000297 
42 1.136804 0.000000 -1.446576 99.709039 -0.025283 6.909681 0.001036 
43 -0.426301 0.000000 0.000000 99.977969 -0.065084 7.041052 -0.004517 
44 4.263014 0.000000 2.893153 99.763219 0.065825 6.924484 -0.000065 
45 7.389224 0.000000 2.893153 99.761342 0.080245 6.914389 -0.000014 
46 4.263014 0.000000 5.786305 99.759674 0.026981 6.964820 -0.000050 
47 2.699909 0.000000 -1.446576 99.740128 -0.090488 6.830545 0.000524 
48 2.699909 0.000000 -2.893153 99.744985 -0.028238 6.941835 0.000275 
49 4.263014 0.000000 -1.446576 99.759396 -0.112702 6.823427 0.000149 
50 2.699909 0.000000 0.000000 100.204700 -1.230633 1.724024 -0.004547 
51 -0.426301 0.000000 1.446576 99.765670 0.007615 6.982012 -0.000194 
52 -1.989406 0.000000 1.446576 99.757755 0.003577 6.977039 -0.000029 
53 1.136804 0.000000 1.446576 99.799899 0.027289 6.915517 -0.000784 
54 -0.426301 0.000000 2.893153 99.763990 0.003663 6.971889 -0.000146 
55 0.355251 0.000000 -0.723288 99.712501 0.016457 6.729553 0.001213 
56 -0.426301 0.000000 -0.723288 99.674632 0.012281 6.990242 0.001610 
57 0.355251 0.000000 -1.446576 99.738890 -0.011964 6.931315 0.000411 
58 1.136804 0.000000 -0.723288 99.710099 -0.034758 6.809659 0.001152 
59 0.355251 0.000000 0.000000 69.505162 -0.014799 0.049100 0.516903 
60 -8.241827 0.000000 -2.893153 99.756123 -0.000772 6.975749 0.000005 
61 -11.368037 0.000000 -2.893153 99.756286 -0.000417 6.975718 0.000002 
62 -8.241827 0.000000 -5.786305 99.756013 -0.001561 6.975636 0.000008 
63 -8.241827 0.000000 0.000000 99.756367 0.000240 6.975824 0.000001 
64 -3.552511 0.000000 -1.446576 99.754977 -0.001312 6.976103 0.000028 
65 -5.115617 0.000000 -1.446576 99.755794 -0.000735 6.975952 0.000012 
66 -3.552511 0.000000 -2.893153 99.754663 -0.002699 6.975559 0.000035 
67 -3.552511 0.000000 0.000000 99.755939 0.000413 6.976457 0.000008 
68 -1.207854 0.000000 -0.723288 99.744866 0.000778 6.980972 0.000223 
69 -1.989406 0.000000 -0.723288 99.753462 -0.000968 6.970679 0.000066 
70 -1.207854 0.000000 -1.446576 99.744605 -0.004303 6.972764 0.000239 
71 -1.207854 0.000000 0.000000 99.751749 0.000263 6.980498 0.000086 
72 2.699909 0.000000 1.446576 99.781123 0.117616 6.779915 -0.000225 
73 4.263014 0.000000 1.446576 99.772403 0.157091 6.746778 -0.000008 
74 2.699909 0.000000 2.893153 99.769572 0.048737 6.933873 -0.000205 
75 0.355251 0.000000 0.723288 99.915602 -0.012675 6.985365 -0.003192 
76 -0.426301 0.000000 0.723288 99.765022 -0.036377 6.977728 -0.000175 
77 1.136804 0.000000 0.723288 99.899635 0.048955 6.785870 -0.002599 
78 0.355251 0.000000 1.446576 99.798955 0.016310 6.966625 -0.000837 
79 -0.035525 0.000000 -0.361644 98.894820 0.006250 6.964206 0.017131 
80 -0.426301 0.000000 -0.361644 99.741739 0.000219 7.059435 0.000175 
81 -0.035525 0.000000 -0.723288 99.575037 0.019623 6.871057 0.003760 
82 0.355251 0.000000 -0.361644 100.235813 0.106789 5.759090 -0.008040 
83 -0.035525 0.000000 0.000000 166.899202 -0.074396 7.309225 -1.790877 
84 1.918356 0.000000 -0.723288 99.641690 -0.100916 6.519315 0.002902 
85 1.918356 0.000000 -1.446576 99.731957 -0.061535 6.872642 0.000630 
86 2.699909 0.000000 -0.723288 99.739938 -0.193660 6.357175 0.001149 
87 1.918356 0.000000 0.000000 101.363747 -0.067120 4.849470 -0.029813 
88 0.746027 0.000000 -0.361644 99.681716 0.014942 6.431207 0.002219 
89 0.746027 0.000000 -0.723288 99.702031 -0.000209 6.833616 0.001281 
90 1.136804 0.000000 -0.361644 99.748565 -0.025393 6.299693 0.001054 
91 0.746027 0.000000 0.000000 101.943726 -0.001309 6.528138 -0.043514 
92 -8.241827 0.000000 2.893153 99.756638 0.001249 6.975790 -0.000005 
93 -11.368037 0.000000 2.893153 99.756515 0.000791 6.975731 -0.000002 
94 -8.241827 0.000000 5.786305 99.756800 0.002030 6.975684 -0.000008 
95 -3.552511 0.000000 1.446576 99.757076 0.002127 6.976422 -0.000014 
96 -5.115617 0.000000 1.446576 99.756703 0.001396 6.976068 -0.000007 
97 -3.552511 0.000000 2.893153 99.757783 0.003517 6.975998 -0.000028 
98 -1.207854 0.000000 0.723288 99.758211 0.002793 6.978256 -0.000040 
99 -1.989406 0.000000 0.723288 99.757809 -0.000670 6.983562 -0.000039 
100 -1.207854 0.000000 1.446576 99.759467 0.005084 6.978420 -0.000065 
101 -0.035525 0.000000 0.361644 99.391893 -0.131095 6.789346 0.007514 
102 -0.426301 0.000000 0.361644 99.807275 -0.012578 6.906554 -0.000919 
103 0.355251 0.000000 0.361644 100.706966 -0.039949 7.058992 -0.019172 
104 -0.035525 0.000000 0.723288 99.766619 -0.009200 7.014146 -0.000258 
105 0.159863 0.000000 -0.180822 97.470315 -0.075576 0.472294 0.049931 
106 -0.035525 0.000000 -0.180822 96.917815 0.263803 9.947157 0.050792 
107 0.159863 0.000000 -0.361644 99.000358 0.080133 5.751571 0.016584 
108 0.355251 0.000000 -0.180822 101.427411 0.127417 3.059504 -0.029690 
109 0.159863 0.000000 0.000000 117.638959 0.134896 0.147643 -0.383896 
110 -0.817078 0.000000 -0.361644 99.745426 -0.009039 6.993718 0.000194 
111 -1.207854 0.000000 -0.361644 99.747085 -0.000979 6.979981 0.000180 
112 -0.817078 0.000000 -0.723288 99.733093 0.000672 6.980577 0.000458 
113 -0.817078 0.000000 0.000000 99.765861 -0.015174 6.997580 -0.000219 
114 -0.230913 0.000000 -0.180822 100.240334 -0.011623 7.463717 -0.010383 
115 -0.426301 0.000000 -0.180822 99.869678 -0.058867 7.094587 -0.002429 
116 -0.230913 0.000000 -0.361644 99.466292 0.051299 7.303148 0.005312 
117 -0.230913 0.000000 0.000000 101.239454 -0.079298 7.084169 -0.029962 
118 1.918356 0.000000 0.723288 99.967680 0.122993 6.335819 -0.003369 
119 2.699909 0.000000 0.723288 99.777492 0.322797 6.176392 0.000620 
120 1.918356 0.000000 1.446576 99.808257 0.088502 6.826492 -0.000830 
121 0.746027 0.000000 0.361644 99.833956 -0.020766 6.232023 -0.000566 
122 1.136804 0.000000 0.361644 99.968633 -0.007393 6.424631 -0.003500 
123 0.746027 0.000000 0.723288 99.851924 0.001337 6.789661 -0.001651 
124 0.159863 0.000000 0.180822 99.210361 -0.255152 10.316696 0.005080 
125 -0.035525 0.000000 0.180822 98.283448 0.077571 3.805378 0.032588 
126 0.355251 0.000000 0.180822 102.277013 -0.064704 6.111175 -0.049794 
127 0.159863 0.000000 0.361644 99.635191 -0.071666 7.490529 0.001672 
128 0.062169 0.000000 -0.090411 83.407746 0.074025 -5.032358 0.301782 
129 -0.035525 0.000000 -0.090411 102.767429 0.114943 26.444914 -0.126049 
130 0.062169 0.000000 -0.180822 94.947542 0.103895 4.328029 0.096622 
131 0.159863 0.000000 -0.090411 97.556454 -0.039304 -13.040014 0.031269 
132 0.062169 0.000000 0.000000 198.260975 0.011701 0.782544 -2.930803 
133 -0.817078 0.000000 0.361644 99.765950 -0.008437 6.981218 -0.000198 
134 -1.207854 0.000000 0.361644 99.754516 0.001529 6.979663 0.000032 
135 -0.817078 0.000000 0.723288 99.758932 0.002486 6.977281 -0.000053 
136 -0.230913 0.000000 0.180822 100.461084 -0.067212 6.613840 -0.013618 
137 -0.426301 0.000000 0.180822 99.916918 0.002029 6.931534 -0.003144 
138 -0.230913 0.000000 0.361644 99.703156 -0.040225 6.685664 0.001458 
139 -0.133219 0.000000 -0.090411 103.254817 -0.027327 9.792623 -0.075745 
140 -0.230913 0.000000 -0.090411 100.805607 -0.057538 7.547223 -0.021873 
141 -0.133219 0.000000 -0.180822 99.841537 -0.147117 9.005051 -0.004945 
142 -0.133219 0.000000 0.000000 106.571215 0.057141 7.277747 -0.141039 
143 0.062169 0.000000 0.090411 88.208161 -0.005877 11.562846 0.208562 
144 -0.035525 0.000000 0.090411 105.126063 0.037938 -11.440346 -0.118237 
145 0.159863 0.000000 0.090411 101.265480 -0.021907 13.795200 -0.044501 
146 0.062169 0.000000 0.180822 96.902232 -0.100082 7.899139 0.054755 
147 0.013322 0.000000 -0.045206 69.658676 0.171490 -13.576978 0.496331 
148 -0.035525 0.000000 -0.045206 145.323747 -0.029100 37.522843 -1.252696 
149 0.013322 0.000000 -0.090411 72.516286 0.004265 11.330565 0.461301 
150 0.062169 0.000000 -0.045206 195.808089 0.055173 -18.896134 -2.869787 
151 0.013322 0.000000 0.000000 248.530104 0.003804 3.659940 -5.178061 
152 -0.133219 0.000000 0.090411 103.715336 -0.098881 4.639672 -0.077841 
153 -0.230913 0.000000 0.090411 100.942230 -0.090407 6.588959 -0.023276 
154 -0.133219 0.000000 0.180822 100.355901 -0.170070 5.122371 -0.009757 
155 0.013322 0.000000 0.045206 77.598045 -0.153325 15.375061 0.374213 
156 -0.035525 0.000000 0.045206 145.102332 -0.083720 -21.453124 -1.151493 
157 0.062169 0.000000 0.045206 194.172071 -0.001986 19.754269 -2.809302 
158 0.013322 0.000000 0.090411 79.016220 -0.141853 -0.657182 0.375598 
159 -1.989406 0.000000 -8.679458 99.755212 -0.005813 6.974675 0.000025 
160 -5.115617 0.000000 -8.679458 99.755690 -0.003376 6.975319 0.000015 
161 -1.989406 0.000000 -11.572610 99.755652 -0.005195 6.974942 0.000016 
162 1.136804 0.000000 -8.679458 99.754901 -0.009751 6.973410 0.000033 
163 -0.426301 0.000000 -4.339729 99.752050 -0.009941 6.971766 0.000092 
164 -1.989406 0.000000 -4.339729 99.753582 -0.005838 6.974233 0.000058 
165 -0.426301 0.000000 -5.786305 99.753615 -0.009241 6.972940 0.000059 
166 1.136804 0.000000 -4.339729 99.751261 -0.009668 6.967244 0.000114 
167 0.355251 0.000000 -2.169864 99.750082 -0.002257 6.952318 0.000159 
168 -0.426301 0.000000 -2.169864 99.744292 -0.009040 6.964129 0.000258 
169 0.355251 0.000000 -2.893153 99.748256 -0.014748 6.962904 0.000180 
170 1.136804 0.000000 -2.169864 99.754329 -0.024662 6.943175 0.000087 
171 -0.035525 0.000000 -1.084932 99.702377 0.004980 6.919009 0.001156 
172 -0.426301 0.000000 -1.084932 99.723404 -0.003916 6.949924 0.000694 
173 -0.035525 0.000000 -1.446576 99.714487 -0.004096 6.951337 0.000870 
174 0.355251 0.000000 -1.084932 99.729225 0.007403 6.887004 0.000665 
175 0.159863 0.000000 -0.542466 99.469947 0.028907 6.543719 0.006291 
176 -0.035525 0.000000 -0.542466 99.447705 0.038003 6.827117 0.006354 
177 0.159863 0.000000 -0.723288 99.613792 0.021176 6.759401 0.003140 
178 0.355251 0.000000 -0.542466 99.721930 0.037703 6.502461 0.001325 
179 0.062169 0.000000 -0.271233 97.072233 0.160341 5.813506 0.054316 
180 -0.035525 0.000000 -0.271233 97.811730 0.024459 7.678804 0.037390 
181 0.062169 0.000000 -0.361644 98.630771 0.033824 6.361765 0.023150 
182 0.159863 0.000000 -0.271233 98.290530 0.236682 4.161129 0.032160 
183 0.013322 0.000000 -0.135617 91.314890 0.070029 8.964655 0.158122 
184 -0.035525 0.000000 -0.135617 97.547152 0.210171 13.464391 0.030322 
185 0.013322 0.000000 -0.180822 94.998313 0.212901 7.608853 0.091738 
186 0.062169 0.000000 -0.135617 92.136122 0.097871 1.808702 0.150765 
187 0.550639 0.000000 -0.180822 101.402838 -0.005101 5.034454 -0.030788 
188 0.550639 0.000000 -0.361644 99.953750 0.045191 6.484251 -0.003280 
189 0.746027 0.000000 -0.180822 101.996611 0.003925 5.087268 -0.042919 
190 0.550639 0.000000 0.000000 101.413060 -0.008959 6.497899 -0.032683 
191 0.257557 0.000000 -0.090411 101.340771 0.022652 -10.004847 -0.037005 
192 0.257557 0.000000 -0.180822 100.032366 0.032934 1.086889 -0.000766 
193 0.355251 0.000000 -0.090411 104.591587 0.088978 -4.281590 -0.095774 
194 0.257557 0.000000 0.000000 83.612134 -0.040464 0.057849 0.300901 
195 0.111016 0.000000 -0.045206 146.435553 -0.005212 -13.444945 -1.162414 
196 0.111016 0.000000 -0.090411 90.178404 0.014114 -14.752056 0.165023 
197 0.159863 0.000000 -0.045206 116.501232 0.118144 -8.350954 -0.364229 
198 0.111016 0.000000 0.000000 149.528617 -0.020101 0.214931 -1.235885 
199 0.037745 0.000000 -0.067808 70.688969 0.170101 -13.620726 0.481752 
200 0.013322 0.000000 -0.067808 69.650536 0.177041 -13.215732 0.497412 
201 0.037745 0.000000 -0.090411 80.223629 0.050613 -1.025677 0.356311 
202 0.062169 0.000000 -0.067808 76.125465 0.118519 -14.485234 0.399508 
203 0.037745 0.000000 -0.045206 70.262150 0.171024 -13.694972 0.487565 
204 0.550639 0.000000 0.180822 101.421506 -0.016943 5.041298 -0.031174 
205 0.746027 0.000000 0.180822 102.038246 -0.006748 5.087648 -0.043769 
206 0.550639 0.000000 0.361644 100.197468 -0.056529 6.193111 -0.007789 
207 0.257557 0.000000 0.090411 103.985406 -0.042859 10.522206 -0.092368 
208 0.355251 0.000000 0.090411 106.051093 0.001118 4.602963 -0.126802 
209 0.257557 0.000000 0.180822 101.352688 -0.152549 8.699701 -0.034808 
210 0.111016 0.000000 0.045206 146.179751 -0.039971 13.719875 -1.155676 
211 0.159863 0.000000 0.045206 116.450807 0.078361 8.530265 -0.363356 
212 0.111016 0.000000 0.090411 94.807568 -0.091504 16.029844 0.075456 
213 -1.989406 0.000000 8.679458 99.757865 0.006689 6.974700 -0.000028 
214 -5.115617 0.000000 8.679458 99.757214 0.003979 6.975377 -0.000016 
215 1.136804 0.000000 8.679458 99.758394 0.011129 6.973163 -0.000036 
216 -1.989406 0.000000 11.572610 99.757332 0.005942 6.974913 -0.000017 
217 -0.426301 0.000000 4.339729 99.762084 0.011505 6.972520 -0.000109 
218 -1.989406 0.000000 4.339729 99.759456 0.006909 6.974920 -0.000060 
219 1.136804 0.000000 4.339729 99.764581 0.015835 6.966564 -0.000150 
220 -0.426301 0.000000 5.786305 99.760043 0.010634 6.973069 -0.000069 
221 0.355251 0.000000 2.169864 99.779592 0.018074 6.968227 -0.000452 
222 -0.426301 0.000000 2.169864 99.767490 0.010189 6.975771 -0.000221 
223 1.136804 0.000000 2.169864 99.800683 0.024170 6.946002 -0.000842 
224 0.355251 0.000000 2.893153 99.771392 0.016668 6.967277 -0.000287 
225 -0.035525 0.000000 1.084932 99.781738 -0.012079 6.994080 -0.000531 
226 -0.426301 0.000000 1.084932 99.767463 0.002975 6.988769 -0.000239 
227 0.355251 0.000000 1.084932 99.826789 -0.007848 6.975379 -0.001404 
228 -0.035525 0.000000 1.446576 99.765189 0.006847 6.971792 -0.000170 
229 0.159863 0.000000 0.542466 99.783446 -0.075887 7.116194 -0.000738 
230 -0.035525 0.000000 0.542466 99.663809 -0.009359 7.006014 0.001804 
231 0.355251 0.000000 0.542466 100.007809 -0.067142 6.986589 -0.005038 
232 0.159863 0.000000 0.723288 99.830904 -0.010954 7.038625 -0.001575 
233 0.062169 0.000000 0.271233 98.064041 -0.026990 7.398052 0.032871 
234 -0.035525 0.000000 0.271233 98.562122 -0.041573 6.072282 0.024863 
235 0.159863 0.000000 0.271233 99.282201 -0.053134 8.427403 0.007202 
236 0.062169 0.000000 0.361644 99.232158 -0.119103 7.156587 0.010175 
237 0.013322 0.000000 0.135617 94.240491 -0.042270 3.595007 0.110580 
238 -0.035525 0.000000 0.135617 99.446143 0.109642 0.510607 0.011019 
239 0.062169 0.000000 0.135617 95.104753 -0.114253 8.957361 0.087484 
240 0.013322 0.000000 0.180822 96.813358 0.026104 5.472589 0.059722 
241 0.037745 0.000000 0.067808 78.302866 -0.068917 15.552148 0.362679 
242 0.013322 0.000000 0.067808 77.529970 -0.149977 15.439339 0.375071 
243 0.037745 0.000000 0.045206 78.018652 -0.060936 15.461215 0.367404 
244 0.062169 0.000000 0.067808 82.839159 -0.082884 16.172765 0.287611 
245 0.037745 0.000000 0.090411 85.582762 -0.010129 9.083585 0.259308 
246 0.111016 0.000000 -0.135617 95.252889 0.009965 -1.694955 0.092401 
247 0.111016 0.000000 -0.180822 96.198759 0.024726 1.964477 0.074194 
248 0.159863 0.000000 -0.135617 97.529320 -0.195585 -3.277107 0.047725 
249 0.086592 0.000000 -0.067808 89.352928 -0.089365 -14.652504 0.180135 
250 0.086592 0.000000 -0.090411 89.798873 -0.111218 -14.897428 0.171422 
251 0.111016 0.000000 -0.067808 90.184006 0.002344 -14.702121 0.165069 
252 0.086592 0.000000 -0.045206 169.082875 0.015417 -17.179813 -1.888416 
253 0.086592 0.000000 -0.113014 91.653623 0.103897 -3.974442 0.158381 
254 0.062169 0.000000 -0.113014 88.743494 0.114453 -0.981174 0.212362 
255 0.086592 0.000000 -0.135617 93.638982 0.091430 -0.348227 0.123161 
256 0.111016 0.000000 -0.113014 94.337053 0.036434 -5.234329 0.107312 
257 0.074381 0.000000 -0.079110 86.130238 -0.040887 -14.629426 0.236756 
258 0.062169 0.000000 -0.079110 77.135656 0.102966 -14.579329 0.383752 
259 0.074381 0.000000 -0.090411 84.283061 0.066499 -9.341810 0.280909 
260 0.086592 0.000000 -0.079110 89.497294 -0.085508 -14.709853 0.177385 
261 0.074381 0.000000 -0.067808 83.962701 -0.005810 -14.622854 0.273644 
262 0.111016 0.000000 0.135617 97.921572 -0.090938 11.220104 0.028547 
263 0.159863 0.000000 0.135617 99.949802 -0.333210 11.689966 -0.012673 
264 0.111016 0.000000 0.180822 98.073100 -0.183087 9.481712 0.029173 
265 0.086592 0.000000 0.067808 94.338818 -0.030172 15.943048 0.084601 
266 0.086592 0.000000 0.045206 168.334429 -0.008643 17.526602 -1.864366 
267 0.111016 0.000000 0.067808 94.831341 -0.080515 16.046009 0.074954 
268 0.086592 0.000000 0.090411 94.760066 -0.030678 15.975825 0.076530 
269 0.086592 0.000000 0.113014 95.130361 -0.056892 12.285947 0.079927 
270 0.062169 0.000000 0.113014 92.501081 -0.057518 10.259897 0.133828 
271 0.111016 0.000000 0.113014 97.588155 -0.057308 12.770036 0.031347 
272 0.086592 0.000000 0.135617 96.466505 -0.071413 10.454758 0.058491 
273 0.074381 0.000000 0.079110 91.611169 -0.032413 15.824785 0.135697 
274 0.062169 0.000000 0.079110 83.747052 -0.076921 16.096271 0.272734 
275 0.074381 0.000000 0.067808 89.716737 -0.042960 15.895920 0.169823 
276 0.086592 0.000000 0.079110 94.453104 -0.033266 15.954823 0.082405 
277 0.074381 0.000000 0.090411 88.969404 -0.045206 14.983614 0.185993 
278 0.208710 0.000000 -0.045206 96.015815 -0.028407 -5.145366 0.075449 
279 0.208710 0.000000 -0.090411 98.923427 -0.060467 -12.389689 0.006065 
280 0.257557 0.000000 -0.045206 82.767988 0.011161 -3.987415 0.313356 
281 0.208710 0.000000 0.000000 97.129498 0.068471 0.112156 0.056584 
282 0.135439 0.000000 -0.067808 90.886051 0.060667 -15.070071 0.151262 
283 0.135439 0.000000 -0.090411 92.160207 0.040864 -14.696371 0.129051 
284 0.159863 0.000000 -0.067808 115.025654 0.073166 -12.560285 -0.338867 
285 0.135439 0.000000 -0.045206 129.905796 0.102968 -10.540286 -0.698662 
286 0.257557 0.000000 -0.271233 99.771244 0.118601 4.252353 0.002760 
287 0.257557 0.000000 -0.361644 99.825494 0.091501 5.514089 0.000446 
288 0.355251 0.000000 -0.271233 100.408077 0.086277 5.127418 -0.010808 
289 0.208710 0.000000 -0.135617 99.199847 -0.146179 -3.582733 0.014653 
290 0.208710 0.000000 -0.180822 98.635618 0.035540 0.225358 0.027096 
291 0.257557 0.000000 -0.135617 100.392928 0.152912 -3.000645 -0.008777 
292 0.135439 0.000000 -0.113014 95.620622 -0.009397 -5.899967 0.082189 
293 0.135439 0.000000 -0.135617 96.496793 -0.115431 -2.499804 0.068211 
294 0.159863 0.000000 -0.113014 97.020038 -0.146571 -6.824966 0.054051 
295 0.123228 0.000000 -0.079110 90.353158 0.049511 -14.863702 0.161537 
296 0.111016 0.000000 -0.079110 90.182890 0.009444 -14.804384 0.164788 
297 0.123228 0.000000 -0.090411 90.170079 0.038161 -14.953489 0.164575 
298 0.135439 0.000000 -0.079110 92.102718 0.043803 -14.890939 0.129535 
299 0.123228 0.000000 -0.067808 90.172685 0.033916 -14.954133 0.164526 
300 0.208710 0.000000 0.045206 96.020656 -0.048500 5.317506 0.075176 
301 0.257557 0.000000 0.045206 82.790672 -0.052483 4.068178 0.312915 
302 0.208710 0.000000 0.090411 102.258470 -0.102042 13.070287 -0.062764 
303 0.135439 0.000000 0.067808 95.369618 -0.120738 16.076318 0.064617 
304 0.135439 0.000000 0.045206 129.584475 -0.075023 10.784554 -0.690845 
305 0.159863 0.000000 0.067808 115.023829 0.017876 12.609713 -0.338949 
306 0.135439 0.000000 0.090411 96.508258 -0.091908 15.656841 0.044101 
307 0.257557 0.000000 0.271233 100.621208 -0.145320 7.877603 -0.018671 
308 0.355251 0.000000 0.271233 101.056138 -0.170594 6.684591 -0.025706 
309 0.257557 0.000000 0.361644 100.388736 -0.076362 7.479462 -0.013385 
310 0.208710 0.000000 0.135617 101.386192 -0.293148 10.999858 -0.040024 
311 0.257557 0.000000 0.135617 102.256225 0.045516 9.645487 -0.054937 
312 0.208710 0.000000 0.180822 100.206206 -0.161195 9.973935 -0.014079 
313 0.135439 0.000000 0.113014 98.765667 -0.120167 12.677030 0.008462 
314 0.159863 0.000000 0.113014 99.950842 -0.266241 12.819289 -0.015458 
315 0.135439 0.000000 0.135617 99.045757 -0.229568 11.464483 0.005845 
316 0.123228 0.000000 0.079110 94.903443 -0.118003 16.026804 0.073646 
317 0.111016 0.000000 0.079110 94.828954 -0.085537 16.021920 0.075076 
318 0.123228 0.000000 0.067808 94.787135 -0.107362 15.979183 0.076005 
319 0.135439 0.000000 0.079110 96.467661 -0.090367 15.863786 0.044232 
320 0.123228 0.000000 0.090411 94.775470 -0.111741 15.977061 0.076233 
321 0.184287 0.000000 -0.067808 103.706323 0.004035 -10.278178 -0.086064 
322 0.184287 0.000000 -0.090411 97.548277 -0.040255 -12.898828 0.031795 
323 0.208710 0.000000 -0.067808 93.940637 0.038672 -8.122249 0.110918 
324 0.184287 0.000000 -0.045206 105.120315 -0.042000 -6.726941 -0.109553 
325 0.184287 0.000000 0.067808 103.810293 -0.096981 10.415972 -0.088508 
326 0.184287 0.000000 0.045206 105.137933 -0.090363 6.898517 -0.110158 
327 0.208710 0.000000 0.067808 93.925714 -0.041586 8.264438 0.110966 
328 0.184287 0.000000 0.090411 101.178818 -0.084315 13.829449 -0.042841 
329 0.452945 0.000000 -0.090411 98.970246 -0.001902 2.809664 0.019700 
330 0.452945 0.000000 -0.180822 99.739112 -0.008294 1.175353 0.005073 
331 0.550639 0.000000 -0.090411 100.957279 -0.006792 5.532001 -0.022298 
332 0.452945 0.000000 0.000000 101.413060 -0.008959 6.497899 -0.032683 
333 0.306404 0.000000 -0.135617 101.761185 0.139062 -1.295928 -0.035704 
334 0.306404 0.000000 -0.180822 100.807838 0.123426 1.851987 -0.016567 
335 0.355251 0.000000 -0.135617 103.898351 0.162154 0.024308 -0.079489 
336 0.306404 0.000000 -0.090411 103.449597 0.116787 -6.292510 -0.074143 
337 0.233134 0.000000 -0.113014 100.246135 -0.009897 -6.357450 -0.008970 
338 0.208710 0.000000 -0.113014 100.029218 -0.080171 -7.118760 -0.005653 
339 0.233134 0.000000 -0.135617 99.687357 -0.015400 -3.238108 0.005195 
340 0.257557 0.000000 -0.113014 101.367868 0.009102 -10.007760 -0.037560 
341 0.233134 0.000000 -0.090411 101.548089 -0.065804 -10.027018 -0.041256 
342 0.452945 0.000000 0.090411 99.080183 -0.028909 2.804385 0.017525 
343 0.550639 0.000000 0.090411 100.985656 -0.015054 5.532919 -0.022872 
344 0.452945 0.000000 0.180822 99.823514 -0.028783 1.174681 0.003389 
345 0.306404 0.000000 0.135617 103.279918 0.014358 7.322383 -0.072036 
346 0.306404 0.000000 0.090411 105.345442 0.004905 6.664577 -0.114208 
347 0.355251 0.000000 0.135617 105.087245 -0.061710 5.520882 -0.107381 
348 0.306404 0.000000 0.180822 101.888069 -0.110442 7.558193 -0.043832 
349 0.233134 0.000000 0.113014 102.678591 -0.113896 10.366545 -0.065037 
350 0.208710 0.000000 0.113014 102.742680 -0.150924 11.856503 -0.069666 
351 0.233134 0.000000 0.090411 104.259858 -0.071412 10.550063 -0.098143 
352 0.257557 0.000000 0.113014 104.012977 -0.053975 10.525181 -0.092948 
353 0.233134 0.000000 0.135617 101.737244 -0.132039 10.229817 -0.045513 
354 0.306404 0.000000 -0.045206 73.927161 0.194837 -2.133526 0.453018 
355 0.355251 0.000000 -0.045206 68.764719 -0.000918 -1.055966 0.527030 
356 0.306404 0.000000 0.000000 74.515008 0.073261 0.029963 0.444751 
357 0.281981 0.000000 -0.113014 102.584716 0.135615 -8.232600 -0.059142 
358 0.281981 0.000000 -0.135617 101.421422 0.145638 -2.049069 -0.029052 
359 0.306404 0.000000 -0.113014 103.450932 0.106515 -6.293623 -0.074172 
360 0.281981 0.000000 -0.090411 102.361588 0.127003 -8.551842 -0.055104 
361 0.281981 0.000000 -0.067808 76.479672 0.212425 -4.563332 0.412999 
362 0.257557 0.000000 -0.067808 81.862252 0.024829 -6.131306 0.326098 
363 0.306404 0.000000 -0.067808 73.304423 0.156518 -3.149623 0.461652 
364 0.281981 0.000000 -0.045206 77.541260 0.150062 -3.120500 0.397759 
365 0.269769 0.000000 -0.101712 101.525614 0.079218 -9.776379 -0.040303 
366 0.257557 0.000000 -0.101712 101.339550 0.023263 -10.004716 -0.036980 
367 0.269769 0.000000 -0.113014 101.501029 0.099318 -10.020487 -0.040288 
368 0.281981 0.000000 -0.101712 102.324244 0.142316 -9.191433 -0.055475 
369 0.269769 0.000000 -0.090411 101.424732 0.072483 -10.012943 -0.038724 
370 0.306404 0.000000 0.045206 74.056113 0.041715 2.164144 0.451101 
371 0.355251 0.000000 0.045206 68.743924 -0.030059 1.152890 0.527294 
372 0.281981 0.000000 0.113014 104.866336 0.081380 8.678821 -0.107228 
373 0.281981 0.000000 0.090411 104.706316 0.070658 9.010578 -0.104461 
374 0.306404 0.000000 0.113014 105.329101 -0.015563 6.663776 -0.113863 
375 0.281981 0.000000 0.135617 103.122224 -0.035665 8.388077 -0.070455 
376 0.281981 0.000000 0.067808 76.481216 0.145965 4.604324 0.412940 
377 0.257557 0.000000 0.067808 81.929787 -0.044776 6.216655 0.324886 
378 0.281981 0.000000 0.045206 77.596613 0.079562 3.229775 0.396833 
379 0.306404 0.000000 0.067808 73.410529 -0.001475 3.178018 0.460079 
380 0.269769 0.000000 0.101712 104.113869 0.016836 10.283259 -0.094544 
381 0.257557 0.000000 0.101712 103.984163 -0.042357 10.522071 -0.092342 
382 0.269769 0.000000 0.090411 104.050024 0.011110 10.527962 -0.093725 
383 0.281981 0.000000 0.101712 104.746529 0.109731 9.668651 -0.106533 
384 0.269769 0.000000 0.113014 104.112924 0.042390 10.533888 -0.095047 
385 0.746027 0.000000 -1.084932 99.740843 0.002986 6.889386 0.000430 
386 0.746027 0.000000 -1.446576 99.739520 -0.017857 6.927141 0.000404 
387 1.136804 0.000000 -1.084932 99.737046 -0.048251 6.882274 0.000515 
388 0.550639 0.000000 -0.542466 99.749231 0.026373 6.690230 0.000533 
389 0.550639 0.000000 -0.723288 99.742699 0.019983 6.766701 0.000561 
390 0.746027 0.000000 -0.542466 99.751875 0.021384 6.706932 0.000458 
391 0.452945 0.000000 -0.271233 100.242270 0.106485 5.928379 -0.008367 
392 0.452945 0.000000 -0.361644 100.201651 0.090966 6.296782 -0.008003 
393 0.550639 0.000000 -0.271233 101.395861 -0.011051 1.876153 -0.028464 
394 0.404098 0.000000 -0.135617 98.085361 -0.005608 0.452764 0.037906 
395 0.404098 0.000000 -0.180822 101.582626 0.109530 4.674678 -0.034089 
396 0.452945 0.000000 -0.135617 99.117865 -0.003119 2.225835 0.017069 
397 0.404098 0.000000 -0.090411 100.960195 0.027562 -1.124011 -0.019423 
398 0.330828 0.000000 -0.113014 103.431588 0.105618 -6.296669 -0.073775 
399 0.330828 0.000000 -0.135617 102.181308 0.136965 -1.122136 -0.044230 
400 0.355251 0.000000 -0.113014 104.474194 0.094867 -4.527865 -0.093537 
401 0.330828 0.000000 -0.090411 103.425561 0.104548 -6.296262 -0.073650 
402 0.746027 0.000000 1.084932 99.845283 0.005177 6.920993 -0.001698 
403 1.136804 0.000000 1.084932 99.851493 0.049615 6.872191 -0.001755 
404 0.746027 0.000000 1.446576 99.811840 0.018066 6.942072 -0.001060 
405 0.550639 0.000000 0.542466 99.949004 -0.042484 6.710198 -0.003483 
406 0.746027 0.000000 0.542466 99.905975 0.003096 6.662442 -0.002559 
407 0.550639 0.000000 0.723288 99.911422 -0.011638 6.893787 -0.002982 
408 0.452945 0.000000 0.271233 100.681967 -0.065006 5.761127 -0.017005 
409 0.550639 0.000000 0.271233 101.419595 -0.019640 1.877652 -0.028946 
410 0.452945 0.000000 0.361644 100.543717 -0.041944 6.430739 -0.015040 
411 0.404098 0.000000 0.135617 98.230315 -0.037881 0.449872 0.035060 
412 0.404098 0.000000 0.090411 101.498406 0.013713 1.932987 -0.030566 
413 0.452945 0.000000 0.135617 99.223187 -0.029157 2.222101 0.014982 
414 0.404098 0.000000 0.180822 102.223395 -0.105423 4.297382 -0.046810 
415 0.330828 0.000000 0.113014 105.346429 -0.037404 6.667670 -0.114233 
416 0.330828 0.000000 0.090411 105.339867 -0.038180 6.667238 -0.114094 
417 0.355251 0.000000 0.113014 105.991763 -0.000788 4.855379 -0.125783 
418 0.330828 0.000000 0.135617 103.520836 0.018126 6.903793 -0.076423 
419 0.404098 0.000000 -0.045206 67.981407 0.034745 0.768428 0.537794 
420 0.452945 0.000000 -0.045206 99.509237 -0.000889 4.404207 0.007851 
421 0.404098 0.000000 0.000000 69.019536 0.018157 0.011491 0.523630 
422 0.379675 0.000000 -0.113014 104.196843 0.070208 -2.093656 -0.086137 
423 0.379675 0.000000 -0.135617 103.714978 0.120627 1.637325 -0.075949 
424 0.404098 0.000000 -0.113014 100.570525 0.033589 -1.596351 -0.011698 
425 0.379675 0.000000 -0.090411 103.906173 0.067369 -2.087493 -0.080085 
426 0.330828 0.000000 -0.067808 70.428322 0.077257 -2.970352 0.503102 
427 0.355251 0.000000 -0.067808 67.531627 0.021010 -1.781471 0.543631 
428 0.330828 0.000000 -0.045206 70.973751 0.009075 -1.897088 0.495913 
429 0.343039 0.000000 -0.101712 103.868815 0.115394 -5.954966 -0.082421 
430 0.330828 0.000000 -0.101712 103.427823 0.104950 -6.296415 -0.073697 
431 0.343039 0.000000 -0.113014 103.945957 0.109312 -5.837671 -0.083885 
432 0.355251 0.000000 -0.101712 104.577215 0.088296 -4.601787 -0.095758 
433 0.343039 0.000000 -0.090411 103.680267 0.117048 -6.312073 -0.078945 
434 0.404098 0.000000 0.045206 68.028878 -0.002795 -0.793724 0.537144 
435 0.452945 0.000000 0.045206 99.597112 -0.023973 4.400516 0.006105 
436 0.330828 0.000000 0.067808 70.557209 -0.062034 3.043816 0.501241 
437 0.330828 0.000000 0.045206 71.037660 -0.055083 1.957739 0.494982 
438 0.355251 0.000000 0.067808 67.562766 -0.038653 1.850134 0.543185 
439 0.379675 0.000000 0.113014 105.071619 0.027001 2.365257 -0.104564 
440 0.379675 0.000000 0.090411 104.724223 0.032112 2.357889 -0.097272 
441 0.404098 0.000000 0.113014 101.170081 0.017252 2.113828 -0.023985 
442 0.379675 0.000000 0.135617 104.718692 -0.063399 3.720321 -0.097985 
443 0.343039 0.000000 0.101712 105.693185 -0.014507 6.316153 -0.121094 
444 0.330828 0.000000 0.101712 105.342329 -0.037889 6.667400 -0.114146 
445 0.343039 0.000000 0.090411 105.567139 -0.019644 6.681233 -0.118906 
446 0.355251 0.000000 0.101712 106.098680 -0.000653 4.929668 -0.128123 
447 0.343039 0.000000 0.113014 105.738493 -0.014462 6.195568 -0.121901 
448 1.527580 0.000000 -0.361644 99.362582 -0.076734 6.312169 0.008723 
449 1.527580 0.000000 -0.723288 99.623703 -0.069795 6.723680 0.002990 
450 1.918356 0.000000 -0.361644 99.414771 -0.133839 5.113775 0.009053 
451 1.527580 0.000000 0.000000 101.615014 -0.018389 6.755831 -0.037125 
452 0.941416 0.000000 -0.180822 102.086282 0.003646 5.089220 -0.044751 
453 0.941416 0.000000 -0.361644 99.677763 0.002562 6.332477 0.002424 
454 1.136804 0.000000 -0.180822 101.702562 -0.005165 4.474806 -0.036344 
455 0.941416 0.000000 0.000000 102.089353 -0.000886 6.576986 -0.046549 
456 0.648333 0.000000 -0.090411 101.605353 -0.004803 5.565561 -0.035462 
457 0.648333 0.000000 -0.180822 101.678361 -0.000054 4.562550 -0.035931 
458 0.746027 0.000000 -0.090411 102.048275 0.003299 6.200530 -0.045230 
459 0.648333 0.000000 0.000000 101.744049 -0.004187 6.516760 -0.039432 
460 0.501792 0.000000 -0.135617 99.629938 -0.002803 3.334329 0.006276 
461 0.501792 0.000000 -0.180822 100.904241 -0.007106 3.156801 -0.019163 
462 0.550639 0.000000 -0.135617 101.403073 -0.005063 5.816093 -0.031641 
463 0.501792 0.000000 -0.090411 99.615248 -0.002069 4.432619 0.005715 
464 0.428522 0.000000 -0.113014 97.939625 0.022996 -0.666847 0.040738 
465 0.428522 0.000000 -0.135617 99.087581 -0.005127 1.266091 0.018005 
466 0.452945 0.000000 -0.113014 98.996024 -0.003136 2.271895 0.019463 
467 0.428522 0.000000 -0.090411 98.457021 0.014128 0.142866 0.030619 
468 0.379675 0.000000 -0.067808 66.761725 0.065166 -0.322201 0.554276 
469 0.404098 0.000000 -0.067808 98.092769 -0.002201 1.055324 0.037669 
470 0.379675 0.000000 -0.045206 67.675663 0.044732 -0.237210 0.541995 
471 0.391886 0.000000 -0.101712 102.601358 0.044306 -1.884638 -0.053059 
472 0.379675 0.000000 -0.101712 104.204447 0.070834 -2.093862 -0.086296 
473 0.391886 0.000000 -0.113014 102.498307 0.044069 -1.842971 -0.050930 
474 0.404098 0.000000 -0.101712 100.631987 0.034017 -1.628413 -0.012945 
475 0.391886 0.000000 -0.090411 102.290787 0.043327 -1.746674 -0.046646 
476 0.379675 0.000000 0.067808 66.795853 0.010487 0.352834 0.553819 
477 0.379675 0.000000 0.045206 67.738447 -0.008581 0.255996 0.541144 
478 0.404098 0.000000 0.067808 98.235848 -0.033794 1.049424 0.034862 
479 1.527580 0.000000 0.361644 100.221512 0.036713 6.075651 -0.008127 
480 1.918356 0.000000 0.361644 100.449700 0.181706 4.643991 -0.011174 
481 1.527580 0.000000 0.723288 99.975746 0.029328 6.648955 -0.003936 
482 0.941416 0.000000 0.180822 102.187753 -0.005473 5.088661 -0.046823 
483 1.136804 0.000000 0.180822 101.865633 -0.013494 4.475487 -0.039664 
484 0.941416 0.000000 0.361644 99.822592 0.021340 6.392058 -0.000541 
485 0.648333 0.000000 0.090411 101.623106 -0.009973 5.566246 -0.035824 
486 0.746027 0.000000 0.090411 102.064737 -0.002426 6.202737 -0.045568 
487 0.648333 0.000000 0.180822 101.711154 -0.011780 4.566903 -0.036602 
488 0.501792 0.000000 0.135617 99.715101 -0.025533 3.333711 0.004578 
489 0.501792 0.000000 0.090411 99.698144 -0.023071 4.428400 0.004067 
490 0.550639 0.000000 0.135617 101.419263 -0.014743 5.820386 -0.031974 
491 0.501792 0.000000 0.180822 100.943846 -0.022770 3.159934 -0.019965 
492 0.428522 0.000000 0.113014 98.325839 -0.014815 1.790201 0.032882 
493 0.428522 0.000000 0.090411 98.763011 -0.018313 1.830235 0.024252 
494 0.452945 0.000000 0.113014 99.105640 -0.029977 2.268920 0.017292 
495 0.428522 0.000000 0.135617 99.194844 -0.029894 1.262694 0.015879 
496 0.391886 0.000000 0.101712 103.302482 0.030247 2.199729 -0.067624 
497 0.379675 0.000000 0.101712 105.078326 0.027094 2.365434 -0.104705 
498 0.391886 0.000000 0.090411 102.964181 0.024835 2.096674 -0.060602 
499 0.404098 0.000000 0.101712 101.238038 0.018117 2.128439 -0.025367 
500 0.391886 0.000000 0.113014 103.191080 0.028512 2.168458 -0.065310 
501 1.332192 0.000000 -0.180822 100.906260 -0.034986 4.737735 -0.020452 
502 1.332192 0.000000 -0.361644 99.662740 -0.043445 6.483919 0.002530 
503 1.527580 0.000000 -0.180822 100.574351 -0.036738 5.123313 -0.014145 
504 1.332192 0.000000 0.000000 101.356528 -0.024892 7.032909 -0.032261 
505 1.332192 0.000000 0.180822 101.766417 -0.030304 4.852564 -0.037995 
506 1.527580 0.000000 0.180822 102.706649 -0.007868 5.408646 -0.057791 
507 1.332192 0.000000 0.361644 100.106295 -0.007092 6.219778 -0.005996 
508 1.234498 0.000000 -0.090411 98.955720 -0.027635 1.907465 0.020413 
509 1.136804 0.000000 -0.090411 100.891846 -0.011594 5.299413 -0.020725 
510 1.234498 0.000000 -0.180822 100.640279 -0.016217 0.782169 -0.012908 
511 1.332192 0.000000 -0.090411 99.835209 -0.029824 3.786359 0.001859 
512 1.234498 0.000000 0.000000 79.051813 -0.019865 0.032927 0.375081 
513 1.234498 0.000000 0.090411 99.319880 -0.020541 1.914530 0.013190 
514 1.136804 0.000000 0.090411 101.033354 -0.011801 5.300612 -0.023584 
515 1.332192 0.000000 0.090411 100.349367 -0.026198 3.814445 -0.008455 
516 1.234498 0.000000 0.180822 100.866134 -0.018776 0.783285 -0.017459 
517 4.263014 0.000000 -8.679458 99.755197 -0.014148 6.972053 0.000029 
518 4.263014 0.000000 -11.572610 99.755654 -0.010082 6.973753 0.000018 
519 7.389224 0.000000 -8.679458 99.755782 -0.017213 6.971366 0.000018 
520 2.699909 0.000000 -4.339729 99.751661 -0.023328 6.962297 0.000113 
521 2.699909 0.000000 -5.786305 99.753414 -0.018705 6.968510 0.000070 
522 4.263014 0.000000 -4.339729 99.753519 -0.032848 6.958918 0.000081 
523 1.918356 0.000000 -2.169864 99.749051 -0.038788 6.932584 0.000206 
524 1.918356 0.000000 -2.893153 99.749991 -0.025410 6.953009 0.000159 
525 2.699909 0.000000 -2.169864 99.743920 -0.058175 6.914137 0.000334 
526 1.527580 0.000000 -1.084932 99.709574 -0.078787 6.844402 0.001115 
527 1.527580 0.000000 -1.446576 99.731235 -0.037634 6.899940 0.000607 
528 1.918356 0.000000 -1.084932 99.706764 -0.116332 6.791266 0.001243 
529 1.332192 0.000000 -0.542466 99.641976 -0.041372 6.703236 0.002654 
530 1.136804 0.000000 -0.542466 99.708623 -0.042933 6.687377 0.001347 
531 1.332192 0.000000 -0.723288 99.674475 -0.093202 6.796225 0.001880 
532 1.527580 0.000000 -0.542466 99.509650 -0.060398 6.611797 0.005411 
533 1.234498 0.000000 -0.271233 99.992342 -0.046532 5.929008 -0.003362 
534 1.136804 0.000000 -0.271233 101.684941 -0.007807 1.088306 -0.034101 
535 1.234498 0.000000 -0.361644 99.780796 -0.038778 6.380062 0.000309 
536 1.332192 0.000000 -0.271233 100.932733 -0.044061 0.469823 -0.018764 
537 10.515434 0.000000 -2.893153 99.758239 -0.056101 6.942929 0.000009 
538 10.515434 0.000000 -5.786305 99.756522 -0.029112 6.966021 0.000011 
539 13.641644 0.000000 -2.893153 99.758225 -0.053479 6.946676 0.000004 
540 10.515434 0.000000 0.000000 99.835921 -0.306031 5.836216 -0.000137 
541 5.826119 0.000000 -1.446576 99.763269 -0.118627 6.839094 0.000050 
542 5.826119 0.000000 -2.893153 99.756469 -0.057096 6.936471 0.000053 
543 7.389224 0.000000 -1.446576 99.763818 -0.106638 6.854972 0.000018 
544 5.826119 0.000000 0.000000 100.036057 -0.591457 2.956748 -0.001630 
545 3.481461 0.000000 -0.723288 99.777810 -0.213696 6.389193 0.000352 
546 3.481461 0.000000 -1.446576 99.752421 -0.107162 6.817663 0.000296 
547 4.263014 0.000000 -0.723288 99.784705 -0.199904 6.452426 0.000134 
548 3.481461 0.000000 0.000000 100.112790 -1.152181 1.682139 -0.002673 
549 2.309132 0.000000 -0.361644 99.391007 -0.367092 4.647703 0.009969 
550 2.309132 0.000000 -0.723288 99.686759 -0.211836 6.408735 0.002143 
551 2.699909 0.000000 -0.361644 99.836106 -0.400475 4.782048 0.000972 
552 2.309132 0.000000 0.000000 133.738890 -1.072575 2.125317 -0.789176 
553 1.722968 0.000000 -0.180822 100.437867 -0.066737 4.619154 -0.010911 
554 1.722968 0.000000 -0.361644 99.037768 -0.099992 5.860737 0.015716 
555 1.918356 0.000000 -0.180822 100.210425 -0.125606 2.905352 -0.005059 
556 1.722968 0.000000 0.000000 101.693609 -0.031998 6.141522 -0.037931 
557 1.429886 0.000000 -0.090411 101.053985 -0.034082 4.694041 -0.023394 
558 1.429886 0.000000 -0.180822 100.921116 -0.033854 4.465814 -0.020502 
559 1.527580 0.000000 -0.090411 101.271737 -0.023693 5.241737 -0.028344 
560 1.429886 0.000000 0.000000 101.356527 -0.024892 7.032905 -0.032261 
561 1.283345 0.000000 -0.135617 99.137970 -0.031699 2.681304 0.016447 
562 1.234498 0.000000 -0.135617 99.161301 -0.026773 1.638223 0.016435 
563 1.283345 0.000000 -0.180822 99.740248 -0.037411 1.865843 0.004840 
564 1.332192 0.000000 -0.135617 99.902949 -0.030166 4.219030 0.000160 
565 1.283345 0.000000 -0.090411 98.952591 -0.029851 2.964086 0.019960 
566 10.515434 0.000000 2.893153 99.761705 0.089953 6.902316 -0.000005 
567 13.641644 0.000000 2.893153 99.762711 0.100273 6.886334 -0.000003 
568 10.515434 0.000000 5.786305 99.757787 0.037734 6.961153 -0.000008 
569 5.826119 0.000000 1.446576 99.775830 0.167718 6.702952 -0.000017 
570 7.389224 0.000000 1.446576 99.779591 0.197774 6.646629 -0.000018 
571 5.826119 0.000000 2.893153 99.762362 0.074236 6.918860 -0.000041 
572 3.481461 0.000000 0.723288 99.814934 0.339383 6.044020 0.000033 
573 4.263014 0.000000 0.723288 99.831845 0.383507 5.867508 -0.000097 
574 3.481461 0.000000 1.446576 99.772584 0.144490 6.764903 -0.000035 
575 2.309132 0.000000 0.361644 99.255809 0.473885 4.306848 0.012951 
576 2.699909 0.000000 0.361644 99.903645 0.638436 4.028844 0.000262 
577 2.309132 0.000000 0.723288 99.790245 0.271296 6.184147 0.000359 
578 1.722968 0.000000 0.180822 103.368674 0.000258 5.164972 -0.071176 
579 1.918356 0.000000 0.180822 103.061628 -0.030200 4.384468 -0.064092 
580 1.722968 0.000000 0.361644 100.418753 0.050268 5.534073 -0.011455 
581 1.429886 0.000000 0.090411 101.786746 -0.027688 4.779451 -0.038339 
582 1.527580 0.000000 0.090411 102.061981 -0.017708 5.297879 -0.044472 
583 1.429886 0.000000 0.180822 101.971577 -0.027035 4.572695 -0.041911 
584 4.263014 0.000000 8.679458 99.758138 0.016288 6.971405 -0.000029 
585 7.389224 0.000000 8.679458 99.757581 0.020278 6.970332 -0.000016 
586 4.263014 0.000000 11.572610 99.757445 0.011535 6.973445 -0.000018 
587 2.699909 0.000000 4.339729 99.764572 0.023327 6.959059 -0.000140 
588 4.263014 0.000000 4.339729 99.761202 0.038971 6.955053 -0.000067 
589 2.699909 0.000000 5.786305 99.760624 0.021574 6.967221 -0.000072 
590 1.918356 0.000000 2.169864 99.794988 0.044993 6.911349 -0.000681 
591 2.699909 0.000000 2.169864 99.774555 0.068975 6.894482 -0.000250 
592 1.918356 0.000000 2.893153 99.780784 0.034504 6.940099 -0.000437 
593 1.527580 0.000000 1.084932 99.856690 0.083474 6.798505 -0.001759 
594 1.918356 0.000000 1.084932 99.841561 0.127367 6.698699 -0.001323 
595 1.527580 0.000000 1.446576 99.822246 0.041943 6.866573 -0.001163 
596 1.332192 0.000000 0.542466 100.005984 0.008275 6.611093 -0.004490 
597 1.136804 0.000000 0.542466 99.916998 0.043088 6.685467 -0.002810 
598 1.527580 0.000000 0.542466 100.066703 0.029618 6.460652 -0.005509 
599 1.332192 0.000000 0.723288 99.925306 0.075371 6.735576 -0.003044 
600 1.234498 0.000000 0.271233 100.295018 -0.020594 5.905268 -0.009396 
601 1.136804 0.000000 0.271233 101.875407 -0.017791 1.089701 -0.037979 
602 1.332192 0.000000 0.271233 101.758913 -0.052615 0.476738 -0.035511 
603 1.234498 0.000000 0.361644 100.078266 -0.010379 6.341760 -0.005588 
604 1.283345 0.000000 0.135617 99.731774 -0.024001 2.729179 0.004612 
605 1.234498 0.000000 0.135617 99.512115 -0.021133 1.642860 0.009464 
606 1.283345 0.000000 0.090411 99.498657 -0.021668 3.006917 0.009098 
607 1.332192 0.000000 0.135617 100.535453 -0.024345 4.286491 -0.012575 
608 1.283345 0.000000 0.180822 100.435140 -0.031572 1.919098 -0.009090 
609 2.113744 0.000000 -0.180822 101.958085 -0.339389 4.982836 -0.042039 
610 2.113744 0.000000 -0.361644 99.791832 -0.262978 5.097520 0.001554 
611 2.309132 0.000000 -0.180822 98.297302 -0.616730 0.313108 0.033716 
612 2.113744 0.000000 0.000000 94.970032 -0.437367 -0.940965 0.097962 
613 2.113744 0.000000 0.180822 100.463772 0.738828 -1.968715 -0.009739 
614 2.309132 0.000000 0.180822 97.635500 0.894709 4.084660 0.044982 
615 2.113744 0.000000 0.361644 99.807741 0.324624 3.792472 0.002393 
616 2.016050 0.000000 -0.090411 100.575227 -0.184921 1.761752 -0.011851 
617 1.918356 0.000000 -0.090411 100.816775 -0.094319 3.978526 -0.017986 
618 2.016050 0.000000 -0.180822 100.466627 -0.150350 0.840273 -0.009427 
619 2.113744 0.000000 -0.090411 108.989632 -0.646055 11.471326 -0.201075 
620 2.016050 0.000000 0.000000 101.523014 -0.072110 4.524638 -0.032740 
621 2.016050 0.000000 0.090411 102.173759 0.061082 2.729765 -0.044693 
622 1.918356 0.000000 0.090411 102.130484 -0.049421 4.393706 -0.044994 
623 2.113744 0.000000 0.090411 105.144718 1.544318 -10.967641 -0.117809 
624 2.016050 0.000000 0.180822 102.844299 0.080360 1.333290 -0.057873 
625 2.309132 0.000000 -1.084932 99.721797 -0.125244 6.741296 0.001010 
626 2.309132 0.000000 -1.446576 99.735671 -0.075897 6.847901 0.000590 
627 2.699909 0.000000 -1.084932 99.740830 -0.143444 6.711764 0.000670 
628 2.113744 0.000000 -0.542466 99.522914 -0.151638 6.002404 0.005914 
629 1.918356 0.000000 -0.542466 99.407452 -0.135900 6.105168 0.008087 
630 2.113744 0.000000 -0.723288 99.672493 -0.135062 6.454803 0.002371 
631 2.309132 0.000000 -0.542466 99.652346 -0.189434 5.949914 0.003397 
632 2.016050 0.000000 -0.271233 99.956935 -0.208662 3.724778 -0.000531 
633 1.918356 0.000000 -0.271233 100.066720 -0.155734 1.427187 -0.001541 
634 2.016050 0.000000 -0.361644 99.727973 -0.186894 4.915070 0.003014 
635 2.113744 0.000000 -0.271233 99.889033 -0.307429 4.404394 0.000269 
636 3.090685 0.000000 -0.361644 99.849704 -0.359291 4.975778 0.000515 
637 3.090685 0.000000 -0.723288 99.768520 -0.219515 6.369777 0.000562 
638 3.481461 0.000000 -0.361644 99.864868 -0.363933 5.163349 0.000022 
639 3.090685 0.000000 0.000000 100.110359 -1.255421 1.712123 -0.002659 
640 2.504521 0.000000 -0.180822 100.298813 -0.610492 1.925760 -0.006393 
641 2.504521 0.000000 -0.361644 99.736858 -0.312816 4.596642 0.003133 
642 2.699909 0.000000 -0.180822 100.048356 -0.557851 2.472415 -0.001610 
643 2.504521 0.000000 0.000000 101.158285 -1.240057 1.799459 -0.023777 
644 2.211438 0.000000 -0.090411 90.881879 -1.033515 16.482721 0.146774 
645 2.211438 0.000000 -0.180822 97.302812 -0.448229 4.678906 0.051007 
646 2.309132 0.000000 -0.090411 106.905633 -0.735802 -14.132020 -0.162907 
647 2.211438 0.000000 0.000000 140.482449 -0.338619 0.213627 -0.973548 
648 2.064897 0.000000 -0.135617 100.687114 -0.163376 0.652040 -0.013835 
649 2.016050 0.000000 -0.135617 100.561688 -0.192753 1.782267 -0.011587 
650 2.064897 0.000000 -0.180822 102.337476 -0.297911 2.936020 -0.048167 
651 2.113744 0.000000 -0.135617 105.465482 -0.420950 7.203776 -0.117504 
652 2.064897 0.000000 -0.090411 101.848762 -0.240065 3.463185 -0.038522 
653 3.090685 0.000000 0.361644 99.953405 0.684832 3.596461 -0.000409 
654 3.481461 0.000000 0.361644 100.013040 0.689823 3.159301 -0.001307 
655 3.090685 0.000000 0.723288 99.795754 0.326422 6.122686 0.000321 
656 2.504521 0.000000 0.180822 100.302210 0.937872 2.426739 -0.006730 
657 2.699909 0.000000 0.180822 100.156971 1.027879 1.843180 -0.003587 
658 2.504521 0.000000 0.361644 99.724023 0.633351 4.331972 0.003595 
659 2.211438 0.000000 0.090411 88.219207 1.350557 -15.900780 0.196271 
660 2.309132 0.000000 0.090411 106.053875 1.015373 19.627281 -0.163369 
661 2.211438 0.000000 0.180822 96.096476 0.936168 -0.992310 0.076361 
662 2.309132 0.000000 1.084932 99.789828 0.157739 6.641003 -0.000214 
663 2.699909 0.000000 1.084932 99.770479 0.185696 6.626269 0.000191 
664 2.309132 0.000000 1.446576 99.789726 0.091639 6.796614 -0.000419 
665 2.113744 0.000000 0.542466 99.751187 0.251640 5.592225 0.001836 
666 1.918356 0.000000 0.542466 99.985553 0.125661 5.857418 -0.003144 
667 2.309132 0.000000 0.542466 99.695367 0.346438 5.577510 0.002961 
668 2.113744 0.000000 0.723288 99.873193 0.174254 6.210116 -0.001325 
669 2.016050 0.000000 0.271233 100.609127 0.265692 2.662903 -0.012936 
670 1.918356 0.000000 0.271233 103.608285 -0.035186 2.335760 -0.074013 
671 2.113744 0.000000 0.271233 99.694654 0.440562 1.783675 0.005760 
672 2.016050 0.000000 0.361644 100.242082 0.257278 4.176596 -0.006599 
673 2.064897 0.000000 0.135617 102.451785 0.118526 0.856344 -0.049712 
674 2.016050 0.000000 0.135617 102.261521 0.044365 2.748594 -0.046498 
675 2.064897 0.000000 0.090411 101.928652 0.366959 -1.628688 -0.039224 
676 2.113744 0.000000 0.135617 102.704019 1.123734 -5.644042 -0.058123 
677 2.064897 0.000000 0.180822 101.178482 0.436633 -0.396053 -0.023743 
678 2.211438 0.000000 -0.271233 98.792156 -0.366436 4.355685 0.022100 
679 2.211438 0.000000 -0.361644 99.502249 -0.301565 5.012640 0.007409 
680 2.309132 0.000000 -0.271233 98.968718 -0.427091 3.248664 0.019446 
681 2.162591 0.000000 -0.135617 100.014429 -0.596367 9.233673 -0.008850 
682 2.162591 0.000000 -0.180822 99.665709 -0.449003 5.825686 0.003261 
683 2.211438 0.000000 -0.135617 94.996725 -0.670412 7.260877 0.092245 
684 2.162591 0.000000 -0.090411 100.453434 -0.902709 16.018721 -0.034831 
685 2.064897 0.000000 -0.045206 100.733338 -0.165562 0.589498 -0.014758 
686 2.016050 0.000000 -0.045206 100.648545 -0.166924 3.430871 -0.014193 
687 2.113744 0.000000 -0.045206 91.857640 -0.230614 3.210742 0.155181 
688 2.064897 0.000000 0.000000 88.298065 -0.252103 -1.346229 0.220158 
689 2.089321 0.000000 -0.113014 107.356273 -0.416715 5.779774 -0.155895 
690 2.064897 0.000000 -0.113014 103.446482 -0.287896 4.613746 -0.072254 
691 2.089321 0.000000 -0.135617 100.898728 -0.144114 0.199761 -0.018061 
692 2.113744 0.000000 -0.113014 109.056278 -0.644472 11.332498 -0.202211 
693 2.089321 0.000000 -0.090411 107.032157 -0.405393 5.530173 -0.148663 
694 2.064897 0.000000 0.045206 102.349323 0.124871 0.777287 -0.047600 
695 2.016050 0.000000 0.045206 101.997730 -0.007678 4.219701 -0.042134 
696 2.113744 0.000000 0.045206 94.445959 -0.676334 -4.892877 0.105556 
697 2.211438 0.000000 0.271233 98.290325 0.598897 2.108249 0.033421 
698 2.309132 0.000000 0.271233 98.623055 0.631303 3.408909 0.026147 
699 2.211438 0.000000 0.361644 99.350713 0.425136 3.901661 0.011403 
700 2.162591 0.000000 0.135617 97.961080 1.139359 -7.296576 0.034909 
701 2.162591 0.000000 0.090411 97.574725 1.522450 -15.458047 0.023790 
702 2.211438 0.000000 0.135617 93.080755 1.171260 -4.881584 0.131077 
703 2.162591 0.000000 0.180822 98.269729 0.869020 -2.464070 0.033623 
704 2.089321 0.000000 0.113014 104.225888 0.964018 -5.260493 -0.089164 
705 2.064897 0.000000 0.113014 102.283849 0.588191 -3.508072 -0.047464 
706 2.089321 0.000000 0.090411 104.126328 0.925863 -4.960735 -0.086776 
707 2.113744 0.000000 0.113014 105.202950 1.541134 -10.832797 -0.118739 
708 2.089321 0.000000 0.135617 102.030983 0.203616 0.235589 -0.041042 
709 2.162591 0.000000 -0.045206 110.602157 -0.256872 7.714110 -0.229241 
710 2.211438 0.000000 -0.045206 140.108445 -0.249131 10.904312 -0.974934 
711 2.162591 0.000000 0.000000 113.185349 -0.413235 -0.414665 -0.281127 
712 2.138168 0.000000 -0.113014 104.550833 -0.773059 15.505284 -0.117189 
713 2.138168 0.000000 -0.135617 102.732567 -0.496277 8.964051 -0.063458 
714 2.162591 0.000000 -0.113014 100.401860 -0.785949 12.409372 -0.023514 
715 2.138168 0.000000 -0.090411 104.159176 -0.796399 15.447355 -0.108839 
716 2.089321 0.000000 -0.067808 100.898446 -0.144172 0.201109 -0.018056 
717 2.064897 0.000000 -0.067808 100.461739 -0.222185 1.648195 -0.009533 
718 2.113744 0.000000 -0.067808 88.724562 -0.103295 5.399642 0.209879 
719 2.089321 0.000000 -0.045206 87.029992 -0.143339 0.899542 0.242495 
720 2.101533 0.000000 -0.101712 109.668247 -0.564721 8.223594 -0.209507 
721 2.089321 0.000000 -0.101712 108.381874 -0.461078 6.182711 -0.178507 
722 2.101533 0.000000 -0.113014 109.894452 -0.558840 7.624321 -0.213523 
723 2.113744 0.000000 -0.101712 108.965419 -0.650111 11.891056 -0.201528 
724 2.101533 0.000000 -0.090411 109.976428 -0.578841 8.217220 -0.216267 
725 2.162591 0.000000 0.045206 112.364214 -0.327335 -8.418083 -0.269669 
726 2.211438 0.000000 0.045206 141.596104 -0.037195 -10.684931 -1.016363 
727 2.089321 0.000000 0.067808 102.031123 0.203431 0.237223 -0.041045 
728 2.064897 0.000000 0.067808 102.279582 0.013848 2.698421 -0.046839 
729 2.089321 0.000000 0.045206 90.149395 -0.489120 -3.077090 0.186338 
730 2.113744 0.000000 0.067808 92.648793 -0.738391 -6.751417 0.137007 
731 2.138168 0.000000 0.113014 101.365876 1.676644 -14.938223 -0.050100 
732 2.138168 0.000000 0.090411 101.031544 1.678268 -14.888075 -0.043184 
733 2.162591 0.000000 0.113014 97.921602 1.414720 -11.453357 0.027818 
734 2.138168 0.000000 0.135617 100.467726 1.197706 -7.175635 -0.014669 
735 2.101533 0.000000 0.101712 105.698502 1.343578 -7.814382 -0.123504 
736 2.089321 0.000000 0.101712 104.863145 1.083105 -5.727970 -0.103026 
737 2.101533 0.000000 0.090411 105.951874 1.388880 -7.807798 -0.128869 
738 2.113744 0.000000 0.101712 105.121746 1.556656 -11.371980 -0.118233 
739 2.101533 0.000000 0.113014 105.956239 1.333426 -7.233255 -0.128082 
740 2.138168 0.000000 -0.067808 97.425771 -0.172504 8.925700 0.042852 
741 2.162591 0.000000 -0.067808 108.066852 -0.189323 11.808078 -0.181791 
742 2.138168 0.000000 -0.045206 99.812734 -0.235311 5.642829 0.000552 
743 2.125956 0.000000 -0.101712 105.830337 -0.712785 15.406832 -0.143794 
744 2.125956 0.000000 -0.113014 106.687461 -0.704033 14.658223 -0.159757 
745 2.138168 0.000000 -0.101712 104.305768 -0.787609 15.468892 -0.111960 
746 2.125956 0.000000 -0.090411 106.579228 -0.706892 14.727426 -0.157653 
747 2.138168 0.000000 0.067808 100.452737 -0.646394 -9.947031 -0.019011 
748 2.138168 0.000000 0.045206 101.972656 -0.594947 -6.868189 -0.044595 
749 2.162591 0.000000 0.067808 110.631932 -0.314855 -12.559590 -0.239727 
750 2.125956 0.000000 0.101712 102.430382 1.648130 -14.817539 -0.071426 
751 2.125956 0.000000 0.090411 103.077014 1.636339 -14.148939 -0.082774 
752 2.138168 0.000000 0.101712 101.157995 1.678529 -14.906969 -0.045798 
753 2.125956 0.000000 0.113014 103.169236 1.634199 -14.080214 -0.084481 
754 2.406827 0.000000 -0.090411 102.659233 -0.922348 -0.441952 -0.053996 
755 2.406827 0.000000 -0.180822 100.339115 -0.551633 1.006472 -0.006926 
756 2.504521 0.000000 -0.090411 100.871938 -0.802695 1.210412 -0.017726 
757 2.406827 0.000000 0.000000 104.906782 -1.424971 1.943805 -0.101124 
758 2.260285 0.000000 -0.135617 92.427203 -0.631028 0.315716 0.145671 
759 2.260285 0.000000 -0.180822 96.576101 -0.553792 2.034644 0.066861 
760 2.309132 0.000000 -0.135617 98.427461 -0.685295 -3.836336 0.029685 
761 2.260285 0.000000 -0.090411 75.875807 -0.994200 12.567844 0.408392 
762 2.187015 0.000000 -0.113014 97.065338 -0.824593 12.174260 0.042943 
763 2.187015 0.000000 -0.135617 97.599811 -0.644113 8.696922 0.039823 
764 2.211438 0.000000 -0.113014 92.409914 -0.818255 10.608206 0.134720 
765 2.187015 0.000000 -0.090411 94.608413 -0.993734 17.316995 0.074838 
766 2.150380 0.000000 -0.101712 103.075010 -0.853392 15.287361 -0.085889 
767 2.150380 0.000000 -0.113014 103.504597 -0.835490 15.350765 -0.094955 
768 2.162591 0.000000 -0.101712 100.651679 -0.899698 15.956284 -0.038617 
769 2.150380 0.000000 -0.090411 102.348455 -0.867963 15.477231 -0.071550 
770 2.406827 0.000000 0.090411 102.409435 0.528398 5.134595 -0.051434 
771 2.504521 0.000000 0.090411 100.825317 0.515074 3.420535 -0.017771 
772 2.406827 0.000000 0.180822 100.146941 0.956856 3.423856 -0.004205 
773 2.260285 0.000000 0.135617 90.632502 1.202516 2.939162 0.177566 
774 2.260285 0.000000 0.090411 71.938159 1.194396 -11.828982 0.468355 
775 2.309132 0.000000 0.135617 97.469120 1.122325 8.004199 0.043444 
776 2.260285 0.000000 0.180822 95.578735 0.908395 2.041368 0.085971 
777 2.187015 0.000000 0.113014 94.852275 1.329878 -10.959653 0.088116 
778 2.187015 0.000000 0.090411 91.955775 1.266378 -16.729003 0.126267 
779 2.211438 0.000000 0.113014 90.026636 1.321835 -9.066709 0.181125 
780 2.187015 0.000000 0.135617 95.611880 1.106199 -6.550308 0.081424 
781 2.150380 0.000000 0.101712 100.080249 1.662055 -14.745160 -0.023624 
782 2.150380 0.000000 0.090411 99.386475 1.621923 -14.930105 -0.010321 
783 2.162591 0.000000 0.101712 97.765447 1.533643 -15.397360 0.020249 
784 2.150380 0.000000 0.113014 100.470728 1.679635 -14.804070 -0.031635 
785 2.260285 0.000000 -0.045206 170.948605 -0.580216 1.956126 -1.922759 
786 2.309132 0.000000 -0.045206 129.235187 -0.866170 -10.710416 -0.681720 
787 2.260285 0.000000 0.000000 159.551003 -0.747296 1.147060 -1.545840 
788 2.187015 0.000000 -0.067808 121.461664 -0.181611 15.006198 -0.497815 
789 2.211438 0.000000 -0.067808 139.789921 -0.177113 18.028029 -0.986626 
790 2.187015 0.000000 -0.045206 124.045902 -0.262034 9.699055 -0.548153 
791 2.174803 0.000000 -0.101712 97.456500 -0.945082 16.828214 0.021815 
792 2.174803 0.000000 -0.113014 98.829759 -0.807037 12.415658 0.007788 
793 2.187015 0.000000 -0.101712 94.631608 -0.991366 17.321365 0.074385 
794 2.174803 0.000000 -0.090411 97.096369 -0.948368 16.937855 0.028450 
795 2.260285 0.000000 0.045206 173.879981 -0.307425 0.402850 -2.023450 
796 2.309132 0.000000 0.045206 129.645010 -0.522083 16.146865 -0.706882 
797 2.187015 0.000000 0.067808 123.437826 0.053693 -15.511874 -0.547752 
798 2.187015 0.000000 0.045206 125.469894 -0.113403 -9.948848 -0.584169 
799 2.211438 0.000000 0.067808 141.812066 0.130240 -18.400913 -1.044927 
800 2.174803 0.000000 0.101712 94.694866 1.366881 -16.247790 0.076702 
801 2.174803 0.000000 0.090411 94.347568 1.347345 -16.354659 0.082925 
802 2.187015 0.000000 0.101712 91.983861 1.248491 -16.733846 0.125739 
803 2.174803 0.000000 0.113014 96.497620 1.357098 -11.252148 0.055976 
804 2.235862 0.000000 -0.067808 79.050320 -1.023095 13.093166 0.357857 
805 2.235862 0.000000 -0.090411 80.083322 -1.021690 13.264414 0.340967 
806 2.260285 0.000000 -0.067808 74.582003 -0.968893 12.353906 0.428397 
807 2.235862 0.000000 -0.045206 156.825460 -0.335860 9.861110 -1.469158 
808 2.235862 0.000000 -0.113014 88.901075 -0.795241 6.300615 0.205627 
809 2.235862 0.000000 -0.135617 92.948544 -0.676634 4.406755 0.134069 
810 2.260285 0.000000 -0.113014 86.213979 -0.714600 -0.755320 0.256607 
811 2.223650 0.000000 -0.079110 85.125230 -1.025651 14.679947 0.253714 
812 2.211438 0.000000 -0.079110 90.456040 -1.032747 16.357622 0.154907 
813 2.223650 0.000000 -0.090411 85.100796 -1.022630 14.565337 0.254466 
814 2.235862 0.000000 -0.079110 79.956583 -1.021913 13.243398 0.343051 
815 2.223650 0.000000 -0.067808 149.558571 -0.207829 16.866866 -1.265230 
816 2.235862 0.000000 0.067808 75.490831 1.324521 -12.417394 0.414519 
817 2.235862 0.000000 0.045206 158.751322 -0.122508 -8.994717 -1.528290 
818 2.260285 0.000000 0.067808 70.503874 1.150555 -11.589956 0.489355 
819 2.235862 0.000000 0.090411 76.635201 1.337204 -12.604832 0.396638 
820 2.235862 0.000000 0.113014 86.332420 1.412118 -4.249895 0.252666 
821 2.260285 0.000000 0.113014 83.435911 1.364801 3.722107 0.302273 
822 2.235862 0.000000 0.135617 91.065844 1.200435 -1.668465 0.170279 
823 2.223650 0.000000 0.079110 82.103201 1.363614 -14.065555 0.305937 
824 2.211438 0.000000 0.079110 87.770016 1.351651 -15.772803 0.204582 
825 2.223650 0.000000 0.067808 151.792927 0.080650 -16.965631 -1.332893 
826 2.235862 0.000000 0.079110 76.495110 1.335878 -12.581890 0.398841 
827 2.223650 0.000000 0.090411 82.092197 1.365504 -13.955828 0.306424 
828 2.357979 0.000000 -0.045206 109.977639 -0.981780 -1.748887 -0.209910 
829 2.357979 0.000000 -0.090411 105.087650 -0.897220 -2.950434 -0.105292 
830 2.406827 0.000000 -0.045206 104.344230 -1.156618 0.325863 -0.088916 
831 2.357979 0.000000 0.000000 111.827383 -1.229617 2.104252 -0.251130 
832 2.284709 0.000000 -0.067808 152.654143 -0.705865 -43.102340 -1.516160 
833 2.284709 0.000000 -0.090411 91.504008 -0.731326 -30.706440 0.068360 
834 2.309132 0.000000 -0.067808 119.502667 -0.765705 -16.159547 -0.454260 
835 2.284709 0.000000 -0.045206 155.960528 -0.741220 -14.058072 -1.452187 
836 2.248074 0.000000 -0.079110 77.459747 -1.014167 12.829894 0.383435 
837 2.248074 0.000000 -0.090411 77.759900 -1.015677 12.879577 0.378648 
838 2.260285 0.000000 -0.079110 75.066246 -0.980068 12.433956 0.420949 
839 2.248074 0.000000 -0.067808 76.915982 -1.009646 12.739907 0.392061 
840 2.357979 0.000000 0.045206 109.752573 -0.785542 6.724231 -0.209146 
841 2.406827 0.000000 0.045206 104.180516 -1.062252 4.259823 -0.087285 
842 2.357979 0.000000 0.090411 104.710464 0.782586 7.790715 -0.102559 
843 2.284709 0.000000 0.067808 155.293643 0.479727 50.964108 -1.671369 
844 2.284709 0.000000 0.045206 157.971612 -0.361082 19.008565 -1.531649 
845 2.309132 0.000000 0.067808 119.432087 0.368649 22.199752 -0.475699 
846 2.284709 0.000000 0.090411 88.681589 1.170264 37.110515 0.075702 
847 2.248074 0.000000 0.079110 73.711462 1.272666 -12.123914 0.441801 
848 2.248074 0.000000 0.067808 73.102974 1.251407 -12.023228 0.450983 
849 2.260285 0.000000 0.079110 71.036629 1.159397 -11.678696 0.481606 
850 2.248074 0.000000 0.090411 74.047221 1.282031 -12.179253 0.436703 
851 -8.241827 0.000000 -8.679458 99.756011 -0.002056 6.975552 0.000008 
852 -11.368037 0.000000 -8.679458 99.756183 -0.001331 6.975628 0.000004 
853 -8.241827 0.000000 -11.572610 99.756057 -0.002306 6.975511 0.000007 
854 10.515434 0.000000 -8.679458 99.756192 -0.018750 6.971234 0.000010 
855 10.515434 0.000000 -11.572610 99.756137 -0.013406 6.973193 0.000009 
856 13.641644 0.000000 -8.679458 99.756408 -0.019374 6.971321 0.000006 
857 -8.241827 0.000000 8.679458 99.756834 0.002507 6.975585 -0.000008 
858 -11.368037 0.000000 8.679458 99.756645 0.001691 6.975644 -0.000005 
859 -8.241827 0.000000 11.572610 99.756800 0.002735 6.975527 -0.000008 
860 -3.552511 0.000000 -4.339729 99.754780 -0.003626 6.975221 0.000033 
861 -5.115617 0.000000 -4.339729 99.755471 -0.002391 6.975552 0.000019 
862 -3.552511 0.000000 -5.786305 99.755020 -0.004144 6.975080 0.000028 
863 10.515434 0.000000 8.679458 99.757229 0.022840 6.969751 -0.000008 
864 13.641644 0.000000 8.679458 99.757065 0.024563 6.969332 -0.000004 
865 10.515434 0.000000 11.572610 99.757001 0.015890 6.972538 -0.000008 
866 5.826119 0.000000 -4.339729 99.755290 -0.036635 6.957979 0.000047 
867 5.826119 0.000000 -5.786305 99.755175 -0.026077 6.965936 0.000038 
868 7.389224 0.000000 -4.339729 99.756257 -0.038265 6.958185 0.000027 
869 -3.552511 0.000000 4.339729 99.757990 0.004436 6.975577 -0.000032 
870 -5.115617 0.000000 4.339729 99.757279 0.003045 6.975727 -0.000018 
871 -3.552511 0.000000 5.786305 99.757904 0.004932 6.975304 -0.000029 
872 -1.207854 0.000000 -2.169864 99.754829 -0.000027 6.966020 0.000045 
873 -1.989406 0.000000 -2.169864 99.751795 0.006654 6.974492 0.000094 
874 -1.207854 0.000000 -2.893153 99.750450 0.005126 6.972288 0.000123 
875 5.826119 0.000000 4.339729 99.759725 0.044808 6.952615 -0.000034 
876 7.389224 0.000000 4.339729 99.759033 0.048610 6.950928 -0.000018 
877 5.826119 0.000000 5.786305 99.758832 0.031050 6.963474 -0.000032 
878 3.481461 0.000000 -2.169864 99.744476 -0.064286 6.900436 0.000342 
879 3.481461 0.000000 -2.893153 99.750794 -0.048386 6.939077 0.000163 
880 4.263014 0.000000 -2.169864 99.753922 -0.073716 6.905891 0.000146 
881 -1.207854 0.000000 2.169864 99.769157 0.008301 6.983088 -0.000265 
882 -1.989406 0.000000 2.169864 99.759070 0.011198 6.976322 -0.000054 
883 -1.207854 0.000000 2.893153 99.761745 0.012807 6.975227 -0.000106 
884 -0.817078 0.000000 -1.084932 99.732993 -0.004202 6.970400 0.000474 
885 -1.207854 0.000000 -1.084932 99.741278 -0.004072 6.981626 0.000293 
886 -0.817078 0.000000 -1.446576 99.745994 -0.000989 6.961069 0.000228 
887 3.481461 0.000000 2.169864 99.765950 0.083046 6.887607 -0.000069 
888 4.263014 0.000000 2.169864 99.765574 0.095152 6.880384 -0.000052 
889 3.481461 0.000000 2.893153 99.765606 0.058734 6.928026 -0.000118 
890 -0.230913 0.000000 -0.542466 99.563673 0.022222 7.017714 0.003783 
891 -0.426301 0.000000 -0.542466 99.675948 0.012317 7.026227 0.001534 
892 -0.230913 0.000000 -0.723288 99.611924 0.006607 6.963586 0.002897 
893 0.941416 0.000000 -0.542466 99.717549 -0.012054 6.701576 0.001150 
894 0.941416 0.000000 -0.723288 99.700874 -0.012005 6.807597 0.001339 
895 -0.817078 0.000000 1.084932 99.758220 0.004901 6.980196 -0.000043 
896 -1.207854 0.000000 1.084932 99.758293 -0.002976 6.976787 -0.000039 
897 -0.817078 0.000000 1.446576 99.768457 0.002042 6.986316 -0.000255 
898 -0.230913 0.000000 0.542466 99.735446 0.004476 6.935767 0.000474 
899 -0.426301 0.000000 0.542466 99.780378 -0.005464 6.964542 -0.000463 
900 -0.230913 0.000000 0.723288 99.756016 -0.021873 6.982207 -0.000001 
901 -0.133219 0.000000 -0.271233 99.492921 -0.040932 7.553719 0.004410 
902 -0.230913 0.000000 -0.271233 99.702469 0.127621 7.453556 0.000385 
903 -0.133219 0.000000 -0.361644 99.275013 0.060394 7.220992 0.009233 
904 0.941416 0.000000 0.542466 99.881586 0.023857 6.682446 -0.002099 
905 0.941416 0.000000 0.723288 99.841159 0.028067 6.797495 -0.001446 
906 -0.133219 0.000000 0.271233 99.917114 -0.139445 6.393886 -0.002433 
907 -0.230913 0.000000 0.271233 99.954479 0.068660 6.585189 -0.003427 
908 -0.133219 0.000000 0.361644 99.641169 -0.053766 6.705016 0.002668 
909 0.037745 0.000000 -0.113014 86.380195 0.047600 3.373529 0.252708 
910 0.013322 0.000000 -0.113014 85.455884 0.017728 10.492200 0.258721 
911 0.037745 0.000000 -0.135617 91.039520 0.070523 4.995922 0.168684 
912 0.648333 0.000000 -0.271233 101.395819 -0.011074 1.869420 -0.028461 
913 0.648333 0.000000 -0.361644 99.734115 0.019299 6.448641 0.001152 
914 0.746027 0.000000 -0.271233 102.345995 0.014336 2.826743 -0.048269 
915 0.648333 0.000000 0.271233 101.419554 -0.019637 1.870906 -0.028943 
916 0.746027 0.000000 0.271233 102.416547 0.001523 2.826356 -0.049714 
917 0.648333 0.000000 0.361644 99.922055 -0.037651 6.211363 -0.002300 
918 0.037745 0.000000 0.113014 90.383623 -0.098068 7.074465 0.178074 
919 0.013322 0.000000 0.113014 89.539687 -0.117337 1.497386 0.198039 
920 0.037745 0.000000 0.135617 94.076961 -0.083372 6.624777 0.110563 
921 0.098804 0.000000 -0.079110 90.050295 -0.048110 -14.777341 0.167257 
922 0.098804 0.000000 -0.090411 90.197261 -0.006126 -14.960205 0.164065 
923 0.098804 0.000000 -0.067808 90.041859 -0.050774 -14.754231 0.167477 
924 0.098804 0.000000 0.079110 94.831619 -0.052785 16.024633 0.075017 
925 0.098804 0.000000 0.067808 94.826674 -0.052005 16.028782 0.075098 
926 0.098804 0.000000 0.090411 94.897163 -0.066057 15.999203 0.073855 
927 0.233134 0.000000 -0.067808 87.481388 0.011928 -6.348646 0.230670 
928 0.233134 0.000000 -0.045206 88.938845 -0.022215 -4.734346 0.206747 
929 0.184287 0.000000 -0.113014 98.478996 -0.209207 -7.266961 0.024903 
930 0.184287 0.000000 -0.135617 98.180285 -0.170250 -3.777803 0.034633 
931 0.233134 0.000000 0.067808 87.528037 -0.042767 6.397495 0.229791 
932 0.233134 0.000000 0.045206 88.945854 -0.043280 4.854933 0.206506 
933 0.184287 0.000000 0.113014 101.218441 -0.327407 12.630780 -0.040482 
934 0.184287 0.000000 0.135617 100.484928 -0.281293 11.690114 -0.023396 
935 0.501792 0.000000 -0.045206 100.361558 -0.005847 4.966878 -0.009711 
936 0.550639 0.000000 -0.045206 101.410927 -0.008150 6.279993 -0.032361 
937 0.501792 0.000000 0.000000 101.413060 -0.008959 6.497899 -0.032683 
938 0.501792 0.000000 0.045206 100.408456 -0.016927 4.964594 -0.010651 
939 0.550639 0.000000 0.045206 101.414761 -0.010384 6.280955 -0.032440 
940 0.428522 0.000000 -0.067808 99.092960 -0.002948 2.125231 0.017607 
941 0.452945 0.000000 -0.067808 99.240333 -0.001126 3.627257 0.013820 
942 0.428522 0.000000 -0.045206 99.260887 -0.005223 1.374133 0.014539 
943 0.367463 0.000000 -0.101712 104.553866 0.082983 -3.135134 -0.094135 
944 0.367463 0.000000 -0.113014 104.638632 0.077057 -2.621953 -0.095612 
945 0.367463 0.000000 -0.090411 104.868682 0.078996 -2.873991 -0.100571 
946 0.428522 0.000000 0.067808 99.199386 -0.028786 2.120207 0.015499 
947 0.428522 0.000000 0.045206 99.361750 -0.028765 1.370870 0.012536 
948 0.452945 0.000000 0.067808 99.339338 -0.026346 3.622894 0.011857 
949 0.367463 0.000000 0.101712 105.724946 0.013048 3.430629 -0.118953 
950 0.367463 0.000000 0.090411 106.032583 0.010195 3.164377 -0.125292 
951 0.367463 0.000000 0.113014 105.702219 0.016272 2.906109 -0.118140 
952 1.722968 0.000000 -0.542466 99.475644 -0.101660 6.357393 0.006417 
953 1.722968 0.000000 -0.723288 99.537075 -0.073867 6.597634 0.004884 
954 1.722968 0.000000 0.542466 100.190431 0.084415 6.239151 -0.007706 
955 1.722968 0.000000 0.723288 99.928955 0.071321 6.525975 -0.002839 
956 1.429886 0.000000 -0.271233 100.907043 -0.043369 1.931799 -0.018597 
957 1.429886 0.000000 -0.361644 99.494665 -0.021297 6.436079 0.005939 
958 1.527580 0.000000 -0.271233 100.807368 -0.044183 1.432221 -0.016418 
959 1.429886 0.000000 0.271233 101.774343 -0.043978 1.989568 -0.036198 
960 1.527580 0.000000 0.271233 102.835707 -0.015447 1.608502 -0.057777 
961 1.429886 0.000000 0.361644 100.118402 0.032273 6.163942 -0.006169 
962 3.090685 0.000000 -1.084932 99.750347 -0.140238 6.697691 0.000499 
963 3.090685 0.000000 -1.446576 99.744565 -0.101064 6.819694 0.000450 
964 3.481461 0.000000 -1.084932 99.761499 -0.143960 6.704486 0.000267 
965 2.504521 0.000000 -0.542466 99.708119 -0.288691 5.878429 0.002365 
966 2.504521 0.000000 -0.723288 99.689215 -0.209464 6.354331 0.002164 
967 2.699909 0.000000 -0.542466 99.759187 -0.289462 5.881310 0.001343 
968 3.090685 0.000000 1.084932 99.779240 0.190858 6.606059 0.000043 
969 3.481461 0.000000 1.084932 99.784598 0.203918 6.580994 -0.000032 
970 3.090685 0.000000 1.446576 99.774099 0.131545 6.772071 -0.000075 
971 2.504521 0.000000 0.542466 99.728688 0.407693 5.628755 0.002234 
972 2.699909 0.000000 0.542466 99.804527 0.422326 5.566330 0.000789 
973 2.504521 0.000000 0.723288 99.741195 0.296147 6.204954 0.001310 
974 2.406827 0.000000 -0.271233 99.743269 -0.485963 3.140872 0.004118 
975 2.406827 0.000000 -0.361644 99.558845 -0.338263 4.493123 0.006773 
976 2.504521 0.000000 -0.271233 99.910936 -0.464644 3.346390 0.000639 
977 2.406827 0.000000 0.271233 99.654776 0.697495 3.494423 0.005623 
978 2.504521 0.000000 0.271233 99.917793 0.719594 3.242868 0.000540 
979 2.406827 0.000000 0.361644 99.499515 0.561399 4.463471 0.007961 
980 2.357979 0.000000 -0.135617 101.263561 -0.761522 -1.582150 -0.025739 
981 2.357979 0.000000 -0.180822 99.839707 -0.624627 0.336295 0.003153 
982 2.406827 0.000000 -0.135617 101.245916 -0.723758 -0.009356 -0.025126 
983 2.284709 0.000000 -0.113014 92.332544 -0.677314 -9.538828 0.138325 
984 2.284709 0.000000 -0.135617 94.935717 -0.657327 -3.321730 0.097574 
985 2.309132 0.000000 -0.113014 100.414438 -0.697147 -8.115747 -0.014941 
986 2.357979 0.000000 0.135617 100.832009 0.998861 5.701848 -0.020060 
987 2.406827 0.000000 0.135617 101.008984 1.003266 4.094540 -0.022059 
988 2.357979 0.000000 0.180822 99.447818 0.894386 4.140829 0.009219 
989 2.284709 0.000000 0.113014 90.213929 1.270987 13.770337 0.167021 
990 2.309132 0.000000 0.113014 99.353315 1.228964 12.723001 -0.003447 
991 2.284709 0.000000 0.135617 93.504603 1.155944 7.137839 0.120460 
1 11 62 60 61 
2 62 10 24 60 
3 60 24 14 63 
4 61 60 63 6 
5 24 66 64 65 
6 66 23 40 64 
7 64 40 27 67 
8 65 64 67 14 
9 40 70 68 69 
10 69 68 71 27 
11 6 63 92 93 
12 63 14 36 92 
13 92 36 19 94 
14 93 92 94 20 
15 14 67 95 96 
16 67 27 52 95 
17 95 52 35 97 
18 96 95 97 36 
19 27 71 98 99 
20 99 98 100 52 
21 68 112 110 111 
22 112 56 80 110 
23 110 80 43 113 
24 111 110 113 71 
25 80 116 114 115 
26 115 114 117 43 
27 71 113 133 134 
28 113 43 102 133 
29 133 102 76 135 
30 134 133 135 98 
31 43 117 136 137 
32 137 136 138 102 
33 114 141 139 140 
34 141 106 129 139 
35 139 129 83 142 
36 140 139 142 117 
37 129 149 147 148 
38 147 150 132 151 
39 148 147 151 83 
40 117 142 152 153 
41 142 83 144 152 
42 152 144 125 154 
43 153 152 154 136 
44 83 151 155 156 
45 151 132 157 155 
46 156 155 158 144 
47 12 161 159 160 
48 161 7 162 159 
49 159 162 13 25 
50 160 159 25 10 
51 25 165 163 164 
52 165 13 166 163 
53 163 166 26 41 
54 164 163 41 23 
55 41 169 167 168 
56 169 26 170 167 
57 167 170 42 57 
58 168 167 57 39 
59 39 173 171 172 
60 173 57 174 171 
61 171 174 55 81 
62 172 171 81 56 
63 81 177 175 176 
64 177 55 178 175 
65 175 178 82 107 
66 176 175 107 79 
67 79 181 179 180 
68 181 107 182 179 
69 179 182 105 130 
70 180 179 130 106 
71 106 185 183 184 
72 185 130 186 183 
73 184 183 149 129 
74 195 197 109 198 
75 150 195 198 132 
76 149 201 199 200 
77 201 128 202 199 
78 199 202 150 203 
79 200 199 203 147 
80 132 198 210 157 
81 198 109 211 210 
82 19 38 213 214 
83 38 21 215 213 
84 213 215 9 216 
85 214 213 216 22 
86 35 54 217 218 
87 54 37 219 217 
88 217 219 21 220 
89 218 217 220 38 
90 51 78 221 222 
91 78 53 223 221 
92 221 223 37 224 
93 222 221 224 54 
94 76 104 225 226 
95 104 75 227 225 
96 225 227 78 228 
97 226 225 228 51 
98 101 127 229 230 
99 127 103 231 229 
100 229 231 75 232 
101 230 229 232 104 
102 125 146 233 234 
103 146 124 235 233 
104 233 235 127 236 
105 234 233 236 101 
106 144 158 237 238 
107 237 239 146 240 
108 238 237 240 125 
109 155 243 241 242 
110 243 157 244 241 
111 241 244 143 245 
112 242 241 245 158 
113 130 247 246 186 
114 247 105 248 246 
115 249 251 195 252 
116 202 249 252 150 
117 186 255 253 254 
118 255 246 256 253 
119 253 256 196 250 
120 254 253 250 128 
121 128 259 257 258 
122 259 250 260 257 
123 257 260 249 261 
124 258 257 261 202 
125 262 263 124 264 
126 239 262 264 146 
127 157 266 265 244 
128 266 210 267 265 
129 143 268 269 270 
130 268 212 271 269 
131 269 271 262 272 
132 270 269 272 239 
133 244 275 273 274 
134 275 265 276 273 
135 273 276 268 277 
136 274 273 277 143 
137 278 280 194 281 
138 197 278 281 109 
139 283 131 284 282 
140 282 284 197 285 
141 251 282 285 195 
142 107 287 286 182 
143 287 82 288 286 
144 286 288 108 192 
145 182 286 192 105 
146 105 290 289 248 
147 290 192 291 289 
148 246 293 292 256 
149 293 248 294 292 
150 292 294 131 283 
151 256 292 283 196 
152 196 297 295 296 
153 297 283 298 295 
154 295 298 282 299 
155 296 295 299 251 
156 109 281 300 211 
157 281 194 301 300 
158 210 304 303 267 
159 304 211 305 303 
160 303 305 145 306 
161 124 209 307 235 
162 209 126 308 307 
163 307 308 103 309 
164 235 307 309 127 
165 310 311 209 312 
166 263 310 312 124 
167 212 306 313 271 
168 306 145 314 313 
169 313 314 263 315 
170 271 313 315 262 
171 267 318 316 317 
172 318 303 319 316 
173 316 319 306 320 
174 317 316 320 212 
175 131 322 321 284 
176 322 279 323 321 
177 321 323 278 324 
178 284 321 324 197 
179 211 326 325 305 
180 326 300 327 325 
181 325 327 302 328 
182 305 325 328 145 
183 192 334 333 291 
184 334 108 335 333 
185 289 339 337 338 
186 339 291 340 337 
187 337 340 191 341 
188 338 337 341 279 
189 345 347 126 348 
190 311 345 348 209 
191 302 351 349 350 
192 351 207 352 349 
193 349 352 311 353 
194 350 349 353 310 
195 354 355 59 356 
196 280 354 356 194 
197 291 358 357 340 
198 358 333 359 357 
199 357 359 336 360 
200 191 360 361 362 
201 360 336 363 361 
202 361 363 354 364 
203 362 361 364 280 
204 340 367 365 366 
205 367 357 368 365 
206 365 368 360 369 
207 366 365 369 191 
208 194 356 370 301 
209 356 59 371 370 
210 373 346 374 372 
211 372 374 345 375 
212 352 372 375 311 
213 301 378 376 377 
214 378 370 379 376 
215 376 379 346 373 
216 377 376 373 207 
217 207 382 380 381 
218 382 373 383 380 
219 380 383 372 384 
220 381 380 384 352 
221 57 386 385 174 
222 386 42 387 385 
223 385 387 58 89 
224 174 385 89 55 
225 55 389 388 178 
226 389 89 390 388 
227 388 390 88 188 
228 178 388 188 82 
229 82 392 391 288 
230 392 188 393 391 
231 391 393 187 330 
232 288 391 330 108 
233 108 395 394 335 
234 395 330 396 394 
235 333 399 398 359 
236 399 335 400 398 
237 359 398 401 336 
238 75 123 402 227 
239 123 77 403 402 
240 402 403 53 404 
241 227 402 404 78 
242 103 206 405 231 
243 206 121 406 405 
244 405 406 123 407 
245 231 405 407 75 
246 126 344 408 308 
247 344 204 409 408 
248 408 409 206 410 
249 308 408 410 103 
250 411 413 344 414 
251 347 411 414 126 
252 346 416 415 374 
253 415 417 347 418 
254 374 415 418 345 
255 419 420 332 421 
256 355 419 421 59 
257 335 423 422 400 
258 423 394 424 422 
259 336 401 426 363 
260 401 193 427 426 
261 426 427 355 428 
262 363 426 428 354 
263 398 431 429 430 
264 431 400 432 429 
265 429 432 193 433 
266 430 429 433 401 
267 59 421 434 371 
268 421 332 435 434 
269 370 437 436 379 
270 437 371 438 436 
271 436 438 208 416 
272 379 436 416 346 
273 439 441 411 442 
274 417 439 442 347 
275 416 445 443 444 
276 445 208 446 443 
277 443 446 417 447 
278 444 443 447 415 
279 88 453 452 189 
280 453 90 454 452 
281 452 454 5 455 
282 189 452 455 91 
283 187 457 456 331 
284 457 189 458 456 
285 456 458 91 459 
286 331 456 459 190 
287 330 461 460 396 
288 461 187 462 460 
289 460 462 331 463 
290 396 460 463 329 
291 394 465 464 424 
292 465 396 466 464 
293 464 466 329 467 
294 424 464 467 397 
295 193 425 468 427 
296 425 397 469 468 
297 468 469 419 470 
298 427 468 470 355 
299 422 473 471 472 
300 473 424 474 471 
301 471 474 397 475 
302 472 471 475 425 
303 371 477 476 438 
304 477 434 478 476 
305 476 478 412 440 
306 438 476 440 208 
307 91 455 482 205 
308 455 5 483 482 
309 482 483 122 484 
310 205 482 484 121 
311 190 459 485 343 
312 459 91 486 485 
313 485 486 205 487 
314 343 485 487 204 
315 342 489 488 413 
316 489 343 490 488 
317 488 490 204 491 
318 413 488 491 344 
319 412 493 492 441 
320 493 342 494 492 
321 492 494 413 495 
322 441 492 495 411 
323 440 498 496 497 
324 498 412 499 496 
325 496 499 441 500 
326 497 496 500 439 
327 454 510 508 509 
328 508 511 504 512 
329 509 508 512 5 
330 5 512 513 514 
331 512 504 515 513 
332 514 513 516 483 
333 7 518 517 162 
334 518 16 519 517 
335 517 519 15 32 
336 162 517 32 13 
337 13 521 520 166 
338 521 32 522 520 
339 520 522 31 48 
340 166 520 48 26 
341 26 524 523 170 
342 524 48 525 523 
343 523 525 47 85 
344 170 523 85 42 
345 42 527 526 387 
346 527 85 528 526 
347 526 528 84 449 
348 387 526 449 58 
349 58 531 529 530 
350 531 449 532 529 
351 529 532 448 502 
352 530 529 502 90 
353 90 535 533 534 
354 535 502 536 533 
355 533 536 501 510 
356 534 533 510 454 
357 15 538 537 33 
358 538 17 539 537 
359 537 539 8 540 
360 33 537 540 18 
361 31 542 541 49 
362 542 33 543 541 
363 541 543 18 544 
364 49 541 544 34 
365 546 49 547 545 
366 545 547 34 548 
367 448 554 553 503 
368 554 450 555 553 
369 553 555 87 556 
370 503 553 556 451 
371 501 558 557 511 
372 558 503 559 557 
373 557 559 451 560 
374 511 557 560 504 
375 510 563 561 562 
376 563 501 564 561 
377 561 564 511 565 
378 562 561 565 508 
379 18 540 566 45 
380 540 8 567 566 
381 566 567 29 568 
382 45 566 568 28 
383 34 544 569 73 
384 544 18 570 569 
385 569 570 45 571 
386 73 569 571 44 
387 548 34 573 572 
388 572 573 73 574 
389 451 556 578 506 
390 556 87 579 578 
391 578 579 480 580 
392 506 578 580 479 
393 504 560 581 515 
394 560 451 582 581 
395 581 582 506 583 
396 515 581 583 505 
397 21 46 584 215 
398 46 28 585 584 
399 584 585 30 586 
400 215 584 586 9 
401 37 74 587 219 
402 74 44 588 587 
403 587 588 46 589 
404 219 587 589 21 
405 53 120 590 223 
406 120 72 591 590 
407 590 591 74 592 
408 223 590 592 37 
409 77 481 593 403 
410 481 118 594 593 
411 593 594 120 595 
412 403 593 595 53 
413 122 507 596 597 
414 507 479 598 596 
415 596 598 481 599 
416 597 596 599 77 
417 483 516 600 601 
418 516 505 602 600 
419 600 602 507 603 
420 601 600 603 122 
421 513 606 604 605 
422 606 515 607 604 
423 604 607 505 608 
424 605 604 608 516 
425 555 618 616 617 
426 617 616 620 87 
427 87 620 621 622 
428 622 621 624 579 
429 85 626 625 528 
430 626 47 627 625 
431 625 627 86 550 
432 528 625 550 84 
433 84 630 628 629 
434 630 550 631 628 
435 628 631 549 610 
436 629 628 610 450 
437 450 634 632 633 
438 634 610 635 632 
439 632 635 609 618 
440 633 632 618 555 
441 86 637 636 551 
442 637 545 638 636 
443 636 638 548 639 
444 551 636 639 50 
445 641 551 642 640 
446 640 642 50 643 
447 618 650 648 649 
448 650 609 651 648 
449 649 648 652 616 
450 50 639 653 576 
451 639 548 654 653 
452 653 654 572 655 
453 576 653 655 119 
454 643 50 657 656 
455 656 657 576 658 
456 118 577 662 594 
457 577 119 663 662 
458 662 663 72 664 
459 594 662 664 120 
460 480 615 665 666 
461 615 575 667 665 
462 665 667 577 668 
463 666 665 668 118 
464 579 624 669 670 
465 624 613 671 669 
466 669 671 615 672 
467 670 669 672 480 
468 621 675 673 674 
469 673 676 613 677 
470 674 673 677 624 
471 610 679 678 635 
472 679 549 680 678 
473 678 680 611 645 
474 635 678 645 609 
475 609 682 681 651 
476 682 645 683 681 
477 616 652 685 686 
478 685 687 612 688 
479 686 685 688 620 
480 648 691 689 690 
481 691 651 692 689 
482 690 689 693 652 
483 620 688 694 695 
484 688 612 696 694 
485 695 694 675 621 
486 613 661 697 671 
487 661 614 698 697 
488 697 698 575 699 
489 671 697 699 615 
490 700 702 661 703 
491 676 700 703 613 
492 675 706 704 705 
493 704 707 676 708 
494 705 704 708 673 
495 709 710 647 711 
496 687 709 711 612 
497 651 713 712 692 
498 713 681 714 712 
499 652 693 716 717 
500 693 619 718 716 
501 716 718 687 719 
502 717 716 719 685 
503 689 722 720 721 
504 722 692 723 720 
505 720 723 619 724 
506 721 720 724 693 
507 612 711 725 696 
508 711 647 726 725 
509 694 729 727 728 
510 729 696 730 727 
511 727 730 623 706 
512 728 727 706 675 
513 731 733 700 734 
514 707 731 734 676 
515 706 737 735 736 
516 737 623 738 735 
517 735 738 707 739 
518 736 735 739 704 
519 619 715 740 718 
520 715 684 741 740 
521 740 741 709 742 
522 718 740 742 687 
523 692 744 743 723 
524 744 712 745 743 
525 743 745 715 746 
526 723 743 746 619 
527 696 748 747 730 
528 748 725 749 747 
529 747 749 701 732 
530 730 747 732 623 
531 623 751 750 738 
532 751 732 752 750 
533 750 752 731 753 
534 738 750 753 707 
535 755 640 756 754 
536 754 756 643 757 
537 645 759 758 683 
538 759 611 760 758 
539 681 763 762 714 
540 763 683 764 762 
541 762 764 644 765 
542 712 767 766 745 
543 767 714 768 766 
544 766 768 684 769 
545 745 766 769 715 
546 757 643 771 770 
547 770 771 656 772 
548 773 775 614 776 
549 702 773 776 661 
550 778 659 779 777 
551 777 779 702 780 
552 733 777 780 700 
553 732 782 781 752 
554 782 701 783 781 
555 781 783 733 784 
556 752 781 784 731 
557 785 786 552 787 
558 710 785 787 647 
559 684 765 788 741 
560 765 644 789 788 
561 788 789 710 790 
562 741 788 790 709 
563 714 792 791 768 
564 792 762 793 791 
565 791 793 765 794 
566 768 791 794 684 
567 647 787 795 726 
568 787 552 796 795 
569 725 798 797 749 
570 798 726 799 797 
571 797 799 659 778 
572 749 797 778 701 
573 701 801 800 783 
574 801 778 802 800 
575 800 802 777 803 
576 783 800 803 733 
577 804 806 785 807 
578 789 804 807 710 
579 683 809 808 764 
580 809 758 810 808 
581 808 810 761 805 
582 764 808 805 644 
583 644 813 811 812 
584 813 805 814 811 
585 811 814 804 815 
586 812 811 815 789 
587 726 817 816 799 
588 817 795 818 816 
589 659 819 820 779 
590 819 774 821 820 
591 820 821 773 822 
592 779 820 822 702 
593 799 825 823 824 
594 825 816 826 823 
595 823 826 819 827 
596 824 823 827 659 
597 646 829 828 786 
598 829 754 830 828 
599 828 830 757 831 
600 786 828 831 552 
601 761 833 832 806 
602 833 646 834 832 
603 832 834 786 835 
604 806 832 835 785 
605 805 837 836 814 
606 837 761 838 836 
607 836 838 806 839 
608 814 836 839 804 
609 552 831 840 796 
610 831 757 841 840 
611 840 841 770 842 
612 796 840 842 660 
613 795 844 843 818 
614 844 796 845 843 
615 843 845 660 846 
616 818 843 846 774 
617 816 848 847 826 
618 848 818 849 847 
619 847 849 774 850 
620 826 847 850 819 
621 1 853 851 852 
622 853 12 160 851 
623 851 160 10 62 
624 852 851 62 11 
625 16 855 854 519 
626 855 2 856 854 
627 854 856 17 538 
628 519 854 538 15 
629 20 94 857 858 
630 94 19 214 857 
631 857 214 22 859 
632 858 857 859 4 
633 10 862 860 861 
634 862 25 164 860 
635 860 164 23 66 
636 861 860 66 24 
637 28 568 863 585 
638 568 29 864 863 
639 863 864 3 865 
640 585 863 865 30 
641 32 867 866 522 
642 867 15 868 866 
643 866 868 33 542 
644 522 866 542 31 
645 36 97 869 870 
646 97 35 218 869 
647 869 218 38 871 
648 870 869 871 19 
649 23 874 872 873 
650 874 41 168 872 
651 872 168 39 70 
652 873 872 70 40 
653 44 571 875 588 
654 571 45 876 875 
655 875 876 28 877 
656 588 875 877 46 
657 48 879 878 525 
658 879 31 880 878 
659 878 880 49 546 
660 525 878 546 47 
661 52 100 881 882 
662 100 51 222 881 
663 881 222 54 883 
664 882 881 883 35 
665 70 886 884 885 
666 886 39 172 884 
667 884 172 56 112 
668 885 884 112 68 
669 72 574 887 591 
670 574 73 888 887 
671 887 888 44 889 
672 591 887 889 74 
673 56 892 890 891 
674 892 81 176 890 
675 890 176 79 116 
676 891 890 116 80 
677 89 894 893 390 
678 894 58 530 893 
679 893 530 90 453 
680 390 893 453 88 
681 98 135 895 896 
682 135 76 226 895 
683 895 226 51 897 
684 896 895 897 100 
685 102 138 898 899 
686 138 101 230 898 
687 898 230 104 900 
688 899 898 900 76 
689 116 903 901 902 
690 903 79 180 901 
691 901 180 106 141 
692 902 901 141 114 
693 121 484 904 406 
694 484 122 597 904 
695 904 597 77 905 
696 406 904 905 123 
697 136 154 906 907 
698 154 125 234 906 
699 906 234 101 908 
700 907 906 908 138 
701 183 911 909 910 
702 911 186 254 909 
703 909 254 128 201 
704 910 909 201 149 
705 188 913 912 393 
706 913 88 914 912 
707 912 914 189 457 
708 393 912 457 187 
709 204 487 915 409 
710 487 205 916 915 
711 915 916 121 917 
712 409 915 917 206 
713 158 245 918 919 
714 245 143 270 918 
715 918 270 239 920 
716 919 918 920 237 
717 250 922 921 260 
718 922 196 296 921 
719 921 296 251 923 
720 260 921 923 249 
721 265 925 924 276 
722 925 267 317 924 
723 924 317 212 926 
724 276 924 926 268 
725 279 341 927 323 
726 341 191 362 927 
727 927 362 280 928 
728 323 927 928 278 
729 248 930 929 294 
730 930 289 338 929 
731 929 338 279 322 
732 294 929 322 131 
733 300 932 931 327 
734 932 301 377 931 
735 931 377 207 351 
736 327 931 351 302 
737 145 328 933 314 
738 328 302 350 933 
739 933 350 310 934 
740 314 933 934 263 
741 329 463 935 420 
742 463 331 936 935 
743 935 936 190 937 
744 420 935 937 332 
745 332 937 938 435 
746 937 190 939 938 
747 938 939 343 489 
748 435 938 489 342 
749 397 467 940 469 
750 467 329 941 940 
751 940 941 420 942 
752 469 940 942 419 
753 400 944 943 432 
754 944 422 472 943 
755 943 472 425 945 
756 432 943 945 193 
757 434 947 946 478 
758 947 435 948 946 
759 946 948 342 493 
760 478 946 493 412 
761 208 950 949 446 
762 950 440 497 949 
763 949 497 439 951 
764 446 949 951 417 
765 449 953 952 532 
766 953 84 629 952 
767 952 629 450 554 
768 532 952 554 448 
769 479 580 954 598 
770 580 480 666 954 
771 954 666 118 955 
772 598 954 955 481 
773 502 957 956 536 
774 957 448 958 956 
775 956 958 503 558 
776 536 956 558 501 
777 505 583 959 602 
778 583 506 960 959 
779 959 960 479 961 
780 602 959 961 507 
781 47 963 962 627 
782 963 546 964 962 
783 962 964 545 637 
784 627 962 637 86 
785 550 966 965 631 
786 966 86 967 965 
787 965 967 551 641 
788 631 965 641 549 
789 119 655 968 663 
790 655 572 969 968 
791 968 969 574 970 
792 663 968 970 72 
793 575 658 971 667 
794 658 576 972 971 
795 971 972 119 973 
796 667 971 973 577 
797 549 975 974 680 
798 975 641 976 974 
799 974 976 640 755 
800 680 974 755 611 
801 614 772 977 698 
802 772 656 978 977 
803 977 978 658 979 
804 698 977 979 575 
805 611 981 980 760 
806 981 755 982 980 
807 980 982 754 829 
808 760 980 829 646 
809 758 984 983 810 
810 984 760 985 983 
811 983 985 646 833 
812 810 983 833 761 
813 660 842 986 775 
814 842 770 987 986 
815 986 987 772 988 
816 775 986 988 614 
817 774 846 989 821 
818 846 660 990 989 
819 989 990 775 991 
820 821 989 991 773 
