2 0.000000 100.000000 262.180540
991 820 
1 -11.368037 0.000000 -11.641948 99.756097 0.000436 6.975606 0.000006 
2 13.641644 0.000000 -11.641948 99.756228 0.004016 6.972358 0.000008 
3 13.641644 0.000000 11.641948 99.757047 -0.004923 6.971266 -0.000007 
4 -11.368037 0.000000 11.641948 99.756752 -0.000534 6.975613 -0.000007 
5 1.136804 0.000000 0.000000 101.919829 -0.003973 6.630677 -0.043162 
6 -11.368037 0.000000 0.000000 99.756405 -0.000052 6.975818 -0.000000 
7 1.136804 0.000000 -11.641948 99.755159 0.002043 6.973980 0.000027 
8 13.641644 0.000000 0.000000 99.817314 0.064883 6.103256 -0.000075 
9 1.136804 0.000000 11.641948 99.757954 -0.002350 6.973792 -0.000028 
10 -5.115617 0.000000 -5.820974 99.755191 0.000755 6.975475 0.000024 
11 -11.368037 0.000000 -5.820974 99.756143 0.000254 6.975723 0.000005 
12 -5.115617 0.000000 -11.641948 99.755649 0.000930 6.975265 0.000016 
13 1.136804 0.000000 -5.820974 99.751650 0.003441 6.969550 0.000103 
14 -5.115617 0.000000 0.000000 99.756236 -0.000090 6.976365 0.000002 
15 7.389224 0.000000 -5.820974 99.755533 0.007744 6.962432 0.000036 
16 7.389224 0.000000 -11.641948 99.755668 0.003370 6.972610 0.000019 
17 13.641644 0.000000 -5.820974 99.756849 0.008321 6.963631 0.000008 
18 7.389224 0.000000 0.000000 99.998494 0.114151 3.506235 -0.001201 
19 -5.115617 0.000000 5.820974 99.757695 -0.000933 6.975604 -0.000026 
20 -11.368037 0.000000 5.820974 99.756687 -0.000357 6.975739 -0.000006 
21 1.136804 0.000000 5.820974 99.762569 -0.004081 6.968818 -0.000113 
22 -5.115617 0.000000 11.641948 99.757279 -0.001086 6.975266 -0.000017 
23 -1.989406 0.000000 -2.910487 99.751442 0.001236 6.974710 0.000100 
24 -5.115617 0.000000 -2.910487 99.755295 0.000425 6.975929 0.000022 
25 -1.989406 0.000000 -5.820974 99.753550 0.001559 6.974178 0.000059 
26 1.136804 0.000000 -2.910487 99.741359 0.005551 6.954346 0.000330 
27 -1.989406 0.000000 0.000000 99.753177 -0.000208 6.978824 0.000060 
28 7.389224 0.000000 5.820974 99.759024 -0.009613 6.958441 -0.000028 
29 13.641644 0.000000 5.820974 99.758107 -0.011660 6.954932 -0.000005 
30 7.389224 0.000000 11.641948 99.757535 -0.003950 6.972019 -0.000017 
31 4.263014 0.000000 -2.910487 99.751326 0.014598 6.922965 0.000175 
32 4.263014 0.000000 -5.820974 99.753182 0.006138 6.963852 0.000081 
33 7.389224 0.000000 -2.910487 99.758004 0.016358 6.926245 0.000037 
34 4.263014 0.000000 0.000000 100.147252 0.196213 1.318742 -0.003125 
35 -1.989406 0.000000 2.910487 99.760962 -0.001553 6.976069 -0.000092 
36 -5.115617 0.000000 2.910487 99.757370 -0.000606 6.976110 -0.000020 
37 1.136804 0.000000 2.910487 99.781640 -0.006677 6.951757 -0.000470 
38 -1.989406 0.000000 5.820974 99.759725 -0.001845 6.974430 -0.000065 
39 -0.426301 0.000000 -1.455243 99.727616 0.000722 6.957388 0.000600 
40 -1.989406 0.000000 -1.455243 99.749528 -0.001265 6.978018 0.000134 
41 -0.426301 0.000000 -2.910487 99.738941 0.003595 6.972207 0.000353 
42 1.136804 0.000000 -1.455243 99.686596 0.008659 6.907934 0.001486 
43 -0.426301 0.000000 0.000000 99.957439 -0.063813 7.044521 -0.004112 
44 4.263014 0.000000 2.910487 99.766777 -0.018351 6.908647 -0.000114 
45 7.389224 0.000000 2.910487 99.763098 -0.023191 6.895254 -0.000022 
46 4.263014 0.000000 5.820974 99.761060 -0.007380 6.961580 -0.000073 
47 2.699909 0.000000 -1.455243 99.722437 0.026108 6.769514 0.000961 
48 2.699909 0.000000 -2.910487 99.738899 0.023403 6.930463 0.000412 
49 4.263014 0.000000 -1.455243 99.760501 0.031770 6.767256 0.000205 
50 2.699909 0.000000 0.000000 100.283631 0.306095 0.812653 -0.005756 
51 -0.426301 0.000000 1.455243 99.769808 -0.003871 6.985279 -0.000281 
52 -1.989406 0.000000 1.455243 99.758695 -0.001068 6.977993 -0.000049 
53 1.136804 0.000000 1.455243 99.819990 -0.011970 6.906429 -0.001173 
54 -0.426301 0.000000 2.910487 99.767392 -0.010679 6.971680 -0.000214 
55 0.355251 0.000000 -0.727622 99.710087 0.026878 6.737074 0.001251 
56 -0.426301 0.000000 -0.727622 99.670393 0.016587 6.988767 0.001697 
57 0.355251 0.000000 -1.455243 99.732273 0.004416 6.933541 0.000540 
58 1.136804 0.000000 -0.727622 99.681015 0.000727 6.825387 0.001711 
59 0.355251 0.000000 0.000000 67.722004 -0.017834 0.051719 0.541373 
60 -8.241827 0.000000 -2.910487 99.756038 0.000203 6.975859 0.000007 
61 -11.368037 0.000000 -2.910487 99.756249 0.000112 6.975787 0.000003 
62 -8.241827 0.000000 -5.820974 99.755873 0.000416 6.975699 0.000011 
63 -8.241827 0.000000 0.000000 99.756379 -0.000065 6.975955 0.000000 
64 -3.552511 0.000000 -1.455243 99.754661 0.000319 6.976485 0.000034 
65 -5.115617 0.000000 -1.455243 99.755655 0.000184 6.976202 0.000014 
66 -3.552511 0.000000 -2.910487 99.754179 0.000673 6.975793 0.000044 
67 -3.552511 0.000000 0.000000 99.755929 -0.000113 6.976935 0.000008 
68 -1.207854 0.000000 -0.727622 99.742956 0.003545 6.982159 0.000259 
69 -1.989406 0.000000 -0.727622 99.753006 0.000416 6.970461 0.000075 
70 -1.207854 0.000000 -1.455243 99.742887 0.001064 6.973364 0.000273 
71 -1.207854 0.000000 0.000000 99.750018 -0.000304 6.982269 0.000118 
72 2.699909 0.000000 1.455243 99.796621 -0.031486 6.719912 -0.000452 
73 4.263014 0.000000 1.455243 99.780318 -0.045480 6.670427 -0.000061 
74 2.699909 0.000000 2.910487 99.775781 -0.012969 6.922057 -0.000312 
75 0.355251 0.000000 0.727622 99.929125 -0.024155 6.992403 -0.003472 
76 -0.426301 0.000000 0.727622 99.765935 -0.042849 6.985563 -0.000204 
77 1.136804 0.000000 0.727622 99.948944 0.014975 6.781733 -0.003578 
78 0.355251 0.000000 1.455243 99.809172 -0.003536 6.967669 -0.001042 
79 -0.035525 0.000000 -0.363811 98.901715 0.006086 6.935284 0.017035 
80 -0.426301 0.000000 -0.363811 99.729386 0.002965 7.056548 0.000425 
81 -0.035525 0.000000 -0.727622 99.575662 0.026344 6.869465 0.003750 
82 0.355251 0.000000 -0.363811 100.200702 0.108085 5.791506 -0.007373 
83 -0.035525 0.000000 0.000000 164.873001 -0.070630 7.317258 -1.723665 
84 1.918356 0.000000 -0.727622 99.461957 0.027106 6.333695 0.006720 
85 1.918356 0.000000 -1.455243 99.692019 0.010272 6.839569 0.001472 
86 2.699909 0.000000 -0.727622 99.735282 0.062088 6.065455 0.001608 
87 1.918356 0.000000 0.000000 101.509784 0.123670 5.177538 -0.033106 
88 0.746027 0.000000 -0.363811 99.668180 0.026636 6.455629 0.002458 
89 0.746027 0.000000 -0.727622 99.685237 0.017452 6.850581 0.001592 
90 1.136804 0.000000 -0.363811 99.742348 -0.001214 6.322144 0.001149 
91 0.746027 0.000000 0.000000 102.119660 -0.000230 6.545104 -0.047126 
92 -8.241827 0.000000 2.910487 99.756749 -0.000334 6.975898 -0.000007 
93 -11.368037 0.000000 2.910487 99.756568 -0.000215 6.975798 -0.000003 
94 -8.241827 0.000000 5.820974 99.756964 -0.000546 6.975743 -0.000011 
95 -3.552511 0.000000 1.455243 99.757410 -0.000543 6.976839 -0.000022 
96 -5.115617 0.000000 1.455243 99.756875 -0.000364 6.976324 -0.000010 
97 -3.552511 0.000000 2.910487 99.758335 -0.000898 6.976253 -0.000039 
98 -1.207854 0.000000 0.727622 99.758399 -0.001046 6.980425 -0.000046 
99 -1.989406 0.000000 0.727622 99.758346 -0.003625 6.985668 -0.000053 
100 -1.207854 0.000000 1.455243 99.761008 -0.001577 6.979998 -0.000098 
101 -0.035525 0.000000 0.363811 99.400890 -0.137797 6.830980 0.007278 
102 -0.426301 0.000000 0.363811 99.799466 -0.015411 6.919340 -0.000781 
103 0.355251 0.000000 0.363811 100.679352 -0.048840 7.058604 -0.018616 
104 -0.035525 0.000000 0.727622 99.774997 -0.017275 7.025122 -0.000440 
105 0.159863 0.000000 -0.181905 97.510468 -0.073550 0.527811 0.049142 
106 -0.035525 0.000000 -0.181905 96.930235 0.259490 9.737644 0.050964 
107 0.159863 0.000000 -0.363811 99.019763 0.084025 5.760390 0.016190 
108 0.355251 0.000000 -0.181905 101.409796 0.133509 3.134917 -0.029379 
109 0.159863 0.000000 0.000000 115.123560 0.127098 0.149547 -0.325347 
110 -0.817078 0.000000 -0.363811 99.741152 -0.008031 6.994448 0.000278 
111 -1.207854 0.000000 -0.363811 99.745053 0.000103 6.981226 0.000219 
112 -0.817078 0.000000 -0.727622 99.729435 0.004644 6.981362 0.000530 
113 -0.817078 0.000000 0.000000 99.761027 -0.016490 7.000738 -0.000127 
114 -0.230913 0.000000 -0.181905 100.187858 -0.012087 7.443300 -0.009301 
115 -0.426301 0.000000 -0.181905 99.851042 -0.055541 7.093914 -0.002056 
116 -0.230913 0.000000 -0.363811 99.454251 0.054427 7.281356 0.005583 
117 -0.230913 0.000000 0.000000 101.160029 -0.080652 7.090113 -0.028363 
118 1.918356 0.000000 0.727622 100.102462 -0.036721 6.125407 -0.005802 
119 2.699909 0.000000 0.727622 99.811747 -0.056212 5.854837 0.000333 
120 1.918356 0.000000 1.455243 99.835439 -0.011205 6.788348 -0.001320 
121 0.746027 0.000000 0.363811 99.847478 -0.032022 6.251053 -0.000860 
122 1.136804 0.000000 0.363811 100.034496 -0.023212 6.446389 -0.004846 
123 0.746027 0.000000 0.727622 99.871868 -0.019576 6.794281 -0.002055 
124 0.159863 0.000000 0.181905 99.241350 -0.255620 10.310850 0.004478 
125 -0.035525 0.000000 0.181905 98.289664 0.070840 4.025654 0.032293 
126 0.355251 0.000000 0.181905 102.262190 -0.056304 6.112314 -0.049492 
127 0.159863 0.000000 0.363811 99.663997 -0.099308 7.499610 0.001083 
128 0.062169 0.000000 -0.090953 83.792210 0.074022 -5.086157 0.295299 
129 -0.035525 0.000000 -0.090953 102.288086 0.110820 25.626838 -0.111960 
130 0.062169 0.000000 -0.181905 95.057993 0.103873 4.283139 0.094562 
131 0.159863 0.000000 -0.090953 97.524767 -0.045179 -13.035703 0.031899 
132 0.062169 0.000000 0.000000 194.362827 0.013866 0.783794 -2.777752 
133 -0.817078 0.000000 0.363811 99.763532 -0.012023 6.986051 -0.000157 
134 -1.207854 0.000000 0.363811 99.753553 -0.000700 6.981843 0.000048 
135 -0.817078 0.000000 0.727622 99.758666 -0.002814 6.981590 -0.000053 
136 -0.230913 0.000000 0.181905 100.411999 -0.070963 6.644430 -0.012672 
137 -0.426301 0.000000 0.181905 99.900926 -0.000058 6.940964 -0.002837 
138 -0.230913 0.000000 0.363811 99.694080 -0.043788 6.715087 0.001600 
139 -0.133219 0.000000 -0.090953 103.055517 -0.028257 9.706258 -0.071465 
140 -0.230913 0.000000 -0.090953 100.734422 -0.058073 7.533526 -0.020418 
141 -0.133219 0.000000 -0.181905 99.767596 -0.141704 8.911503 -0.003301 
142 -0.133219 0.000000 0.000000 106.301598 0.050951 7.284197 -0.135309 
143 0.062169 0.000000 0.090953 88.570813 -0.008415 11.711743 0.201805 
144 -0.035525 0.000000 0.090953 104.654398 0.032626 -10.629449 -0.106553 
145 0.159863 0.000000 0.090953 101.236558 -0.033352 13.791498 -0.043905 
146 0.062169 0.000000 0.181905 96.999040 -0.103237 7.978839 0.052751 
147 0.013322 0.000000 -0.045476 70.179353 0.169204 -13.678957 0.488772 
148 -0.035525 0.000000 -0.045476 143.595619 -0.027041 36.810385 -1.197471 
149 0.013322 0.000000 -0.090953 73.373021 0.004780 10.985572 0.449572 
150 0.062169 0.000000 -0.045476 191.880551 0.059081 -18.688668 -2.716742 
151 0.013322 0.000000 0.000000 243.952064 0.002176 3.664176 -4.952604 
152 -0.133219 0.000000 0.090953 103.519249 -0.100817 4.736175 -0.073868 
153 -0.230913 0.000000 0.090953 100.873303 -0.092608 6.613930 -0.021918 
154 -0.133219 0.000000 0.181905 100.285917 -0.171186 5.224966 -0.008459 
155 0.013322 0.000000 0.045476 78.132147 -0.153895 15.480032 0.365571 
156 -0.035525 0.000000 0.045476 143.391915 -0.081619 -20.714514 -1.099034 
157 0.062169 0.000000 0.045476 190.240756 -0.000962 19.543862 -2.657351 
158 0.013322 0.000000 0.090953 79.797306 -0.140418 -0.247089 0.363231 
159 -1.989406 0.000000 -8.731461 99.754719 0.001530 6.974472 0.000035 
160 -5.115617 0.000000 -8.731461 99.755412 0.000898 6.975293 0.000020 
161 -1.989406 0.000000 -11.641948 99.755334 0.001397 6.974768 0.000023 
162 1.136804 0.000000 -8.731461 99.754220 0.002576 6.972772 0.000048 
163 -0.426301 0.000000 -4.365730 99.750307 0.002554 6.971230 0.000128 
164 -1.989406 0.000000 -4.365730 99.752622 0.001451 6.974199 0.000077 
165 -0.426301 0.000000 -5.820974 99.752427 0.002330 6.972398 0.000084 
166 1.136804 0.000000 -4.365730 99.751802 0.012229 6.964887 0.000107 
167 0.355251 0.000000 -2.182865 99.744088 0.014957 6.952170 0.000278 
168 -0.426301 0.000000 -2.182865 99.741493 0.002288 6.964411 0.000313 
169 0.355251 0.000000 -2.910487 99.744098 0.003728 6.961934 0.000265 
170 1.136804 0.000000 -2.182865 99.738986 0.011248 6.939975 0.000397 
171 -0.035525 0.000000 -1.091433 99.699841 0.014432 6.920279 0.001205 
172 -0.426301 0.000000 -1.091433 99.718719 0.003850 6.953307 0.000783 
173 -0.035525 0.000000 -1.455243 99.709343 0.007904 6.953326 0.000970 
174 0.355251 0.000000 -1.091433 99.724080 0.021144 6.890946 0.000762 
175 0.159863 0.000000 -0.545716 99.478808 0.034181 6.547697 0.006109 
176 -0.035525 0.000000 -0.545716 99.449548 0.042758 6.819429 0.006328 
177 0.159863 0.000000 -0.727622 99.615369 0.029313 6.762717 0.003104 
178 0.355251 0.000000 -0.545716 99.723145 0.044916 6.515421 0.001284 
179 0.062169 0.000000 -0.272858 97.164426 0.164374 5.779116 0.052565 
180 -0.035525 0.000000 -0.272858 97.841785 0.026444 7.603057 0.036918 
181 0.062169 0.000000 -0.363811 98.652265 0.036485 6.350890 0.022740 
182 0.159863 0.000000 -0.272858 98.395694 0.245344 4.193783 0.030064 
183 0.013322 0.000000 -0.136429 91.503231 0.068232 8.709794 0.155129 
184 -0.035525 0.000000 -0.136429 97.457737 0.205518 13.104288 0.033022 
185 0.013322 0.000000 -0.181905 95.101621 0.208050 7.456314 0.090004 
186 0.062169 0.000000 -0.136429 92.275949 0.096930 1.794054 0.148192 
187 0.550639 0.000000 -0.181905 101.539342 -0.003032 5.052328 -0.033576 
188 0.550639 0.000000 -0.363811 99.950553 0.052495 6.513153 -0.003254 
189 0.746027 0.000000 -0.181905 102.169745 0.008124 5.102637 -0.046469 
190 0.550639 0.000000 0.000000 101.554472 -0.008906 6.513105 -0.035573 
191 0.257557 0.000000 -0.090953 101.402509 0.027538 -10.010873 -0.038269 
192 0.257557 0.000000 -0.181905 100.072754 0.034830 1.154999 -0.001589 
193 0.355251 0.000000 -0.090953 104.669456 0.085621 -4.286545 -0.097408 
194 0.257557 0.000000 0.000000 81.598545 -0.030974 0.062777 0.334167 
195 0.111016 0.000000 -0.045476 143.426737 -0.003566 -13.291440 -1.074789 
196 0.111016 0.000000 -0.090953 90.304395 0.011362 -14.976769 0.162081 
197 0.159863 0.000000 -0.045476 113.983958 0.113052 -8.246982 -0.306037 
198 0.111016 0.000000 0.000000 146.481449 -0.019229 0.217230 -1.145686 
199 0.037745 0.000000 -0.068215 71.170719 0.170614 -13.709837 0.474674 
200 0.013322 0.000000 -0.068215 70.172482 0.174561 -13.310875 0.489861 
201 0.037745 0.000000 -0.090953 80.903696 0.051578 -1.086069 0.345341 
202 0.062169 0.000000 -0.068215 76.486188 0.117268 -14.557445 0.393793 
203 0.037745 0.000000 -0.045476 70.736740 0.171889 -13.788250 0.480617 
204 0.550639 0.000000 0.181905 101.567796 -0.018895 5.058593 -0.034161 
205 0.746027 0.000000 0.181905 102.225927 -0.008300 5.102450 -0.047618 
206 0.550639 0.000000 0.363811 100.211016 -0.065794 6.200156 -0.008069 
207 0.257557 0.000000 0.090953 104.067333 -0.038465 10.530448 -0.094090 
208 0.355251 0.000000 0.090953 106.143272 -0.005621 4.608903 -0.128764 
209 0.257557 0.000000 0.181905 101.393787 -0.185694 8.679468 -0.035607 
210 0.111016 0.000000 0.045476 143.173323 -0.039626 13.568929 -1.068272 
211 0.159863 0.000000 0.045476 113.941893 0.068432 8.430078 -0.305383 
212 0.111016 0.000000 0.090953 94.962863 -0.096269 16.009271 0.072575 
213 -1.989406 0.000000 8.731461 99.758414 -0.001779 6.974463 -0.000038 
214 -5.115617 0.000000 8.731461 99.757528 -0.001067 6.975337 -0.000022 
215 1.136804 0.000000 8.731461 99.759154 -0.002979 6.972453 -0.000050 
216 -1.989406 0.000000 11.641948 99.757686 -0.001612 6.974716 -0.000024 
217 -0.426301 0.000000 4.365730 99.764061 -0.003013 6.971842 -0.000147 
218 -1.989406 0.000000 4.365730 99.760561 -0.001749 6.974859 -0.000082 
219 1.136804 0.000000 4.365730 99.771241 -0.009991 6.964552 -0.000281 
220 -0.426301 0.000000 5.820974 99.761362 -0.002726 6.972429 -0.000094 
221 0.355251 0.000000 2.182865 99.787570 -0.005656 6.967609 -0.000611 
222 -0.426301 0.000000 2.182865 99.771374 -0.002935 6.976331 -0.000300 
223 1.136804 0.000000 2.182865 99.807995 -0.008944 6.939294 -0.000979 
224 0.355251 0.000000 2.910487 99.776310 -0.004532 6.965669 -0.000383 
225 -0.035525 0.000000 1.091433 99.789240 -0.023433 6.999143 -0.000688 
226 -0.426301 0.000000 1.091433 99.769181 -0.004699 6.990544 -0.000276 
227 0.355251 0.000000 1.091433 99.839176 -0.023746 6.979158 -0.001657 
228 -0.035525 0.000000 1.455243 99.770932 -0.006911 6.973724 -0.000287 
229 0.159863 0.000000 0.545716 99.799298 -0.083474 7.127545 -0.001071 
230 -0.035525 0.000000 0.545716 99.672609 -0.015193 7.024825 0.001602 
231 0.355251 0.000000 0.545716 100.022055 -0.075894 6.993832 -0.005333 
232 0.159863 0.000000 0.727622 99.843291 -0.020529 7.047345 -0.001835 
233 0.062169 0.000000 0.272858 98.154028 -0.027795 7.453778 0.031023 
234 -0.035525 0.000000 0.272858 98.592525 -0.044821 6.161266 0.024155 
235 0.159863 0.000000 0.272858 99.386413 -0.063390 8.431390 0.005125 
236 0.062169 0.000000 0.363811 99.256059 -0.123221 7.185021 0.009660 
237 0.013322 0.000000 0.136429 94.404562 -0.045303 3.878264 0.107274 
238 -0.035525 0.000000 0.136429 99.349752 0.102947 0.876545 0.012885 
239 0.062169 0.000000 0.136429 95.226334 -0.117639 9.024329 0.085049 
240 0.013322 0.000000 0.181905 96.902921 0.019862 5.647085 0.057793 
241 0.037745 0.000000 0.068215 78.790325 -0.069560 15.648934 0.354719 
242 0.013322 0.000000 0.068215 78.063600 -0.150355 15.545184 0.366440 
243 0.037745 0.000000 0.045476 78.504546 -0.060955 15.556940 0.359501 
244 0.062169 0.000000 0.068215 83.207850 -0.084622 16.245044 0.281255 
245 0.037745 0.000000 0.090953 86.259577 -0.012539 9.237272 0.247396 
246 0.111016 0.000000 -0.136429 95.279588 -0.008043 -1.639711 0.091911 
247 0.111016 0.000000 -0.181905 96.199200 0.038941 1.928720 0.074199 
248 0.159863 0.000000 -0.136429 97.517350 -0.190548 -3.188308 0.048016 
249 0.086592 0.000000 -0.068215 89.489341 -0.092829 -14.677581 0.177622 
250 0.086592 0.000000 -0.090953 89.923788 -0.114554 -14.918128 0.169115 
251 0.111016 0.000000 -0.068215 90.307391 -0.002844 -14.725016 0.162775 
252 0.086592 0.000000 -0.045476 165.640757 0.018287 -16.955902 -1.772436 
253 0.086592 0.000000 -0.113691 91.772777 0.101668 -3.860462 0.156284 
254 0.062169 0.000000 -0.113691 89.130544 0.115648 -0.940187 0.205485 
255 0.086592 0.000000 -0.136429 93.748313 0.091772 -0.320104 0.121114 
256 0.111016 0.000000 -0.113691 94.365935 0.031661 -5.143276 0.106862 
257 0.074381 0.000000 -0.079584 86.312506 -0.043558 -14.663239 0.233514 
258 0.062169 0.000000 -0.079584 77.485936 0.101409 -14.643337 0.378149 
259 0.074381 0.000000 -0.090953 84.762264 0.066550 -9.091576 0.273270 
260 0.086592 0.000000 -0.079584 89.622489 -0.088171 -14.726534 0.175093 
261 0.074381 0.000000 -0.068215 83.471392 0.004269 -14.738768 0.281530 
262 0.111016 0.000000 0.136429 97.935987 -0.112706 11.230173 0.028241 
263 0.159863 0.000000 0.136429 99.927320 -0.331642 11.678900 -0.012198 
264 0.111016 0.000000 0.181905 98.066439 -0.183628 9.555127 0.029164 
265 0.086592 0.000000 0.068215 94.482713 -0.035460 15.966591 0.081808 
266 0.086592 0.000000 0.045476 164.891348 -0.007288 17.299815 -1.748844 
267 0.111016 0.000000 0.068215 94.963204 -0.086219 16.067569 0.072382 
268 0.086592 0.000000 0.090953 94.892529 -0.036545 15.998038 0.073947 
269 0.086592 0.000000 0.113691 95.234057 -0.062291 12.252548 0.078035 
270 0.062169 0.000000 0.113691 92.880250 -0.060164 10.286705 0.126744 
271 0.111016 0.000000 0.113691 97.604003 -0.066107 12.764312 0.031053 
272 0.086592 0.000000 0.136429 96.559130 -0.074947 10.482158 0.056645 
273 0.074381 0.000000 0.079584 91.800245 -0.036215 15.860178 0.132117 
274 0.062169 0.000000 0.079584 84.104157 -0.078679 16.161563 0.266529 
275 0.074381 0.000000 0.068215 89.318396 -0.051080 16.042937 0.176485 
276 0.086592 0.000000 0.079584 94.585159 -0.038711 15.977846 0.079835 
277 0.074381 0.000000 0.090953 89.420497 -0.047679 14.846928 0.178354 
278 0.208710 0.000000 -0.045476 93.819360 -0.020734 -5.104199 0.117187 
279 0.208710 0.000000 -0.090953 98.881098 -0.054677 -12.425194 0.006814 
280 0.257557 0.000000 -0.045476 80.757860 0.017520 -3.954860 0.346253 
281 0.208710 0.000000 0.000000 94.957690 0.071286 0.116963 0.098302 
282 0.135439 0.000000 -0.068215 90.989894 0.052025 -15.087163 0.149321 
283 0.135439 0.000000 -0.090953 92.247183 0.031980 -14.707270 0.127415 
284 0.159863 0.000000 -0.068215 112.562636 0.002165 -12.367112 -0.282329 
285 0.135439 0.000000 -0.045476 127.150262 0.096567 -10.431200 -0.627601 
286 0.257557 0.000000 -0.272858 99.859134 0.131647 4.241940 0.001014 
287 0.257557 0.000000 -0.363811 99.790392 0.095984 5.558257 0.001097 
288 0.355251 0.000000 -0.272858 100.408287 0.094179 5.168984 -0.010855 
289 0.208710 0.000000 -0.136429 99.163811 -0.144648 -3.478165 0.015442 
290 0.208710 0.000000 -0.181905 98.640857 0.017717 0.309818 0.026988 
291 0.257557 0.000000 -0.136429 100.385850 0.153729 -2.903737 -0.008577 
292 0.135439 0.000000 -0.113691 95.666936 -0.013220 -5.815367 0.081402 
293 0.135439 0.000000 -0.136429 96.512017 -0.113395 -2.432793 0.067950 
294 0.159863 0.000000 -0.113691 97.011028 -0.146451 -6.681769 0.054419 
295 0.123228 0.000000 -0.079584 90.464086 0.042346 -14.884615 0.159470 
296 0.111016 0.000000 -0.079584 90.305144 0.004108 -14.823028 0.162526 
297 0.123228 0.000000 -0.090953 90.289481 0.030838 -14.973240 0.162361 
298 0.135439 0.000000 -0.079584 92.188460 0.035000 -14.910615 0.127896 
299 0.123228 0.000000 -0.068215 90.292203 0.027283 -14.973884 0.162310 
300 0.208710 0.000000 0.045476 93.826755 -0.042538 5.288401 0.116857 
301 0.257557 0.000000 0.045476 80.779737 -0.044105 4.044838 0.345827 
302 0.208710 0.000000 0.090953 102.228109 -0.098961 13.108750 -0.062244 
303 0.135439 0.000000 0.068215 95.481108 -0.128783 16.094904 0.062430 
304 0.135439 0.000000 0.045476 126.836912 -0.076398 10.679716 -0.620166 
305 0.159863 0.000000 0.068215 112.575995 -0.061869 12.420698 -0.282763 
306 0.135439 0.000000 0.090953 96.600615 -0.100608 15.668711 0.042280 
307 0.257557 0.000000 0.272858 100.714540 -0.151098 7.925562 -0.020626 
308 0.355251 0.000000 0.272858 101.066109 -0.169857 6.685215 -0.025908 
309 0.257557 0.000000 0.363811 100.375261 -0.086650 7.467527 -0.013096 
310 0.208710 0.000000 0.136429 101.340559 -0.294812 10.988437 -0.039074 
311 0.257557 0.000000 0.136429 102.249585 0.042123 9.647960 -0.054806 
312 0.208710 0.000000 0.181905 100.205116 -0.181347 9.948029 -0.014006 
313 0.135439 0.000000 0.113691 98.795880 -0.127430 12.684748 0.007846 
314 0.159863 0.000000 0.113691 99.927642 -0.268147 12.780863 -0.014896 
315 0.135439 0.000000 0.136429 99.049544 -0.231354 11.467942 0.005762 
316 0.123228 0.000000 0.079584 95.022328 -0.125870 16.046109 0.071326 
317 0.111016 0.000000 0.079584 94.958843 -0.091715 16.044045 0.072540 
318 0.123228 0.000000 0.068215 94.915019 -0.114071 16.000580 0.073511 
319 0.135439 0.000000 0.079584 96.559490 -0.098953 15.884940 0.042392 
320 0.123228 0.000000 0.090953 94.904335 -0.118046 15.998639 0.073720 
321 0.184287 0.000000 -0.068215 101.432910 0.004134 -10.194870 -0.039257 
322 0.184287 0.000000 -0.090953 97.522520 -0.040031 -12.894543 0.032309 
323 0.208710 0.000000 -0.068215 91.718892 0.046340 -8.079485 0.152236 
324 0.184287 0.000000 -0.045476 102.782506 -0.018055 -6.671632 -0.060875 
325 0.184287 0.000000 0.068215 101.553370 -0.102233 10.343119 -0.042008 
326 0.184287 0.000000 0.045476 102.828750 -0.095369 6.828071 -0.062038 
327 0.208710 0.000000 0.068215 91.713127 -0.036917 8.239857 0.152081 
328 0.184287 0.000000 0.090953 101.155457 -0.088627 13.826843 -0.042362 
329 0.452945 0.000000 -0.090953 98.948557 -0.000424 2.804056 0.020132 
330 0.452945 0.000000 -0.181905 99.778680 -0.006543 1.181839 0.004282 
331 0.550639 0.000000 -0.090953 101.066388 -0.005681 5.538588 -0.024509 
332 0.452945 0.000000 0.000000 101.554472 -0.008906 6.513105 -0.035573 
333 0.306404 0.000000 -0.136429 101.675065 0.133381 -1.195036 -0.033926 
334 0.306404 0.000000 -0.181905 100.808399 0.123791 1.924856 -0.016605 
335 0.355251 0.000000 -0.136429 103.903865 0.161849 0.114248 -0.079605 
336 0.306404 0.000000 -0.090953 103.502024 0.114495 -6.295622 -0.075232 
337 0.233134 0.000000 -0.113691 100.216076 -0.002057 -6.240984 -0.008221 
338 0.208710 0.000000 -0.113691 99.994004 -0.073559 -7.001714 -0.004783 
339 0.233134 0.000000 -0.136429 99.657255 -0.012101 -3.137366 0.005859 
340 0.257557 0.000000 -0.113691 101.427398 0.014585 -10.013566 -0.038779 
341 0.233134 0.000000 -0.090953 101.566829 -0.058716 -10.028877 -0.041640 
342 0.452945 0.000000 0.090953 99.067828 -0.031431 2.798568 0.017773 
343 0.550639 0.000000 0.090953 101.100710 -0.016371 5.539311 -0.025204 
344 0.452945 0.000000 0.181905 99.873650 -0.031471 1.180994 0.002386 
345 0.306404 0.000000 0.136429 103.198539 0.006943 7.321021 -0.070354 
346 0.306404 0.000000 0.090953 105.413033 -0.002792 6.669024 -0.115638 
347 0.355251 0.000000 0.136429 105.097434 -0.065436 5.541436 -0.107618 
348 0.306404 0.000000 0.181905 101.890522 -0.115094 7.551480 -0.043872 
349 0.233134 0.000000 0.113691 102.651019 -0.109203 10.382967 -0.064505 
350 0.208710 0.000000 0.113691 102.687576 -0.147689 11.863850 -0.068551 
351 0.233134 0.000000 0.090953 104.296128 -0.064828 10.553875 -0.098907 
352 0.257557 0.000000 0.113691 104.092937 -0.048780 10.533235 -0.094629 
353 0.233134 0.000000 0.136429 101.704034 -0.133352 10.228138 -0.044834 
354 0.306404 0.000000 -0.045476 72.036170 0.192882 -2.113116 0.480629 
355 0.355251 0.000000 -0.045476 66.967428 -0.002765 -1.030721 0.551430 
356 0.306404 0.000000 0.000000 72.635467 0.065864 0.029344 0.472408 
357 0.281981 0.000000 -0.113691 102.649605 0.134761 -8.233244 -0.060475 
358 0.281981 0.000000 -0.136429 101.414545 0.123290 -1.965039 -0.028879 
359 0.306404 0.000000 -0.113691 103.500096 0.104269 -6.296545 -0.075193 
360 0.281981 0.000000 -0.090953 102.424594 0.126837 -8.560291 -0.056409 
361 0.281981 0.000000 -0.068215 74.493024 0.211674 -4.534599 0.443018 
362 0.257557 0.000000 -0.068215 79.875662 0.031016 -6.093306 0.358275 
363 0.306404 0.000000 -0.068215 71.425150 0.156429 -3.093008 0.488886 
364 0.281981 0.000000 -0.045476 75.591866 0.151476 -3.090495 0.427630 
365 0.269769 0.000000 -0.102322 101.621475 0.082280 -9.760342 -0.042220 
366 0.257557 0.000000 -0.102322 101.400546 0.028560 -10.010661 -0.038228 
367 0.269769 0.000000 -0.113691 101.572883 0.101802 -10.027464 -0.041761 
368 0.281981 0.000000 -0.102322 102.431144 0.139955 -8.996849 -0.057310 
369 0.269769 0.000000 -0.090953 101.489140 0.065522 -10.019307 -0.040044 
370 0.306404 0.000000 0.045476 72.167059 0.033793 2.143265 0.478732 
371 0.355251 0.000000 0.045476 66.945749 -0.033906 1.132419 0.551698 
372 0.281981 0.000000 0.113691 104.946552 0.076335 8.681051 -0.108915 
373 0.281981 0.000000 0.090953 104.786436 0.066871 9.020941 -0.106158 
374 0.306404 0.000000 0.113691 105.394111 -0.023296 6.668047 -0.115238 
375 0.281981 0.000000 0.136429 103.117089 -0.059528 8.405241 -0.070379 
376 0.281981 0.000000 0.068215 74.484936 0.141921 4.581224 0.443099 
377 0.257557 0.000000 0.068215 79.937656 -0.039320 6.187386 0.357169 
378 0.281981 0.000000 0.045476 75.647459 0.080452 3.204978 0.426718 
379 0.306404 0.000000 0.068215 71.530164 -0.006999 3.118985 0.487371 
380 0.269769 0.000000 0.102322 104.222891 0.019312 10.268252 -0.096785 
381 0.257557 0.000000 0.102322 104.065314 -0.037651 10.530229 -0.094048 
382 0.269769 0.000000 0.090953 104.136192 0.003131 10.536776 -0.095537 
383 0.281981 0.000000 0.102322 104.843669 0.099129 9.469817 -0.108188 
384 0.269769 0.000000 0.113691 104.202862 0.042933 10.542910 -0.096939 
385 0.746027 0.000000 -1.091433 99.726095 0.022649 6.897209 0.000713 
386 0.746027 0.000000 -1.455243 99.727758 0.005534 6.928781 0.000637 
387 1.136804 0.000000 -1.091433 99.707913 -0.011423 6.887000 0.001090 
388 0.550639 0.000000 -0.545716 99.738790 0.035629 6.713595 0.000710 
389 0.550639 0.000000 -0.727622 99.736175 0.029666 6.777784 0.000676 
390 0.746027 0.000000 -0.545716 99.742496 0.026708 6.727726 0.000617 
391 0.452945 0.000000 -0.272858 100.237969 0.107170 5.977450 -0.008339 
392 0.452945 0.000000 -0.363811 100.202247 0.091878 6.333292 -0.008061 
393 0.550639 0.000000 -0.272858 101.526150 -0.011157 1.075677 -0.030872 
394 0.404098 0.000000 -0.136429 98.011476 -0.004552 0.453469 0.039354 
395 0.404098 0.000000 -0.181905 101.573434 0.110735 4.767923 -0.033991 
396 0.452945 0.000000 -0.136429 99.118298 -0.001571 2.240466 0.017054 
397 0.404098 0.000000 -0.090953 100.839470 0.028830 -1.311303 -0.017032 
398 0.330828 0.000000 -0.113691 103.487823 0.103766 -6.300019 -0.074943 
399 0.330828 0.000000 -0.136429 102.181939 0.141656 -1.025091 -0.044222 
400 0.355251 0.000000 -0.113691 104.549697 0.091506 -4.529978 -0.095117 
401 0.330828 0.000000 -0.090953 103.481655 0.102764 -6.299605 -0.074815 
402 0.746027 0.000000 1.091433 99.867045 -0.019525 6.923637 -0.002136 
403 1.136804 0.000000 1.091433 99.889413 0.008070 6.865007 -0.002502 
404 0.746027 0.000000 1.455243 99.827027 -0.004187 6.940442 -0.001361 
405 0.550639 0.000000 0.545716 99.961589 -0.054486 6.714838 -0.003741 
406 0.746027 0.000000 0.545716 99.929268 -0.011767 6.674311 -0.003041 
407 0.550639 0.000000 0.727622 99.929635 -0.024489 6.901377 -0.003356 
408 0.452945 0.000000 0.272858 100.687129 -0.070790 5.761405 -0.017110 
409 0.550639 0.000000 0.272858 101.563525 -0.021361 1.075351 -0.031631 
410 0.452945 0.000000 0.363811 100.559122 -0.049760 6.432591 -0.015352 
411 0.404098 0.000000 0.136429 98.165670 -0.040920 0.450641 0.036330 
412 0.404098 0.000000 0.090953 101.413388 0.014253 2.007154 -0.028870 
413 0.452945 0.000000 0.136429 99.232906 -0.031726 2.236563 0.014783 
414 0.404098 0.000000 0.181905 102.221844 -0.107809 4.281077 -0.046764 
415 0.330828 0.000000 0.113691 105.419529 -0.044346 6.672443 -0.115780 
416 0.330828 0.000000 0.090953 105.412829 -0.045095 6.672003 -0.115638 
417 0.355251 0.000000 0.113691 106.081412 -0.007626 4.858484 -0.127687 
418 0.330828 0.000000 0.136429 103.525619 0.014406 6.908085 -0.076528 
419 0.404098 0.000000 -0.045476 66.285854 0.036001 0.840957 0.560548 
420 0.452945 0.000000 -0.045476 99.523991 0.000623 4.409254 0.007553 
421 0.404098 0.000000 0.000000 67.366967 0.019592 0.011329 0.546169 
422 0.379675 0.000000 -0.113691 104.246338 0.067021 -2.094634 -0.087169 
423 0.379675 0.000000 -0.136429 103.758192 0.122149 1.737310 -0.076880 
424 0.404098 0.000000 -0.113691 100.500736 0.032747 -1.584993 -0.010291 
425 0.379675 0.000000 -0.090953 103.948532 0.064471 -2.088321 -0.080966 
426 0.330828 0.000000 -0.068215 68.606260 0.079891 -2.949205 0.528448 
427 0.355251 0.000000 -0.068215 65.688860 0.019913 -1.762889 0.568187 
428 0.330828 0.000000 -0.045476 69.139528 0.007805 -1.871774 0.521622 
429 0.343039 0.000000 -0.102322 103.924756 0.113144 -5.974352 -0.083606 
430 0.330828 0.000000 -0.102322 103.484370 0.103205 -6.299787 -0.074871 
431 0.343039 0.000000 -0.113691 104.019648 0.105834 -5.833275 -0.085413 
432 0.355251 0.000000 -0.102322 104.654999 0.084851 -4.638474 -0.097419 
433 0.343039 0.000000 -0.090953 103.744313 0.114160 -6.315939 -0.080279 
434 0.404098 0.000000 0.045476 66.337177 -0.002550 -0.866750 0.559863 
435 0.452945 0.000000 0.045476 99.620380 -0.026093 4.405251 0.005637 
436 0.330828 0.000000 0.068215 68.738277 -0.065753 3.024711 0.526590 
437 0.330828 0.000000 0.045476 69.204561 -0.058829 1.935111 0.520698 
438 0.355251 0.000000 0.068215 65.721258 -0.042734 1.835893 0.567734 
439 0.379675 0.000000 0.113691 105.132391 0.023152 2.366796 -0.105842 
440 0.379675 0.000000 0.090953 104.777245 0.029021 2.359264 -0.098384 
441 0.404098 0.000000 0.113691 101.106969 0.015334 2.109166 -0.022707 
442 0.379675 0.000000 0.136429 104.770473 -0.077490 3.725438 -0.099074 
443 0.343039 0.000000 0.102322 105.769916 -0.021791 6.337334 -0.122744 
444 0.330828 0.000000 0.102322 105.415779 -0.044765 6.672197 -0.115701 
445 0.343039 0.000000 0.090953 105.647839 -0.026885 6.686508 -0.120618 
446 0.355251 0.000000 0.102322 106.194522 -0.007496 4.967932 -0.130196 
447 0.343039 0.000000 0.113691 105.825991 -0.021684 6.192240 -0.123748 
448 1.527580 0.000000 -0.363811 99.214150 -0.018988 6.394878 0.011566 
449 1.527580 0.000000 -0.727622 99.507765 -0.003933 6.703902 0.005326 
450 1.918356 0.000000 -0.363811 98.798810 0.048083 4.346395 0.021990 
451 1.527580 0.000000 0.000000 101.056325 -0.015451 6.860911 -0.025945 
452 0.941416 0.000000 -0.181905 102.247399 0.011030 5.107580 -0.048062 
453 0.941416 0.000000 -0.363811 99.667431 0.019592 6.351178 0.002607 
454 1.136804 0.000000 -0.181905 101.814877 0.004588 4.498586 -0.038651 
455 0.941416 0.000000 0.000000 102.260546 0.001604 6.600295 -0.050078 
456 0.648333 0.000000 -0.090953 101.756263 -0.002959 5.571429 -0.038538 
457 0.648333 0.000000 -0.181905 101.832756 0.003424 4.579833 -0.039089 
458 0.746027 0.000000 -0.090953 102.228232 0.005927 6.214245 -0.048923 
459 0.648333 0.000000 0.000000 101.906993 -0.003495 6.533063 -0.042772 
460 0.501792 0.000000 -0.136429 99.660358 -0.001214 3.349591 0.005659 
461 0.501792 0.000000 -0.181905 101.012281 -0.004978 3.168764 -0.021352 
462 0.550639 0.000000 -0.136429 101.540136 -0.003264 5.832491 -0.034442 
463 0.501792 0.000000 -0.090953 99.664593 -0.002930 3.446175 0.005509 
464 0.428522 0.000000 -0.113691 98.203480 0.017060 -0.266349 0.035601 
465 0.428522 0.000000 -0.136429 99.082091 -0.003622 1.270474 0.018113 
466 0.452945 0.000000 -0.113691 98.984741 -0.001679 2.283531 0.019681 
467 0.428522 0.000000 -0.090953 98.371050 0.014975 0.128113 0.032312 
468 0.379675 0.000000 -0.068215 64.976415 0.064388 -0.264332 0.577799 
469 0.404098 0.000000 -0.068215 98.019529 -0.001098 1.056704 0.039106 
470 0.379675 0.000000 -0.045476 65.913167 0.041369 -0.199149 0.565541 
471 0.391886 0.000000 -0.102322 102.635694 0.042430 -1.896618 -0.053768 
472 0.379675 0.000000 -0.102322 104.255947 0.067837 -2.094899 -0.087370 
473 0.391886 0.000000 -0.113691 102.476799 0.042300 -1.833273 -0.050486 
474 0.404098 0.000000 -0.102322 100.587512 0.033332 -1.633593 -0.012052 
475 0.391886 0.000000 -0.090953 102.301354 0.041776 -1.752508 -0.046864 
476 0.379675 0.000000 0.068215 65.015210 0.007556 0.300170 0.577293 
477 0.379675 0.000000 0.045476 65.980712 -0.012176 0.223125 0.564650 
478 0.404098 0.000000 0.068215 98.171629 -0.036783 1.050867 0.036123 
479 1.527580 0.000000 0.363811 100.456494 -0.014789 5.988326 -0.012737 
480 1.918356 0.000000 0.363811 100.930632 -0.044330 3.850588 -0.020182 
481 1.527580 0.000000 0.727622 100.041290 -0.037125 6.597298 -0.005179 
482 0.941416 0.000000 0.181905 102.378766 -0.006843 5.105808 -0.050748 
483 1.136804 0.000000 0.181905 102.024233 -0.015160 4.496278 -0.042916 
484 0.941416 0.000000 0.363811 99.852078 0.007337 6.416671 -0.001161 
485 0.648333 0.000000 0.090953 101.781141 -0.010957 5.571807 -0.039045 
486 0.746027 0.000000 0.090953 102.251035 -0.002311 6.216233 -0.049392 
487 0.648333 0.000000 0.181905 101.878716 -0.013542 4.583747 -0.040028 
488 0.501792 0.000000 0.136429 99.754516 -0.027880 3.348732 0.003782 
489 0.501792 0.000000 0.090953 99.756481 -0.027176 3.442490 0.003679 
490 0.550639 0.000000 0.136429 101.564879 -0.016436 5.836282 -0.034949 
491 0.501792 0.000000 0.181905 101.062606 -0.025072 3.171371 -0.022371 
492 0.428522 0.000000 0.113691 98.550227 -0.019841 1.668217 0.028507 
493 0.428522 0.000000 0.090953 98.688447 -0.020898 1.827655 0.025725 
494 0.452945 0.000000 0.113691 99.103504 -0.032563 2.280411 0.017329 
495 0.428522 0.000000 0.136429 99.199273 -0.032690 1.266997 0.015790 
496 0.391886 0.000000 0.102322 103.347871 0.029348 2.209274 -0.068566 
497 0.379675 0.000000 0.102322 105.140559 0.023264 2.367018 -0.106014 
498 0.391886 0.000000 0.090953 102.985332 0.023144 2.101654 -0.061040 
499 0.404098 0.000000 0.102322 101.203335 0.016629 2.130722 -0.024666 
500 0.391886 0.000000 0.113691 103.176861 0.026424 2.161797 -0.065014 
501 1.332192 0.000000 -0.181905 100.146680 -0.003979 4.873935 -0.005311 
502 1.332192 0.000000 -0.363811 99.629834 -0.005929 6.542290 0.003109 
503 1.527580 0.000000 -0.181905 99.693943 0.008952 5.345874 0.003254 
504 1.332192 0.000000 0.000000 100.812910 -0.021572 7.166661 -0.021460 
505 1.332192 0.000000 0.181905 101.375448 -0.055720 4.867027 -0.030067 
506 1.527580 0.000000 0.181905 102.434041 -0.048422 5.338114 -0.052123 
507 1.332192 0.000000 0.363811 100.235077 -0.029852 6.211487 -0.008565 
508 1.234498 0.000000 -0.090953 98.598139 -0.014043 1.912736 0.027475 
509 1.136804 0.000000 -0.090953 100.907278 -0.003497 5.316907 -0.021055 
510 1.234498 0.000000 -0.181905 100.627936 -0.003356 0.787392 -0.012660 
511 1.332192 0.000000 -0.090953 99.208432 -0.011429 3.839988 0.014294 
512 1.234498 0.000000 0.000000 77.026829 -0.017084 0.032779 0.406687 
513 1.234498 0.000000 0.090953 99.155415 -0.027759 1.917993 0.016452 
514 1.136804 0.000000 0.090953 101.103450 -0.012014 5.317909 -0.025019 
515 1.332192 0.000000 0.090953 100.023189 -0.042108 3.846339 -0.001943 
516 1.234498 0.000000 0.181905 100.940217 -0.019580 0.789046 -0.018955 
517 4.263014 0.000000 -8.731461 99.754624 0.003829 6.970894 0.000042 
518 4.263014 0.000000 -11.641948 99.755309 0.002762 6.973151 0.000025 
519 7.389224 0.000000 -8.731461 99.755473 0.004784 6.969958 0.000027 
520 2.699909 0.000000 -4.365730 99.751698 0.010831 6.958660 0.000118 
521 2.699909 0.000000 -5.820974 99.751931 0.004812 6.966285 0.000102 
522 4.263014 0.000000 -4.365730 99.752021 0.008862 6.953252 0.000119 
523 1.918356 0.000000 -2.182865 99.730372 0.015020 6.918220 0.000599 
524 1.918356 0.000000 -2.910487 99.744321 0.014062 6.946122 0.000282 
525 2.699909 0.000000 -2.182865 99.733708 0.015684 6.891822 0.000569 
526 1.527580 0.000000 -1.091433 99.649691 -0.016052 6.830521 0.002328 
527 1.527580 0.000000 -1.455243 99.696674 0.009955 6.888167 0.001313 
528 1.918356 0.000000 -1.091433 99.640590 -0.015385 6.725455 0.002652 
529 1.332192 0.000000 -0.545716 99.596359 0.002584 6.726358 0.003532 
530 1.136804 0.000000 -0.545716 99.689874 -0.011992 6.703942 0.001699 
531 1.332192 0.000000 -0.727622 99.629273 -0.041945 6.802750 0.002773 
532 1.527580 0.000000 -0.545716 99.371797 0.005745 6.629276 0.008130 
533 1.234498 0.000000 -0.272858 100.010350 -0.020378 5.971076 -0.003772 
534 1.136804 0.000000 -0.272858 101.792302 0.004451 1.092781 -0.036287 
535 1.234498 0.000000 -0.363811 99.761980 -0.009743 6.433938 0.000615 
536 1.332192 0.000000 -0.272858 100.173017 -0.012796 0.474686 -0.003486 
537 10.515434 0.000000 -2.910487 99.758817 0.015984 6.932166 0.000012 
538 10.515434 0.000000 -5.820974 99.756506 0.008256 6.962882 0.000016 
539 13.641644 0.000000 -2.910487 99.758810 0.015293 6.937192 0.000005 
540 10.515434 0.000000 0.000000 99.871126 0.083353 5.332329 -0.000268 
541 5.826119 0.000000 -1.455243 99.765790 0.025272 6.790937 0.000067 
542 5.826119 0.000000 -2.910487 99.756261 0.015963 6.923289 0.000076 
543 7.389224 0.000000 -1.455243 99.766400 0.030190 6.812955 0.000025 
544 5.826119 0.000000 0.000000 100.083167 0.132753 2.282080 -0.002187 
545 3.481461 0.000000 -0.727622 99.790179 0.060084 6.141913 0.000419 
546 3.481461 0.000000 -1.455243 99.748935 0.032161 6.756686 0.000450 
547 4.263014 0.000000 -0.727622 99.797984 0.067956 6.239864 0.000142 
548 3.481461 0.000000 0.000000 100.164390 0.243349 1.003308 -0.003397 
549 2.309132 0.000000 -0.363811 99.447206 0.075400 3.763757 0.009608 
550 2.309132 0.000000 -0.727622 99.624350 0.007942 6.108222 0.003768 
551 2.699909 0.000000 -0.363811 99.897263 0.082073 3.931367 0.000507 
552 2.309132 0.000000 0.000000 137.230892 0.376790 1.103463 -0.883368 
553 1.722968 0.000000 -0.181905 99.624638 0.041825 5.014355 0.004979 
554 1.722968 0.000000 -0.363811 98.514149 0.000697 5.726305 0.026217 
555 1.918356 0.000000 -0.181905 99.954945 0.081543 3.776085 -0.000526 
556 1.722968 0.000000 0.000000 101.404566 0.043341 6.314585 -0.032276 
557 1.429886 0.000000 -0.090953 100.367665 -0.009846 4.734746 -0.009609 
558 1.429886 0.000000 -0.181905 100.162347 -0.000260 4.615091 -0.005379 
559 1.527580 0.000000 -0.090953 100.514799 0.000487 5.299498 -0.013131 
560 1.429886 0.000000 0.000000 100.812904 -0.021572 7.166654 -0.021460 
561 1.283345 0.000000 -0.136429 98.520886 -0.013117 2.758300 0.028603 
562 1.234498 0.000000 -0.136429 98.846673 -0.013020 1.651562 0.022661 
563 1.283345 0.000000 -0.181905 99.045944 -0.012434 1.903087 0.018628 
564 1.332192 0.000000 -0.136429 99.266199 -0.009700 4.333780 0.012744 
565 1.283345 0.000000 -0.090953 98.358834 -0.013686 3.002688 0.031652 
566 10.515434 0.000000 2.910487 99.763415 -0.026110 6.879551 -0.000007 
567 13.641644 0.000000 2.910487 99.764689 -0.029151 6.858689 -0.000004 
568 10.515434 0.000000 5.820974 99.758292 -0.010835 6.956648 -0.000011 
569 5.826119 0.000000 1.455243 99.782930 -0.060991 6.611116 -0.000034 
570 7.389224 0.000000 1.455243 99.787693 -0.058026 6.534092 -0.000028 
571 5.826119 0.000000 2.910487 99.764062 -0.021326 6.901890 -0.000050 
572 3.481461 0.000000 0.727622 99.846208 -0.098196 5.656021 -0.000127 
573 4.263014 0.000000 0.727622 99.867128 -0.102590 5.393899 -0.000255 
574 3.481461 0.000000 1.455243 99.782757 -0.040318 6.694430 -0.000142 
575 2.309132 0.000000 0.363811 99.329369 -0.171643 3.539718 0.012112 
576 2.699909 0.000000 0.363811 99.994190 -0.134708 3.175151 -0.000894 
577 2.309132 0.000000 0.727622 99.840061 -0.028117 5.898179 -0.000283 
578 1.722968 0.000000 0.181905 103.396703 0.011793 5.101624 -0.071690 
579 1.918356 0.000000 0.181905 103.460635 0.172588 4.414507 -0.072362 
580 1.722968 0.000000 0.363811 100.908745 -0.039816 5.252972 -0.021017 
581 1.429886 0.000000 0.090953 101.378141 -0.048757 4.742691 -0.030002 
582 1.527580 0.000000 0.090953 101.832194 -0.034425 5.301990 -0.039791 
583 1.429886 0.000000 0.181905 101.692239 -0.053600 4.622077 -0.036268 
584 4.263014 0.000000 8.731461 99.758834 -0.004472 6.970113 -0.000041 
585 7.389224 0.000000 8.731461 99.758061 -0.005708 6.968671 -0.000023 
586 4.263014 0.000000 11.641948 99.757857 -0.003194 6.972772 -0.000025 
587 2.699909 0.000000 4.365730 99.769860 -0.014739 6.953750 -0.000238 
588 4.263014 0.000000 4.365730 99.763268 -0.010822 6.948699 -0.000099 
589 2.699909 0.000000 5.820974 99.762301 -0.005848 6.964767 -0.000102 
590 1.918356 0.000000 2.182865 99.803459 -0.012795 6.896665 -0.000829 
591 2.699909 0.000000 2.182865 99.784730 -0.018267 6.869798 -0.000419 
592 1.918356 0.000000 2.910487 99.789373 -0.011683 6.931477 -0.000596 
593 1.527580 0.000000 1.091433 99.913806 0.011554 6.766102 -0.002855 
594 1.918356 0.000000 1.091433 99.889484 0.008017 6.621662 -0.002176 
595 1.527580 0.000000 1.455243 99.849495 -0.014837 6.843939 -0.001676 
596 1.332192 0.000000 0.545716 100.093460 -0.029830 6.585103 -0.006207 
597 1.136804 0.000000 0.545716 99.973394 0.017174 6.687498 -0.003940 
598 1.527580 0.000000 0.545716 100.226876 -0.032587 6.394200 -0.008631 
599 1.332192 0.000000 0.727622 99.992169 0.025405 6.710499 -0.004347 
600 1.234498 0.000000 0.272858 100.413416 -0.033948 5.933400 -0.011806 
601 1.136804 0.000000 0.272858 102.042058 -0.019121 1.094741 -0.041378 
602 1.332192 0.000000 0.272858 101.549133 -0.084039 0.486164 -0.031247 
603 1.234498 0.000000 0.363811 100.181428 -0.029690 6.368769 -0.007688 
604 1.283345 0.000000 0.136429 99.420290 -0.041538 2.760968 0.010798 
605 1.234498 0.000000 0.136429 99.384169 -0.027760 1.656859 0.012004 
606 1.283345 0.000000 0.090953 99.177079 -0.036558 3.004282 0.015488 
607 1.332192 0.000000 0.136429 100.195214 -0.042273 4.332869 -0.005786 
608 1.283345 0.000000 0.181905 100.134567 -0.057098 1.917548 -0.003061 
609 2.113744 0.000000 -0.181905 102.061980 0.132348 4.690308 -0.043866 
610 2.113744 0.000000 -0.363811 99.596032 0.053731 4.170515 0.006323 
611 2.309132 0.000000 -0.181905 98.322711 0.115484 -0.421353 0.033245 
612 2.113744 0.000000 0.000000 99.414722 -0.054832 -1.140111 0.011541 
613 2.113744 0.000000 0.181905 99.859914 -0.046917 -2.020428 0.002391 
614 2.309132 0.000000 0.181905 97.765971 -0.210412 4.232935 0.042385 
615 2.113744 0.000000 0.363811 99.876774 -0.114822 2.993444 0.001566 
616 2.016050 0.000000 -0.090953 100.533164 0.342023 2.697193 -0.011431 
617 1.918356 0.000000 -0.090953 100.744155 0.105369 4.447388 -0.016918 
618 2.016050 0.000000 -0.181905 100.230283 0.135231 1.278106 -0.004776 
619 2.113744 0.000000 -0.090953 109.719114 0.204732 11.553728 -0.217181 
620 2.016050 0.000000 0.000000 101.629060 0.132282 4.962123 -0.035311 
621 2.016050 0.000000 0.090953 102.652099 -0.025660 2.856970 -0.054562 
622 1.918356 0.000000 0.090953 102.434702 0.134490 4.601299 -0.051406 
623 2.113744 0.000000 0.090953 103.353365 0.064368 -10.766293 -0.079784 
624 2.016050 0.000000 0.181905 103.195029 0.248928 1.438101 -0.065134 
625 2.309132 0.000000 -1.091433 99.680192 0.012735 6.633284 0.001986 
626 2.309132 0.000000 -1.455243 99.703713 0.021428 6.795265 0.001299 
627 2.699909 0.000000 -1.091433 99.722289 0.022584 6.591966 0.001201 
628 2.113744 0.000000 -0.545716 99.405516 0.077225 5.489215 0.008841 
629 1.918356 0.000000 -0.545716 99.151161 0.026167 5.738362 0.013612 
630 2.113744 0.000000 -0.727622 99.547779 0.036601 6.185174 0.005198 
631 2.309132 0.000000 -0.545716 99.586029 0.099260 5.379055 0.005368 
632 2.016050 0.000000 -0.272858 99.775571 0.050323 2.877397 0.003655 
633 1.918356 0.000000 -0.272858 99.583727 0.099626 2.189991 0.007828 
634 2.016050 0.000000 -0.363811 99.357583 0.056991 4.023016 0.011188 
635 2.113744 0.000000 -0.272858 99.827421 0.086616 3.610640 0.002144 
636 3.090685 0.000000 -0.363811 99.903831 0.112314 4.190058 0.000166 
637 3.090685 0.000000 -0.727622 99.776356 0.053196 6.099720 0.000747 
638 3.481461 0.000000 -0.363811 99.915368 0.097483 4.431156 -0.000273 
639 3.090685 0.000000 0.000000 100.158366 0.279163 0.894938 -0.003258 
640 2.504521 0.000000 -0.181905 100.456875 0.123705 1.441499 -0.009368 
641 2.504521 0.000000 -0.363811 99.788286 0.150754 3.687826 0.002868 
642 2.699909 0.000000 -0.181905 100.126813 0.171967 1.919865 -0.002909 
643 2.504521 0.000000 0.000000 101.369740 0.295424 0.807557 -0.027656 
644 2.211438 0.000000 -0.090953 90.293469 0.235065 16.374659 0.157890 
645 2.211438 0.000000 -0.181905 97.196696 0.206125 4.212953 0.053501 
646 2.309132 0.000000 -0.090953 107.656190 0.263957 -15.905909 -0.184292 
647 2.211438 0.000000 0.000000 146.690603 0.069306 -0.209242 -1.151818 
648 2.064897 0.000000 -0.136429 100.538110 0.194441 0.975538 -0.010890 
649 2.016050 0.000000 -0.136429 100.466536 0.360628 2.905863 -0.010210 
650 2.064897 0.000000 -0.181905 102.529213 0.081523 2.664279 -0.051934 
651 2.113744 0.000000 -0.136429 105.889970 0.243147 7.139308 -0.126371 
652 2.064897 0.000000 -0.090953 102.139483 0.323447 4.015328 -0.044870 
653 3.090685 0.000000 0.363811 100.028143 -0.136482 2.739850 -0.001315 
654 3.481461 0.000000 0.363811 100.069791 -0.155843 2.403168 -0.001976 
655 3.090685 0.000000 0.727622 99.826832 -0.084756 5.766596 0.000134 
656 2.504521 0.000000 0.181905 100.448282 -0.197793 2.097038 -0.009429 
657 2.699909 0.000000 0.181905 100.212387 -0.127733 1.535277 -0.004490 
658 2.504521 0.000000 0.363811 99.800940 -0.115193 3.564256 0.002706 
659 2.211438 0.000000 0.090953 87.584094 0.036759 -15.796292 0.207950 
660 2.309132 0.000000 0.090953 107.121215 0.107690 19.315437 -0.184805 
661 2.211438 0.000000 0.181905 95.979613 -0.093439 -0.835835 0.078721 
662 2.309132 0.000000 1.091433 99.829511 -0.019661 6.532663 -0.000861 
663 2.699909 0.000000 1.091433 99.794329 -0.034684 6.504940 -0.000122 
664 2.309132 0.000000 1.455243 99.810864 -0.028532 6.744636 -0.000770 
665 2.113744 0.000000 0.545716 99.853856 -0.059630 5.099777 0.000320 
666 1.918356 0.000000 0.545716 100.203237 -0.057300 5.479664 -0.007072 
667 2.309132 0.000000 0.545716 99.698268 -0.072435 5.084295 0.003440 
668 2.113744 0.000000 0.727622 99.956468 -0.053287 5.943886 -0.002663 
669 2.016050 0.000000 0.272858 100.714269 -0.053286 1.857921 -0.014682 
670 1.918356 0.000000 0.272858 104.070305 0.154178 2.488809 -0.083685 
671 2.113744 0.000000 0.272858 99.638615 -0.098736 1.170935 0.007077 
672 2.016050 0.000000 0.363811 100.458903 -0.063343 3.318416 -0.010301 
673 2.064897 0.000000 0.136429 102.800736 0.142169 0.986455 -0.056898 
674 2.016050 0.000000 0.136429 102.780319 -0.058230 3.007349 -0.057284 
675 2.064897 0.000000 0.090953 102.034168 0.143037 -1.544933 -0.041338 
676 2.113744 0.000000 0.136429 101.442335 0.064300 -5.452830 -0.032028 
677 2.064897 0.000000 0.181905 100.591623 0.008467 -0.786092 -0.011929 
678 2.211438 0.000000 -0.272858 98.649192 0.135141 3.468708 0.025629 
679 2.211438 0.000000 -0.363811 99.439450 0.087593 4.093130 0.009503 
680 2.309132 0.000000 -0.272858 98.957089 0.125969 2.327739 0.020206 
681 2.162591 0.000000 -0.136429 100.222812 0.215552 9.177820 -0.012889 
682 2.162591 0.000000 -0.181905 99.668828 0.155343 5.489934 0.003596 
683 2.211438 0.000000 -0.136429 94.840763 0.189526 7.012358 0.095602 
684 2.162591 0.000000 -0.090953 100.763171 0.174271 15.829065 -0.040381 
685 2.064897 0.000000 -0.045476 100.597860 0.201416 0.920227 -0.012082 
686 2.016050 0.000000 -0.045476 100.621063 0.358281 4.468635 -0.014470 
687 2.113744 0.000000 -0.045476 95.707754 -0.057100 3.197925 0.082980 
688 2.064897 0.000000 0.000000 92.212511 0.009810 -1.392020 0.149492 
689 2.089321 0.000000 -0.113691 108.207799 0.232559 5.872367 -0.174347 
690 2.064897 0.000000 -0.113691 103.965252 0.284202 4.911512 -0.083298 
691 2.089321 0.000000 -0.136429 100.930660 0.172864 0.269530 -0.018710 
692 2.113744 0.000000 -0.113691 109.791660 0.204756 11.409294 -0.218442 
693 2.089321 0.000000 -0.090953 107.916076 0.232833 5.685716 -0.167826 
694 2.064897 0.000000 0.045476 102.704628 0.154199 0.929292 -0.054913 
695 2.016050 0.000000 0.045476 102.518070 -0.117573 4.503739 -0.053025 
696 2.113744 0.000000 0.045476 99.475942 -0.032362 -5.421026 0.007515 
697 2.211438 0.000000 0.272858 98.191949 -0.110132 1.668280 0.035555 
698 2.309132 0.000000 0.272858 98.668517 -0.161332 2.994189 0.025553 
699 2.211438 0.000000 0.363811 99.387529 -0.124493 3.165304 0.011208 
700 2.162591 0.000000 0.136429 97.423935 -0.103509 -6.892105 0.046107 
701 2.162591 0.000000 0.090953 97.004474 -0.070426 -15.129539 0.036122 
702 2.211438 0.000000 0.136429 92.925454 -0.087357 -4.437835 0.134516 
703 2.162591 0.000000 0.181905 97.936736 -0.064642 -2.349308 0.040287 
704 2.089321 0.000000 0.113691 102.867730 0.246315 -5.094808 -0.060779 
705 2.064897 0.000000 0.113691 101.929162 0.229111 -3.366228 -0.040094 
706 2.089321 0.000000 0.090953 102.858759 0.242563 -4.853118 -0.060354 
707 2.113744 0.000000 0.113691 103.403342 0.066735 -10.627948 -0.080521 
708 2.089321 0.000000 0.136429 102.255746 0.348036 0.274789 -0.045643 
709 2.162591 0.000000 -0.045476 115.413821 -0.066420 7.952056 -0.338359 
710 2.211438 0.000000 -0.045476 146.422952 0.037710 11.251472 -1.156628 
711 2.162591 0.000000 0.000000 118.335653 -0.073840 -0.699891 -0.400382 
712 2.138168 0.000000 -0.113691 105.042652 0.191195 15.585280 -0.127690 
713 2.138168 0.000000 -0.136429 103.068918 0.252274 8.891252 -0.070232 
714 2.162591 0.000000 -0.113691 100.615842 0.187297 12.493065 -0.027966 
715 2.138168 0.000000 -0.090953 104.621295 0.185511 15.522629 -0.118660 
716 2.089321 0.000000 -0.068215 100.930228 0.173042 0.271434 -0.018701 
717 2.064897 0.000000 -0.068215 100.335695 0.470611 2.956636 -0.007621 
718 2.113744 0.000000 -0.068215 92.182747 0.008254 5.491876 0.147218 
719 2.089321 0.000000 -0.045476 90.533709 0.025623 0.852491 0.180292 
720 2.101533 0.000000 -0.102322 110.657981 0.212046 8.168233 -0.231195 
721 2.089321 0.000000 -0.102322 109.337511 0.227328 6.298471 -0.199441 
722 2.101533 0.000000 -0.113691 110.777629 0.210192 7.704373 -0.233108 
723 2.113744 0.000000 -0.102322 109.679399 0.202881 12.045481 -0.217471 
724 2.101533 0.000000 -0.090953 110.868200 0.210976 8.284489 -0.236044 
725 2.162591 0.000000 0.045476 117.555718 0.014062 -9.156089 -0.390318 
726 2.211438 0.000000 0.045476 147.818851 0.074467 -11.666291 -1.198652 
727 2.089321 0.000000 0.068215 102.256082 0.347525 0.276716 -0.045650 
728 2.064897 0.000000 0.068215 102.917251 -0.233556 2.963851 -0.060080 
729 2.089321 0.000000 0.045476 95.162428 0.055757 -3.610561 0.093107 
730 2.113744 0.000000 0.068215 98.096709 0.005770 -7.389195 0.032244 
731 2.138168 0.000000 0.113691 100.338595 -0.047399 -14.767022 -0.028590 
732 2.138168 0.000000 0.090953 100.078016 -0.050813 -14.729165 -0.023256 
733 2.162591 0.000000 0.113691 97.160141 -0.134595 -11.047117 0.043785 
734 2.138168 0.000000 0.136429 99.643985 -0.012885 -6.794143 0.002492 
735 2.101533 0.000000 0.102322 103.894358 0.154625 -7.532372 -0.085080 
736 2.089321 0.000000 0.102322 103.285525 0.228153 -5.615971 -0.069949 
737 2.101533 0.000000 0.090953 104.040972 0.143813 -7.640151 -0.088292 
738 2.113744 0.000000 0.102322 103.321239 0.059704 -11.227698 -0.080134 
739 2.101533 0.000000 0.113691 104.074592 0.159622 -7.089653 -0.088181 
740 2.138168 0.000000 -0.068215 101.363282 -0.056012 9.229049 -0.035969 
741 2.162591 0.000000 -0.068215 112.589708 -0.057618 12.320351 -0.282824 
742 2.138168 0.000000 -0.045476 104.089523 -0.053708 5.758507 -0.086779 
743 2.125956 0.000000 -0.102322 106.403657 0.210832 15.464087 -0.156092 
744 2.125956 0.000000 -0.113691 107.287482 0.204252 14.731332 -0.172766 
745 2.138168 0.000000 -0.102322 104.797831 0.187827 15.548849 -0.122439 
746 2.125956 0.000000 -0.090953 107.150114 0.204108 14.823548 -0.170093 
747 2.138168 0.000000 0.068215 105.591931 -0.009170 -10.614218 -0.126232 
748 2.138168 0.000000 0.045476 106.972947 -0.024560 -7.466718 -0.149896 
749 2.162591 0.000000 0.068215 115.868525 -0.042933 -13.334970 -0.360334 
750 2.125956 0.000000 0.102322 101.151578 -0.028613 -14.579510 -0.044420 
751 2.125956 0.000000 0.090953 101.656040 -0.008663 -13.946535 -0.052846 
752 2.138168 0.000000 0.102322 100.187541 -0.049394 -14.745061 -0.025496 
753 2.125956 0.000000 0.113691 101.745320 -0.005697 -13.853612 -0.054403 
754 2.406827 0.000000 -0.090953 103.026985 0.088973 -1.079022 -0.061573 
755 2.406827 0.000000 -0.181905 100.468013 0.188153 0.375684 -0.009400 
756 2.504521 0.000000 -0.090953 101.028293 0.211070 0.738822 -0.020731 
757 2.406827 0.000000 0.000000 105.576389 0.143833 0.903617 -0.114721 
758 2.260285 0.000000 -0.136429 92.198656 0.217243 -0.346436 0.149924 
759 2.260285 0.000000 -0.181905 96.478221 0.136980 1.407850 0.068995 
760 2.309132 0.000000 -0.136429 98.458701 0.144568 -4.724624 0.028354 
761 2.260285 0.000000 -0.090953 74.234815 0.376247 12.296118 0.433786 
762 2.187015 0.000000 -0.113691 97.075882 0.193941 12.187151 0.042771 
763 2.187015 0.000000 -0.136429 97.488003 0.198167 8.608879 0.042194 
764 2.211438 0.000000 -0.113691 92.258185 0.213867 10.493824 0.137826 
765 2.187015 0.000000 -0.090953 94.369340 0.198418 17.275461 0.079595 
766 2.150380 0.000000 -0.102322 103.457391 0.174762 15.350170 -0.093909 
767 2.150380 0.000000 -0.113691 103.919892 0.176851 15.418696 -0.103711 
768 2.162591 0.000000 -0.102322 100.860359 0.176291 15.992417 -0.042860 
769 2.150380 0.000000 -0.090953 102.692418 0.174438 15.528133 -0.078689 
770 2.406827 0.000000 0.090953 102.944480 -0.046338 3.600655 -0.061053 
771 2.504521 0.000000 0.090953 101.043099 0.069768 1.590898 -0.021224 
772 2.406827 0.000000 0.181905 100.335832 -0.155330 3.259699 -0.007793 
773 2.260285 0.000000 0.136429 90.836526 -0.065516 3.320416 0.173770 
774 2.260285 0.000000 0.090953 71.388170 0.026063 -11.753783 0.476558 
775 2.309132 0.000000 0.136429 97.785289 -0.129939 8.140800 0.037175 
776 2.260285 0.000000 0.181905 95.631675 -0.179117 2.194491 0.084973 
777 2.187015 0.000000 0.113691 94.417393 -0.125223 -10.410371 0.097696 
778 2.187015 0.000000 0.090953 91.342969 -0.031249 -16.628368 0.137996 
779 2.211438 0.000000 0.113691 89.881090 -0.104216 -8.552338 0.184824 
780 2.187015 0.000000 0.136429 95.158123 -0.132026 -6.140896 0.090720 
781 2.150380 0.000000 0.102322 99.292972 -0.059843 -14.614986 -0.007270 
782 2.150380 0.000000 0.090953 98.638827 -0.063243 -14.800745 0.005132 
783 2.162591 0.000000 0.102322 97.063056 -0.067786 -15.282038 0.034522 
784 2.150380 0.000000 0.113691 99.639958 -0.056357 -14.665720 -0.014321 
785 2.260285 0.000000 -0.045476 178.686667 0.168504 1.345198 -2.193076 
786 2.309132 0.000000 -0.045476 132.253121 0.325118 -12.551578 -0.764854 
787 2.260285 0.000000 0.000000 165.878272 0.157981 0.416863 -1.751580 
788 2.187015 0.000000 -0.068215 126.663343 -0.020040 15.764265 -0.629211 
789 2.211438 0.000000 -0.068215 146.200937 0.043113 19.004118 -1.173587 
790 2.187015 0.000000 -0.045476 129.529434 -0.048001 10.047371 -0.687883 
791 2.174803 0.000000 -0.102322 97.464767 0.185590 16.817575 0.021775 
792 2.174803 0.000000 -0.113691 98.933621 0.195128 12.421530 0.005781 
793 2.187015 0.000000 -0.102322 94.397208 0.197679 17.280670 0.079051 
794 2.174803 0.000000 -0.090953 97.031522 0.187623 16.938330 0.029794 
795 2.260285 0.000000 0.045476 180.539617 0.153162 -0.384444 -2.259472 
796 2.309132 0.000000 0.045476 132.550358 0.349956 15.236660 -0.780188 
797 2.187015 0.000000 0.068215 128.975749 0.058183 -16.336485 -0.690163 
798 2.187015 0.000000 0.045476 131.100081 0.044966 -10.828748 -0.730450 
799 2.211438 0.000000 0.068215 148.165787 0.072548 -19.467088 -1.233207 
800 2.174803 0.000000 0.102322 94.074673 -0.064184 -16.133179 0.088967 
801 2.174803 0.000000 0.090953 93.687154 -0.063561 -16.256000 0.095846 
802 2.187015 0.000000 0.102322 91.370087 -0.037413 -16.633499 0.137483 
803 2.174803 0.000000 0.113691 95.882097 -0.136878 -10.705285 0.069200 
804 2.235862 0.000000 -0.068215 77.702343 0.312056 12.869914 0.379661 
805 2.235862 0.000000 -0.090953 78.816285 0.305846 13.054480 0.361748 
806 2.260285 0.000000 -0.068215 72.825675 0.407075 12.063184 0.455073 
807 2.235862 0.000000 -0.045476 163.894124 0.110469 9.982281 -1.696094 
808 2.235862 0.000000 -0.113691 88.543966 0.223208 5.856532 0.212562 
809 2.235862 0.000000 -0.136429 92.677315 0.191393 3.946214 0.139531 
810 2.260285 0.000000 -0.113691 85.716112 0.260553 -1.615306 0.265007 
811 2.223650 0.000000 -0.079584 84.177931 0.277151 14.516895 0.270326 
812 2.211438 0.000000 -0.079584 89.875922 0.238750 16.255845 0.165801 
813 2.223650 0.000000 -0.090953 84.198449 0.277852 14.423209 0.270251 
814 2.235862 0.000000 -0.079584 78.681388 0.306477 13.032148 0.363931 
815 2.223650 0.000000 -0.068215 156.554258 0.060505 17.475309 -1.481463 
816 2.235862 0.000000 0.068215 74.910799 0.031844 -12.334581 0.423623 
817 2.235862 0.000000 0.045476 165.366720 0.108458 -9.940201 -1.744497 
818 2.260285 0.000000 0.068215 69.932047 0.010588 -11.512372 0.497697 
819 2.235862 0.000000 0.090953 76.045366 0.026675 -12.520452 0.406034 
820 2.235862 0.000000 0.113691 86.397993 -0.008990 -3.676564 0.252187 
821 2.260285 0.000000 0.113691 83.754570 -0.005339 4.237794 0.296721 
822 2.235862 0.000000 0.136429 91.061512 -0.062149 -1.223565 0.170630 
823 2.223650 0.000000 0.079584 81.479570 0.026467 -13.970506 0.316590 
824 2.211438 0.000000 0.079584 87.170936 0.034676 -15.679723 0.215537 
825 2.223650 0.000000 0.068215 158.549065 0.075577 -17.702106 -1.545118 
826 2.235862 0.000000 0.079584 75.907259 0.027049 -12.497820 0.408189 
827 2.223650 0.000000 0.090953 81.510843 0.024476 -13.881197 0.316329 
828 2.357979 0.000000 -0.045476 111.113975 0.274711 -2.725946 -0.235382 
829 2.357979 0.000000 -0.090953 105.727055 0.139780 -3.792190 -0.119261 
830 2.406827 0.000000 -0.045476 104.903187 0.103523 -0.443512 -0.100489 
831 2.357979 0.000000 0.000000 113.190904 0.312692 1.014231 -0.281331 
832 2.284709 0.000000 -0.068215 157.187272 0.286604 -48.552157 -1.706523 
833 2.284709 0.000000 -0.090953 91.060247 0.292847 -33.078081 0.061379 
834 2.309132 0.000000 -0.068215 121.447866 0.323104 -18.355563 -0.508662 
835 2.284709 0.000000 -0.045476 161.743069 0.293620 -16.237677 -1.642457 
836 2.248074 0.000000 -0.079584 76.004191 0.335342 12.588547 0.406478 
837 2.248074 0.000000 -0.090953 76.299372 0.332238 12.637498 0.401859 
838 2.260285 0.000000 -0.079584 73.349472 0.396957 12.149820 0.447208 
839 2.248074 0.000000 -0.068215 75.380236 0.346893 12.485297 0.416182 
840 2.357979 0.000000 0.045476 111.018530 0.269432 5.000582 -0.235019 
841 2.406827 0.000000 0.045476 104.861483 0.123013 2.458956 -0.100199 
842 2.357979 0.000000 0.090953 105.537570 0.025769 6.554490 -0.118114 
843 2.284709 0.000000 0.068215 158.683260 0.238212 52.932389 -1.798227 
844 2.284709 0.000000 0.045476 162.966091 0.325164 18.680762 -1.690702 
845 2.309132 0.000000 0.068215 121.416355 0.253854 21.582812 -0.520781 
846 2.284709 0.000000 0.090953 89.308384 0.110717 37.036093 0.065233 
847 2.248074 0.000000 0.079584 73.191731 0.036481 -12.052010 0.449772 
848 2.248074 0.000000 0.068215 72.557861 0.035441 -11.947499 0.459261 
849 2.260285 0.000000 0.079584 70.477653 0.017339 -11.602893 0.489827 
850 2.248074 0.000000 0.090953 73.489845 0.034810 -12.100912 0.445281 
851 -8.241827 0.000000 -8.731461 99.755860 0.000554 6.975574 0.000011 
852 -11.368037 0.000000 -8.731461 99.756098 0.000363 6.975657 0.000006 
853 -8.241827 0.000000 -11.641948 99.755918 0.000627 6.975505 0.000010 
854 10.515434 0.000000 -8.731461 99.756067 0.005295 6.969791 0.000015 
855 10.515434 0.000000 -11.641948 99.756002 0.003779 6.972390 0.000013 
856 13.641644 0.000000 -8.731461 99.756377 0.005516 6.969917 0.000009 
857 -8.241827 0.000000 8.731461 99.757007 -0.000680 6.975601 -0.000012 
858 -11.368037 0.000000 8.731461 99.756745 -0.000463 6.975670 -0.000007 
859 -8.241827 0.000000 11.641948 99.756957 -0.000748 6.975514 -0.000011 
860 -3.552511 0.000000 -4.365730 99.754251 0.000919 6.975317 0.000043 
861 -5.115617 0.000000 -4.365730 99.755167 0.000617 6.975667 0.000025 
862 -3.552511 0.000000 -5.820974 99.754521 0.001067 6.975079 0.000038 
863 10.515434 0.000000 8.731461 99.757553 -0.006517 6.967905 -0.000012 
864 13.641644 0.000000 8.731461 99.757308 -0.007051 6.967363 -0.000006 
865 10.515434 0.000000 11.641948 99.757239 -0.004518 6.971561 -0.000011 
866 5.826119 0.000000 -4.365730 99.754657 0.010156 6.952076 0.000068 
867 5.826119 0.000000 -5.820974 99.754548 0.007126 6.962703 0.000055 
868 7.389224 0.000000 -4.365730 99.756081 0.010699 6.952407 0.000039 
869 -3.552511 0.000000 4.365730 99.758597 -0.001143 6.975669 -0.000044 
870 -5.115617 0.000000 4.365730 99.757631 -0.000797 6.975840 -0.000025 
871 -3.552511 0.000000 5.820974 99.758472 -0.001286 6.975285 -0.000041 
872 -1.207854 0.000000 -2.182865 99.754196 0.007469 6.965459 0.000058 
873 -1.989406 0.000000 -2.182865 99.750768 0.011179 6.974964 0.000113 
874 -1.207854 0.000000 -2.910487 99.748838 0.013430 6.972446 0.000155 
875 5.826119 0.000000 4.365730 99.761114 -0.012683 6.945438 -0.000052 
876 7.389224 0.000000 4.365730 99.760054 -0.013863 6.943220 -0.000028 
877 5.826119 0.000000 5.820974 99.759843 -0.008652 6.959686 -0.000046 
878 3.481461 0.000000 -2.182865 99.739887 0.022535 6.875014 0.000469 
879 3.481461 0.000000 -2.910487 99.747069 0.013007 6.925693 0.000256 
880 4.263014 0.000000 -2.182865 99.752461 0.020242 6.880608 0.000210 
881 -1.207854 0.000000 2.182865 99.771238 -0.004049 6.983777 -0.000307 
882 -1.989406 0.000000 2.182865 99.760747 0.000580 6.977571 -0.000089 
883 -1.207854 0.000000 2.910487 99.763718 0.001312 6.975386 -0.000146 
884 -0.817078 0.000000 -1.091433 99.730820 -0.000866 6.969421 0.000519 
885 -1.207854 0.000000 -1.091433 99.739252 -0.000201 6.982913 0.000332 
886 -0.817078 0.000000 -1.455243 99.744299 0.005939 6.961134 0.000262 
887 3.481461 0.000000 2.182865 99.774469 -0.022287 6.858283 -0.000198 
888 4.263014 0.000000 2.182865 99.770162 -0.026711 6.850423 -0.000101 
889 3.481461 0.000000 2.910487 99.770369 -0.015988 6.913721 -0.000193 
890 -0.230913 0.000000 -0.545716 99.558586 0.026480 7.009788 0.003895 
891 -0.426301 0.000000 -0.545716 99.669261 0.015930 7.023190 0.001671 
892 -0.230913 0.000000 -0.727622 99.608954 0.012136 6.960868 0.002960 
893 0.941416 0.000000 -0.545716 99.703324 0.009229 6.720324 0.001408 
894 0.941416 0.000000 -0.727622 99.683275 -0.003493 6.830772 0.001659 
895 -0.817078 0.000000 1.091433 99.761013 -0.001748 6.986369 -0.000107 
896 -1.207854 0.000000 1.091433 99.759239 -0.008535 6.978635 -0.000061 
897 -0.817078 0.000000 1.455243 99.771419 -0.006232 6.988918 -0.000318 
898 -0.230913 0.000000 0.545716 99.735090 -0.001140 6.951605 0.000459 
899 -0.426301 0.000000 0.545716 99.777993 -0.010223 6.974543 -0.000429 
900 -0.230913 0.000000 0.727622 99.759290 -0.028927 6.992469 -0.000081 
901 -0.133219 0.000000 -0.272858 99.426832 -0.007978 7.521156 0.005774 
902 -0.230913 0.000000 -0.272858 99.674777 0.124803 7.427961 0.000975 
903 -0.133219 0.000000 -0.363811 99.268145 0.060523 7.190380 0.009413 
904 0.941416 0.000000 0.545716 99.917890 0.004165 6.695614 -0.002842 
905 0.941416 0.000000 0.727622 99.874231 0.000650 6.802432 -0.002114 
906 -0.133219 0.000000 0.272858 99.887714 -0.144405 6.450573 -0.001919 
907 -0.230913 0.000000 0.272858 99.929332 0.061948 6.618761 -0.002968 
908 -0.133219 0.000000 0.363811 99.636816 -0.060586 6.744912 0.002701 
909 0.037745 0.000000 -0.113691 86.677009 0.047040 3.286560 0.247629 
910 0.013322 0.000000 -0.113691 85.835894 0.019682 10.158192 0.252901 
911 0.037745 0.000000 -0.136429 91.228433 0.068695 4.883203 0.165352 
912 0.648333 0.000000 -0.272858 101.530780 -0.008599 1.874935 -0.031201 
913 0.648333 0.000000 -0.363811 99.724008 0.027520 6.474591 0.001320 
914 0.746027 0.000000 -0.272858 102.539008 0.021600 2.835760 -0.052229 
915 0.648333 0.000000 0.272858 101.567046 -0.022075 1.875998 -0.031938 
916 0.746027 0.000000 0.272858 102.631931 0.000240 2.835604 -0.054135 
917 0.648333 0.000000 0.363811 99.930218 -0.046343 6.227478 -0.002483 
918 0.037745 0.000000 0.113691 90.652104 -0.099037 7.222074 0.173003 
919 0.013322 0.000000 0.113691 89.880491 -0.115887 1.868675 0.191799 
920 0.037745 0.000000 0.136429 94.241054 -0.086107 6.776738 0.107269 
921 0.098804 0.000000 -0.079584 90.175936 -0.052062 -14.796333 0.164937 
922 0.098804 0.000000 -0.090953 90.321485 -0.010954 -14.980813 0.161760 
923 0.098804 0.000000 -0.068215 90.166735 -0.054818 -14.776722 0.165161 
924 0.098804 0.000000 0.079584 94.964606 -0.058310 16.047367 0.072420 
925 0.098804 0.000000 0.068215 94.959737 -0.057474 16.050702 0.072502 
926 0.098804 0.000000 0.090953 95.029925 -0.071317 16.021453 0.071262 
927 0.233134 0.000000 -0.068215 85.391215 0.019215 -6.271509 0.266901 
928 0.233134 0.000000 -0.045476 86.849289 -0.013955 -4.689706 0.243521 
929 0.184287 0.000000 -0.113691 98.375728 -0.204653 -7.117191 0.027152 
930 0.184287 0.000000 -0.136429 98.150989 -0.168639 -3.672129 0.035287 
931 0.233134 0.000000 0.068215 85.434495 -0.037154 6.335778 0.266080 
932 0.233134 0.000000 0.045476 86.853239 -0.036222 4.822667 0.243326 
933 0.184287 0.000000 0.113691 101.103982 -0.324641 12.591072 -0.038066 
934 0.184287 0.000000 0.136429 100.444496 -0.283190 11.669645 -0.022536 
935 0.501792 0.000000 -0.045476 100.432430 -0.005228 4.974298 -0.011142 
936 0.550639 0.000000 -0.045476 101.551299 -0.007683 6.292296 -0.035226 
937 0.501792 0.000000 0.000000 101.554472 -0.008906 6.513105 -0.035573 
938 0.501792 0.000000 0.045476 100.483124 -0.017957 4.971971 -0.012158 
939 0.550639 0.000000 0.045476 101.557192 -0.010756 6.293148 -0.035347 
940 0.428522 0.000000 -0.068215 99.080730 -0.001363 2.127336 0.017848 
941 0.452945 0.000000 -0.068215 99.236444 0.000405 3.626895 0.013897 
942 0.428522 0.000000 -0.045476 99.259462 -0.003637 1.376268 0.014567 
943 0.367463 0.000000 -0.102322 104.624978 0.079635 -3.123601 -0.095615 
944 0.367463 0.000000 -0.113691 104.704377 0.073606 -2.629482 -0.096993 
945 0.367463 0.000000 -0.090953 104.945450 0.075626 -2.871937 -0.102180 
946 0.428522 0.000000 0.068215 99.196988 -0.031429 2.122158 0.015545 
947 0.428522 0.000000 0.045476 99.370629 -0.031564 1.372887 0.012359 
948 0.452945 0.000000 0.068215 99.344467 -0.028668 3.622253 0.011756 
949 0.367463 0.000000 0.102322 105.805400 0.007522 3.419533 -0.120648 
950 0.367463 0.000000 0.090953 106.120860 0.004169 3.162920 -0.127164 
951 0.367463 0.000000 0.113691 105.781332 0.010894 2.914412 -0.119818 
952 1.722968 0.000000 -0.545716 99.224082 0.000276 6.255452 0.011545 
953 1.722968 0.000000 -0.727622 99.378662 0.019375 6.520510 0.008136 
954 1.722968 0.000000 0.545716 100.384708 -0.019519 6.045461 -0.011364 
955 1.722968 0.000000 0.727622 100.062681 -0.032233 6.411288 -0.005365 
956 1.429886 0.000000 -0.272858 100.105197 -0.007996 1.966754 -0.002492 
957 1.429886 0.000000 -0.363811 99.421070 0.019124 6.509235 0.007308 
958 1.527580 0.000000 -0.272858 99.822420 0.012633 1.569479 0.003302 
959 1.429886 0.000000 0.272858 101.474734 -0.080367 2.000581 -0.030113 
960 1.527580 0.000000 0.272858 102.871901 -0.066162 1.631630 -0.058529 
961 1.429886 0.000000 0.363811 100.289831 -0.005853 6.128636 -0.009561 
962 3.090685 0.000000 -1.091433 99.745150 0.040165 6.582033 0.000758 
963 3.090685 0.000000 -1.455243 99.736663 0.029161 6.757814 0.000693 
964 3.481461 0.000000 -1.091433 99.760389 0.043873 6.591677 0.000441 
965 2.504521 0.000000 -0.545716 99.705390 0.040954 5.336940 0.003035 
966 2.504521 0.000000 -0.727622 99.677175 0.032102 6.062943 0.002770 
967 2.699909 0.000000 -0.545716 99.778086 0.053339 5.372445 0.001547 
968 3.090685 0.000000 1.091433 99.794358 -0.053753 6.476927 -0.000087 
969 3.481461 0.000000 1.091433 99.797570 -0.059957 6.445482 -0.000110 
970 3.090685 0.000000 1.455243 99.786785 -0.038254 6.705935 -0.000237 
971 2.504521 0.000000 0.545716 99.787560 -0.079895 5.063659 0.001680 
972 2.699909 0.000000 0.545716 99.858947 -0.103129 4.956111 0.000362 
973 2.504521 0.000000 0.727622 99.782140 -0.050349 5.902090 0.000869 
974 2.406827 0.000000 -0.272858 99.850526 0.097267 2.269808 0.002471 
975 2.406827 0.000000 -0.363811 99.601437 0.109201 3.574334 0.006677 
976 2.504521 0.000000 -0.272858 100.002832 0.106702 2.476264 -0.000671 
977 2.406827 0.000000 0.272858 99.779190 -0.174494 2.979043 0.003521 
978 2.504521 0.000000 0.272858 100.052882 -0.188518 2.670800 -0.001775 
979 2.406827 0.000000 0.363811 99.627806 -0.147224 3.639458 0.006103 
980 2.357979 0.000000 -0.136429 101.509836 0.077800 -2.281470 -0.030946 
981 2.357979 0.000000 -0.181905 99.942007 0.105977 -0.361230 0.001145 
982 2.406827 0.000000 -0.136429 101.463085 0.124040 -0.573518 -0.029510 
983 2.284709 0.000000 -0.113691 92.157521 0.258059 -10.746271 0.139144 
984 2.284709 0.000000 -0.136429 94.845184 0.175181 -4.153209 0.098711 
985 2.309132 0.000000 -0.113691 100.670835 0.213302 -9.296740 -0.022109 
986 2.357979 0.000000 0.136429 101.223102 -0.235488 5.464370 -0.027603 
987 2.406827 0.000000 0.136429 101.325070 -0.171116 3.647235 -0.028010 
988 2.357979 0.000000 0.181905 99.641382 -0.220906 4.096151 0.005477 
989 2.284709 0.000000 0.113691 90.757541 0.007518 13.922337 0.156924 
990 2.309132 0.000000 0.113691 99.979375 0.013811 12.678107 -0.015661 
991 2.284709 0.000000 0.136429 93.831826 -0.086407 7.399083 0.114083 
1 11 62 60 61 
2 62 10 24 60 
3 60 24 14 63 
4 61 60 63 6 
5 24 66 64 65 
6 66 23 40 64 
7 64 40 27 67 
8 65 64 67 14 
9 40 70 68 69 
10 69 68 71 27 
11 6 63 92 93 
12 63 14 36 92 
13 92 36 19 94 
14 93 92 94 20 
15 14 67 95 96 
16 67 27 52 95 
17 95 52 35 97 
18 96 95 97 36 
19 27 71 98 99 
20 99 98 100 52 
21 68 112 110 111 
22 112 56 80 110 
23 110 80 43 113 
24 111 110 113 71 
25 80 116 114 115 
26 115 114 117 43 
27 71 113 133 134 
28 113 43 102 133 
29 133 102 76 135 
30 134 133 135 98 
31 43 117 136 137 
32 137 136 138 102 
33 114 141 139 140 
34 141 106 129 139 
35 139 129 83 142 
36 140 139 142 117 
37 129 149 147 148 
38 147 150 132 151 
39 148 147 151 83 
40 117 142 152 153 
41 142 83 144 152 
42 152 144 125 154 
43 153 152 154 136 
44 83 151 155 156 
45 151 132 157 155 
46 156 155 158 144 
47 12 161 159 160 
48 161 7 162 159 
49 159 162 13 25 
50 160 159 25 10 
51 25 165 163 164 
52 165 13 166 163 
53 163 166 26 41 
54 164 163 41 23 
55 41 169 167 168 
56 169 26 170 167 
57 167 170 42 57 
58 168 167 57 39 
59 39 173 171 172 
60 173 57 174 171 
61 171 174 55 81 
62 172 171 81 56 
63 81 177 175 176 
64 177 55 178 175 
65 175 178 82 107 
66 176 175 107 79 
67 79 181 179 180 
68 181 107 182 179 
69 179 182 105 130 
70 180 179 130 106 
71 106 185 183 184 
72 185 130 186 183 
73 184 183 149 129 
74 195 197 109 198 
75 150 195 198 132 
76 149 201 199 200 
77 201 128 202 199 
78 199 202 150 203 
79 200 199 203 147 
80 132 198 210 157 
81 198 109 211 210 
82 19 38 213 214 
83 38 21 215 213 
84 213 215 9 216 
85 214 213 216 22 
86 35 54 217 218 
87 54 37 219 217 
88 217 219 21 220 
89 218 217 220 38 
90 51 78 221 222 
91 78 53 223 221 
92 221 223 37 224 
93 222 221 224 54 
94 76 104 225 226 
95 104 75 227 225 
96 225 227 78 228 
97 226 225 228 51 
98 101 127 229 230 
99 127 103 231 229 
100 229 231 75 232 
101 230 229 232 104 
102 125 146 233 234 
103 146 124 235 233 
104 233 235 127 236 
105 234 233 236 101 
106 144 158 237 238 
107 237 239 146 240 
108 238 237 240 125 
109 155 243 241 242 
110 243 157 244 241 
111 241 244 143 245 
112 242 241 245 158 
113 130 247 246 186 
114 247 105 248 246 
115 249 251 195 252 
116 202 249 252 150 
117 186 255 253 254 
118 255 246 256 253 
119 253 256 196 250 
120 254 253 250 128 
121 128 259 257 258 
122 259 250 260 257 
123 257 260 249 261 
124 258 257 261 202 
125 262 263 124 264 
126 239 262 264 146 
127 157 266 265 244 
128 266 210 267 265 
129 143 268 269 270 
130 268 212 271 269 
131 269 271 262 272 
132 270 269 272 239 
133 244 275 273 274 
134 275 265 276 273 
135 273 276 268 277 
136 274 273 277 143 
137 278 280 194 281 
138 197 278 281 109 
139 283 131 284 282 
140 282 284 197 285 
141 251 282 285 195 
142 107 287 286 182 
143 287 82 288 286 
144 286 288 108 192 
145 182 286 192 105 
146 105 290 289 248 
147 290 192 291 289 
148 246 293 292 256 
149 293 248 294 292 
150 292 294 131 283 
151 256 292 283 196 
152 196 297 295 296 
153 297 283 298 295 
154 295 298 282 299 
155 296 295 299 251 
156 109 281 300 211 
157 281 194 301 300 
158 210 304 303 267 
159 304 211 305 303 
160 303 305 145 306 
161 124 209 307 235 
162 209 126 308 307 
163 307 308 103 309 
164 235 307 309 127 
165 310 311 209 312 
166 263 310 312 124 
167 212 306 313 271 
168 306 145 314 313 
169 313 314 263 315 
170 271 313 315 262 
171 267 318 316 317 
172 318 303 319 316 
173 316 319 306 320 
174 317 316 320 212 
175 131 322 321 284 
176 322 279 323 321 
177 321 323 278 324 
178 284 321 324 197 
179 211 326 325 305 
180 326 300 327 325 
181 325 327 302 328 
182 305 325 328 145 
183 192 334 333 291 
184 334 108 335 333 
185 289 339 337 338 
186 339 291 340 337 
187 337 340 191 341 
188 338 337 341 279 
189 345 347 126 348 
190 311 345 348 209 
191 302 351 349 350 
192 351 207 352 349 
193 349 352 311 353 
194 350 349 353 310 
195 354 355 59 356 
196 280 354 356 194 
197 291 358 357 340 
198 358 333 359 357 
199 357 359 336 360 
200 191 360 361 362 
201 360 336 363 361 
202 361 363 354 364 
203 362 361 364 280 
204 340 367 365 366 
205 367 357 368 365 
206 365 368 360 369 
207 366 365 369 191 
208 194 356 370 301 
209 356 59 371 370 
210 373 346 374 372 
211 372 374 345 375 
212 352 372 375 311 
213 301 378 376 377 
214 378 370 379 376 
215 376 379 346 373 
216 377 376 373 207 
217 207 382 380 381 
218 382 373 383 380 
219 380 383 372 384 
220 381 380 384 352 
221 57 386 385 174 
222 386 42 387 385 
223 385 387 58 89 
224 174 385 89 55 
225 55 389 388 178 
226 389 89 390 388 
227 388 390 88 188 
228 178 388 188 82 
229 82 392 391 288 
230 392 188 393 391 
231 391 393 187 330 
232 288 391 330 108 
233 108 395 394 335 
234 395 330 396 394 
235 333 399 398 359 
236 399 335 400 398 
237 359 398 401 336 
238 75 123 402 227 
239 123 77 403 402 
240 402 403 53 404 
241 227 402 404 78 
242 103 206 405 231 
243 206 121 406 405 
244 405 406 123 407 
245 231 405 407 75 
246 126 344 408 308 
247 344 204 409 408 
248 408 409 206 410 
249 308 408 410 103 
250 411 413 344 414 
251 347 411 414 126 
252 346 416 415 374 
253 415 417 347 418 
254 374 415 418 345 
255 419 420 332 421 
256 355 419 421 59 
257 335 423 422 400 
258 423 394 424 422 
259 336 401 426 363 
260 401 193 427 426 
261 426 427 355 428 
262 363 426 428 354 
263 398 431 429 430 
264 431 400 432 429 
265 429 432 193 433 
266 430 429 433 401 
267 59 421 434 371 
268 421 332 435 434 
269 370 437 436 379 
270 437 371 438 436 
271 436 438 208 416 
272 379 436 416 346 
273 439 441 411 442 
274 417 439 442 347 
275 416 445 443 444 
276 445 208 446 443 
277 443 446 417 447 
278 444 443 447 415 
279 88 453 452 189 
280 453 90 454 452 
281 452 454 5 455 
282 189 452 455 91 
283 187 457 456 331 
284 457 189 458 456 
285 456 458 91 459 
286 331 456 459 190 
287 330 461 460 396 
288 461 187 462 460 
289 460 462 331 463 
290 396 460 463 329 
291 394 465 464 424 
292 465 396 466 464 
293 464 466 329 467 
294 424 464 467 397 
295 193 425 468 427 
296 425 397 469 468 
297 468 469 419 470 
298 427 468 470 355 
299 422 473 471 472 
300 473 424 474 471 
301 471 474 397 475 
302 472 471 475 425 
303 371 477 476 438 
304 477 434 478 476 
305 476 478 412 440 
306 438 476 440 208 
307 91 455 482 205 
308 455 5 483 482 
309 482 483 122 484 
310 205 482 484 121 
311 190 459 485 343 
312 459 91 486 485 
313 485 486 205 487 
314 343 485 487 204 
315 342 489 488 413 
316 489 343 490 488 
317 488 490 204 491 
318 413 488 491 344 
319 412 493 492 441 
320 493 342 494 492 
321 492 494 413 495 
322 441 492 495 411 
323 440 498 496 497 
324 498 412 499 496 
325 496 499 441 500 
326 497 496 500 439 
327 454 510 508 509 
328 508 511 504 512 
329 509 508 512 5 
330 5 512 513 514 
331 512 504 515 513 
332 514 513 516 483 
333 7 518 517 162 
334 518 16 519 517 
335 517 519 15 32 
336 162 517 32 13 
337 13 521 520 166 
338 521 32 522 520 
339 520 522 31 48 
340 166 520 48 26 
341 26 524 523 170 
342 524 48 525 523 
343 523 525 47 85 
344 170 523 85 42 
345 42 527 526 387 
346 527 85 528 526 
347 526 528 84 449 
348 387 526 449 58 
349 58 531 529 530 
350 531 449 532 529 
351 529 532 448 502 
352 530 529 502 90 
353 90 535 533 534 
354 535 502 536 533 
355 533 536 501 510 
356 534 533 510 454 
357 15 538 537 33 
358 538 17 539 537 
359 537 539 8 540 
360 33 537 540 18 
361 31 542 541 49 
362 542 33 543 541 
363 541 543 18 544 
364 49 541 544 34 
365 546 49 547 545 
366 545 547 34 548 
367 448 554 553 503 
368 554 450 555 553 
369 553 555 87 556 
370 503 553 556 451 
371 501 558 557 511 
372 558 503 559 557 
373 557 559 451 560 
374 511 557 560 504 
375 510 563 561 562 
376 563 501 564 561 
377 561 564 511 565 
378 562 561 565 508 
379 18 540 566 45 
380 540 8 567 566 
381 566 567 29 568 
382 45 566 568 28 
383 34 544 569 73 
384 544 18 570 569 
385 569 570 45 571 
386 73 569 571 44 
387 548 34 573 572 
388 572 573 73 574 
389 451 556 578 506 
390 556 87 579 578 
391 578 579 480 580 
392 506 578 580 479 
393 504 560 581 515 
394 560 451 582 581 
395 581 582 506 583 
396 515 581 583 505 
397 21 46 584 215 
398 46 28 585 584 
399 584 585 30 586 
400 215 584 586 9 
401 37 74 587 219 
402 74 44 588 587 
403 587 588 46 589 
404 219 587 589 21 
405 53 120 590 223 
406 120 72 591 590 
407 590 591 74 592 
408 223 590 592 37 
409 77 481 593 403 
410 481 118 594 593 
411 593 594 120 595 
412 403 593 595 53 
413 122 507 596 597 
414 507 479 598 596 
415 596 598 481 599 
416 597 596 599 77 
417 483 516 600 601 
418 516 505 602 600 
419 600 602 507 603 
420 601 600 603 122 
421 513 606 604 605 
422 606 515 607 604 
423 604 607 505 608 
424 605 604 608 516 
425 555 618 616 617 
426 617 616 620 87 
427 87 620 621 622 
428 622 621 624 579 
429 85 626 625 528 
430 626 47 627 625 
431 625 627 86 550 
432 528 625 550 84 
433 84 630 628 629 
434 630 550 631 628 
435 628 631 549 610 
436 629 628 610 450 
437 450 634 632 633 
438 634 610 635 632 
439 632 635 609 618 
440 633 632 618 555 
441 86 637 636 551 
442 637 545 638 636 
443 636 638 548 639 
444 551 636 639 50 
445 641 551 642 640 
446 640 642 50 643 
447 618 650 648 649 
448 650 609 651 648 
449 649 648 652 616 
450 50 639 653 576 
451 639 548 654 653 
452 653 654 572 655 
453 576 653 655 119 
454 643 50 657 656 
455 656 657 576 658 
456 118 577 662 594 
457 577 119 663 662 
458 662 663 72 664 
459 594 662 664 120 
460 480 615 665 666 
461 615 575 667 665 
462 665 667 577 668 
463 666 665 668 118 
464 579 624 669 670 
465 624 613 671 669 
466 669 671 615 672 
467 670 669 672 480 
468 621 675 673 674 
469 673 676 613 677 
470 674 673 677 624 
471 610 679 678 635 
472 679 549 680 678 
473 678 680 611 645 
474 635 678 645 609 
475 609 682 681 651 
476 682 645 683 681 
477 616 652 685 686 
478 685 687 612 688 
479 686 685 688 620 
480 648 691 689 690 
481 691 651 692 689 
482 690 689 693 652 
483 620 688 694 695 
484 688 612 696 694 
485 695 694 675 621 
486 613 661 697 671 
487 661 614 698 697 
488 697 698 575 699 
489 671 697 699 615 
490 700 702 661 703 
491 676 700 703 613 
492 675 706 704 705 
493 704 707 676 708 
494 705 704 708 673 
495 709 710 647 711 
496 687 709 711 612 
497 651 713 712 692 
498 713 681 714 712 
499 652 693 716 717 
500 693 619 718 716 
501 716 718 687 719 
502 717 716 719 685 
503 689 722 720 721 
504 722 692 723 720 
505 720 723 619 724 
506 721 720 724 693 
507 612 711 725 696 
508 711 647 726 725 
509 694 729 727 728 
510 729 696 730 727 
511 727 730 623 706 
512 728 727 706 675 
513 731 733 700 734 
514 707 731 734 676 
515 706 737 735 736 
516 737 623 738 735 
517 735 738 707 739 
518 736 735 739 704 
519 619 715 740 718 
520 715 684 741 740 
521 740 741 709 742 
522 718 740 742 687 
523 692 744 743 723 
524 744 712 745 743 
525 743 745 715 746 
526 723 743 746 619 
527 696 748 747 730 
528 748 725 749 747 
529 747 749 701 732 
530 730 747 732 623 
531 623 751 750 738 
532 751 732 752 750 
533 750 752 731 753 
534 738 750 753 707 
535 755 640 756 754 
536 754 756 643 757 
537 645 759 758 683 
538 759 611 760 758 
539 681 763 762 714 
540 763 683 764 762 
541 762 764 644 765 
542 712 767 766 745 
543 767 714 768 766 
544 766 768 684 769 
545 745 766 769 715 
546 757 643 771 770 
547 770 771 656 772 
548 773 775 614 776 
549 702 773 776 661 
550 778 659 779 777 
551 777 779 702 780 
552 733 777 780 700 
553 732 782 781 752 
554 782 701 783 781 
555 781 783 733 784 
556 752 781 784 731 
557 785 786 552 787 
558 710 785 787 647 
559 684 765 788 741 
560 765 644 789 788 
561 788 789 710 790 
562 741 788 790 709 
563 714 792 791 768 
564 792 762 793 791 
565 791 793 765 794 
566 768 791 794 684 
567 647 787 795 726 
568 787 552 796 795 
569 725 798 797 749 
570 798 726 799 797 
571 797 799 659 778 
572 749 797 778 701 
573 701 801 800 783 
574 801 778 802 800 
575 800 802 777 803 
576 783 800 803 733 
577 804 806 785 807 
578 789 804 807 710 
579 683 809 808 764 
580 809 758 810 808 
581 808 810 761 805 
582 764 808 805 644 
583 644 813 811 812 
584 813 805 814 811 
585 811 814 804 815 
586 812 811 815 789 
587 726 817 816 799 
588 817 795 818 816 
589 659 819 820 779 
590 819 774 821 820 
591 820 821 773 822 
592 779 820 822 702 
593 799 825 823 824 
594 825 816 826 823 
595 823 826 819 827 
596 824 823 827 659 
597 646 829 828 786 
598 829 754 830 828 
599 828 830 757 831 
600 786 828 831 552 
601 761 833 832 806 
602 833 646 834 832 
603 832 834 786 835 
604 806 832 835 785 
605 805 837 836 814 
606 837 761 838 836 
607 836 838 806 839 
608 814 836 839 804 
609 552 831 840 796 
610 831 757 841 840 
611 840 841 770 842 
612 796 840 842 660 
613 795 844 843 818 
614 844 796 845 843 
615 843 845 660 846 
616 818 843 846 774 
617 816 848 847 826 
618 848 818 849 847 
619 847 849 774 850 
620 826 847 850 819 
621 1 853 851 852 
622 853 12 160 851 
623 851 160 10 62 
624 852 851 62 11 
625 16 855 854 519 
626 855 2 856 854 
627 854 856 17 538 
628 519 854 538 15 
629 20 94 857 858 
630 94 19 214 857 
631 857 214 22 859 
632 858 857 859 4 
633 10 862 860 861 
634 862 25 164 860 
635 860 164 23 66 
636 861 860 66 24 
637 28 568 863 585 
638 568 29 864 863 
639 863 864 3 865 
640 585 863 865 30 
641 32 867 866 522 
642 867 15 868 866 
643 866 868 33 542 
644 522 866 542 31 
645 36 97 869 870 
646 97 35 218 869 
647 869 218 38 871 
648 870 869 871 19 
649 23 874 872 873 
650 874 41 168 872 
651 872 168 39 70 
652 873 872 70 40 
653 44 571 875 588 
654 571 45 876 875 
655 875 876 28 877 
656 588 875 877 46 
657 48 879 878 525 
658 879 31 880 878 
659 878 880 49 546 
660 525 878 546 47 
661 52 100 881 882 
662 100 51 222 881 
663 881 222 54 883 
664 882 881 883 35 
665 70 886 884 885 
666 886 39 172 884 
667 884 172 56 112 
668 885 884 112 68 
669 72 574 887 591 
670 574 73 888 887 
671 887 888 44 889 
672 591 887 889 74 
673 56 892 890 891 
674 892 81 176 890 
675 890 176 79 116 
676 891 890 116 80 
677 89 894 893 390 
678 894 58 530 893 
679 893 530 90 453 
680 390 893 453 88 
681 98 135 895 896 
682 135 76 226 895 
683 895 226 51 897 
684 896 895 897 100 
685 102 138 898 899 
686 138 101 230 898 
687 898 230 104 900 
688 899 898 900 76 
689 116 903 901 902 
690 903 79 180 901 
691 901 180 106 141 
692 902 901 141 114 
693 121 484 904 406 
694 484 122 597 904 
695 904 597 77 905 
696 406 904 905 123 
697 136 154 906 907 
698 154 125 234 906 
699 906 234 101 908 
700 907 906 908 138 
701 183 911 909 910 
702 911 186 254 909 
703 909 254 128 201 
704 910 909 201 149 
705 188 913 912 393 
706 913 88 914 912 
707 912 914 189 457 
708 393 912 457 187 
709 204 487 915 409 
710 487 205 916 915 
711 915 916 121 917 
712 409 915 917 206 
713 158 245 918 919 
714 245 143 270 918 
715 918 270 239 920 
716 919 918 920 237 
717 250 922 921 260 
718 922 196 296 921 
719 921 296 251 923 
720 260 921 923 249 
721 265 925 924 276 
722 925 267 317 924 
723 924 317 212 926 
724 276 924 926 268 
725 279 341 927 323 
726 341 191 362 927 
727 927 362 280 928 
728 323 927 928 278 
729 248 930 929 294 
730 930 289 338 929 
731 929 338 279 322 
732 294 929 322 131 
733 300 932 931 327 
734 932 301 377 931 
735 931 377 207 351 
736 327 931 351 302 
737 145 328 933 314 
738 328 302 350 933 
739 933 350 310 934 
740 314 933 934 263 
741 329 463 935 420 
742 463 331 936 935 
743 935 936 190 937 
744 420 935 937 332 
745 332 937 938 435 
746 937 190 939 938 
747 938 939 343 489 
748 435 938 489 342 
749 397 467 940 469 
750 467 329 941 940 
751 940 941 420 942 
752 469 940 942 419 
753 400 944 943 432 
754 944 422 472 943 
755 943 472 425 945 
756 432 943 945 193 
757 434 947 946 478 
758 947 435 948 946 
759 946 948 342 493 
760 478 946 493 412 
761 208 950 949 446 
762 950 440 497 949 
763 949 497 439 951 
764 446 949 951 417 
765 449 953 952 532 
766 953 84 629 952 
767 952 629 450 554 
768 532 952 554 448 
769 479 580 954 598 
770 580 480 666 954 
771 954 666 118 955 
772 598 954 955 481 
773 502 957 956 536 
774 957 448 958 956 
775 956 958 503 558 
776 536 956 558 501 
777 505 583 959 602 
778 583 506 960 959 
779 959 960 479 961 
780 602 959 961 507 
781 47 963 962 627 
782 963 546 964 962 
783 962 964 545 637 
784 627 962 637 86 
785 550 966 965 631 
786 966 86 967 965 
787 965 967 551 641 
788 631 965 641 549 
789 119 655 968 663 
790 655 572 969 968 
791 968 969 574 970 
792 663 968 970 72 
793 575 658 971 667 
794 658 576 972 971 
795 971 972 119 973 
796 667 971 973 577 
797 549 975 974 680 
798 975 641 976 974 
799 974 976 640 755 
800 680 974 755 611 
801 614 772 977 698 
802 772 656 978 977 
803 977 978 658 979 
804 698 977 979 575 
805 611 981 980 760 
806 981 755 982 980 
807 980 982 754 829 
808 760 980 829 646 
809 758 984 983 810 
810 984 760 985 983 
811 983 985 646 833 
812 810 983 833 761 
813 660 842 986 775 
814 842 770 987 986 
815 986 987 772 988 
816 775 986 988 614 
817 774 846 989 821 
818 846 660 990 989 
819 989 990 775 991 
820 821 989 991 773 
