2 0.000000 100.000000 262.180540
1001 826 
1 -11.368037 0.000000 -11.528932 99.756223 -0.000017 6.975581 0.000004 
2 13.641644 0.000000 -11.528932 99.756334 -0.000097 6.973495 0.000004 
3 13.641644 0.000000 11.528932 99.756784 0.000109 6.972734 -0.000003 
4 -11.368037 0.000000 11.528932 99.756609 0.000005 6.975594 -0.000004 
5 1.136804 0.000000 0.000000 101.799297 -0.011867 6.561491 -0.040615 
6 -11.368037 0.000000 0.000000 99.756390 -0.000014 6.975700 0.000000 
7 1.136804 0.000000 -11.528932 99.755726 -0.000076 6.974490 0.000015 
8 13.641644 0.000000 0.000000 99.791980 -0.000785 6.465954 -0.000025 
9 1.136804 0.000000 11.528932 99.757317 0.000025 6.974355 -0.000016 
10 -5.115617 0.000000 -5.764466 99.755660 -0.000094 6.975134 0.000016 
11 -11.368037 0.000000 -5.764466 99.756240 -0.000018 6.975641 0.000003 
12 -5.115617 0.000000 -11.528932 99.755965 -0.000039 6.975327 0.000009 
13 1.136804 0.000000 -5.764466 99.756476 0.000633 6.970850 0.000005 
14 -5.115617 0.000000 0.000000 99.755861 -0.000499 6.975603 0.000011 
15 7.389224 0.000000 -5.764466 99.756181 0.000270 6.967302 0.000016 
16 7.389224 0.000000 -11.528932 99.756031 -0.000094 6.973657 0.000010 
17 13.641644 0.000000 -5.764466 99.756739 -0.000193 6.967755 0.000004 
18 7.389224 0.000000 0.000000 99.904945 -0.001058 4.840665 -0.000443 
19 -5.115617 0.000000 5.764466 99.757044 -0.000439 6.975471 -0.000012 
20 -11.368037 0.000000 5.764466 99.756566 -0.000004 6.975662 -0.000003 
21 1.136804 0.000000 5.764466 99.762424 -0.000202 6.970774 -0.000113 
22 -5.115617 0.000000 11.528932 99.756930 0.000007 6.975345 -0.000010 
23 -1.989406 0.000000 -2.882233 99.752792 -0.001381 6.972017 0.000077 
24 -5.115617 0.000000 -2.882233 99.755483 -0.000358 6.975307 0.000019 
25 -1.989406 0.000000 -5.764466 99.755067 -0.000224 6.973830 0.000029 
26 1.136804 0.000000 -2.882233 99.762949 0.000468 6.956171 -0.000103 
27 -1.989406 0.000000 0.000000 99.749365 -0.003697 6.974279 0.000142 
28 7.389224 0.000000 5.764466 99.757655 0.000111 6.964222 -0.000009 
29 13.641644 0.000000 5.764466 99.757498 0.000273 6.961741 -0.000002 
30 7.389224 0.000000 11.528932 99.757048 0.000075 6.973228 -0.000009 
31 4.263014 0.000000 -2.882233 99.757043 0.002660 6.945352 0.000029 
32 4.263014 0.000000 -5.764466 99.755473 0.000024 6.968352 0.000029 
33 7.389224 0.000000 -2.882233 99.757614 0.000137 6.944015 0.000020 
34 4.263014 0.000000 0.000000 100.106364 0.000643 1.860179 -0.002474 
35 -1.989406 0.000000 2.882233 99.758126 -0.001988 6.975629 -0.000034 
36 -5.115617 0.000000 2.882233 99.756704 -0.000627 6.975736 -0.000006 
37 1.136804 0.000000 2.882233 99.762262 -0.000381 6.954348 -0.000087 
38 -1.989406 0.000000 5.764466 99.758155 -0.000167 6.974555 -0.000033 
39 -0.426301 0.000000 -1.441116 99.737364 -0.009109 6.937384 0.000433 
40 -1.989406 0.000000 -1.441116 99.749753 -0.003033 6.971293 0.000139 
41 -0.426301 0.000000 -2.882233 99.753739 -0.001206 6.963626 0.000070 
42 1.136804 0.000000 -1.441116 99.763095 -0.019825 6.908840 -0.000041 
43 -0.426301 0.000000 0.000000 99.941149 -0.065426 7.021435 -0.003754 
44 4.263014 0.000000 2.882233 99.758335 0.001032 6.932309 0.000022 
45 7.389224 0.000000 2.882233 99.760195 0.000562 6.921955 -0.000001 
46 4.263014 0.000000 5.764466 99.758447 0.000291 6.966087 -0.000027 
47 2.699909 0.000000 -1.441116 99.771269 -0.017628 6.873938 -0.000156 
48 2.699909 0.000000 -2.882233 99.761565 0.005164 6.951924 -0.000070 
49 4.263014 0.000000 -1.441116 99.763091 0.003868 6.855106 0.000033 
50 2.699909 0.000000 0.000000 100.214500 -0.054370 0.959350 -0.004387 
51 -0.426301 0.000000 1.441116 99.758529 -0.010000 6.981841 -0.000051 
52 -1.989406 0.000000 1.441116 99.755144 -0.002279 6.977629 0.000022 
53 1.136804 0.000000 1.441116 99.794981 0.009893 6.894835 -0.000658 
54 -0.426301 0.000000 2.882233 99.762274 -0.004314 6.971771 -0.000112 
55 0.355251 0.000000 -0.720558 99.827244 0.026752 6.688700 -0.001022 
56 -0.426301 0.000000 -0.720558 99.724658 0.078369 6.885404 0.000758 
57 0.355251 0.000000 -1.441116 99.744629 -0.004105 6.916466 0.000317 
58 1.136804 0.000000 -0.720558 99.793047 -0.087115 6.869727 -0.000585 
59 0.355251 0.000000 0.000000 68.256752 0.002341 0.031207 0.534101 
60 -8.241827 0.000000 -2.882233 99.756103 -0.000180 6.975556 0.000006 
61 -11.368037 0.000000 -2.882233 99.756298 -0.000017 6.975678 0.000002 
62 -8.241827 0.000000 -5.764466 99.756067 -0.000035 6.975589 0.000007 
63 -8.241827 0.000000 0.000000 99.756265 -0.000256 6.975643 0.000003 
64 -3.552511 0.000000 -1.441116 99.754852 0.000903 6.973019 0.000035 
65 -5.115617 0.000000 -1.441116 99.755595 -0.000465 6.975405 0.000016 
66 -3.552511 0.000000 -2.882233 99.754679 -0.000611 6.974647 0.000036 
67 -3.552511 0.000000 0.000000 99.754798 0.000490 6.973491 0.000035 
68 -1.207854 0.000000 -0.720558 99.738300 -0.009396 6.962780 0.000379 
69 -1.989406 0.000000 -0.720558 99.748700 -0.003176 6.972144 0.000159 
70 -1.207854 0.000000 -1.441116 99.744678 -0.006374 6.962085 0.000253 
71 -1.207854 0.000000 0.000000 99.738383 -0.011172 6.972773 0.000364 
72 2.699909 0.000000 1.441116 99.754355 0.031114 6.801644 0.000281 
73 4.263014 0.000000 1.441116 99.762623 0.006333 6.781639 0.000143 
74 2.699909 0.000000 2.882233 99.756903 0.000590 6.939861 0.000040 
75 0.355251 0.000000 0.720558 99.821756 -0.011356 6.964483 -0.001289 
76 -0.426301 0.000000 0.720558 99.689274 0.039236 6.922508 0.001413 
77 1.136804 0.000000 0.720558 99.745505 -0.028163 6.787579 0.000476 
78 0.355251 0.000000 1.441116 99.784762 -0.001698 6.960444 -0.000545 
79 -0.035525 0.000000 -0.360279 98.921028 0.095824 6.840432 0.016783 
80 -0.426301 0.000000 -0.360279 99.734150 -0.007276 7.020147 0.000382 
81 -0.035525 0.000000 -0.720558 99.601680 0.016457 6.824310 0.003293 
82 0.355251 0.000000 -0.360279 100.218036 0.063724 5.725116 -0.007644 
83 -0.035525 0.000000 0.000000 165.644072 -0.067509 7.248262 -1.749050 
84 1.918356 0.000000 -0.720558 99.787052 -0.004009 6.602945 -0.000105 
85 1.918356 0.000000 -1.441116 99.776801 0.001036 6.886477 -0.000283 
86 2.699909 0.000000 -0.720558 99.839969 0.014467 6.565419 -0.001112 
87 1.918356 0.000000 0.000000 101.388632 0.279256 4.110164 -0.029663 
88 0.746027 0.000000 -0.360279 99.686745 -0.057125 6.465397 0.002075 
89 0.746027 0.000000 -0.720558 99.739184 0.023142 6.844807 0.000524 
90 1.136804 0.000000 -0.360279 99.773337 0.068600 6.223131 0.000655 
91 0.746027 0.000000 0.000000 101.981669 -0.000840 6.502025 -0.044254 
92 -8.241827 0.000000 2.882233 99.756493 -0.000275 6.975655 -0.000002 
93 -11.368037 0.000000 2.882233 99.756490 -0.000010 6.975694 -0.000002 
94 -8.241827 0.000000 5.764466 99.756731 -0.000013 6.975647 -0.000006 
95 -3.552511 0.000000 1.441116 99.755410 0.000113 6.974028 0.000022 
96 -5.115617 0.000000 1.441116 99.756269 -0.000455 6.975694 0.000003 
97 -3.552511 0.000000 2.882233 99.757033 -0.000583 6.975730 -0.000013 
98 -1.207854 0.000000 0.720558 99.746485 -0.010521 6.977372 0.000195 
99 -1.989406 0.000000 0.720558 99.751732 -0.003576 6.975704 0.000093 
100 -1.207854 0.000000 1.441116 99.754373 -0.007437 6.978283 0.000037 
101 -0.035525 0.000000 0.360279 99.286256 -0.008926 6.727020 0.009699 
102 -0.426301 0.000000 0.360279 99.721162 -0.022698 6.784676 0.000966 
103 0.355251 0.000000 0.360279 100.555233 -0.038069 6.990190 -0.016022 
104 -0.035525 0.000000 0.720558 99.572142 0.014862 6.909382 0.003765 
105 0.159863 0.000000 -0.180140 97.419547 -0.075444 0.411445 0.050926 
106 -0.035525 0.000000 -0.180140 96.877992 0.318356 9.871959 0.051710 
107 0.159863 0.000000 -0.360279 99.066324 0.165033 5.640716 0.015402 
108 0.355251 0.000000 -0.180140 101.597850 0.095737 3.027106 -0.033130 
109 0.159863 0.000000 0.000000 116.064007 0.229354 0.152745 -0.347093 
110 -0.817078 0.000000 -0.360279 99.744607 0.046206 6.923112 0.000308 
111 -1.207854 0.000000 -0.360279 99.736057 -0.010659 6.969398 0.000415 
112 -0.817078 0.000000 -0.720558 99.719381 -0.013720 6.958665 0.000762 
113 -0.817078 0.000000 0.000000 99.744804 0.046247 6.924719 0.000302 
114 -0.230913 0.000000 -0.180140 100.208511 0.058141 7.357615 -0.009588 
115 -0.426301 0.000000 -0.180140 99.849750 -0.067638 7.053710 -0.001973 
116 -0.230913 0.000000 -0.360279 99.475032 0.083358 7.218131 0.005261 
117 -0.230913 0.000000 0.000000 101.154849 0.023172 7.007831 -0.028141 
118 1.918356 0.000000 0.720558 99.674460 0.021894 6.363951 0.002450 
119 2.699909 0.000000 0.720558 99.667502 0.017164 6.366153 0.002586 
120 1.918356 0.000000 1.441116 99.770073 0.010265 6.835799 -0.000080 
121 0.746027 0.000000 0.360279 99.638342 -0.033061 6.319578 0.003226 
122 1.136804 0.000000 0.360279 99.781695 0.038086 6.507509 0.000126 
123 0.746027 0.000000 0.720558 99.574547 -0.013242 6.848265 0.003801 
124 0.159863 0.000000 0.180140 99.119996 -0.057675 10.223670 0.007070 
125 -0.035525 0.000000 0.180140 98.213497 0.077528 3.772909 0.033987 
126 0.355251 0.000000 0.180140 102.328351 -0.035837 6.076753 -0.050802 
127 0.159863 0.000000 0.360279 99.598339 -0.095650 7.478367 0.002424 
128 0.062169 0.000000 -0.090070 83.482676 0.045321 -5.200324 0.300360 
129 -0.035525 0.000000 -0.090070 102.712315 0.165108 26.200565 -0.123632 
130 0.062169 0.000000 -0.180140 94.960823 0.133545 4.177447 0.096497 
131 0.159863 0.000000 -0.090070 97.580468 0.135314 -13.044409 0.030788 
132 0.062169 0.000000 0.000000 195.826679 -0.003454 0.790154 -2.834871 
133 -0.817078 0.000000 0.360279 99.727899 0.051080 6.914721 0.000653 
134 -1.207854 0.000000 0.360279 99.741546 -0.010770 6.974987 0.000297 
135 -0.817078 0.000000 0.720558 99.719808 0.045874 6.928855 0.000795 
136 -0.230913 0.000000 0.180140 100.389494 0.027047 6.569449 -0.012121 
137 -0.426301 0.000000 0.180140 99.884925 -0.006836 6.914093 -0.002480 
138 -0.230913 0.000000 0.360279 99.650285 0.003039 6.638731 0.002575 
139 -0.133219 0.000000 -0.090070 103.122423 0.091957 9.722420 -0.072877 
140 -0.230913 0.000000 -0.090070 100.746139 0.020018 7.439415 -0.020513 
141 -0.133219 0.000000 -0.180140 99.798819 -0.044004 8.852331 -0.003817 
142 -0.133219 0.000000 0.000000 106.341187 0.183306 7.186301 -0.136012 
143 0.062169 0.000000 0.090070 88.270872 0.035400 11.626327 0.207308 
144 -0.035525 0.000000 0.090070 105.020346 0.034187 -11.344515 -0.115797 
145 0.159863 0.000000 0.090070 101.216957 0.101205 13.787213 -0.043497 
146 0.062169 0.000000 0.180140 96.860463 -0.117218 7.914518 0.055540 
147 0.013322 0.000000 -0.045035 69.990754 0.146815 -13.644023 0.491511 
148 -0.035525 0.000000 -0.045035 144.627526 -0.020964 36.875932 -1.227696 
149 0.013322 0.000000 -0.090070 72.485420 -0.000910 11.013917 0.462456 
150 0.062169 0.000000 -0.045035 193.425742 0.010160 -18.668836 -2.776204 
151 0.013322 0.000000 0.000000 245.700350 -0.011409 3.624754 -5.038180 
152 -0.133219 0.000000 0.090070 103.554835 0.018312 4.546045 -0.074427 
153 -0.230913 0.000000 0.090070 100.860355 0.015246 6.532585 -0.021549 
154 -0.133219 0.000000 0.180140 100.256680 -0.035772 5.030194 -0.007671 
155 0.013322 0.000000 0.045035 77.855350 -0.169684 15.424634 0.370060 
156 -0.035525 0.000000 0.045035 144.389652 -0.080504 -20.944647 -1.128706 
157 0.062169 0.000000 0.045035 191.806025 -0.000951 19.479311 -2.716899 
158 0.013322 0.000000 0.090070 78.974004 -0.153533 -0.463492 0.376287 
159 -1.989406 0.000000 -8.646699 99.755620 0.000161 6.974552 0.000017 
160 -5.115617 0.000000 -8.646699 99.757199 0.001922 6.974201 -0.000014 
161 -1.989406 0.000000 -11.528932 99.755799 -0.000058 6.974991 0.000013 
162 1.136804 0.000000 -8.646699 99.755543 0.000377 6.973557 0.000020 
163 -0.426301 0.000000 -4.323349 99.754330 -0.000042 6.970181 0.000049 
164 -1.989406 0.000000 -4.323349 99.755269 0.001027 6.972338 0.000027 
165 -0.426301 0.000000 -5.764466 99.754872 -0.000120 6.972593 0.000035 
166 1.136804 0.000000 -4.323349 99.754688 0.001039 6.967229 0.000046 
167 0.355251 0.000000 -2.161675 99.772603 -0.003189 6.942061 -0.000276 
168 -0.426301 0.000000 -2.161675 99.752470 -0.004439 6.954199 0.000108 
169 0.355251 0.000000 -2.882233 99.759661 -0.001361 6.958251 -0.000041 
170 1.136804 0.000000 -2.161675 99.778955 0.012245 6.942385 -0.000404 
171 -0.035525 0.000000 -1.080837 99.794860 0.032590 6.852767 -0.000598 
172 -0.426301 0.000000 -1.080837 99.707343 -0.011469 6.935243 0.001035 
173 -0.035525 0.000000 -1.441116 99.741246 -0.006926 6.921176 0.000378 
174 0.355251 0.000000 -1.080837 99.881104 -0.004601 6.855519 -0.002323 
175 0.159863 0.000000 -0.540419 99.543947 0.072534 6.460854 0.004925 
176 -0.035525 0.000000 -0.540419 99.503376 0.077344 6.729475 0.005379 
177 0.159863 0.000000 -0.720558 99.662424 0.038163 6.707730 0.002241 
178 0.355251 0.000000 -0.540419 99.816493 0.071042 6.467664 -0.000517 
179 0.062169 0.000000 -0.270209 97.048840 0.234029 5.740309 0.054852 
180 -0.035525 0.000000 -0.270209 97.811820 0.143456 7.574161 0.037546 
181 0.062169 0.000000 -0.360279 98.605236 0.154405 6.318752 0.023706 
182 0.159863 0.000000 -0.270209 98.344424 0.175753 4.096953 0.031156 
183 0.013322 0.000000 -0.135105 91.286329 0.086796 8.790546 0.158952 
184 -0.035525 0.000000 -0.135105 97.497280 0.261172 13.345276 0.031612 
185 0.013322 0.000000 -0.180140 95.040763 0.285103 7.476486 0.091127 
186 0.062169 0.000000 -0.135105 92.132813 0.077516 1.637813 0.150886 
187 0.550639 0.000000 -0.180140 101.443446 -0.003575 5.015641 -0.031593 
188 0.550639 0.000000 -0.360279 100.038521 0.068358 6.513363 -0.005013 
189 0.746027 0.000000 -0.180140 102.054874 0.011585 5.063944 -0.044084 
190 0.550639 0.000000 0.000000 101.432923 -0.008063 6.479643 -0.033062 
191 0.257557 0.000000 -0.090070 101.434408 -0.014553 -10.015440 -0.038925 
192 0.257557 0.000000 -0.180140 100.030596 0.124400 0.984449 -0.000710 
193 0.355251 0.000000 -0.090070 104.728510 0.042594 -4.283902 -0.098641 
194 0.257557 0.000000 0.000000 82.274974 -0.105455 0.038319 0.323082 
195 0.111016 0.000000 -0.045035 144.606140 0.028698 -13.253210 -1.108658 
196 0.111016 0.000000 -0.090070 90.271004 0.130908 -14.769516 0.163299 
197 0.159863 0.000000 -0.045035 114.949728 0.201915 -8.243575 -0.328144 
198 0.111016 0.000000 0.000000 147.627850 0.027543 0.223832 -1.179403 
199 0.037745 0.000000 -0.067552 70.968424 0.127823 -13.679530 0.477634 
200 0.013322 0.000000 -0.067552 69.983135 0.152844 -13.289014 0.492574 
201 0.037745 0.000000 -0.090070 80.321847 0.021993 -1.277942 0.354677 
202 0.062169 0.000000 -0.067552 76.318378 0.072293 -14.521602 0.396462 
203 0.037745 0.000000 -0.045035 70.560598 0.124288 -13.753898 0.483202 
204 0.550639 0.000000 0.180140 101.419889 -0.018324 5.023815 -0.031123 
205 0.746027 0.000000 0.180140 102.060987 -0.013519 5.065133 -0.044210 
206 0.550639 0.000000 0.360279 100.024856 -0.056706 6.216777 -0.004362 
207 0.257557 0.000000 0.090070 104.095724 -0.097491 10.532477 -0.094686 
208 0.355251 0.000000 0.090070 106.070744 0.015279 4.610470 -0.127226 
209 0.257557 0.000000 0.180140 101.298655 -0.099083 8.708339 -0.033726 
210 0.111016 0.000000 0.045035 144.356467 0.009200 13.529364 -1.102183 
211 0.159863 0.000000 0.045035 114.895256 0.136515 8.399743 -0.327149 
212 0.111016 0.000000 0.090070 94.847306 0.113439 16.034556 0.074687 
213 -1.989406 0.000000 8.646699 99.757516 -0.000375 6.974714 -0.000021 
214 -5.115617 0.000000 8.646699 99.757201 -0.000097 6.975446 -0.000016 
215 1.136804 0.000000 8.646699 99.757891 -0.000350 6.973337 -0.000026 
216 -1.989406 0.000000 11.528932 99.757173 0.000011 6.974968 -0.000014 
217 -0.426301 0.000000 4.323349 99.760586 -0.001090 6.972354 -0.000079 
218 -1.989406 0.000000 4.323349 99.760506 0.000418 6.976391 -0.000083 
219 1.136804 0.000000 4.323349 99.762432 -0.000531 6.966667 -0.000108 
220 -0.426301 0.000000 5.764466 99.759111 -0.000039 6.973090 -0.000050 
221 0.355251 0.000000 2.161675 99.780491 -0.004472 6.963060 -0.000463 
222 -0.426301 0.000000 2.161675 99.761654 -0.005169 6.972151 -0.000100 
223 1.136804 0.000000 2.161675 99.787967 0.008104 6.938378 -0.000578 
224 0.355251 0.000000 2.882233 99.765827 -0.004270 6.965115 -0.000173 
225 -0.035525 0.000000 1.080837 99.685433 0.045162 6.960685 0.001436 
226 -0.426301 0.000000 1.080837 99.707781 0.044384 6.948764 0.001007 
227 0.355251 0.000000 1.080837 99.703330 0.018216 6.959900 0.001081 
228 -0.035525 0.000000 1.441116 99.778116 -0.005400 6.985402 -0.000447 
229 0.159863 0.000000 0.540419 99.699426 0.007599 7.083933 0.000984 
230 -0.035525 0.000000 0.540419 99.589977 0.039482 6.965381 0.003332 
231 0.355251 0.000000 0.540419 99.845540 -0.048278 6.935772 -0.001724 
232 0.159863 0.000000 0.720558 99.749185 0.018733 7.012257 0.000093 
233 0.062169 0.000000 0.270209 97.989199 -0.042207 7.347924 0.034412 
234 -0.035525 0.000000 0.270209 98.457710 -0.063991 5.991664 0.027018 
235 0.159863 0.000000 0.270209 99.226871 -0.010108 8.349374 0.008432 
236 0.062169 0.000000 0.360279 99.135597 -0.061082 7.106226 0.012163 
237 0.013322 0.000000 0.135105 94.181220 -0.056641 3.650171 0.111657 
238 -0.035525 0.000000 0.135105 99.350180 0.103498 0.487669 0.012929 
239 0.062169 0.000000 0.135105 95.057599 -0.089794 9.026892 0.088256 
240 0.013322 0.000000 0.180140 96.797608 0.014109 5.458178 0.060043 
241 0.037745 0.000000 0.067552 78.520391 -0.063467 15.591531 0.359145 
242 0.013322 0.000000 0.067552 77.790010 -0.166244 15.486520 0.370885 
243 0.037745 0.000000 0.045035 78.248162 -0.072163 15.504692 0.363682 
244 0.062169 0.000000 0.067552 82.980184 -0.005508 16.198047 0.285191 
245 0.037745 0.000000 0.090070 85.647413 -0.054258 9.222790 0.257946 
246 0.111016 0.000000 -0.135105 95.219903 -0.037144 -1.791411 0.092996 
247 0.111016 0.000000 -0.180140 96.210863 -0.046385 1.874942 0.073995 
248 0.159863 0.000000 -0.135105 97.500156 -0.110499 -3.380765 0.048228 
249 0.086592 0.000000 -0.067552 89.432529 -0.025137 -14.665638 0.178674 
250 0.086592 0.000000 -0.090070 89.878424 -0.037210 -14.910955 0.169953 
251 0.111016 0.000000 -0.067552 90.278694 0.116811 -14.717574 0.163314 
252 0.086592 0.000000 -0.045035 167.018496 -0.023770 -16.905559 -1.818098 
253 0.086592 0.000000 -0.112587 91.659306 0.016977 -4.083830 0.158189 
254 0.062169 0.000000 -0.112587 88.762756 0.091718 -1.166727 0.211980 
255 0.086592 0.000000 -0.135105 93.625408 0.005647 -0.448850 0.123408 
256 0.111016 0.000000 -0.112587 94.310594 0.058905 -5.338295 0.107701 
257 0.074381 0.000000 -0.078811 86.226586 -0.042231 -14.644373 0.235052 
258 0.062169 0.000000 -0.078811 77.311725 0.059819 -14.615490 0.380928 
259 0.074381 0.000000 -0.090070 84.319884 -0.017151 -9.476138 0.280036 
260 0.086592 0.000000 -0.078811 89.584265 -0.015773 -14.728231 0.175774 
261 0.074381 0.000000 -0.067552 84.048914 -0.018542 -14.647594 0.272123 
262 0.111016 0.000000 0.135105 97.867077 0.010624 11.192567 0.029676 
263 0.159863 0.000000 0.135105 99.891333 -0.113483 11.714827 -0.011553 
264 0.111016 0.000000 0.180140 98.033927 -0.111822 9.417243 0.030065 
265 0.086592 0.000000 0.067552 94.363335 0.130774 15.945621 0.084128 
266 0.086592 0.000000 0.045035 166.228787 -0.026423 17.251717 -1.792963 
267 0.111016 0.000000 0.067552 94.871925 0.120337 16.051257 0.074166 
268 0.086592 0.000000 0.090070 94.779659 0.144131 15.979249 0.076146 
269 0.086592 0.000000 0.112587 95.097912 0.005133 12.326435 0.080445 
270 0.062169 0.000000 0.112587 92.484619 -0.040149 10.335650 0.133977 
271 0.111016 0.000000 0.112587 97.528968 0.110507 12.745300 0.032565 
272 0.086592 0.000000 0.135105 96.415593 0.005533 10.479579 0.059421 
273 0.074381 0.000000 0.078811 91.654587 0.080932 15.829589 0.134885 
274 0.062169 0.000000 0.078811 83.872132 0.002101 16.121795 0.270555 
275 0.074381 0.000000 0.067552 89.753580 0.061018 15.911734 0.169111 
276 0.086592 0.000000 0.078811 94.484607 0.133376 15.957955 0.081798 
277 0.074381 0.000000 0.090070 88.978686 0.046885 15.037851 0.185665 
278 0.208710 0.000000 -0.045035 94.715021 -0.060374 -5.163266 0.100240 
279 0.208710 0.000000 -0.090070 99.002014 0.028613 -12.377848 0.004539 
280 0.257557 0.000000 -0.045035 81.453159 -0.043578 -3.979967 0.334954 
281 0.208710 0.000000 0.000000 95.726025 -0.003100 0.113650 0.083652 
282 0.135439 0.000000 -0.067552 90.962073 0.192133 -15.083397 0.149836 
283 0.135439 0.000000 -0.090070 92.270474 0.181625 -14.862105 0.126524 
284 0.159863 0.000000 -0.067552 113.527115 0.133059 -12.365559 -0.304133 
285 0.135439 0.000000 -0.045035 128.226314 0.152726 -10.425475 -0.655070 
286 0.257557 0.000000 -0.270209 99.744774 0.058526 4.202314 0.003332 
287 0.257557 0.000000 -0.360279 99.794383 0.082668 5.475485 0.001109 
288 0.355251 0.000000 -0.270209 100.408565 0.068233 5.076807 -0.010766 
289 0.208710 0.000000 -0.135105 99.173106 0.040531 -3.726625 0.015081 
290 0.208710 0.000000 -0.180140 98.590092 0.106111 0.149874 0.027996 
291 0.257557 0.000000 -0.135105 100.554461 0.243726 -3.135862 -0.012109 
292 0.135439 0.000000 -0.112587 95.588137 0.050787 -5.982839 0.082711 
293 0.135439 0.000000 -0.135105 96.433323 -0.079834 -2.577915 0.069396 
294 0.159863 0.000000 -0.112587 97.000851 -0.033258 -6.916362 0.054300 
295 0.123228 0.000000 -0.078811 90.439641 0.174312 -14.876620 0.159933 
296 0.111016 0.000000 -0.078811 90.277198 0.126009 -14.821310 0.163034 
297 0.123228 0.000000 -0.090070 90.570441 0.169640 -15.019302 0.157139 
298 0.135439 0.000000 -0.078811 92.165466 0.182685 -14.899187 0.128351 
299 0.123228 0.000000 -0.067552 90.262833 0.155821 -14.968793 0.162853 
300 0.208710 0.000000 0.045035 94.662176 -0.161383 5.310461 0.101085 
301 0.257557 0.000000 0.045035 81.438146 -0.110711 4.026248 0.335161 
302 0.208710 0.000000 0.090070 102.252917 -0.148881 13.045474 -0.062587 
303 0.135439 0.000000 0.067552 95.396538 0.094529 16.079923 0.064093 
304 0.135439 0.000000 0.045035 127.897199 0.022285 10.627410 -0.647064 
305 0.159863 0.000000 0.067552 113.501351 0.114165 12.397095 -0.303626 
306 0.135439 0.000000 0.090070 96.572912 0.115126 15.819919 0.042339 
307 0.257557 0.000000 0.270209 100.455682 -0.008123 7.759250 -0.015155 
308 0.355251 0.000000 0.270209 100.923983 -0.135333 6.633901 -0.022968 
309 0.257557 0.000000 0.360279 100.297249 -0.099057 7.434060 -0.011481 
310 0.208710 0.000000 0.135105 101.338438 -0.177981 11.095331 -0.039262 
311 0.257557 0.000000 0.135105 102.351415 0.008489 9.653163 -0.056900 
312 0.208710 0.000000 0.180140 100.113880 0.024315 10.004690 -0.012288 
313 0.135439 0.000000 0.112587 98.741722 0.085950 12.723529 0.008818 
314 0.159863 0.000000 0.112587 99.902890 -0.084963 12.790947 -0.014420 
315 0.135439 0.000000 0.135105 98.963075 -0.018554 11.449996 0.007521 
316 0.123228 0.000000 0.078811 94.939238 0.096709 16.032027 0.072951 
317 0.111016 0.000000 0.078811 94.869676 0.118497 16.027049 0.074286 
318 0.123228 0.000000 0.067552 94.825054 0.105343 15.984556 0.075269 
319 0.135439 0.000000 0.078811 96.479722 0.113694 15.861179 0.044007 
320 0.123228 0.000000 0.090070 95.080410 0.101929 16.027236 0.070283 
321 0.184287 0.000000 -0.112587 98.388637 -0.062576 -7.356593 0.026555 
322 0.184287 0.000000 -0.135105 98.180164 -0.045732 -3.892270 0.034550 
323 0.208710 0.000000 -0.112587 100.231154 0.091093 -7.214384 -0.009834 
324 0.184287 0.000000 -0.090070 97.583124 0.112356 -12.908349 0.031090 
325 0.452945 0.000000 -0.090070 98.927231 0.002776 2.811637 0.020550 
326 0.452945 0.000000 -0.180140 99.716327 -0.003620 1.169901 0.005529 
327 0.550639 0.000000 -0.090070 100.974290 -0.003393 5.520417 -0.022628 
328 0.452945 0.000000 0.000000 101.432923 -0.008063 6.479643 -0.033062 
329 0.306404 0.000000 -0.135105 101.845342 0.081655 -1.344767 -0.037429 
330 0.306404 0.000000 -0.180140 100.918870 0.150354 1.752020 -0.018771 
331 0.355251 0.000000 -0.135105 104.074535 0.090427 -0.030039 -0.083152 
332 0.306404 0.000000 -0.090070 103.569781 0.031313 -6.300706 -0.076640 
333 0.233134 0.000000 -0.112587 101.726653 -0.055268 -10.043606 -0.044919 
334 0.233134 0.000000 -0.135105 99.790414 0.062963 -3.391639 0.003037 
335 0.257557 0.000000 -0.112587 101.428172 -0.012903 -10.014757 -0.038797 
336 0.233134 0.000000 -0.090070 101.613708 -0.050830 -10.032624 -0.042600 
337 0.184287 0.000000 -0.067552 102.336770 0.098579 -10.159553 -0.057604 
338 0.208710 0.000000 -0.067552 92.715826 0.027656 -8.109912 0.133800 
339 0.184287 0.000000 -0.045035 103.735780 0.029369 -6.666872 -0.080556 
340 0.196498 0.000000 -0.101329 97.770302 0.098053 -13.076267 0.026997 
341 0.184287 0.000000 -0.101329 97.595669 0.114284 -13.054198 0.030466 
342 0.196498 0.000000 -0.112587 99.144411 -0.018164 -7.382801 0.011588 
343 0.208710 0.000000 -0.101329 99.376166 0.020273 -11.899210 -0.001721 
344 0.196498 0.000000 -0.090070 97.692720 0.104851 -13.066540 0.028539 
345 0.184287 0.000000 0.112587 101.144651 -0.176203 12.709860 -0.039181 
346 0.184287 0.000000 0.090070 101.118136 -0.048652 13.820518 -0.041589 
347 0.208710 0.000000 0.112587 102.868938 -0.129235 11.865099 -0.072282 
348 0.184287 0.000000 0.135105 100.406809 -0.101112 11.632424 -0.021685 
349 0.184287 0.000000 0.067552 102.398348 0.036664 10.323636 -0.059200 
350 0.184287 0.000000 0.045035 103.658427 0.030695 6.840948 -0.079187 
351 0.208710 0.000000 0.067552 92.570306 -0.081202 8.220293 0.136316 
352 0.452945 0.000000 0.090070 98.989195 -0.022635 2.806021 0.019327 
353 0.550639 0.000000 0.090070 100.977388 -0.014214 5.522000 -0.022693 
354 0.452945 0.000000 0.180140 99.755106 -0.026953 1.169561 0.004755 
355 0.306404 0.000000 0.135105 103.338535 -0.032192 7.294055 -0.073206 
356 0.306404 0.000000 0.090070 105.373952 0.001520 6.675120 -0.114823 
357 0.355251 0.000000 0.135105 105.199358 -0.018130 5.481865 -0.109696 
358 0.306404 0.000000 0.180140 101.926736 -0.099989 7.556863 -0.044618 
359 0.233134 0.000000 0.112587 104.441439 -0.139218 10.566693 -0.101969 
360 0.233134 0.000000 0.090070 104.335422 -0.140388 10.556098 -0.099733 
361 0.257557 0.000000 0.112587 104.088727 -0.094643 10.531719 -0.094539 
362 0.233134 0.000000 0.135105 101.752609 -0.170234 10.263459 -0.045896 
363 0.196498 0.000000 0.101329 101.267469 -0.100187 13.800395 -0.044556 
364 0.184287 0.000000 0.101329 101.139551 -0.061915 13.782581 -0.041917 
365 0.196498 0.000000 0.090070 101.207117 -0.095705 13.793060 -0.043314 
366 0.208710 0.000000 0.101329 102.564481 -0.142232 12.543325 -0.067683 
367 0.196498 0.000000 0.112587 101.826886 -0.158338 12.360339 -0.052152 
368 0.306404 0.000000 -0.045035 72.751980 0.077288 -2.095524 0.470275 
369 0.355251 0.000000 -0.045035 67.527891 0.013578 -1.053495 0.543887 
370 0.306404 0.000000 0.000000 73.203375 0.061923 0.034194 0.464126 
371 0.281981 0.000000 -0.112587 102.701245 0.056451 -8.246150 -0.061555 
372 0.281981 0.000000 -0.135105 101.711535 0.159726 -2.245921 -0.035031 
373 0.306404 0.000000 -0.112587 103.573724 0.020678 -6.301930 -0.076723 
374 0.281981 0.000000 -0.090070 102.479248 0.049614 -8.560820 -0.057529 
375 0.281981 0.000000 -0.067552 75.237851 0.118481 -4.510646 0.431891 
376 0.257557 0.000000 -0.067552 80.568806 -0.018655 -6.109506 0.347134 
377 0.306404 0.000000 -0.067552 72.124511 0.056148 -3.095914 0.478847 
378 0.281981 0.000000 -0.045035 76.305464 0.043050 -3.075859 0.416801 
379 0.269769 0.000000 -0.101329 101.612365 0.016108 -9.804896 -0.042121 
380 0.257557 0.000000 -0.101329 101.433851 -0.014406 -10.015379 -0.038913 
381 0.269769 0.000000 -0.112587 101.613833 0.028168 -10.032890 -0.042603 
382 0.281981 0.000000 -0.101329 102.408705 0.065464 -9.378185 -0.057550 
383 0.269769 0.000000 -0.090070 101.533607 0.012704 -10.024999 -0.040957 
384 0.306404 0.000000 0.045035 72.670436 0.066198 2.106593 0.471457 
385 0.355251 0.000000 0.045035 67.485002 -0.009554 1.114562 0.544453 
386 0.281981 0.000000 0.112587 104.950268 0.045538 8.693107 -0.109013 
387 0.281981 0.000000 0.090070 104.797224 0.030912 9.019720 -0.106381 
388 0.306404 0.000000 0.112587 105.348576 -0.014896 6.673352 -0.114286 
389 0.281981 0.000000 0.135105 103.271647 -0.123879 8.423409 -0.073600 
390 0.281981 0.000000 0.067552 75.165322 0.103974 4.574882 0.432923 
391 0.257557 0.000000 0.067552 80.567638 -0.092959 6.165746 0.347083 
392 0.281981 0.000000 0.045035 76.241209 0.045342 3.171451 0.417722 
393 0.306404 0.000000 0.067552 72.036220 0.019105 3.108139 0.480112 
394 0.269769 0.000000 0.101329 104.207430 -0.038444 10.311461 -0.096552 
395 0.257557 0.000000 0.101329 104.095098 -0.097237 10.532409 -0.094673 
396 0.269769 0.000000 0.090070 104.164463 -0.044434 10.538492 -0.096130 
397 0.281981 0.000000 0.101329 104.830032 0.069418 9.858202 -0.108652 
398 0.269769 0.000000 0.112587 104.225288 -0.013618 10.544100 -0.097409 
399 0.746027 0.000000 -1.080837 99.874031 -0.055380 6.906849 -0.002253 
400 0.746027 0.000000 -1.441116 99.751432 -0.000905 6.915233 0.000183 
401 1.136804 0.000000 -1.080837 99.829850 -0.046922 6.901956 -0.001364 
402 0.550639 0.000000 -0.540419 99.807388 -0.030747 6.713498 -0.000659 
403 0.550639 0.000000 -0.720558 99.859599 -0.006534 6.760531 -0.001764 
404 0.746027 0.000000 -0.540419 99.846582 -0.040727 6.773727 -0.001523 
405 0.452945 0.000000 -0.270209 100.259309 0.062686 5.943546 -0.008726 
406 0.452945 0.000000 -0.360279 100.185574 0.060131 6.274741 -0.007653 
407 0.550639 0.000000 -0.270209 101.441629 -0.008531 1.869350 -0.029390 
408 0.404098 0.000000 -0.135105 98.005541 0.001152 0.453050 0.039471 
409 0.404098 0.000000 -0.180140 101.830020 0.021333 4.693844 -0.039139 
410 0.452945 0.000000 -0.135105 99.071320 0.002346 2.215393 0.017997 
411 0.404098 0.000000 -0.090070 100.940097 0.019328 -1.115130 -0.019015 
412 0.330828 0.000000 -0.112587 103.569115 0.023870 -6.305272 -0.076632 
413 0.330828 0.000000 -0.135105 102.367435 0.047636 -1.222993 -0.048059 
414 0.355251 0.000000 -0.112587 104.612858 0.044765 -4.532674 -0.096440 
415 0.330828 0.000000 -0.090070 103.562702 0.022642 -6.304859 -0.076498 
416 0.746027 0.000000 1.080837 99.732397 -0.017030 6.923637 0.000551 
417 1.136804 0.000000 1.080837 99.755829 -0.026831 6.885250 0.000137 
418 0.746027 0.000000 1.441116 99.788951 0.002783 6.929131 -0.000585 
419 0.550639 0.000000 0.540419 99.712823 -0.050262 6.720820 0.001218 
420 0.746027 0.000000 0.540419 99.803826 -0.074913 6.662285 -0.000520 
421 0.550639 0.000000 0.720558 99.824934 -0.012802 6.881101 -0.001237 
422 0.452945 0.000000 0.270209 100.551648 -0.127222 5.701616 -0.014316 
423 0.550639 0.000000 0.270209 101.410595 -0.027998 1.871261 -0.028761 
424 0.452945 0.000000 0.360279 100.421814 -0.045417 6.363818 -0.012504 
425 0.404098 0.000000 0.135105 98.113366 -0.026051 0.450451 0.037356 
426 0.404098 0.000000 0.090070 101.395830 0.014215 1.932238 -0.028485 
427 0.452945 0.000000 0.135105 99.130241 -0.023638 2.211604 0.016830 
428 0.404098 0.000000 0.180140 102.354701 -0.061668 4.244205 -0.049450 
429 0.330828 0.000000 0.112587 105.339426 -0.026790 6.672235 -0.114091 
430 0.330828 0.000000 0.090070 105.332868 -0.027805 6.671826 -0.113953 
431 0.355251 0.000000 0.112587 106.008780 0.013868 4.864201 -0.126152 
432 0.330828 0.000000 0.135105 103.581024 -0.018530 6.908587 -0.077676 
433 0.404098 0.000000 -0.045035 66.891804 0.028813 0.852287 0.552476 
434 0.452945 0.000000 -0.045035 99.483547 0.002502 4.397439 0.008369 
435 0.404098 0.000000 0.000000 67.863478 0.013842 0.005250 0.539455 
436 0.379675 0.000000 -0.112587 104.291480 0.034667 -2.093789 -0.088110 
437 0.379675 0.000000 -0.135105 103.887379 0.077316 1.633380 -0.079526 
438 0.404098 0.000000 -0.112587 100.570029 0.023584 -1.602228 -0.011690 
439 0.379675 0.000000 -0.090070 103.986319 0.034260 -2.087690 -0.081751 
440 0.330828 0.000000 -0.067552 69.310333 -0.026519 -2.921316 0.518754 
441 0.355251 0.000000 -0.067552 66.354018 0.014604 -1.758810 0.559405 
442 0.330828 0.000000 -0.045035 69.780626 -0.032036 -1.854301 0.512722 
443 0.343039 0.000000 -0.101329 104.018586 0.047981 -5.952579 -0.085530 
444 0.330828 0.000000 -0.101329 103.564861 0.023055 -6.304998 -0.076543 
445 0.343039 0.000000 -0.112587 104.084459 0.045223 -5.850120 -0.086780 
446 0.355251 0.000000 -0.101329 104.715862 0.042834 -4.588452 -0.098647 
447 0.343039 0.000000 -0.090070 103.822416 0.045217 -6.320135 -0.081904 
448 0.404098 0.000000 0.045035 66.856418 -0.003361 -0.845837 0.552950 
449 0.452945 0.000000 0.045035 99.525154 -0.019503 4.393185 0.007544 
450 0.330828 0.000000 0.067552 69.203390 -0.042638 2.976815 0.520203 
451 0.330828 0.000000 0.045035 69.666370 -0.028395 1.888177 0.514303 
452 0.355251 0.000000 0.067552 66.200908 0.001171 1.779872 0.561427 
453 0.379675 0.000000 0.112587 105.051584 0.024200 2.370479 -0.104146 
454 0.379675 0.000000 0.090070 104.690873 0.026947 2.362322 -0.096576 
455 0.404098 0.000000 0.112587 101.078975 0.017979 2.120433 -0.022146 
456 0.379675 0.000000 0.135105 104.779382 -0.019036 3.666553 -0.099216 
457 0.343039 0.000000 0.101329 105.701413 0.002034 6.312254 -0.121263 
458 0.330828 0.000000 0.101329 105.335076 -0.027463 6.671964 -0.113999 
459 0.343039 0.000000 0.090070 105.567080 -0.004151 6.686706 -0.118912 
460 0.355251 0.000000 0.101329 106.120456 0.015478 4.921408 -0.128577 
461 0.343039 0.000000 0.112587 105.743726 0.001879 6.207807 -0.122027 
462 1.527580 0.000000 -0.360279 99.460807 -0.096158 6.280021 0.006810 
463 1.527580 0.000000 -0.720558 99.759716 0.065471 6.637919 0.000393 
464 1.918356 0.000000 -0.360279 99.501109 0.035064 5.559860 0.006862 
465 1.527580 0.000000 0.000000 101.602398 0.031679 6.394216 -0.036393 
466 0.941416 0.000000 -0.180140 102.143108 0.007722 5.061639 -0.045883 
467 0.941416 0.000000 -0.360279 99.697979 -0.062497 6.392408 0.001945 
468 1.136804 0.000000 -0.180140 101.743173 -0.010053 4.444488 -0.037143 
469 0.941416 0.000000 0.000000 102.124131 -0.003168 6.540439 -0.047212 
470 0.648333 0.000000 -0.090070 101.643010 -0.001849 5.551404 -0.036212 
471 0.648333 0.000000 -0.180140 101.727043 0.005081 4.544922 -0.036905 
472 0.746027 0.000000 -0.090070 102.079369 0.006072 6.357192 -0.046061 
473 0.648333 0.000000 0.000000 101.775189 -0.003557 6.493603 -0.040036 
474 0.501792 0.000000 -0.135105 99.602649 0.001531 3.321826 0.006828 
475 0.501792 0.000000 -0.180140 100.282368 -0.002438 2.587376 -0.006325 
476 0.550639 0.000000 -0.135105 101.440855 -0.003566 5.797382 -0.032386 
477 0.501792 0.000000 -0.090070 99.591487 0.001746 4.427933 0.006193 
478 0.428522 0.000000 -0.112587 97.867138 0.016268 -0.684093 0.042156 
479 0.428522 0.000000 -0.135105 99.042013 0.000868 1.263278 0.018908 
480 0.452945 0.000000 -0.112587 98.947064 0.002268 2.263621 0.020435 
481 0.428522 0.000000 -0.090070 98.409265 0.011693 0.153639 0.031559 
482 0.379675 0.000000 -0.067552 65.605340 0.054131 -0.286600 0.569585 
483 0.404098 0.000000 -0.067552 98.012140 0.005351 1.055922 0.039251 
484 0.379675 0.000000 -0.045035 66.538669 0.028821 -0.205417 0.557256 
485 0.391886 0.000000 -0.101329 102.619134 0.025445 -1.878222 -0.053421 
486 0.379675 0.000000 -0.101329 104.298393 0.034901 -2.093952 -0.088254 
487 0.391886 0.000000 -0.112587 102.547208 0.025366 -1.849763 -0.051935 
488 0.404098 0.000000 -0.101329 100.617351 0.023725 -1.623793 -0.012649 
489 0.391886 0.000000 -0.090070 102.562625 0.024549 -1.601794 -0.052166 
490 0.379675 0.000000 0.067552 65.554194 0.005781 0.306893 0.570255 
491 0.379675 0.000000 0.045035 66.512758 -0.006480 0.223515 0.557600 
492 0.404098 0.000000 0.067552 98.110683 -0.025233 1.049105 0.037319 
493 1.527580 0.000000 0.360279 100.038456 -0.015388 6.023567 -0.004398 
494 1.918356 0.000000 0.360279 99.962663 0.055093 4.795063 -0.001553 
495 1.527580 0.000000 0.720558 99.776466 -0.041379 6.606939 0.000100 
496 0.941416 0.000000 0.180140 102.205936 -0.014923 5.061269 -0.047167 
497 1.136804 0.000000 0.180140 101.856129 -0.021938 4.446760 -0.039445 
498 0.941416 0.000000 0.360279 99.720334 -0.080960 6.401037 0.001488 
499 0.648333 0.000000 0.090070 101.638415 -0.013231 5.552660 -0.036120 
500 0.746027 0.000000 0.090070 102.077949 -0.004436 6.359129 -0.046035 
501 0.648333 0.000000 0.180140 101.718457 -0.017018 4.550035 -0.036735 
502 0.501792 0.000000 0.135105 99.643333 -0.021340 3.321093 0.006018 
503 0.501792 0.000000 0.090070 99.633193 -0.018924 4.423578 0.005366 
504 0.550639 0.000000 0.135105 101.420632 -0.016493 5.803295 -0.031982 
505 0.501792 0.000000 0.180140 100.301814 -0.022956 2.590656 -0.006717 
506 0.428522 0.000000 0.112587 98.162997 -0.009629 1.795360 0.036080 
507 0.428522 0.000000 0.090070 98.639322 -0.012793 1.832781 0.026692 
508 0.452945 0.000000 0.112587 99.012689 -0.023202 2.260610 0.019138 
509 0.428522 0.000000 0.135105 99.102524 -0.026055 1.259445 0.017710 
510 0.391886 0.000000 0.101329 103.221966 0.027025 2.198609 -0.065961 
511 0.379675 0.000000 0.101329 105.057664 0.024134 2.370608 -0.104273 
512 0.391886 0.000000 0.090070 103.129439 0.019673 1.995145 -0.063966 
513 0.404098 0.000000 0.101329 101.130512 0.018487 2.130647 -0.023192 
514 0.391886 0.000000 0.112587 103.144608 0.026134 2.177228 -0.064355 
515 1.332192 0.000000 -0.180140 101.027747 -0.008988 4.604790 -0.022781 
516 1.332192 0.000000 -0.360279 99.764575 -0.120034 6.421232 0.000578 
517 1.527580 0.000000 -0.180140 100.767624 -0.008381 4.836170 -0.017750 
518 1.332192 0.000000 0.000000 101.337022 0.007778 6.849290 -0.031610 
519 1.332192 0.000000 0.180140 101.601391 0.019620 4.628852 -0.034427 
520 1.527580 0.000000 0.180140 102.487858 0.072511 4.964503 -0.052841 
521 1.332192 0.000000 0.360279 99.919638 -0.110590 6.149012 -0.002176 
522 1.234498 0.000000 -0.090070 98.959561 -0.034126 1.886509 0.020345 
523 1.136804 0.000000 -0.090070 100.907611 -0.017268 5.268916 -0.021011 
524 1.234498 0.000000 -0.180140 100.658862 -0.026037 0.776760 -0.013281 
525 1.332192 0.000000 -0.090070 99.889752 -0.020355 3.720860 0.000819 
526 1.234498 0.000000 0.000000 78.397376 0.007523 -0.022187 0.385385 
527 1.234498 0.000000 0.090070 99.182302 -0.028451 1.893564 0.015928 
528 1.136804 0.000000 0.090070 101.004636 -0.021282 5.269823 -0.022971 
529 1.332192 0.000000 0.090070 100.188186 -0.007537 3.732328 -0.005160 
530 1.234498 0.000000 0.180140 100.810896 -0.035342 0.777042 -0.016344 
531 4.263014 0.000000 -8.646699 99.755758 0.000377 6.972590 0.000017 
532 4.263014 0.000000 -11.528932 99.755828 -0.000088 6.973985 0.000014 
533 7.389224 0.000000 -8.646699 99.756085 0.000212 6.972059 0.000011 
534 2.699909 0.000000 -4.323349 99.755087 0.001494 6.964394 0.000042 
535 2.699909 0.000000 -5.764466 99.756647 0.000135 6.969776 0.000003 
536 4.263014 0.000000 -4.323349 99.755812 0.001111 6.962360 0.000030 
537 1.918356 0.000000 -2.161675 99.771247 0.014856 6.937761 -0.000243 
538 1.918356 0.000000 -2.882233 99.763567 0.002159 6.954451 -0.000113 
539 2.699909 0.000000 -2.161675 99.766542 0.005037 6.932056 -0.000142 
540 1.527580 0.000000 -1.080837 99.763015 0.004796 6.831493 0.000067 
541 1.527580 0.000000 -1.441116 99.770910 -0.022562 6.897600 -0.000181 
542 1.918356 0.000000 -1.080837 99.856893 0.019241 6.803171 -0.001768 
543 1.332192 0.000000 -0.540419 99.757200 -0.019401 6.669983 0.000401 
544 1.136804 0.000000 -0.540419 99.842744 0.046790 6.766843 -0.001437 
545 1.332192 0.000000 -0.720558 99.793802 -0.011989 6.770744 -0.000465 
546 1.527580 0.000000 -0.540419 99.633392 -0.077089 6.611535 0.002947 
547 1.234498 0.000000 -0.270209 100.041045 -0.018559 5.807306 -0.004194 
548 1.136804 0.000000 -0.270209 101.730979 -0.015552 1.082921 -0.035037 
549 1.234498 0.000000 -0.360279 99.862127 0.066211 6.434381 -0.001385 
550 1.332192 0.000000 -0.270209 101.085494 -0.026839 1.071011 -0.021942 
551 10.515434 0.000000 -2.882233 99.758007 -0.000121 6.947437 0.000007 
552 10.515434 0.000000 -5.764466 99.756592 0.000043 6.967435 0.000008 
553 13.641644 0.000000 -2.882233 99.758002 -0.000331 6.950484 0.000003 
554 10.515434 0.000000 0.000000 99.821309 -0.000504 6.044180 -0.000083 
555 5.826119 0.000000 -1.441116 99.762178 0.000619 6.860060 0.000045 
556 5.826119 0.000000 -2.882233 99.757071 0.000766 6.943349 0.000032 
557 7.389224 0.000000 -1.441116 99.762881 -0.002352 6.873606 0.000012 
558 5.826119 0.000000 0.000000 100.001524 0.001336 3.439302 -0.001213 
559 3.481461 0.000000 -0.720558 99.775881 -0.004018 6.508118 0.000242 
560 3.481461 0.000000 -1.441116 99.763893 0.006910 6.858032 0.000013 
561 4.263014 0.000000 -0.720558 99.781070 0.004040 6.550932 0.000082 
562 3.481461 0.000000 0.000000 100.128346 -0.010000 1.310978 -0.002740 
563 2.309132 0.000000 -0.360279 99.313251 -0.095852 5.066303 0.011120 
564 2.309132 0.000000 -0.720558 99.766290 0.004451 6.560209 0.000365 
565 2.699909 0.000000 -0.360279 99.834364 0.012077 5.244724 0.000559 
566 2.309132 0.000000 0.000000 136.359528 -0.068094 0.902907 -0.859474 
567 1.722968 0.000000 -0.180140 100.957807 -0.007020 4.227464 -0.021035 
568 1.722968 0.000000 -0.360279 99.219752 0.098828 5.911131 0.012049 
569 1.918356 0.000000 -0.180140 101.079789 -0.005081 2.592447 -0.022384 
570 1.722968 0.000000 0.000000 101.742055 0.074068 5.478697 -0.038147 
571 1.429886 0.000000 -0.090070 101.148960 -0.007404 4.548686 -0.025180 
572 1.429886 0.000000 -0.180140 101.071803 -0.010827 4.343613 -0.023438 
573 1.527580 0.000000 -0.090070 101.382607 0.011732 4.986277 -0.030330 
574 1.429886 0.000000 0.000000 101.337020 0.007779 6.849281 -0.031610 
575 1.283345 0.000000 -0.135105 99.172792 -0.025912 2.601923 0.015799 
576 1.234498 0.000000 -0.135105 99.165224 -0.033755 1.616906 0.016364 
577 1.283345 0.000000 -0.180140 99.819137 -0.027116 1.794186 0.003292 
578 1.332192 0.000000 -0.135105 99.964730 -0.018950 4.128938 -0.001000 
579 1.283345 0.000000 -0.090070 98.982280 -0.026353 2.911105 0.019403 
580 10.515434 0.000000 2.882233 99.760903 0.000730 6.911106 -0.000000 
581 13.641644 0.000000 2.882233 99.761960 0.000754 6.896767 -0.000001 
582 10.515434 0.000000 5.764466 99.757441 0.000253 6.963003 -0.000003 
583 5.826119 0.000000 1.441116 99.771846 0.002227 6.736893 0.000019 
584 7.389224 0.000000 1.441116 99.775832 -0.000952 6.687847 0.000006 
585 5.826119 0.000000 2.882233 99.759448 0.001026 6.926860 0.000007 
586 3.481461 0.000000 0.720558 99.789070 0.014574 6.185171 0.000389 
587 4.263014 0.000000 0.720558 99.813494 0.008369 6.036232 0.000083 
588 3.481461 0.000000 1.441116 99.754155 0.004087 6.800134 0.000287 
589 2.309132 0.000000 0.360279 99.045073 -0.039527 4.958211 0.016549 
590 2.699909 0.000000 0.360279 99.853213 0.027709 4.556075 0.000858 
591 2.309132 0.000000 0.720558 99.565851 0.024464 6.345227 0.004638 
592 1.722968 0.000000 0.180140 102.946753 0.137096 4.452725 -0.061788 
593 1.918356 0.000000 0.180140 102.323246 0.467369 3.323557 -0.048131 
594 1.722968 0.000000 0.360279 100.059631 0.050292 5.431223 -0.004143 
595 1.429886 0.000000 0.090070 101.657912 0.018098 4.582313 -0.035533 
596 1.527580 0.000000 0.090070 101.939003 0.028014 5.008966 -0.041665 
597 1.429886 0.000000 0.180140 101.788928 0.016103 4.376236 -0.038014 
598 4.263014 0.000000 8.646699 99.757611 -0.000166 6.971869 -0.000019 
599 7.389224 0.000000 8.646699 99.757198 0.000016 6.971014 -0.000009 
600 4.263014 0.000000 11.528932 99.757239 0.000050 6.973703 -0.000014 
601 2.699909 0.000000 4.323349 99.760919 0.000121 6.960527 -0.000069 
602 4.263014 0.000000 4.323349 99.758688 0.000477 6.957432 -0.000020 
603 2.699909 0.000000 5.764466 99.761806 -0.000560 6.967443 -0.000096 
604 1.918356 0.000000 2.161675 99.769409 0.011220 6.915810 -0.000176 
605 2.699909 0.000000 2.161675 99.753648 0.005190 6.907714 0.000149 
606 1.918356 0.000000 2.882233 99.759259 0.001654 6.945717 -0.000015 
607 1.527580 0.000000 1.080837 99.744889 0.045014 6.774126 0.000507 
608 1.918356 0.000000 1.080837 99.711314 0.032214 6.710173 0.001263 
609 1.527580 0.000000 1.441116 99.783936 0.008507 6.864784 -0.000396 
610 1.332192 0.000000 0.540419 99.820325 -0.004343 6.575560 -0.000734 
611 1.136804 0.000000 0.540419 99.749942 0.062271 6.708314 0.000494 
612 1.527580 0.000000 0.540419 99.857350 -0.057537 6.412601 -0.001262 
613 1.332192 0.000000 0.720558 99.778847 0.009532 6.712415 -0.000087 
614 1.234498 0.000000 0.270209 100.157709 -0.011572 5.908773 -0.006648 
615 1.136804 0.000000 0.270209 101.859413 -0.031516 1.083178 -0.037651 
616 1.332192 0.000000 0.270209 101.570163 -0.022307 1.081773 -0.031767 
617 1.234498 0.000000 0.360279 99.917508 0.081665 6.347356 -0.002380 
618 1.283345 0.000000 0.135105 99.531679 -0.006018 2.620570 0.008658 
619 1.234498 0.000000 0.135105 99.379711 -0.030761 1.621464 0.012104 
620 1.283345 0.000000 0.090070 99.314839 -0.008672 2.933974 0.012795 
621 1.332192 0.000000 0.135105 100.364740 0.000798 4.149450 -0.009030 
622 1.283345 0.000000 0.180140 100.232160 -0.002417 1.808569 -0.004976 
623 2.113744 0.000000 -0.180140 101.818206 0.047939 5.601504 -0.039833 
624 2.113744 0.000000 -0.360279 99.751683 0.012191 5.604553 0.001819 
625 2.309132 0.000000 -0.180140 98.257004 -0.106236 0.352130 0.034543 
626 2.113744 0.000000 0.000000 98.138145 -0.078188 -0.803628 0.036825 
627 2.113744 0.000000 0.180140 100.329427 0.065891 -1.604724 -0.006857 
628 2.309132 0.000000 0.180140 97.836635 -0.105446 4.326897 0.040926 
629 2.113744 0.000000 0.360279 99.569673 0.008192 4.291561 0.006746 
630 2.016050 0.000000 -0.090070 101.512705 0.056378 1.544949 -0.030722 
631 1.918356 0.000000 -0.090070 101.297457 0.052459 3.365748 -0.027251 
632 2.016050 0.000000 -0.180140 101.627116 0.042722 0.651756 -0.032850 
633 2.113744 0.000000 -0.090070 108.373962 0.021858 11.408532 -0.187507 
634 2.016050 0.000000 0.000000 101.652397 0.106212 3.714332 -0.034702 
635 2.016050 0.000000 0.090070 102.164919 -0.065688 1.905418 -0.044131 
636 1.918356 0.000000 0.090070 101.794398 0.350495 3.597852 -0.037517 
637 2.113744 0.000000 0.090070 104.667159 -0.014671 -10.914121 -0.107433 
638 2.016050 0.000000 0.180140 102.469678 0.126864 0.804009 -0.050070 
639 2.309132 0.000000 -1.080837 99.851407 -0.012379 6.814463 -0.001674 
640 2.309132 0.000000 -1.441116 99.775240 -0.020698 6.878031 -0.000241 
641 2.699909 0.000000 -1.080837 99.771265 0.001858 6.785726 -0.000035 
642 2.113744 0.000000 -0.540419 99.547603 0.028113 6.253286 0.005117 
643 1.918356 0.000000 -0.540419 99.623784 0.058373 6.207510 0.003657 
644 2.113744 0.000000 -0.720558 99.803538 0.000095 6.593702 -0.000422 
645 2.309132 0.000000 -0.540419 99.771330 0.002992 6.247970 0.000664 
646 2.016050 0.000000 -0.270209 100.249446 0.031736 4.487793 -0.007009 
647 1.918356 0.000000 -0.270209 101.387686 -0.005696 1.073662 -0.028062 
648 2.016050 0.000000 -0.360279 99.795670 0.022873 5.433649 0.001130 
649 2.113744 0.000000 -0.270209 99.923332 0.018072 5.160442 -0.001130 
650 3.090685 0.000000 -0.360279 99.842387 -0.040873 5.425062 0.000206 
651 3.090685 0.000000 -0.720558 99.796353 -0.041255 6.529399 -0.000195 
652 3.481461 0.000000 -0.360279 99.837855 -0.000402 5.521733 0.000191 
653 3.090685 0.000000 0.000000 100.115805 -0.004731 1.162098 -0.002452 
654 2.504521 0.000000 -0.180140 100.289989 -0.096643 2.250908 -0.006316 
655 2.504521 0.000000 -0.360279 99.748829 -0.032679 5.110639 0.002405 
656 2.699909 0.000000 -0.180140 100.027510 -0.033159 2.974653 -0.001435 
657 2.504521 0.000000 0.000000 101.311737 -0.023797 0.869882 -0.026483 
658 2.211438 0.000000 -0.090070 90.215209 -0.032542 16.365187 0.159340 
659 2.211438 0.000000 -0.180140 97.031203 -0.037297 5.060869 0.055933 
660 2.309132 0.000000 -0.090070 107.818191 -0.055139 -15.670967 -0.187034 
661 2.211438 0.000000 0.000000 144.953799 0.022364 -0.127533 -1.101162 
662 2.064897 0.000000 -0.135105 101.760390 0.061779 0.544415 -0.035548 
663 2.016050 0.000000 -0.135105 101.533758 0.052046 1.488631 -0.031132 
664 2.064897 0.000000 -0.180140 102.284892 -0.000052 3.645436 -0.047549 
665 2.113744 0.000000 -0.135105 105.159088 0.076135 7.567141 -0.111570 
666 2.064897 0.000000 -0.090070 102.553812 0.092279 3.335486 -0.052842 
667 3.090685 0.000000 0.360279 99.882556 -0.033875 4.225041 0.000562 
668 3.481461 0.000000 0.360279 99.954061 0.015954 3.786322 -0.000515 
669 3.090685 0.000000 0.720558 99.746180 -0.035677 6.285696 0.001119 
670 2.504521 0.000000 0.180140 100.307613 -0.035050 2.295534 -0.006689 
671 2.699909 0.000000 0.180140 100.119215 -0.035173 1.521831 -0.002617 
672 2.504521 0.000000 0.360279 99.615211 -0.041591 4.917831 0.005262 
673 2.211438 0.000000 0.090070 88.154165 -0.002160 -15.918018 0.197546 
674 2.309132 0.000000 0.090070 107.400453 -0.039316 18.601761 -0.188088 
675 2.211438 0.000000 0.180140 96.099393 -0.017172 -0.704307 0.076441 
676 2.309132 0.000000 1.080837 99.677848 -0.002310 6.696392 0.001948 
677 2.699909 0.000000 1.080837 99.697389 -0.021379 6.699787 0.001554 
678 2.309132 0.000000 1.441116 99.754878 0.009708 6.816413 0.000250 
679 2.113744 0.000000 0.540419 99.378591 0.035846 5.824445 0.008997 
680 1.918356 0.000000 0.540419 99.643312 0.071811 5.978804 0.003546 
681 2.309132 0.000000 0.540419 99.528197 -0.009536 5.858087 0.005982 
682 2.113744 0.000000 0.720558 99.702259 0.024600 6.322857 0.001948 
683 2.016050 0.000000 0.270209 100.226926 0.028683 3.229061 -0.005586 
684 1.918356 0.000000 0.270209 102.673374 0.200032 1.350644 -0.054369 
685 2.113744 0.000000 0.270209 99.506810 0.006572 2.419585 0.009254 
686 2.016050 0.000000 0.360279 99.906685 0.032636 4.560173 -0.000214 
687 2.064897 0.000000 0.135105 102.369961 0.027117 0.638619 -0.048002 
688 2.016050 0.000000 0.135105 102.179617 -0.062480 1.769003 -0.044381 
689 2.064897 0.000000 0.090070 101.960134 -0.012985 -2.014091 -0.039993 
690 2.113744 0.000000 0.135105 102.493560 0.079893 -5.579607 -0.053607 
691 2.064897 0.000000 0.180140 100.995576 0.004388 -0.039871 -0.020011 
692 2.211438 0.000000 -0.270209 98.633598 -0.029145 4.936646 0.024704 
693 2.211438 0.000000 -0.360279 99.342869 -0.000977 5.446153 0.010133 
694 2.309132 0.000000 -0.270209 98.878480 0.019109 3.715603 0.020924 
695 2.162591 0.000000 -0.135105 99.802930 0.042180 9.588411 -0.005256 
696 2.162591 0.000000 -0.180140 99.474648 0.044640 6.349861 0.006447 
697 2.211438 0.000000 -0.135105 94.571975 -0.011221 7.453597 0.100059 
698 2.162591 0.000000 -0.090070 100.041661 -0.024567 15.958484 -0.026301 
699 2.064897 0.000000 -0.045035 101.773385 0.064987 0.493420 -0.035807 
700 2.016050 0.000000 -0.045035 101.435341 0.063872 2.941108 -0.029778 
701 2.113744 0.000000 -0.045035 95.240296 -0.080435 3.500343 0.091703 
702 2.064897 0.000000 0.000000 91.127011 0.004873 -1.187423 0.169446 
703 2.089321 0.000000 -0.112587 107.136076 0.084768 5.758854 -0.151131 
704 2.064897 0.000000 -0.112587 103.848870 0.100557 4.565777 -0.080544 
705 2.089321 0.000000 -0.135105 101.885827 0.093816 0.195059 -0.038077 
706 2.113744 0.000000 -0.112587 108.437809 0.022274 11.273730 -0.188586 
707 2.089321 0.000000 -0.090070 106.840625 0.084616 5.472856 -0.144488 
708 2.064897 0.000000 0.045035 102.348417 0.014157 0.571780 -0.047553 
709 2.016050 0.000000 0.045035 101.886935 -0.072076 3.193120 -0.039115 
710 2.113744 0.000000 0.045035 97.487984 -0.087279 -5.013795 0.047095 
711 2.211438 0.000000 0.270209 98.068264 -0.062626 2.807885 0.037473 
712 2.309132 0.000000 0.270209 98.542953 -0.038555 4.116576 0.027234 
713 2.211438 0.000000 0.360279 99.187937 -0.017311 4.472461 0.014175 
714 2.162591 0.000000 0.135105 98.037131 0.024755 -7.252875 0.033612 
715 2.162591 0.000000 0.090070 97.599318 -0.055869 -15.476460 0.023485 
716 2.211438 0.000000 0.135105 93.146163 -0.097739 -4.875963 0.130001 
717 2.162591 0.000000 0.180140 98.201508 0.017980 -2.142636 0.035187 
718 2.089321 0.000000 0.112587 104.001711 0.056546 -5.302418 -0.084447 
719 2.064897 0.000000 0.112587 102.268789 0.036513 -3.744603 -0.047293 
720 2.089321 0.000000 0.090070 103.909367 0.053969 -4.976600 -0.082193 
721 2.113744 0.000000 0.112587 104.721128 -0.013666 -10.782864 -0.108279 
722 2.089321 0.000000 0.135105 102.255793 0.046048 0.211957 -0.045629 
723 2.162591 0.000000 -0.045035 114.435263 -0.052897 8.005521 -0.315952 
724 2.211438 0.000000 -0.045035 144.895258 0.014678 11.111566 -1.111810 
725 2.162591 0.000000 0.000000 116.868613 -0.086762 -0.484313 -0.365851 
726 2.138168 0.000000 -0.112587 104.123751 -0.012022 15.443424 -0.108026 
727 2.138168 0.000000 -0.135105 102.505399 0.083073 9.322179 -0.059427 
728 2.162591 0.000000 -0.112587 100.083376 -0.006299 12.736175 -0.017889 
729 2.138168 0.000000 -0.090070 103.750211 -0.017027 15.388299 -0.100091 
730 2.089321 0.000000 -0.067552 101.885507 0.093789 0.196321 -0.038070 
731 2.064897 0.000000 -0.067552 101.559942 0.051295 1.334881 -0.031621 
732 2.113744 0.000000 -0.067552 92.291454 -0.012692 5.752961 0.144919 
733 2.089321 0.000000 -0.045035 90.295866 0.031654 1.223303 0.184516 
734 2.101533 0.000000 -0.101329 109.052390 0.048882 8.244822 -0.196040 
735 2.089321 0.000000 -0.101329 107.684281 0.081027 6.041113 -0.163241 
736 2.101533 0.000000 -0.112587 109.329238 0.049277 7.574804 -0.201026 
737 2.113744 0.000000 -0.101329 108.348728 0.019418 11.778993 -0.187819 
738 2.101533 0.000000 -0.090070 109.357317 0.043851 8.174412 -0.202585 
739 2.162591 0.000000 0.045035 115.707337 -0.025218 -8.817687 -0.346594 
740 2.211438 0.000000 0.045035 145.826568 0.031975 -11.365111 -1.139455 
741 2.089321 0.000000 0.067552 102.255860 0.045995 0.213346 -0.045631 
742 2.064897 0.000000 0.067552 102.139431 -0.166978 1.670224 -0.043528 
743 2.089321 0.000000 0.045035 93.094940 0.021275 -3.185080 0.132319 
744 2.113744 0.000000 0.067552 95.723598 -0.047356 -6.988611 0.078815 
745 2.138168 0.000000 0.112587 101.228190 -0.068099 -14.916700 -0.046966 
746 2.138168 0.000000 0.090070 100.937461 -0.065518 -14.873913 -0.040961 
747 2.162591 0.000000 0.112587 97.863007 -0.048673 -11.474474 0.029117 
748 2.138168 0.000000 0.135105 100.358191 0.073360 -7.067935 -0.012173 
749 2.101533 0.000000 0.101329 105.215645 0.016709 -7.842202 -0.113183 
750 2.089321 0.000000 0.101329 104.316717 0.053150 -5.615442 -0.091351 
751 2.101533 0.000000 0.090070 105.459113 0.017429 -7.770856 -0.118201 
752 2.113744 0.000000 0.101329 104.640840 -0.015458 -11.270447 -0.107673 
753 2.101533 0.000000 0.112587 105.490374 0.020410 -7.189816 -0.117991 
754 2.138168 0.000000 -0.067552 101.040580 -0.066023 9.333960 -0.029633 
755 2.162591 0.000000 -0.067552 111.929654 -0.037784 12.265837 -0.267870 
756 2.138168 0.000000 -0.045035 103.372763 -0.064006 5.960086 -0.072145 
757 2.125956 0.000000 -0.101329 105.366421 0.011368 15.287939 -0.133580 
758 2.125956 0.000000 -0.112587 106.144156 0.008481 14.597588 -0.147967 
759 2.138168 0.000000 -0.101329 103.880674 -0.016163 15.407250 -0.102858 
760 2.125956 0.000000 -0.090070 106.055463 0.007764 14.652084 -0.146244 
761 2.138168 0.000000 0.067552 103.488644 -0.082581 -10.197626 -0.081390 
762 2.138168 0.000000 0.045035 105.086711 -0.091734 -7.082462 -0.109339 
763 2.162591 0.000000 0.067552 113.878810 -0.072546 -12.929055 -0.313555 
764 2.125956 0.000000 0.101329 102.198084 -0.060226 -14.728496 -0.066138 
765 2.125956 0.000000 0.090070 102.763587 -0.048777 -14.097586 -0.075910 
766 2.138168 0.000000 0.101329 101.039744 -0.067007 -14.888862 -0.043071 
767 2.125956 0.000000 0.112587 102.834866 -0.047797 -14.042578 -0.077221 
768 2.406827 0.000000 -0.090070 102.956609 -0.081345 -0.728558 -0.060060 
769 2.406827 0.000000 -0.180140 100.405394 -0.011880 1.280808 -0.008288 
770 2.504521 0.000000 -0.090070 100.968427 -0.018759 1.127431 -0.019589 
771 2.406827 0.000000 0.000000 105.417598 -0.147758 0.862546 -0.111364 
772 2.260285 0.000000 -0.135105 91.940299 -0.059558 0.058034 0.154697 
773 2.260285 0.000000 -0.180140 96.328609 -0.075259 2.199729 0.071595 
774 2.309132 0.000000 -0.135105 98.439876 -0.112020 -4.495278 0.028937 
775 2.260285 0.000000 -0.090070 74.951788 0.063451 12.415659 0.422808 
776 2.187015 0.000000 -0.112587 96.747742 -0.027865 12.473076 0.048430 
777 2.187015 0.000000 -0.135105 97.345774 0.007091 9.031548 0.044223 
778 2.211438 0.000000 -0.112587 91.850575 -0.030873 10.842441 0.144591 
779 2.187015 0.000000 -0.090070 94.080096 -0.025393 17.222155 0.085233 
780 2.150380 0.000000 -0.101329 102.693093 -0.025393 15.232819 -0.077791 
781 2.150380 0.000000 -0.112587 103.121526 -0.024728 15.295769 -0.086801 
782 2.162591 0.000000 -0.101329 100.316622 -0.025541 15.684006 -0.030941 
783 2.150380 0.000000 -0.090070 102.637520 -0.025480 15.224490 -0.076625 
784 2.406827 0.000000 0.090070 102.872016 -0.173372 3.192800 -0.059288 
785 2.504521 0.000000 0.090070 100.990110 -0.030963 1.291561 -0.020067 
786 2.406827 0.000000 0.180140 100.289536 -0.007690 3.377615 -0.006940 
787 2.260285 0.000000 0.135105 90.856428 -0.020438 2.959039 0.173635 
788 2.260285 0.000000 0.090070 72.696711 -0.078602 -11.981820 0.457162 
789 2.309132 0.000000 0.135105 97.939426 -0.071252 7.819416 0.034672 
790 2.260285 0.000000 0.180140 95.642186 -0.072481 2.341633 0.084708 
791 2.187015 0.000000 0.112587 94.909973 -0.037136 -10.990912 0.087130 
792 2.187015 0.000000 0.090070 91.932184 -0.038233 -16.751249 0.126787 
793 2.211438 0.000000 0.112587 90.228483 -0.027941 -9.249701 0.177326 
794 2.187015 0.000000 0.135105 95.851729 0.000535 -6.596899 0.076893 
795 2.150380 0.000000 0.101329 100.080350 -0.057679 -14.747788 -0.023358 
796 2.150380 0.000000 0.090070 100.029413 -0.057661 -14.740208 -0.022316 
797 2.162591 0.000000 0.101329 97.874660 -0.055216 -15.208571 0.018925 
798 2.150380 0.000000 0.112587 100.447545 -0.060693 -14.801897 -0.030881 
799 2.260285 0.000000 -0.045035 176.473455 0.060132 1.439331 -2.114496 
800 2.309132 0.000000 -0.045035 131.617872 -0.066317 -12.119637 -0.747015 
801 2.260285 0.000000 0.000000 164.113509 0.008171 0.401418 -1.693340 
802 2.187015 0.000000 -0.067552 125.685498 -0.012942 15.574085 -0.603940 
803 2.211438 0.000000 -0.067552 144.743940 0.007999 18.602734 -1.129687 
804 2.187015 0.000000 -0.045035 128.291824 -0.034232 10.001124 -0.655882 
805 2.174803 0.000000 -0.101329 96.988113 -0.022341 16.757119 0.031250 
806 2.174803 0.000000 -0.112587 98.508984 -0.005906 12.655354 0.013582 
807 2.187015 0.000000 -0.101329 94.111415 -0.023213 17.228069 0.084623 
808 2.174803 0.000000 -0.090070 96.653255 -0.021750 16.854862 0.037406 
809 2.260285 0.000000 0.045035 178.005986 0.010233 -0.539302 -2.168642 
810 2.309132 0.000000 0.045035 131.856850 -0.033010 14.467927 -0.759555 
811 2.187015 0.000000 0.067552 127.086695 0.021218 -15.983098 -0.640649 
812 2.187015 0.000000 0.045035 129.236148 0.013580 -10.535520 -0.681298 
813 2.211438 0.000000 0.067552 146.069983 0.038415 -18.912026 -1.169411 
814 2.174803 0.000000 0.101329 94.700960 -0.053911 -16.276114 0.076681 
815 2.174803 0.000000 0.090070 94.380473 -0.054102 -16.373400 0.082424 
816 2.187015 0.000000 0.101329 91.965293 -0.042829 -16.757329 0.126158 
817 2.174803 0.000000 0.112587 96.494263 -0.035877 -11.223869 0.056288 
818 2.235862 0.000000 -0.067552 163.378691 0.044393 17.417727 -1.699598 
819 2.235862 0.000000 -0.090070 78.964569 0.019676 13.079459 0.359352 
820 2.260285 0.000000 -0.067552 73.139441 0.101922 12.116619 0.450380 
821 2.235862 0.000000 -0.045035 162.090556 0.035716 9.868582 -1.637074 
822 2.235862 0.000000 -0.112587 88.142727 -0.013261 6.206930 0.219233 
823 2.235862 0.000000 -0.135105 92.455439 -0.006551 4.403701 0.143260 
824 2.260285 0.000000 -0.112587 85.333301 -0.066370 -1.261523 0.271663 
825 2.223650 0.000000 -0.078811 84.227194 -0.004536 14.528240 0.269471 
826 2.211438 0.000000 -0.078811 89.752704 -0.029518 16.231147 0.168100 
827 2.223650 0.000000 -0.090070 84.174957 -0.003551 14.400844 0.270719 
828 2.235862 0.000000 -0.078811 78.831911 0.020296 13.057462 0.361503 
829 2.223650 0.000000 -0.067552 154.841061 0.026320 17.275988 -1.427421 
830 2.235862 0.000000 0.067552 164.951349 0.025355 -17.416189 -1.751227 
831 2.235862 0.000000 0.045035 163.167048 0.023809 -9.694373 -1.671747 
832 2.260285 0.000000 0.067552 70.843120 -0.130567 -11.674755 0.484494 
833 2.235862 0.000000 0.090070 76.766506 -0.046303 -12.653139 0.394680 
834 2.235862 0.000000 0.112587 86.456261 -0.080335 -4.265174 0.250712 
835 2.260285 0.000000 0.112587 83.743839 -0.048450 3.647172 0.297367 
836 2.235862 0.000000 0.135105 91.203782 -0.061273 -1.650140 0.167914 
837 2.223650 0.000000 0.078811 82.111208 -0.028948 -14.093975 0.305911 
838 2.211438 0.000000 0.078811 87.687731 -0.005722 -15.784135 0.206172 
839 2.223650 0.000000 0.067552 156.241729 0.028292 -17.362505 -1.471294 
840 2.235862 0.000000 0.078811 76.631005 -0.046373 -12.630955 0.396815 
841 2.223650 0.000000 0.090070 82.064286 -0.031098 -13.969209 0.307031 
842 2.357979 0.000000 -0.045035 110.842075 -0.030076 -2.493298 -0.229218 
843 2.357979 0.000000 -0.090070 105.622214 -0.106164 -3.455445 -0.116800 
844 2.406827 0.000000 -0.045035 104.775627 -0.123487 -0.227046 -0.097800 
845 2.357979 0.000000 0.000000 112.835279 -0.032570 0.929703 -0.273267 
846 2.284709 0.000000 -0.067552 157.025724 -0.048867 -45.800921 -1.675480 
847 2.284709 0.000000 -0.090070 91.522687 -0.043024 -33.773793 0.048293 
848 2.309132 0.000000 -0.067552 121.305630 -0.031549 -17.796636 -0.503178 
849 2.284709 0.000000 -0.045035 160.157185 -0.050704 -15.394010 -1.588730 
850 2.248074 0.000000 -0.078811 76.182344 0.043651 12.618913 0.403701 
851 2.248074 0.000000 -0.090070 76.517186 0.039847 12.674280 0.398448 
852 2.260285 0.000000 -0.078811 73.648864 0.089499 12.200629 0.442698 
853 2.248074 0.000000 -0.067552 75.621392 0.050835 12.526190 0.412450 
854 2.357979 0.000000 0.045035 110.773744 -0.047200 4.641501 -0.229237 
855 2.406827 0.000000 0.045035 104.713805 -0.217075 2.256052 -0.097012 
856 2.357979 0.000000 0.090070 105.497635 -0.075334 6.015670 -0.116594 
857 2.284709 0.000000 0.067552 158.403398 -0.029245 49.603128 -1.755211 
858 2.284709 0.000000 0.045035 161.266877 -0.023748 17.563356 -1.631548 
859 2.309132 0.000000 0.067552 121.301149 -0.028774 20.590424 -0.513794 
860 2.284709 0.000000 0.090070 90.093420 -0.020174 37.354532 0.048781 
861 2.248074 0.000000 0.078811 73.936515 -0.058993 -12.187407 0.438486 
862 2.248074 0.000000 0.067552 73.368807 -0.064747 -12.093543 0.447076 
863 2.260285 0.000000 0.078811 71.376984 -0.110574 -11.762807 0.476695 
864 2.248074 0.000000 0.090070 74.276057 -0.056395 -12.243474 0.433316 
865 -8.241827 0.000000 -8.646699 99.756075 -0.000030 6.975527 0.000007 
866 -11.368037 0.000000 -8.646699 99.756219 -0.000018 6.975605 0.000004 
867 -8.241827 0.000000 -11.528932 99.756118 -0.000026 6.975501 0.000006 
868 10.515434 0.000000 -8.646699 99.756269 -0.000134 6.971823 0.000008 
869 10.515434 0.000000 -11.528932 99.756212 -0.000096 6.973520 0.000007 
870 13.641644 0.000000 -8.646699 99.756435 -0.000131 6.971892 0.000005 
871 -8.241827 0.000000 8.646699 99.756762 -0.000002 6.975566 -0.000007 
872 -11.368037 0.000000 8.646699 99.756603 0.000001 6.975625 -0.000004 
873 -8.241827 0.000000 11.528932 99.756733 0.000005 6.975521 -0.000006 
874 -3.552511 0.000000 -4.323349 99.755076 -0.000379 6.974555 0.000028 
875 -5.115617 0.000000 -4.323349 99.755545 -0.000205 6.975181 0.000018 
876 -3.552511 0.000000 -5.764466 99.755311 -0.000041 6.974695 0.000023 
877 10.515434 0.000000 8.646699 99.757075 0.000139 6.970495 -0.000006 
878 13.641644 0.000000 8.646699 99.756955 0.000159 6.970119 -0.000003 
879 10.515434 0.000000 11.528932 99.756885 0.000096 6.972933 -0.000006 
880 5.826119 0.000000 -4.323349 99.756867 -0.000856 6.961875 0.000010 
881 5.826119 0.000000 -5.764466 99.755809 0.000484 6.967552 0.000023 
882 7.389224 0.000000 -4.323349 99.756500 0.000252 6.960883 0.000019 
883 -3.552511 0.000000 4.323349 99.757393 -0.000344 6.975395 -0.000019 
884 -5.115617 0.000000 4.323349 99.756950 -0.000536 6.975600 -0.000011 
885 -3.552511 0.000000 5.764466 99.757511 -0.000594 6.975236 -0.000021 
886 -1.207854 0.000000 -2.161675 99.749730 -0.003251 6.965647 0.000147 
887 -1.989406 0.000000 -2.161675 99.751244 -0.001124 6.971557 0.000109 
888 -1.207854 0.000000 -2.882233 99.751653 -0.000504 6.969195 0.000104 
889 5.826119 0.000000 4.323349 99.759805 -0.000843 6.954204 -0.000038 
890 7.389224 0.000000 4.323349 99.758234 0.000246 6.954072 -0.000006 
891 5.826119 0.000000 5.764466 99.757981 -0.000047 6.964981 -0.000017 
892 3.481461 0.000000 -2.161675 99.761882 0.003938 6.926174 -0.000040 
893 3.481461 0.000000 -2.882233 99.757097 0.005149 6.947477 0.000025 
894 4.263014 0.000000 -2.161675 99.757463 0.004943 6.920209 0.000056 
895 -1.207854 0.000000 2.161675 99.758115 -0.005257 6.975924 -0.000035 
896 -1.989406 0.000000 2.161675 99.757116 -0.001702 6.976628 -0.000016 
897 -1.207854 0.000000 2.882233 99.760415 -0.001491 6.975533 -0.000080 
898 -0.817078 0.000000 -1.080837 99.729468 -0.010510 6.952567 0.000569 
899 -1.207854 0.000000 -1.080837 99.740581 -0.007868 6.962909 0.000333 
900 -0.817078 0.000000 -1.441116 99.744036 -0.007818 6.948726 0.000284 
901 3.481461 0.000000 2.161675 99.753841 0.004625 6.902259 0.000153 
902 4.263014 0.000000 2.161675 99.759524 0.003802 6.894373 0.000051 
903 3.481461 0.000000 2.882233 99.758684 0.002417 6.934867 0.000011 
904 -0.230913 0.000000 -0.540419 99.570628 0.015164 6.968541 0.003713 
905 -0.426301 0.000000 -0.540419 99.707115 0.090505 6.901833 0.001085 
906 -0.230913 0.000000 -0.720558 99.695045 0.077982 6.830982 0.001423 
907 0.941416 0.000000 -0.540419 99.733167 0.015241 6.709446 0.000828 
908 0.941416 0.000000 -0.720558 99.749600 0.013936 6.807249 0.000368 
909 -0.817078 0.000000 1.080837 99.747226 -0.010987 6.980819 0.000176 
910 -1.207854 0.000000 1.080837 99.749911 -0.008151 6.976607 0.000128 
911 -0.817078 0.000000 1.441116 99.758739 -0.008448 6.984101 -0.000058 
912 -0.230913 0.000000 0.540419 99.589391 0.030152 6.800470 0.003571 
913 -0.426301 0.000000 0.540419 99.690109 0.084808 6.886025 0.001446 
914 -0.230913 0.000000 0.720558 99.637980 0.069012 6.917098 0.002442 
915 -0.133219 0.000000 -0.270209 99.490328 0.045914 7.420012 0.004662 
916 -0.230913 0.000000 -0.270209 99.694820 0.187250 7.353707 0.000683 
917 -0.133219 0.000000 -0.360279 99.290055 0.119606 7.105466 0.009098 
918 0.941416 0.000000 0.540419 99.795114 -0.031023 6.691904 -0.000385 
919 0.941416 0.000000 0.720558 99.698214 0.002958 6.861985 0.001318 
920 -0.133219 0.000000 0.270209 99.840642 -0.007486 6.364531 -0.000866 
921 -0.230913 0.000000 0.270209 99.896328 0.114820 6.532490 -0.002196 
922 -0.133219 0.000000 0.360279 99.572058 0.052035 6.668033 0.004094 
923 0.037745 0.000000 -0.112587 86.385935 0.045891 3.158971 0.252749 
924 0.013322 0.000000 -0.112587 85.424637 0.033628 10.276637 0.259702 
925 0.037745 0.000000 -0.135105 91.028577 0.090568 4.812813 0.169063 
926 0.648333 0.000000 -0.270209 101.441595 -0.008563 1.862515 -0.029387 
927 0.648333 0.000000 -0.360279 99.835861 0.016374 6.502479 -0.000948 
928 0.746027 0.000000 -0.270209 102.418119 0.031466 2.820464 -0.049743 
929 0.648333 0.000000 0.270209 101.410523 -0.028035 1.864421 -0.028757 
930 0.746027 0.000000 0.270209 102.447085 -0.013717 2.818811 -0.050335 
931 0.648333 0.000000 0.360279 99.907598 -0.094588 6.152339 -0.001939 
932 0.037745 0.000000 0.112587 90.360629 -0.127510 7.169501 0.178354 
933 0.013322 0.000000 0.112587 89.481896 -0.129399 1.590286 0.199044 
934 0.037745 0.000000 0.135105 94.027870 -0.114370 6.686965 0.111403 
935 0.098804 0.000000 -0.078811 90.141287 0.050277 -14.794370 0.165567 
936 0.098804 0.000000 -0.090070 90.296703 0.110028 -14.976396 0.162220 
937 0.098804 0.000000 -0.067552 90.132914 0.046568 -14.769245 0.165792 
938 0.098804 0.000000 0.078811 94.865829 0.135883 16.028943 0.074353 
939 0.098804 0.000000 0.067552 94.860427 0.135748 16.033465 0.074441 
940 0.098804 0.000000 0.090070 94.939903 0.134466 16.005203 0.073023 
941 0.233134 0.000000 -0.067552 86.159576 -0.009552 -6.305543 0.253677 
942 0.233134 0.000000 -0.045035 87.597120 -0.087174 -4.703339 0.230462 
943 0.233134 0.000000 0.067552 86.142281 -0.081761 6.364993 0.253899 
944 0.233134 0.000000 0.045035 87.566392 -0.097563 4.818549 0.230890 
945 0.501792 0.000000 -0.045035 100.353593 -0.002984 4.956737 -0.009541 
946 0.550639 0.000000 -0.045035 101.435060 -0.006976 6.263673 -0.032831 
947 0.501792 0.000000 0.000000 101.432923 -0.008063 6.479643 -0.033062 
948 0.501792 0.000000 0.045035 100.380810 -0.014071 4.954073 -0.010085 
949 0.550639 0.000000 0.045035 101.430254 -0.010050 6.264956 -0.032735 
950 0.428522 0.000000 -0.067552 99.053318 0.002652 2.123462 0.018393 
951 0.452945 0.000000 -0.067552 99.206647 0.002848 3.624989 0.014490 
952 0.428522 0.000000 -0.045035 99.226033 0.000584 1.372522 0.015231 
953 0.367463 0.000000 -0.101329 104.674874 0.039950 -3.145607 -0.096673 
954 0.367463 0.000000 -0.112587 104.758492 0.037141 -2.618802 -0.098120 
955 0.367463 0.000000 -0.090070 104.999193 0.037478 -2.877472 -0.103311 
956 0.428522 0.000000 0.067552 99.109843 -0.024366 2.117762 0.017275 
957 0.428522 0.000000 0.045035 99.278767 -0.026076 1.368776 0.014185 
958 0.452945 0.000000 0.067552 99.257297 -0.021123 3.619988 0.013488 
959 0.367463 0.000000 0.101329 105.730499 0.018526 3.446806 -0.119082 
960 0.367463 0.000000 0.090070 106.049653 0.017442 3.175114 -0.125661 
961 0.367463 0.000000 0.112587 105.706253 0.019726 2.909266 -0.118228 
962 1.722968 0.000000 -0.540419 99.609677 0.008871 6.359845 0.003746 
963 1.722968 0.000000 -0.720558 99.665858 -0.002759 6.600085 0.002316 
964 1.722968 0.000000 0.540419 99.941962 0.057776 6.208086 -0.002694 
965 1.722968 0.000000 0.720558 99.697701 0.013856 6.502055 0.001809 
966 1.429886 0.000000 -0.270209 101.060642 -0.023228 1.859485 -0.021671 
967 1.429886 0.000000 -0.360279 99.558776 -0.108452 6.450772 0.004643 
968 1.527580 0.000000 -0.270209 101.084919 -0.019967 1.393387 -0.022010 
969 1.429886 0.000000 0.270209 101.581084 -0.002087 1.878802 -0.032225 
970 1.527580 0.000000 0.270209 102.384325 0.041687 1.474580 -0.048473 
971 1.429886 0.000000 0.360279 99.909320 -0.097217 6.072323 -0.001875 
972 3.090685 0.000000 -1.080837 99.763991 -0.011038 6.764750 0.000138 
973 3.090685 0.000000 -1.441116 99.761511 0.002474 6.858628 0.000060 
974 3.481461 0.000000 -1.080837 99.766634 0.004049 6.762351 0.000089 
975 2.504521 0.000000 -0.540419 99.745134 0.009223 6.138969 0.001322 
976 2.504521 0.000000 -0.720558 99.755594 0.006342 6.513747 0.000639 
977 2.699909 0.000000 -0.540419 99.777718 0.009113 6.122301 0.000692 
978 3.090685 0.000000 1.080837 99.750067 0.019761 6.661063 0.000555 
979 3.481461 0.000000 1.080837 99.763135 0.009506 6.641950 0.000320 
980 3.090685 0.000000 1.441116 99.752459 0.007669 6.801744 0.000318 
981 2.504521 0.000000 0.540419 99.648686 -0.010711 5.907014 0.003525 
982 2.699909 0.000000 0.540419 99.685293 0.019886 5.890684 0.002814 
983 2.504521 0.000000 0.720558 99.597667 0.020918 6.380293 0.003960 
984 2.406827 0.000000 -0.270209 99.701864 -0.053640 3.632923 0.004634 
985 2.406827 0.000000 -0.360279 99.508930 -0.126912 4.905214 0.007390 
986 2.504521 0.000000 -0.270209 99.890440 -0.164496 3.904296 0.000663 
987 2.406827 0.000000 0.270209 99.567226 -0.050606 4.184128 0.006886 
988 2.504521 0.000000 0.270209 99.805587 -0.025680 3.878994 0.002380 
989 2.406827 0.000000 0.360279 99.312042 -0.009050 5.115489 0.011095 
990 2.357979 0.000000 -0.135105 101.471402 -0.108581 -1.811998 -0.029974 
991 2.357979 0.000000 -0.180140 99.890292 -0.032563 0.466019 0.002171 
992 2.406827 0.000000 -0.135105 101.409568 -0.028836 -0.067289 -0.028391 
993 2.284709 0.000000 -0.112587 91.987269 -0.055181 -10.667502 0.142454 
994 2.284709 0.000000 -0.135105 94.695506 -0.074938 -3.849519 0.101794 
995 2.309132 0.000000 -0.112587 100.705621 -0.075108 -9.188640 -0.022606 
996 2.357979 0.000000 0.135105 101.217868 -0.203747 5.138448 -0.027150 
997 2.406827 0.000000 0.135105 101.289551 -0.113650 3.320512 -0.027061 
998 2.357979 0.000000 0.180140 99.609715 -0.119512 4.239769 0.005991 
999 2.284709 0.000000 0.112587 90.841798 -0.016153 13.640038 0.156172 
1000 2.309132 0.000000 0.112587 100.171277 -0.007289 12.195279 -0.018301 
1001 2.284709 0.000000 0.135105 93.879720 -0.039021 7.117685 0.113594 
1 11 62 60 61 
2 62 10 24 60 
3 60 24 14 63 
4 61 60 63 6 
5 24 66 64 65 
6 66 23 40 64 
7 64 40 27 67 
8 65 64 67 14 
9 40 70 68 69 
10 69 68 71 27 
11 6 63 92 93 
12 63 14 36 92 
13 92 36 19 94 
14 93 92 94 20 
15 14 67 95 96 
16 67 27 52 95 
17 95 52 35 97 
18 96 95 97 36 
19 27 71 98 99 
20 99 98 100 52 
21 68 112 110 111 
22 112 56 80 110 
23 110 80 43 113 
24 111 110 113 71 
25 80 116 114 115 
26 115 114 117 43 
27 71 113 133 134 
28 113 43 102 133 
29 133 102 76 135 
30 134 133 135 98 
31 43 117 136 137 
32 137 136 138 102 
33 114 141 139 140 
34 141 106 129 139 
35 139 129 83 142 
36 140 139 142 117 
37 129 149 147 148 
38 147 150 132 151 
39 148 147 151 83 
40 117 142 152 153 
41 142 83 144 152 
42 152 144 125 154 
43 153 152 154 136 
44 83 151 155 156 
45 151 132 157 155 
46 156 155 158 144 
47 12 161 159 160 
48 161 7 162 159 
49 159 162 13 25 
50 160 159 25 10 
51 25 165 163 164 
52 165 13 166 163 
53 163 166 26 41 
54 164 163 41 23 
55 41 169 167 168 
56 169 26 170 167 
57 167 170 42 57 
58 168 167 57 39 
59 39 173 171 172 
60 173 57 174 171 
61 171 174 55 81 
62 172 171 81 56 
63 81 177 175 176 
64 177 55 178 175 
65 175 178 82 107 
66 176 175 107 79 
67 79 181 179 180 
68 181 107 182 179 
69 179 182 105 130 
70 180 179 130 106 
71 106 185 183 184 
72 185 130 186 183 
73 184 183 149 129 
74 195 197 109 198 
75 150 195 198 132 
76 149 201 199 200 
77 201 128 202 199 
78 199 202 150 203 
79 200 199 203 147 
80 132 198 210 157 
81 198 109 211 210 
82 19 38 213 214 
83 38 21 215 213 
84 213 215 9 216 
85 214 213 216 22 
86 35 54 217 218 
87 54 37 219 217 
88 217 219 21 220 
89 218 217 220 38 
90 51 78 221 222 
91 78 53 223 221 
92 221 223 37 224 
93 222 221 224 54 
94 76 104 225 226 
95 104 75 227 225 
96 225 227 78 228 
97 226 225 228 51 
98 101 127 229 230 
99 127 103 231 229 
100 229 231 75 232 
101 230 229 232 104 
102 125 146 233 234 
103 146 124 235 233 
104 233 235 127 236 
105 234 233 236 101 
106 144 158 237 238 
107 237 239 146 240 
108 238 237 240 125 
109 155 243 241 242 
110 243 157 244 241 
111 241 244 143 245 
112 242 241 245 158 
113 130 247 246 186 
114 247 105 248 246 
115 249 251 195 252 
116 202 249 252 150 
117 186 255 253 254 
118 255 246 256 253 
119 253 256 196 250 
120 254 253 250 128 
121 128 259 257 258 
122 259 250 260 257 
123 257 260 249 261 
124 258 257 261 202 
125 262 263 124 264 
126 239 262 264 146 
127 157 266 265 244 
128 266 210 267 265 
129 143 268 269 270 
130 268 212 271 269 
131 269 271 262 272 
132 270 269 272 239 
133 244 275 273 274 
134 275 265 276 273 
135 273 276 268 277 
136 274 273 277 143 
137 278 280 194 281 
138 197 278 281 109 
139 283 131 284 282 
140 282 284 197 285 
141 251 282 285 195 
142 107 287 286 182 
143 287 82 288 286 
144 286 288 108 192 
145 182 286 192 105 
146 105 290 289 248 
147 290 192 291 289 
148 246 293 292 256 
149 293 248 294 292 
150 292 294 131 283 
151 256 292 283 196 
152 196 297 295 296 
153 297 283 298 295 
154 295 298 282 299 
155 296 295 299 251 
156 109 281 300 211 
157 281 194 301 300 
158 210 304 303 267 
159 304 211 305 303 
160 303 305 145 306 
161 124 209 307 235 
162 209 126 308 307 
163 307 308 103 309 
164 235 307 309 127 
165 310 311 209 312 
166 263 310 312 124 
167 212 306 313 271 
168 306 145 314 313 
169 313 314 263 315 
170 271 313 315 262 
171 267 318 316 317 
172 318 303 319 316 
173 316 319 306 320 
174 317 316 320 212 
175 248 322 321 294 
176 322 289 323 321 
177 294 321 324 131 
178 192 330 329 291 
179 330 108 331 329 
180 289 334 333 323 
181 334 291 335 333 
182 333 335 191 336 
183 323 333 336 279 
184 131 324 337 284 
185 324 279 338 337 
186 337 338 278 339 
187 284 337 339 197 
188 321 342 340 341 
189 342 323 343 340 
190 340 343 279 344 
191 341 340 344 324 
192 145 346 345 314 
193 345 347 310 348 
194 314 345 348 263 
195 211 350 349 305 
196 350 300 351 349 
197 349 351 302 346 
198 305 349 346 145 
199 355 357 126 358 
200 311 355 358 209 
201 302 360 359 347 
202 360 207 361 359 
203 359 361 311 362 
204 347 359 362 310 
205 346 365 363 364 
206 365 302 366 363 
207 363 366 347 367 
208 364 363 367 345 
209 368 369 59 370 
210 280 368 370 194 
211 291 372 371 335 
212 372 329 373 371 
213 371 373 332 374 
214 191 374 375 376 
215 374 332 377 375 
216 375 377 368 378 
217 376 375 378 280 
218 335 381 379 380 
219 381 371 382 379 
220 379 382 374 383 
221 380 379 383 191 
222 194 370 384 301 
223 370 59 385 384 
224 387 356 388 386 
225 386 388 355 389 
226 361 386 389 311 
227 301 392 390 391 
228 392 384 393 390 
229 390 393 356 387 
230 391 390 387 207 
231 207 396 394 395 
232 396 387 397 394 
233 394 397 386 398 
234 395 394 398 361 
235 57 400 399 174 
236 400 42 401 399 
237 399 401 58 89 
238 174 399 89 55 
239 55 403 402 178 
240 403 89 404 402 
241 402 404 88 188 
242 178 402 188 82 
243 82 406 405 288 
244 406 188 407 405 
245 405 407 187 326 
246 288 405 326 108 
247 108 409 408 331 
248 409 326 410 408 
249 329 413 412 373 
250 413 331 414 412 
251 373 412 415 332 
252 75 123 416 227 
253 123 77 417 416 
254 416 417 53 418 
255 227 416 418 78 
256 103 206 419 231 
257 206 121 420 419 
258 419 420 123 421 
259 231 419 421 75 
260 126 354 422 308 
261 354 204 423 422 
262 422 423 206 424 
263 308 422 424 103 
264 425 427 354 428 
265 357 425 428 126 
266 356 430 429 388 
267 429 431 357 432 
268 388 429 432 355 
269 433 434 328 435 
270 369 433 435 59 
271 331 437 436 414 
272 437 408 438 436 
273 332 415 440 377 
274 415 193 441 440 
275 440 441 369 442 
276 377 440 442 368 
277 412 445 443 444 
278 445 414 446 443 
279 443 446 193 447 
280 444 443 447 415 
281 59 435 448 385 
282 435 328 449 448 
283 384 451 450 393 
284 451 385 452 450 
285 450 452 208 430 
286 393 450 430 356 
287 453 455 425 456 
288 431 453 456 357 
289 430 459 457 458 
290 459 208 460 457 
291 457 460 431 461 
292 458 457 461 429 
293 88 467 466 189 
294 467 90 468 466 
295 466 468 5 469 
296 189 466 469 91 
297 187 471 470 327 
298 471 189 472 470 
299 470 472 91 473 
300 327 470 473 190 
301 326 475 474 410 
302 475 187 476 474 
303 474 476 327 477 
304 410 474 477 325 
305 408 479 478 438 
306 479 410 480 478 
307 478 480 325 481 
308 438 478 481 411 
309 193 439 482 441 
310 439 411 483 482 
311 482 483 433 484 
312 441 482 484 369 
313 436 487 485 486 
314 487 438 488 485 
315 485 488 411 489 
316 486 485 489 439 
317 385 491 490 452 
318 491 448 492 490 
319 490 492 426 454 
320 452 490 454 208 
321 91 469 496 205 
322 469 5 497 496 
323 496 497 122 498 
324 205 496 498 121 
325 190 473 499 353 
326 473 91 500 499 
327 499 500 205 501 
328 353 499 501 204 
329 352 503 502 427 
330 503 353 504 502 
331 502 504 204 505 
332 427 502 505 354 
333 426 507 506 455 
334 507 352 508 506 
335 506 508 427 509 
336 455 506 509 425 
337 454 512 510 511 
338 512 426 513 510 
339 510 513 455 514 
340 511 510 514 453 
341 468 524 522 523 
342 522 525 518 526 
343 523 522 526 5 
344 5 526 527 528 
345 526 518 529 527 
346 528 527 530 497 
347 7 532 531 162 
348 532 16 533 531 
349 531 533 15 32 
350 162 531 32 13 
351 13 535 534 166 
352 535 32 536 534 
353 534 536 31 48 
354 166 534 48 26 
355 26 538 537 170 
356 538 48 539 537 
357 537 539 47 85 
358 170 537 85 42 
359 42 541 540 401 
360 541 85 542 540 
361 540 542 84 463 
362 401 540 463 58 
363 58 545 543 544 
364 545 463 546 543 
365 543 546 462 516 
366 544 543 516 90 
367 90 549 547 548 
368 549 516 550 547 
369 547 550 515 524 
370 548 547 524 468 
371 15 552 551 33 
372 552 17 553 551 
373 551 553 8 554 
374 33 551 554 18 
375 31 556 555 49 
376 556 33 557 555 
377 555 557 18 558 
378 49 555 558 34 
379 560 49 561 559 
380 559 561 34 562 
381 462 568 567 517 
382 568 464 569 567 
383 567 569 87 570 
384 517 567 570 465 
385 515 572 571 525 
386 572 517 573 571 
387 571 573 465 574 
388 525 571 574 518 
389 524 577 575 576 
390 577 515 578 575 
391 575 578 525 579 
392 576 575 579 522 
393 18 554 580 45 
394 554 8 581 580 
395 580 581 29 582 
396 45 580 582 28 
397 34 558 583 73 
398 558 18 584 583 
399 583 584 45 585 
400 73 583 585 44 
401 562 34 587 586 
402 586 587 73 588 
403 465 570 592 520 
404 570 87 593 592 
405 592 593 494 594 
406 520 592 594 493 
407 518 574 595 529 
408 574 465 596 595 
409 595 596 520 597 
410 529 595 597 519 
411 21 46 598 215 
412 46 28 599 598 
413 598 599 30 600 
414 215 598 600 9 
415 37 74 601 219 
416 74 44 602 601 
417 601 602 46 603 
418 219 601 603 21 
419 53 120 604 223 
420 120 72 605 604 
421 604 605 74 606 
422 223 604 606 37 
423 77 495 607 417 
424 495 118 608 607 
425 607 608 120 609 
426 417 607 609 53 
427 122 521 610 611 
428 521 493 612 610 
429 610 612 495 613 
430 611 610 613 77 
431 497 530 614 615 
432 530 519 616 614 
433 614 616 521 617 
434 615 614 617 122 
435 527 620 618 619 
436 620 529 621 618 
437 618 621 519 622 
438 619 618 622 530 
439 569 632 630 631 
440 631 630 634 87 
441 87 634 635 636 
442 636 635 638 593 
443 85 640 639 542 
444 640 47 641 639 
445 639 641 86 564 
446 542 639 564 84 
447 84 644 642 643 
448 644 564 645 642 
449 642 645 563 624 
450 643 642 624 464 
451 464 648 646 647 
452 648 624 649 646 
453 646 649 623 632 
454 647 646 632 569 
455 86 651 650 565 
456 651 559 652 650 
457 650 652 562 653 
458 565 650 653 50 
459 655 565 656 654 
460 654 656 50 657 
461 632 664 662 663 
462 664 623 665 662 
463 663 662 666 630 
464 50 653 667 590 
465 653 562 668 667 
466 667 668 586 669 
467 590 667 669 119 
468 657 50 671 670 
469 670 671 590 672 
470 118 591 676 608 
471 591 119 677 676 
472 676 677 72 678 
473 608 676 678 120 
474 494 629 679 680 
475 629 589 681 679 
476 679 681 591 682 
477 680 679 682 118 
478 593 638 683 684 
479 638 627 685 683 
480 683 685 629 686 
481 684 683 686 494 
482 635 689 687 688 
483 687 690 627 691 
484 688 687 691 638 
485 624 693 692 649 
486 693 563 694 692 
487 692 694 625 659 
488 649 692 659 623 
489 623 696 695 665 
490 696 659 697 695 
491 630 666 699 700 
492 699 701 626 702 
493 700 699 702 634 
494 662 705 703 704 
495 705 665 706 703 
496 704 703 707 666 
497 634 702 708 709 
498 702 626 710 708 
499 709 708 689 635 
500 627 675 711 685 
501 675 628 712 711 
502 711 712 589 713 
503 685 711 713 629 
504 714 716 675 717 
505 690 714 717 627 
506 689 720 718 719 
507 718 721 690 722 
508 719 718 722 687 
509 723 724 661 725 
510 701 723 725 626 
511 665 727 726 706 
512 727 695 728 726 
513 666 707 730 731 
514 707 633 732 730 
515 730 732 701 733 
516 731 730 733 699 
517 703 736 734 735 
518 736 706 737 734 
519 734 737 633 738 
520 735 734 738 707 
521 626 725 739 710 
522 725 661 740 739 
523 708 743 741 742 
524 743 710 744 741 
525 741 744 637 720 
526 742 741 720 689 
527 745 747 714 748 
528 721 745 748 690 
529 720 751 749 750 
530 751 637 752 749 
531 749 752 721 753 
532 750 749 753 718 
533 633 729 754 732 
534 729 698 755 754 
535 754 755 723 756 
536 732 754 756 701 
537 706 758 757 737 
538 758 726 759 757 
539 757 759 729 760 
540 737 757 760 633 
541 710 762 761 744 
542 762 739 763 761 
543 761 763 715 746 
544 744 761 746 637 
545 637 765 764 752 
546 765 746 766 764 
547 764 766 745 767 
548 752 764 767 721 
549 769 654 770 768 
550 768 770 657 771 
551 659 773 772 697 
552 773 625 774 772 
553 695 777 776 728 
554 777 697 778 776 
555 776 778 658 779 
556 726 781 780 759 
557 781 728 782 780 
558 780 782 698 783 
559 759 780 783 729 
560 771 657 785 784 
561 784 785 670 786 
562 787 789 628 790 
563 716 787 790 675 
564 792 673 793 791 
565 791 793 716 794 
566 747 791 794 714 
567 746 796 795 766 
568 796 715 797 795 
569 795 797 747 798 
570 766 795 798 745 
571 799 800 566 801 
572 724 799 801 661 
573 698 779 802 755 
574 779 658 803 802 
575 802 803 724 804 
576 755 802 804 723 
577 728 806 805 782 
578 806 776 807 805 
579 805 807 779 808 
580 782 805 808 698 
581 661 801 809 740 
582 801 566 810 809 
583 739 812 811 763 
584 812 740 813 811 
585 811 813 673 792 
586 763 811 792 715 
587 715 815 814 797 
588 815 792 816 814 
589 814 816 791 817 
590 797 814 817 747 
591 818 820 799 821 
592 803 818 821 724 
593 697 823 822 778 
594 823 772 824 822 
595 822 824 775 819 
596 778 822 819 658 
597 658 827 825 826 
598 827 819 828 825 
599 825 828 818 829 
600 826 825 829 803 
601 740 831 830 813 
602 831 809 832 830 
603 673 833 834 793 
604 833 788 835 834 
605 834 835 787 836 
606 793 834 836 716 
607 813 839 837 838 
608 839 830 840 837 
609 837 840 833 841 
610 838 837 841 673 
611 660 843 842 800 
612 843 768 844 842 
613 842 844 771 845 
614 800 842 845 566 
615 775 847 846 820 
616 847 660 848 846 
617 846 848 800 849 
618 820 846 849 799 
619 819 851 850 828 
620 851 775 852 850 
621 850 852 820 853 
622 828 850 853 818 
623 566 845 854 810 
624 845 771 855 854 
625 854 855 784 856 
626 810 854 856 674 
627 809 858 857 832 
628 858 810 859 857 
629 857 859 674 860 
630 832 857 860 788 
631 830 862 861 840 
632 862 832 863 861 
633 861 863 788 864 
634 840 861 864 833 
635 1 867 865 866 
636 867 12 160 865 
637 865 160 10 62 
638 866 865 62 11 
639 16 869 868 533 
640 869 2 870 868 
641 868 870 17 552 
642 533 868 552 15 
643 20 94 871 872 
644 94 19 214 871 
645 871 214 22 873 
646 872 871 873 4 
647 10 876 874 875 
648 876 25 164 874 
649 874 164 23 66 
650 875 874 66 24 
651 28 582 877 599 
652 582 29 878 877 
653 877 878 3 879 
654 599 877 879 30 
655 32 881 880 536 
656 881 15 882 880 
657 880 882 33 556 
658 536 880 556 31 
659 36 97 883 884 
660 97 35 218 883 
661 883 218 38 885 
662 884 883 885 19 
663 23 888 886 887 
664 888 41 168 886 
665 886 168 39 70 
666 887 886 70 40 
667 44 585 889 602 
668 585 45 890 889 
669 889 890 28 891 
670 602 889 891 46 
671 48 893 892 539 
672 893 31 894 892 
673 892 894 49 560 
674 539 892 560 47 
675 52 100 895 896 
676 100 51 222 895 
677 895 222 54 897 
678 896 895 897 35 
679 70 900 898 899 
680 900 39 172 898 
681 898 172 56 112 
682 899 898 112 68 
683 72 588 901 605 
684 588 73 902 901 
685 901 902 44 903 
686 605 901 903 74 
687 56 906 904 905 
688 906 81 176 904 
689 904 176 79 116 
690 905 904 116 80 
691 89 908 907 404 
692 908 58 544 907 
693 907 544 90 467 
694 404 907 467 88 
695 98 135 909 910 
696 135 76 226 909 
697 909 226 51 911 
698 910 909 911 100 
699 102 138 912 913 
700 138 101 230 912 
701 912 230 104 914 
702 913 912 914 76 
703 116 917 915 916 
704 917 79 180 915 
705 915 180 106 141 
706 916 915 141 114 
707 121 498 918 420 
708 498 122 611 918 
709 918 611 77 919 
710 420 918 919 123 
711 136 154 920 921 
712 154 125 234 920 
713 920 234 101 922 
714 921 920 922 138 
715 183 925 923 924 
716 925 186 254 923 
717 923 254 128 201 
718 924 923 201 149 
719 188 927 926 407 
720 927 88 928 926 
721 926 928 189 471 
722 407 926 471 187 
723 204 501 929 423 
724 501 205 930 929 
725 929 930 121 931 
726 423 929 931 206 
727 158 245 932 933 
728 245 143 270 932 
729 932 270 239 934 
730 933 932 934 237 
731 250 936 935 260 
732 936 196 296 935 
733 935 296 251 937 
734 260 935 937 249 
735 265 939 938 276 
736 939 267 317 938 
737 938 317 212 940 
738 276 938 940 268 
739 279 336 941 338 
740 336 191 376 941 
741 941 376 280 942 
742 338 941 942 278 
743 300 944 943 351 
744 944 301 391 943 
745 943 391 207 360 
746 351 943 360 302 
747 325 477 945 434 
748 477 327 946 945 
749 945 946 190 947 
750 434 945 947 328 
751 328 947 948 449 
752 947 190 949 948 
753 948 949 353 503 
754 449 948 503 352 
755 411 481 950 483 
756 481 325 951 950 
757 950 951 434 952 
758 483 950 952 433 
759 414 954 953 446 
760 954 436 486 953 
761 953 486 439 955 
762 446 953 955 193 
763 448 957 956 492 
764 957 449 958 956 
765 956 958 352 507 
766 492 956 507 426 
767 208 960 959 460 
768 960 454 511 959 
769 959 511 453 961 
770 460 959 961 431 
771 463 963 962 546 
772 963 84 643 962 
773 962 643 464 568 
774 546 962 568 462 
775 493 594 964 612 
776 594 494 680 964 
777 964 680 118 965 
778 612 964 965 495 
779 516 967 966 550 
780 967 462 968 966 
781 966 968 517 572 
782 550 966 572 515 
783 519 597 969 616 
784 597 520 970 969 
785 969 970 493 971 
786 616 969 971 521 
787 47 973 972 641 
788 973 560 974 972 
789 972 974 559 651 
790 641 972 651 86 
791 564 976 975 645 
792 976 86 977 975 
793 975 977 565 655 
794 645 975 655 563 
795 119 669 978 677 
796 669 586 979 978 
797 978 979 588 980 
798 677 978 980 72 
799 589 672 981 681 
800 672 590 982 981 
801 981 982 119 983 
802 681 981 983 591 
803 563 985 984 694 
804 985 655 986 984 
805 984 986 654 769 
806 694 984 769 625 
807 628 786 987 712 
808 786 670 988 987 
809 987 988 672 989 
810 712 987 989 589 
811 625 991 990 774 
812 991 769 992 990 
813 990 992 768 843 
814 774 990 843 660 
815 772 994 993 824 
816 994 774 995 993 
817 993 995 660 847 
818 824 993 847 775 
819 674 856 996 789 
820 856 784 997 996 
821 996 997 786 998 
822 789 996 998 628 
823 788 860 999 835 
824 860 674 1000 999 
825 999 1000 789 1001 
826 835 999 1001 787 
