2 0.000000 100.000000 262.180540
991 820 
1 -11.368037 0.000000 -11.667797 99.756042 0.000073 6.975637 0.000007 
2 13.641644 0.000000 -11.667797 99.756180 0.000664 6.972130 0.000009 
3 13.641644 0.000000 11.667797 99.757122 -0.000780 6.970975 -0.000008 
4 -11.368037 0.000000 11.667797 99.756811 -0.000088 6.975644 -0.000008 
5 1.136804 0.000000 0.000000 102.536520 0.005086 6.809531 -0.056011 
6 -11.368037 0.000000 0.000000 99.756402 -0.000008 6.975901 -0.000000 
7 1.136804 0.000000 -11.667797 99.754940 0.000344 6.973867 0.000032 
8 13.641644 0.000000 0.000000 99.822131 0.013183 6.034335 -0.000087 
9 1.136804 0.000000 11.667797 99.758190 -0.000380 6.973654 -0.000033 
10 -5.115617 0.000000 -5.833899 99.754976 0.000130 6.975568 0.000029 
11 -11.368037 0.000000 -5.833899 99.756095 0.000043 6.975784 0.000006 
12 -5.115617 0.000000 -11.667797 99.755517 0.000156 6.975277 0.000018 
13 1.136804 0.000000 -5.833899 99.750769 0.000607 6.969094 0.000122 
14 -5.115617 0.000000 0.000000 99.756156 -0.000011 6.976662 0.000004 
15 7.389224 0.000000 -5.833899 99.755339 0.001314 6.961464 0.000041 
16 7.389224 0.000000 -11.667797 99.755532 0.000561 6.972375 0.000022 
17 13.641644 0.000000 -5.833899 99.756845 0.001394 6.962888 0.000009 
18 7.389224 0.000000 0.000000 99.999322 0.019168 3.495419 -0.001208 
19 -5.115617 0.000000 5.833899 99.757926 -0.000154 6.975728 -0.000030 
20 -11.368037 0.000000 5.833899 99.756736 -0.000059 6.975804 -0.000007 
21 1.136804 0.000000 5.833899 99.763531 -0.000657 6.968118 -0.000132 
22 -5.115617 0.000000 11.667797 99.757425 -0.000178 6.975276 -0.000020 
23 -1.989406 0.000000 -2.916949 99.751643 0.014742 6.973260 0.000098 
24 -5.115617 0.000000 -2.916949 99.755079 0.000076 6.976117 0.000026 
25 -1.989406 0.000000 -5.833899 99.753064 0.000274 6.974181 0.000069 
26 1.136804 0.000000 -2.916949 99.737938 0.000861 6.953293 0.000400 
27 -1.989406 0.000000 0.000000 99.751080 0.000619 6.979967 0.000100 
28 7.389224 0.000000 5.833899 99.759331 -0.001497 6.957245 -0.000033 
29 13.641644 0.000000 5.833899 99.758242 -0.001803 6.953654 -0.000006 
30 7.389224 0.000000 11.667797 99.757689 -0.000629 6.971751 -0.000020 
31 4.263014 0.000000 -2.916949 99.749548 0.008620 6.917026 0.000218 
32 4.263014 0.000000 -5.833899 99.752614 0.001060 6.962817 0.000094 
33 7.389224 0.000000 -2.916949 99.758034 0.002840 6.923090 0.000041 
34 4.263014 0.000000 0.000000 100.053507 0.005232 2.710343 -0.001805 
35 -1.989406 0.000000 2.916949 99.760365 0.000493 6.975270 -0.000078 
36 -5.115617 0.000000 2.916949 99.757529 -0.000099 6.976367 -0.000023 
37 1.136804 0.000000 2.916949 99.786207 -0.001062 6.947312 -0.000555 
38 -1.989406 0.000000 5.833899 99.760336 -0.000304 6.974446 -0.000077 
39 -0.426301 0.000000 -1.458475 99.726353 0.005739 6.951457 0.000633 
40 -1.989406 0.000000 -1.458475 99.748776 0.009265 6.976658 0.000151 
41 -0.426301 0.000000 -2.916949 99.740289 0.008269 6.970026 0.000329 
42 1.136804 0.000000 -1.458475 99.661352 -0.008212 6.910321 0.001986 
43 -0.426301 0.000000 0.000000 99.867754 -0.056336 7.044044 -0.002319 
44 4.263014 0.000000 2.916949 99.769061 -0.008977 6.902942 -0.000152 
45 7.389224 0.000000 2.916949 99.763696 -0.003443 6.889798 -0.000026 
46 4.263014 0.000000 5.833899 99.761626 -0.001158 6.960416 -0.000083 
47 2.699909 0.000000 -1.458475 99.704301 0.002892 6.737200 0.001366 
48 2.699909 0.000000 -2.916949 99.736431 0.015926 6.926236 0.000467 
49 4.263014 0.000000 -1.458475 99.761499 0.011937 6.749181 0.000209 
50 2.699909 0.000000 0.000000 100.410881 0.041823 3.789603 -0.009671 
51 -0.426301 0.000000 1.458475 99.772982 0.003844 6.990277 -0.000351 
52 -1.989406 0.000000 1.458475 99.759017 -0.002259 6.979801 -0.000058 
53 1.136804 0.000000 1.458475 99.838293 0.003447 6.887176 -0.001512 
54 -0.426301 0.000000 2.916949 99.770625 -0.007714 6.971602 -0.000278 
55 0.355251 0.000000 -0.729237 99.721039 0.017609 6.731956 0.001039 
56 -0.426301 0.000000 -0.729237 99.658819 0.011586 6.971611 0.001952 
57 0.355251 0.000000 -1.458475 99.733396 -0.004624 6.930441 0.000522 
58 1.136804 0.000000 -0.729237 99.652208 0.020211 6.814161 0.002300 
59 0.355251 0.000000 0.000000 60.317246 -0.005372 0.047944 0.636183 
60 -8.241827 0.000000 -2.916949 99.755967 0.000035 6.975977 0.000008 
61 -11.368037 0.000000 -2.916949 99.756219 0.000019 6.975862 0.000003 
62 -8.241827 0.000000 -5.833899 99.755777 0.000070 6.975781 0.000012 
63 -8.241827 0.000000 0.000000 99.756367 -0.000010 6.976097 0.000000 
64 -3.552511 0.000000 -1.458475 99.754220 0.000065 6.976839 0.000042 
65 -5.115617 0.000000 -1.458475 99.755482 0.000035 6.976451 0.000017 
66 -3.552511 0.000000 -2.916949 99.753747 0.000123 6.975943 0.000053 
67 -3.552511 0.000000 0.000000 99.755652 -0.000008 6.977512 0.000012 
68 -1.207854 0.000000 -0.729237 99.737316 0.005803 6.982220 0.000372 
69 -1.989406 0.000000 -0.729237 99.752124 -0.001548 6.966991 0.000097 
70 -1.207854 0.000000 -1.458475 99.740257 0.000999 6.972226 0.000327 
71 -1.207854 0.000000 0.000000 99.741722 0.002390 6.984287 0.000281 
72 2.699909 0.000000 1.458475 99.795229 -0.000419 6.698659 -0.000396 
73 4.263014 0.000000 1.458475 99.785030 -0.009645 6.643673 -0.000119 
74 2.699909 0.000000 2.916949 99.775939 -0.008057 6.917039 -0.000308 
75 0.355251 0.000000 0.729237 99.968423 -0.017761 7.002944 -0.004273 
76 -0.426301 0.000000 0.729237 99.760028 -0.043021 7.005239 -0.000114 
77 1.136804 0.000000 0.729237 100.058921 -0.002974 6.702937 -0.005672 
78 0.355251 0.000000 1.458475 99.821718 0.002557 6.964477 -0.001288 
79 -0.035525 0.000000 -0.364619 98.898790 -0.011931 6.810394 0.017265 
80 -0.426301 0.000000 -0.364619 99.683959 0.003084 7.031580 0.001367 
81 -0.035525 0.000000 -0.729237 99.580762 0.021735 6.841582 0.003686 
82 0.355251 0.000000 -0.364619 100.304864 0.101909 5.824520 -0.009500 
83 -0.035525 0.000000 0.000000 156.081883 -0.054179 7.329555 -1.441528 
84 1.918356 0.000000 -0.729237 99.380898 0.016391 6.272442 0.008409 
85 1.918356 0.000000 -1.458475 99.657493 -0.002035 6.828576 0.002175 
86 2.699909 0.000000 -0.729237 99.752248 0.023143 5.924502 0.001439 
87 1.918356 0.000000 0.000000 102.881972 -0.164528 5.165371 -0.061141 
88 0.746027 0.000000 -0.364619 99.612409 0.036334 6.490429 0.003524 
89 0.746027 0.000000 -0.729237 99.657697 0.034320 6.878854 0.002102 
90 1.136804 0.000000 -0.364619 99.654275 0.007965 6.266740 0.002975 
91 0.746027 0.000000 0.000000 102.876623 0.002143 6.603457 -0.062721 
92 -8.241827 0.000000 2.916949 99.756805 -0.000055 6.976029 -0.000009 
93 -11.368037 0.000000 2.916949 99.756595 -0.000035 6.975877 -0.000004 
94 -8.241827 0.000000 5.833899 99.757061 -0.000090 6.975836 -0.000013 
95 -3.552511 0.000000 1.458475 99.757483 -0.000084 6.977405 -0.000024 
96 -5.115617 0.000000 1.458475 99.756924 -0.000058 6.976626 -0.000012 
97 -3.552511 0.000000 2.916949 99.758672 -0.000146 6.976602 -0.000047 
98 -1.207854 0.000000 0.729237 99.755184 0.001843 6.984822 0.000012 
99 -1.989406 0.000000 0.729237 99.758082 -0.003593 6.990354 -0.000054 
100 -1.207854 0.000000 1.458475 99.761414 0.000448 6.983386 -0.000111 
101 -0.035525 0.000000 0.364619 99.407812 -0.148948 6.964626 0.006956 
102 -0.426301 0.000000 0.364619 99.763744 -0.012117 6.958208 -0.000122 
103 0.355251 0.000000 0.364619 100.804612 -0.037184 7.054601 -0.021134 
104 -0.035525 0.000000 0.729237 99.791508 -0.014012 7.055503 -0.000813 
105 0.159863 0.000000 -0.182309 97.689015 -0.079463 0.465758 0.045663 
106 -0.035525 0.000000 -0.182309 96.928784 0.238694 9.048737 0.052287 
107 0.159863 0.000000 -0.364619 99.075128 0.079732 5.707891 0.015153 
108 0.355251 0.000000 -0.182309 101.476120 0.167997 3.278931 -0.030818 
109 0.159863 0.000000 0.000000 104.188992 0.092137 0.142469 -0.085537 
110 -0.817078 0.000000 -0.364619 99.725330 -0.003381 6.989140 0.000601 
111 -1.207854 0.000000 -0.364619 99.737260 0.002422 6.981108 0.000374 
112 -0.817078 0.000000 -0.729237 99.720403 0.009430 6.975404 0.000718 
113 -0.817078 0.000000 0.000000 99.741135 -0.013881 7.002591 0.000267 
114 -0.230913 0.000000 -0.182309 99.990734 -0.020906 7.341635 -0.005205 
115 -0.426301 0.000000 -0.182309 99.775793 -0.046653 7.075096 -0.000527 
116 -0.230913 0.000000 -0.364619 99.412800 0.053595 7.188901 0.006541 
117 -0.230913 0.000000 0.000000 100.815612 -0.084261 7.096872 -0.021416 
118 1.918356 0.000000 0.729237 100.031920 -0.023096 5.923814 -0.004148 
119 2.699909 0.000000 0.729237 99.828033 -0.012859 5.770745 0.000106 
120 1.918356 0.000000 1.458475 99.834077 0.004893 6.749805 -0.001240 
121 0.746027 0.000000 0.364619 99.884489 -0.030912 6.263392 -0.001614 
122 1.136804 0.000000 0.364619 100.352188 -0.011819 6.427865 -0.011188 
123 0.746027 0.000000 0.729237 99.923893 -0.016425 6.781108 -0.003077 
124 0.159863 0.000000 0.182309 99.416581 -0.261095 10.393069 0.000826 
125 -0.035525 0.000000 0.182309 98.291257 0.056924 4.725528 0.031649 
126 0.355251 0.000000 0.182309 102.348629 -0.039129 6.008668 -0.051135 
127 0.159863 0.000000 0.364619 99.735598 -0.093925 7.568259 -0.000448 
128 0.062169 0.000000 -0.091155 85.004646 0.069812 -5.619711 0.274262 
129 -0.035525 0.000000 -0.091155 101.029465 0.088914 23.056239 -0.073855 
130 0.062169 0.000000 -0.182309 95.311465 0.094332 3.934183 0.090024 
131 0.159863 0.000000 -0.091155 97.497234 -0.070330 -13.031498 0.032446 
132 0.062169 0.000000 0.000000 177.428330 0.023177 0.782943 -2.148143 
133 -0.817078 0.000000 0.364619 99.749096 -0.007447 6.993162 0.000121 
134 -1.207854 0.000000 0.364619 99.746876 0.002179 6.985861 0.000176 
135 -0.817078 0.000000 0.729237 99.752348 0.002294 6.989349 0.000062 
136 -0.230913 0.000000 0.182309 100.220982 -0.076888 6.756358 -0.008990 
137 -0.426301 0.000000 0.182309 99.831037 -0.000251 6.967633 -0.001478 
138 -0.230913 0.000000 0.364619 99.655610 -0.041507 6.808823 0.002240 
139 -0.133219 0.000000 -0.091155 102.304772 -0.034903 9.305394 -0.055286 
140 -0.230913 0.000000 -0.091155 100.443916 -0.063005 7.449487 -0.014448 
141 -0.133219 0.000000 -0.182309 99.526701 -0.129610 8.556802 0.002120 
142 -0.133219 0.000000 0.000000 105.132327 0.026314 7.290786 -0.110596 
143 0.062169 0.000000 0.091155 89.805862 -0.013587 12.285859 0.178396 
144 -0.035525 0.000000 0.091155 103.405516 0.016088 -8.046779 -0.075745 
145 0.159863 0.000000 0.091155 101.235336 -0.072436 13.791401 -0.043880 
146 0.062169 0.000000 0.182309 97.253541 -0.107638 8.347299 0.047206 
147 0.013322 0.000000 -0.045577 72.459562 0.159095 -14.125935 0.455004 
148 -0.035525 0.000000 -0.045577 137.331304 -0.021491 33.245409 -0.996514 
149 0.013322 0.000000 -0.091155 75.251014 0.001029 9.312888 0.425055 
150 0.062169 0.000000 -0.045577 174.996719 0.071899 -17.414023 -2.092710 
151 0.013322 0.000000 0.000000 224.085866 -0.003747 3.669994 -4.022794 
152 -0.133219 0.000000 0.091155 102.770567 -0.102217 5.145300 -0.058827 
153 -0.230913 0.000000 0.091155 100.586515 -0.095794 6.710477 -0.016269 
154 -0.133219 0.000000 0.182309 100.054618 -0.167001 5.587553 -0.004218 
155 0.013322 0.000000 0.045577 80.444768 -0.152694 15.934131 0.327472 
156 -0.035525 0.000000 0.045577 137.136183 -0.070080 -17.121579 -0.909949 
157 0.062169 0.000000 0.045577 173.356902 0.007118 18.269641 -2.038640 
158 0.013322 0.000000 0.091155 81.655774 -0.130291 1.465196 0.333017 
159 -1.989406 0.000000 -8.750848 99.754426 0.000261 6.974441 0.000041 
160 -5.115617 0.000000 -8.750848 99.755239 0.000152 6.975331 0.000024 
161 -1.989406 0.000000 -11.667797 99.755147 0.000235 6.974735 0.000026 
162 1.136804 0.000000 -8.750848 99.753831 0.000440 6.972568 0.000056 
163 -0.426301 0.000000 -4.375424 99.749253 0.000446 6.971047 0.000149 
164 -1.989406 0.000000 -4.375424 99.751966 0.000262 6.974252 0.000091 
165 -0.426301 0.000000 -5.833899 99.751720 0.000410 6.972155 0.000098 
166 1.136804 0.000000 -4.375424 99.748507 0.012358 6.964556 0.000173 
167 0.355251 0.000000 -2.187712 99.745959 0.015181 6.949743 0.000244 
168 -0.426301 0.000000 -2.187712 99.740031 0.000978 6.963434 0.000344 
169 0.355251 0.000000 -2.916949 99.742068 0.000773 6.961557 0.000306 
170 1.136804 0.000000 -2.187712 99.740702 0.004311 6.937506 0.000366 
171 -0.035525 0.000000 -1.093856 99.702780 0.008120 6.909313 0.001162 
172 -0.426301 0.000000 -1.093856 99.716525 -0.000777 6.943309 0.000841 
173 -0.035525 0.000000 -1.458475 99.704347 0.002939 6.951116 0.001073 
174 0.355251 0.000000 -1.093856 99.729905 0.011042 6.884643 0.000655 
175 0.159863 0.000000 -0.546928 99.512657 0.024100 6.518235 0.005474 
176 -0.035525 0.000000 -0.546928 99.449759 0.037684 6.765837 0.006397 
177 0.159863 0.000000 -0.729237 99.630549 0.022163 6.743076 0.002828 
178 0.355251 0.000000 -0.546928 99.748541 0.034862 6.520010 0.000772 
179 0.062169 0.000000 -0.273464 97.419699 0.169524 5.562306 0.047843 
180 -0.035525 0.000000 -0.273464 97.902615 0.020715 7.333709 0.036129 
181 0.062169 0.000000 -0.364619 98.691289 0.027920 6.256076 0.022089 
182 0.159863 0.000000 -0.273464 98.620567 0.243432 4.103674 0.025708 
183 0.013322 0.000000 -0.136732 91.820433 0.053684 7.759044 0.150880 
184 -0.035525 0.000000 -0.136732 97.123141 0.182075 11.998619 0.042310 
185 0.013322 0.000000 -0.182309 95.305997 0.181271 6.874675 0.086947 
186 0.062169 0.000000 -0.136732 92.575311 0.085698 1.413793 0.142781 
187 0.550639 0.000000 -0.182309 102.126278 0.000886 5.086740 -0.045565 
188 0.550639 0.000000 -0.364619 99.945804 0.058017 6.605107 -0.003279 
189 0.746027 0.000000 -0.182309 102.897383 0.014073 5.154625 -0.061444 
190 0.550639 0.000000 0.000000 102.170277 -0.006721 6.554101 -0.048172 
191 0.257557 0.000000 -0.091155 101.566732 0.055079 -10.027041 -0.041635 
192 0.257557 0.000000 -0.182309 100.145009 0.031702 1.196462 -0.003046 
193 0.355251 0.000000 -0.091155 104.968721 0.114068 -4.300020 -0.103694 
194 0.257557 0.000000 0.000000 73.108689 0.002231 0.063353 0.465512 
195 0.111016 0.000000 -0.045577 130.512834 -0.000625 -12.323032 -0.718546 
196 0.111016 0.000000 -0.091155 90.862454 -0.014569 -15.069553 0.151692 
197 0.159863 0.000000 -0.045577 103.109133 0.086556 -7.585456 -0.068904 
198 0.111016 0.000000 0.000000 133.228046 -0.015619 0.219694 -0.774976 
199 0.037745 0.000000 -0.068366 73.216927 0.172397 -14.108636 0.444020 
200 0.013322 0.000000 -0.068366 72.458717 0.162982 -13.754115 0.456053 
201 0.037745 0.000000 -0.091155 82.037985 0.050222 -1.799309 0.326653 
202 0.062169 0.000000 -0.068366 78.011797 0.112315 -14.853974 0.369351 
203 0.037745 0.000000 -0.045577 72.818047 0.175203 -14.197668 0.449593 
204 0.550639 0.000000 0.182309 102.212923 -0.017303 5.090093 -0.047339 
205 0.746027 0.000000 0.182309 103.052316 -0.008317 5.148785 -0.064629 
206 0.550639 0.000000 0.364619 100.260834 -0.066955 6.165347 -0.009025 
207 0.257557 0.000000 0.091155 104.256598 -0.006048 10.549173 -0.098072 
208 0.355251 0.000000 0.091155 106.483857 0.018530 4.624514 -0.136020 
209 0.257557 0.000000 0.182309 101.472319 -0.184089 8.668133 -0.037180 
210 0.111016 0.000000 0.045577 130.259152 -0.034508 12.604343 -0.712632 
211 0.159863 0.000000 0.045577 103.082577 0.029305 7.759564 -0.068623 
212 0.111016 0.000000 0.091155 95.550306 -0.118334 16.107253 0.061068 
213 -1.989406 0.000000 8.750848 99.758752 -0.000291 6.974415 -0.000045 
214 -5.115617 0.000000 8.750848 99.757722 -0.000175 6.975381 -0.000026 
215 1.136804 0.000000 8.750848 99.759574 -0.000482 6.972189 -0.000058 
216 -1.989406 0.000000 11.667797 99.757893 -0.000262 6.974670 -0.000028 
217 -0.426301 0.000000 4.375424 99.765771 -0.000474 6.971631 -0.000181 
218 -1.989406 0.000000 4.375424 99.761404 -0.000288 6.975046 -0.000099 
219 1.136804 0.000000 4.375424 99.772591 -0.003488 6.963116 -0.000305 
220 -0.426301 0.000000 5.833899 99.762242 -0.000446 6.972084 -0.000111 
221 0.355251 0.000000 2.187712 99.794301 0.000316 6.965051 -0.000741 
222 -0.426301 0.000000 2.187712 99.775858 0.000002 6.978002 -0.000391 
223 1.136804 0.000000 2.187712 99.816840 0.001436 6.930148 -0.001143 
224 0.355251 0.000000 2.916949 99.780988 -0.000568 6.963992 -0.000474 
225 -0.035525 0.000000 1.093856 99.801116 -0.020038 7.009201 -0.000939 
226 -0.426301 0.000000 1.093856 99.771871 -0.003532 7.000819 -0.000344 
227 0.355251 0.000000 1.093856 99.862316 -0.018499 6.979523 -0.002120 
228 -0.035525 0.000000 1.458475 99.774340 -0.002321 6.973898 -0.000355 
229 0.159863 0.000000 0.546928 99.845975 -0.084213 7.163272 -0.002054 
230 -0.035525 0.000000 0.546928 99.687582 -0.011461 7.083893 0.001220 
231 0.355251 0.000000 0.546928 100.074519 -0.072767 7.000881 -0.006393 
232 0.159863 0.000000 0.729237 99.876151 -0.017575 7.069375 -0.002522 
233 0.062169 0.000000 0.273464 98.421917 -0.016052 7.681528 0.025412 
234 -0.035525 0.000000 0.273464 98.666114 -0.043978 6.443803 0.022347 
235 0.159863 0.000000 0.273464 99.627393 -0.063002 8.537614 0.000149 
236 0.062169 0.000000 0.364619 99.304547 -0.153567 7.278502 0.008561 
237 0.013322 0.000000 0.136732 94.726615 -0.050362 4.850783 0.100334 
238 -0.035525 0.000000 0.136732 99.020487 0.085430 1.994128 0.019096 
239 0.062169 0.000000 0.136732 95.534989 -0.124817 9.428337 0.078416 
240 0.013322 0.000000 0.182309 97.107192 0.006483 6.246926 0.053117 
241 0.037745 0.000000 0.068366 80.858539 -0.068160 16.054419 0.320415 
242 0.013322 0.000000 0.068366 80.379072 -0.148530 15.997808 0.328325 
243 0.037745 0.000000 0.045577 80.610544 -0.058103 15.971404 0.324685 
244 0.062169 0.000000 0.068366 84.755596 -0.088999 16.545416 0.254273 
245 0.037745 0.000000 0.091155 87.407547 -0.016399 9.988862 0.226014 
246 0.111016 0.000000 -0.136732 95.348431 -0.021094 -1.798771 0.090544 
247 0.111016 0.000000 -0.182309 96.406052 0.042525 1.759559 0.070278 
248 0.159863 0.000000 -0.136732 97.465429 -0.183429 -3.232854 0.049001 
249 0.086592 0.000000 -0.068366 90.088337 -0.106737 -14.777676 0.166570 
250 0.086592 0.000000 -0.091155 90.491904 -0.128596 -15.012617 0.158582 
251 0.111016 0.000000 -0.068366 90.872427 -0.025559 -14.819470 0.152258 
252 0.086592 0.000000 -0.045577 150.834398 0.026606 -15.526441 -1.299209 
253 0.086592 0.000000 -0.113943 92.107023 0.087699 -3.960822 0.150060 
254 0.062169 0.000000 -0.113943 89.671723 0.114973 -1.300597 0.195728 
255 0.086592 0.000000 -0.136732 93.948126 0.086112 -0.539615 0.117345 
256 0.111016 0.000000 -0.113943 94.469728 0.007072 -5.280130 0.104759 
257 0.074381 0.000000 -0.079760 87.099694 -0.054277 -14.800098 0.219460 
258 0.062169 0.000000 -0.079760 78.936634 0.095809 -14.922021 0.354633 
259 0.074381 0.000000 -0.091155 86.038276 0.063286 -8.972112 0.251691 
260 0.086592 0.000000 -0.079760 90.211877 -0.102366 -14.822762 0.164209 
261 0.074381 0.000000 -0.068366 84.475109 -0.005401 -14.915344 0.264149 
262 0.111016 0.000000 0.136732 98.019234 -0.120978 11.417602 0.026185 
263 0.159863 0.000000 0.136732 99.893539 -0.321542 11.753536 -0.011697 
264 0.111016 0.000000 0.182309 98.274749 -0.180174 9.743292 0.024711 
265 0.086592 0.000000 0.068366 95.103715 -0.055632 16.069792 0.069704 
266 0.086592 0.000000 0.045577 150.083005 0.002054 15.864065 -1.277658 
267 0.111016 0.000000 0.068366 95.555941 -0.107053 16.166106 0.060771 
268 0.086592 0.000000 0.091155 95.482384 -0.059622 16.096542 0.062401 
269 0.086592 0.000000 0.113943 95.586172 -0.077402 12.383896 0.070992 
270 0.062169 0.000000 0.113943 93.437431 -0.064883 10.676853 0.115545 
271 0.111016 0.000000 0.113943 97.724314 -0.093297 12.934191 0.028266 
272 0.086592 0.000000 0.136732 96.771525 -0.080692 10.726554 0.052021 
273 0.074381 0.000000 0.079760 92.608431 -0.049197 16.000916 0.116765 
274 0.062169 0.000000 0.079760 85.576444 -0.083577 16.444406 0.240625 
275 0.074381 0.000000 0.068366 90.341293 -0.060939 16.222600 0.157527 
276 0.086592 0.000000 0.079760 95.196872 -0.059132 16.080074 0.067898 
277 0.074381 0.000000 0.091155 90.717120 -0.052771 14.773552 0.155214 
278 0.208710 0.000000 -0.045577 84.405796 0.004933 -4.752167 0.285308 
279 0.208710 0.000000 -0.091155 98.869857 -0.027521 -12.440171 0.006999 
280 0.257557 0.000000 -0.045577 72.333504 0.032714 -3.689128 0.475425 
281 0.208710 0.000000 0.000000 85.602323 0.080687 0.113217 0.267222 
282 0.135439 0.000000 -0.068366 91.477025 0.013353 -15.167825 0.140189 
283 0.135439 0.000000 -0.091155 92.637822 -0.007246 -14.770061 0.120008 
284 0.159863 0.000000 -0.068366 101.888655 -0.017750 -11.269038 -0.050829 
285 0.135439 0.000000 -0.045577 115.291615 0.065923 -9.780845 -0.338783 
286 0.257557 0.000000 -0.273464 100.017420 0.120131 4.229759 -0.002139 
287 0.257557 0.000000 -0.364619 99.887228 0.092560 5.533157 -0.000808 
288 0.355251 0.000000 -0.273464 100.474358 0.080596 5.258623 -0.012276 
289 0.208710 0.000000 -0.136732 99.113178 -0.149126 -3.406375 0.016495 
290 0.208710 0.000000 -0.182309 98.758623 -0.017855 0.381874 0.024659 
291 0.257557 0.000000 -0.136732 100.363171 0.152488 -2.841655 -0.008086 
292 0.135439 0.000000 -0.113943 95.817125 -0.035289 -5.935905 0.078384 
293 0.135439 0.000000 -0.136732 96.537918 -0.116500 -2.552424 0.067390 
294 0.159863 0.000000 -0.113943 96.976405 -0.155425 -6.611751 0.055184 
295 0.123228 0.000000 -0.079760 90.994224 0.008478 -14.973505 0.149585 
296 0.111016 0.000000 -0.079760 90.866734 -0.020154 -14.915382 0.152077 
297 0.123228 0.000000 -0.091155 90.839490 -0.000032 -15.064565 0.152125 
298 0.135439 0.000000 -0.079760 92.586391 -0.004398 -14.978166 0.120341 
299 0.123228 0.000000 -0.068366 90.843507 -0.002574 -15.065438 0.152049 
300 0.208710 0.000000 0.045577 84.411765 -0.015906 4.928995 0.285036 
301 0.257557 0.000000 0.045577 72.373759 -0.011316 3.775797 0.474778 
302 0.208710 0.000000 0.091155 102.252102 -0.073785 13.129323 -0.062788 
303 0.135439 0.000000 0.068366 95.995868 -0.158586 16.180351 0.052296 
304 0.135439 0.000000 0.045577 114.998889 -0.078830 10.028752 -0.332533 
305 0.159863 0.000000 0.068366 101.916642 -0.091576 11.316973 -0.051508 
306 0.135439 0.000000 0.091155 97.015009 -0.133688 15.735511 0.034046 
307 0.257557 0.000000 0.273464 100.893104 -0.159269 7.960877 -0.024282 
308 0.355251 0.000000 0.273464 101.168285 -0.180270 6.628270 -0.027899 
309 0.257557 0.000000 0.364619 100.494690 -0.080224 7.511802 -0.015562 
310 0.208710 0.000000 0.136732 101.302249 -0.294180 10.952890 -0.038220 
311 0.257557 0.000000 0.136732 102.239874 0.042173 9.626387 -0.054566 
312 0.208710 0.000000 0.182309 100.323726 -0.211509 9.907511 -0.016305 
313 0.135439 0.000000 0.113943 98.962604 -0.149625 12.839982 0.004152 
314 0.159863 0.000000 0.113943 99.909966 -0.271168 12.750840 -0.014466 
315 0.135439 0.000000 0.136732 99.092640 -0.233293 11.615909 0.004567 
316 0.123228 0.000000 0.079760 95.581356 -0.152996 16.139089 0.060371 
317 0.111016 0.000000 0.079760 95.548479 -0.113337 16.142482 0.060990 
318 0.123228 0.000000 0.068366 95.496177 -0.138172 16.097453 0.062133 
319 0.135439 0.000000 0.079760 96.980868 -0.131713 15.956494 0.034008 
320 0.123228 0.000000 0.091155 95.484703 -0.142378 16.095376 0.062359 
321 0.184287 0.000000 -0.068366 91.711719 -0.004816 -9.565034 0.149747 
322 0.184287 0.000000 -0.091155 97.501398 -0.040127 -12.891594 0.032728 
323 0.208710 0.000000 -0.068366 82.267659 0.068618 -7.617847 0.317400 
324 0.184287 0.000000 -0.045577 92.783626 -0.026707 -6.148150 0.135340 
325 0.184287 0.000000 0.068366 91.849004 -0.118954 9.708764 0.146949 
326 0.184287 0.000000 0.045577 92.850305 -0.114803 6.294968 0.133918 
327 0.208710 0.000000 0.068366 82.273231 -0.013936 7.770613 0.317073 
328 0.184287 0.000000 0.091155 101.166101 -0.100420 13.829256 -0.042584 
329 0.452945 0.000000 -0.091155 98.888034 0.004365 2.815116 0.021323 
330 0.452945 0.000000 -0.182309 99.928946 -0.001132 1.190013 0.001279 
331 0.550639 0.000000 -0.091155 101.545255 -0.002470 5.571303 -0.034248 
332 0.452945 0.000000 0.000000 102.170276 -0.006721 6.554101 -0.048172 
333 0.306404 0.000000 -0.136732 101.696475 0.153935 -1.105695 -0.034342 
334 0.306404 0.000000 -0.182309 100.862605 0.125658 2.017123 -0.017735 
335 0.355251 0.000000 -0.136732 104.162863 0.206001 0.172823 -0.084997 
336 0.306404 0.000000 -0.091155 103.670234 0.127915 -6.305610 -0.078729 
337 0.233134 0.000000 -0.113943 100.140113 0.026002 -6.044708 -0.006458 
338 0.208710 0.000000 -0.113943 100.154163 -0.053527 -7.004548 -0.007992 
339 0.233134 0.000000 -0.136732 99.580658 -0.006282 -3.013196 0.007461 
340 0.257557 0.000000 -0.113943 101.585140 0.043688 -10.029107 -0.042013 
341 0.233134 0.000000 -0.091155 101.580317 -0.022925 -10.030348 -0.041917 
342 0.452945 0.000000 0.091155 99.055789 -0.029140 2.808455 0.018006 
343 0.550639 0.000000 0.091155 101.612118 -0.014694 5.570929 -0.035606 
344 0.452945 0.000000 0.182309 100.081212 -0.028964 1.187899 -0.001766 
345 0.306404 0.000000 0.136732 103.238367 0.026677 7.278235 -0.071113 
346 0.306404 0.000000 0.091155 105.612855 -0.009562 6.682210 -0.119873 
347 0.355251 0.000000 0.136732 105.386228 -0.027718 5.531719 -0.113686 
348 0.306404 0.000000 0.182309 101.957730 -0.095680 7.493076 -0.045153 
349 0.233134 0.000000 0.113943 102.589494 -0.080016 10.227836 -0.062922 
350 0.208710 0.000000 0.113943 102.876434 -0.127098 11.902627 -0.072525 
351 0.233134 0.000000 0.091155 104.340201 -0.026548 10.558611 -0.099836 
352 0.257557 0.000000 0.113943 104.276699 -0.013940 10.551470 -0.098496 
353 0.233134 0.000000 0.136732 101.639888 -0.128649 10.141727 -0.043354 
354 0.306404 0.000000 -0.045577 64.189758 0.175252 -1.964448 0.587579 
355 0.355251 0.000000 -0.045577 59.543388 0.009661 -0.910611 0.645376 
356 0.306404 0.000000 0.000000 64.809387 0.028501 0.028480 0.579974 
357 0.281981 0.000000 -0.113943 102.837880 0.146235 -8.246822 -0.064366 
358 0.281981 0.000000 -0.136732 101.464383 0.137794 -1.941448 -0.029881 
359 0.306404 0.000000 -0.113943 103.667515 0.119851 -6.306417 -0.078674 
360 0.281981 0.000000 -0.091155 102.612922 0.139827 -8.577278 -0.060300 
361 0.281981 0.000000 -0.068366 66.334558 0.193729 -4.278535 0.558138 
362 0.257557 0.000000 -0.068366 71.608229 0.042548 -5.724143 0.483949 
363 0.306404 0.000000 -0.068366 63.649085 0.164945 -2.793789 0.594096 
364 0.281981 0.000000 -0.045577 67.486974 0.144835 -2.879528 0.543720 
365 0.269769 0.000000 -0.102549 101.815988 0.102682 -9.770723 -0.046197 
366 0.257557 0.000000 -0.102549 101.565045 0.056123 -10.026852 -0.041600 
367 0.269769 0.000000 -0.113943 101.769859 0.119269 -10.046632 -0.045805 
368 0.281981 0.000000 -0.102549 102.638423 0.150397 -8.956979 -0.061490 
369 0.269769 0.000000 -0.091155 101.668844 0.088025 -10.036878 -0.043730 
370 0.306404 0.000000 0.045577 64.340556 0.017870 1.996921 0.585630 
371 0.355251 0.000000 0.045577 59.517917 -0.021321 1.006109 0.645660 
372 0.281981 0.000000 0.113943 105.156492 0.079304 8.697532 -0.113354 
373 0.281981 0.000000 0.091155 104.996639 0.073134 9.040784 -0.110604 
374 0.306404 0.000000 0.113943 105.595863 -0.028972 6.681199 -0.119513 
375 0.281981 0.000000 0.136732 103.167974 -0.035355 8.406502 -0.071430 
376 0.281981 0.000000 0.068366 66.317285 0.124854 4.321628 0.558333 
377 0.257557 0.000000 0.068366 71.684501 -0.016196 5.813139 0.482754 
378 0.281981 0.000000 0.045577 67.562889 0.080688 2.986880 0.542633 
379 0.306404 0.000000 0.068366 63.771424 -0.012867 2.820261 0.592525 
380 0.269769 0.000000 0.102549 104.437533 0.040651 10.280753 -0.101289 
381 0.257557 0.000000 0.102549 104.254755 -0.005324 10.548963 -0.098033 
382 0.269769 0.000000 0.091155 104.338681 0.027935 10.556827 -0.099801 
383 0.281981 0.000000 0.102549 105.064292 0.102438 9.431268 -0.112746 
384 0.269769 0.000000 0.113943 104.420294 0.060461 10.564470 -0.101521 
385 0.746027 0.000000 -1.093856 99.719329 0.006534 6.902681 0.000841 
386 0.746027 0.000000 -1.458475 99.726275 -0.006895 6.926289 0.000670 
387 1.136804 0.000000 -1.093856 99.694486 -0.016672 6.891733 0.001351 
388 0.550639 0.000000 -0.546928 99.723706 0.041593 6.761033 0.000947 
389 0.550639 0.000000 -0.729237 99.735456 0.020172 6.790064 0.000673 
390 0.746027 0.000000 -0.546928 99.714565 0.039712 6.760480 0.001130 
391 0.452945 0.000000 -0.273464 100.303289 0.107880 6.162063 -0.009873 
392 0.452945 0.000000 -0.364619 100.262042 0.099330 6.424025 -0.009376 
393 0.550639 0.000000 -0.273464 102.105909 -0.004860 1.082459 -0.042679 
394 0.404098 0.000000 -0.136732 97.718633 0.000924 0.455404 0.045086 
395 0.404098 0.000000 -0.182309 101.642086 0.126904 5.050131 -0.035663 
396 0.452945 0.000000 -0.136732 99.105458 0.003312 2.256363 0.017302 
397 0.404098 0.000000 -0.091155 100.681002 0.034384 -1.313074 -0.013839 
398 0.330828 0.000000 -0.113943 103.689613 0.135618 -6.312073 -0.079140 
399 0.330828 0.000000 -0.136732 102.206367 0.151146 -0.995775 -0.044716 
400 0.355251 0.000000 -0.113943 104.839904 0.120585 -4.542453 -0.101205 
401 0.330828 0.000000 -0.091155 103.682664 0.134574 -6.311611 -0.078995 
402 0.746027 0.000000 1.093856 99.900497 -0.000233 6.911436 -0.002788 
403 1.136804 0.000000 1.093856 99.937347 0.002791 6.824591 -0.003405 
404 0.746027 0.000000 1.458475 99.842690 0.004403 6.927613 -0.001655 
405 0.550639 0.000000 0.546928 99.996861 -0.042280 6.689965 -0.004413 
406 0.746027 0.000000 0.546928 100.001355 -0.012187 6.676692 -0.004485 
407 0.550639 0.000000 0.729237 99.974887 -0.020423 6.900064 -0.004259 
408 0.452945 0.000000 0.273464 100.793368 -0.067815 5.613208 -0.019082 
409 0.550639 0.000000 0.273464 102.213743 -0.018159 1.080263 -0.044882 
410 0.452945 0.000000 0.364619 100.644381 -0.036435 6.371632 -0.016989 
411 0.404098 0.000000 0.136732 97.918235 -0.038661 0.452720 0.041181 
412 0.404098 0.000000 0.091155 101.291843 0.027100 2.009115 -0.026407 
413 0.452945 0.000000 0.136732 99.270693 -0.029487 2.251320 0.014026 
414 0.404098 0.000000 0.182309 102.311563 -0.097038 4.030333 -0.048391 
415 0.330828 0.000000 0.113943 105.662739 -0.032100 6.688049 -0.120935 
416 0.330828 0.000000 0.091155 105.655216 -0.032931 6.687560 -0.120775 
417 0.355251 0.000000 0.113943 106.412934 0.015407 4.873258 -0.134746 
418 0.330828 0.000000 0.136732 103.570785 0.025102 6.930523 -0.077494 
419 0.404098 0.000000 -0.045577 59.294515 0.032524 1.114905 0.648292 
420 0.452945 0.000000 -0.045577 99.609632 0.004800 4.433750 0.005826 
421 0.404098 0.000000 0.000000 60.500514 0.021578 0.002443 0.633969 
422 0.379675 0.000000 -0.113943 104.431777 0.077230 -2.098659 -0.091041 
423 0.379675 0.000000 -0.136732 104.035035 0.158021 1.937625 -0.082707 
424 0.404098 0.000000 -0.113943 100.258844 0.038428 -1.576375 -0.005432 
425 0.379675 0.000000 -0.091155 104.096595 0.071100 -2.091489 -0.084048 
426 0.330828 0.000000 -0.068366 61.069313 0.093061 -2.769054 0.626286 
427 0.355251 0.000000 -0.068366 58.152068 0.031925 -1.646307 0.661563 
428 0.330828 0.000000 -0.045577 61.542488 0.011641 -1.723846 0.620955 
429 0.343039 0.000000 -0.102549 104.169716 0.145776 -5.994263 -0.088728 
430 0.330828 0.000000 -0.102549 103.685899 0.135060 -6.311826 -0.079062 
431 0.343039 0.000000 -0.113943 104.279441 0.137664 -5.844783 -0.090838 
432 0.355251 0.000000 -0.102549 104.961234 0.114885 -4.667104 -0.103866 
433 0.343039 0.000000 -0.091155 103.980423 0.146106 -6.330355 -0.085202 
434 0.404098 0.000000 0.045577 59.353571 -0.001334 -1.159442 0.647581 
435 0.452945 0.000000 0.045577 99.751990 -0.024029 4.428282 0.002993 
436 0.330828 0.000000 0.068366 61.226094 -0.065361 2.847171 0.624325 
437 0.330828 0.000000 0.045577 61.619790 -0.059248 1.785079 0.619981 
438 0.355251 0.000000 0.068366 58.191359 -0.030041 1.715041 0.661082 
439 0.379675 0.000000 0.113943 105.359485 0.039307 2.372108 -0.110625 
440 0.379675 0.000000 0.091155 104.966510 0.043620 2.363723 -0.102356 
441 0.404098 0.000000 0.113943 100.899471 0.027965 2.105147 -0.018514 
442 0.379675 0.000000 0.136732 105.082261 -0.056837 3.565370 -0.105500 
443 0.343039 0.000000 0.102549 106.058348 -0.003687 6.360643 -0.128883 
444 0.330828 0.000000 0.102549 105.658718 -0.032544 6.687788 -0.120849 
445 0.343039 0.000000 0.091155 105.925726 -0.010595 6.704340 -0.126521 
446 0.355251 0.000000 0.102549 106.543200 0.018267 4.999030 -0.137644 
447 0.343039 0.000000 0.113943 106.126446 -0.002290 6.206737 -0.130135 
448 1.527580 0.000000 -0.364619 99.294468 0.006823 6.180306 0.010241 
449 1.527580 0.000000 -0.729237 99.440302 0.004064 6.680127 0.006700 
450 1.918356 0.000000 -0.364619 98.515252 0.035706 4.268208 0.027653 
451 1.527580 0.000000 0.000000 100.317173 -0.066138 6.529130 -0.010617 
452 0.941416 0.000000 -0.182309 102.910024 0.022374 5.184727 -0.061735 
453 0.941416 0.000000 -0.364619 99.600305 0.032868 6.352738 0.003942 
454 1.136804 0.000000 -0.182309 102.264506 0.021185 4.612037 -0.047930 
455 0.941416 0.000000 0.000000 103.008660 0.007314 6.724688 -0.065601 
456 0.648333 0.000000 -0.091155 102.402974 0.000957 5.611281 -0.051786 
457 0.648333 0.000000 -0.182309 102.483580 0.008817 4.615037 -0.052418 
458 0.746027 0.000000 -0.091155 102.994921 0.009669 6.272360 -0.064730 
459 0.648333 0.000000 0.000000 102.610842 -0.001193 6.584886 -0.057235 
460 0.501792 0.000000 -0.136732 99.782253 0.003243 3.372453 0.003213 
461 0.501792 0.000000 -0.182309 101.467319 -0.000225 3.189796 -0.030579 
462 0.550639 0.000000 -0.136732 102.130546 0.000267 5.871661 -0.046512 
463 0.501792 0.000000 -0.091155 99.785669 0.001769 3.459886 0.003085 
464 0.428522 0.000000 -0.113943 97.828578 0.022825 -0.250995 0.042951 
465 0.428522 0.000000 -0.136732 99.057950 0.001507 1.277766 0.018589 
466 0.452945 0.000000 -0.113943 98.937144 0.003195 2.298958 0.020616 
467 0.428522 0.000000 -0.091155 98.045248 0.020690 0.131577 0.038711 
468 0.379675 0.000000 -0.068366 57.634015 0.064232 -0.038653 0.667831 
469 0.404098 0.000000 -0.068366 97.729379 0.003878 1.061293 0.044784 
470 0.379675 0.000000 -0.045577 58.635144 0.032446 -0.051452 0.656192 
471 0.391886 0.000000 -0.102549 102.650360 0.047671 -1.901767 -0.054072 
472 0.379675 0.000000 -0.102549 104.443527 0.077846 -2.098974 -0.091286 
473 0.391886 0.000000 -0.113943 102.458224 0.047781 -1.829929 -0.050104 
474 0.404098 0.000000 -0.102549 100.361417 0.039096 -1.631165 -0.007508 
475 0.391886 0.000000 -0.091155 102.285415 0.047458 -1.754766 -0.046539 
476 0.379675 0.000000 0.068366 57.678777 0.006003 0.058753 0.667316 
477 0.379675 0.000000 0.045577 58.716159 -0.017941 0.063695 0.655241 
478 0.404098 0.000000 0.068366 97.926101 -0.034673 1.055591 0.040936 
479 1.527580 0.000000 0.364619 100.764215 -0.020733 5.251711 -0.018101 
480 1.918356 0.000000 0.364619 100.856316 -0.018854 3.221849 -0.018238 
481 1.527580 0.000000 0.729237 100.122178 -0.013730 6.396706 -0.006537 
482 0.941416 0.000000 0.182309 103.247657 -0.003925 5.165736 -0.068676 
483 1.136804 0.000000 0.182309 102.795054 -0.007081 4.575595 -0.058776 
484 0.941416 0.000000 0.364619 99.976643 -0.002862 6.452091 -0.003696 
485 0.648333 0.000000 0.091155 102.473589 -0.009529 5.609204 -0.053230 
486 0.746027 0.000000 0.091155 103.058524 -0.000904 6.272367 -0.066040 
487 0.648333 0.000000 0.182309 102.613273 -0.012735 4.614749 -0.055078 
488 0.501792 0.000000 0.136732 99.926667 -0.025886 3.370239 0.000330 
489 0.501792 0.000000 0.091155 99.923520 -0.024941 3.455198 0.000335 
490 0.550639 0.000000 0.136732 102.205529 -0.014937 5.872838 -0.048046 
491 0.501792 0.000000 0.182309 101.579593 -0.023051 3.189380 -0.032859 
492 0.428522 0.000000 0.113943 98.217634 -0.014538 1.666226 0.035052 
493 0.428522 0.000000 0.091155 98.407281 -0.015905 1.825960 0.031267 
494 0.452945 0.000000 0.113943 99.104882 -0.030373 2.294931 0.017295 
495 0.428522 0.000000 0.136732 99.227217 -0.030372 1.273573 0.015234 
496 0.391886 0.000000 0.102549 103.401199 0.045507 2.214596 -0.069671 
497 0.379675 0.000000 0.102549 105.369723 0.039099 2.372379 -0.110841 
498 0.391886 0.000000 0.091155 103.008220 0.037639 2.104927 -0.061513 
499 0.404098 0.000000 0.102549 101.012514 0.029715 2.129233 -0.020806 
500 0.391886 0.000000 0.113943 103.195676 0.041383 2.160816 -0.065402 
501 1.332192 0.000000 -0.182309 98.694169 0.001380 4.300764 0.024096 
502 1.332192 0.000000 -0.364619 99.523560 0.017091 6.369907 0.005448 
503 1.527580 0.000000 -0.182309 99.707117 0.001462 5.277885 0.003063 
504 1.332192 0.000000 0.000000 99.559860 -0.084335 6.582407 0.004450 
505 1.332192 0.000000 0.182309 100.708465 -0.196974 3.383012 -0.015368 
506 1.527580 0.000000 0.182309 101.299310 -0.144072 4.391026 -0.028085 
507 1.332192 0.000000 0.364619 100.702490 -0.007050 5.808438 -0.017473 
508 1.234498 0.000000 -0.091155 97.612652 -0.000636 1.930446 0.046804 
509 1.136804 0.000000 -0.091155 101.021580 0.009675 5.461299 -0.023519 
510 1.234498 0.000000 -0.182309 100.579356 0.019289 0.803081 -0.011685 
511 1.332192 0.000000 -0.091155 97.813085 -0.013972 3.631887 0.041941 
512 1.234498 0.000000 0.000000 68.302754 -0.014920 0.017500 0.533473 
513 1.234498 0.000000 0.091155 98.744232 -0.021896 1.890523 0.024600 
514 1.136804 0.000000 0.091155 101.496230 -0.001846 5.447661 -0.033116 
515 1.332192 0.000000 0.091155 99.135667 -0.080478 3.491717 0.015992 
516 1.234498 0.000000 0.182309 101.313874 -0.000541 0.798743 -0.026514 
517 4.263014 0.000000 -8.750848 99.754303 0.000649 6.970507 0.000049 
518 4.263014 0.000000 -11.667797 99.755114 0.000463 6.972957 0.000030 
519 7.389224 0.000000 -8.750848 99.755295 0.000803 6.969521 0.000031 
520 2.699909 0.000000 -4.375424 99.747068 0.001164 6.956225 0.000213 
521 2.699909 0.000000 -5.833899 99.751102 0.000851 6.965471 0.000120 
522 4.263014 0.000000 -4.375424 99.751247 0.001534 6.951274 0.000137 
523 1.918356 0.000000 -2.187712 99.729476 0.005863 6.913014 0.000624 
524 1.918356 0.000000 -2.916949 99.745331 -0.001095 6.945126 0.000263 
525 2.699909 0.000000 -2.187712 99.730525 0.002469 6.883440 0.000644 
526 1.527580 0.000000 -1.093856 99.628759 0.002705 6.823231 0.002755 
527 1.527580 0.000000 -1.458475 99.659715 -0.010999 6.891942 0.002044 
528 1.918356 0.000000 -1.093856 99.596571 -0.013112 6.701164 0.003562 
529 1.332192 0.000000 -0.546928 99.534853 0.013373 6.670168 0.004832 
530 1.136804 0.000000 -0.546928 99.621086 0.010247 6.696089 0.003080 
531 1.332192 0.000000 -0.729237 99.585151 0.000552 6.782121 0.003680 
532 1.527580 0.000000 -0.546928 99.375932 0.012361 6.539448 0.008166 
533 1.234498 0.000000 -0.273464 99.872192 -0.008628 5.866916 -0.000888 
534 1.136804 0.000000 -0.273464 102.227216 0.027899 1.113576 -0.045164 
535 1.234498 0.000000 -0.364619 99.664633 0.003154 6.342292 0.002674 
536 1.332192 0.000000 -0.273464 98.889471 0.008250 0.425832 0.022069 
537 10.515434 0.000000 -2.916949 99.758927 0.002759 6.929567 0.000014 
538 10.515434 0.000000 -5.833899 99.756453 0.001389 6.962045 0.000018 
539 13.641644 0.000000 -2.916949 99.758932 0.002626 6.934952 0.000006 
540 10.515434 0.000000 0.000000 99.879635 0.017150 5.210697 -0.000309 
541 5.826119 0.000000 -1.458475 99.766109 0.005824 6.776875 0.000080 
542 5.826119 0.000000 -2.916949 99.756006 0.002795 6.919449 0.000086 
543 7.389224 0.000000 -1.458475 99.767040 0.005510 6.802781 0.000026 
544 5.826119 0.000000 0.000000 100.054373 0.011709 2.700772 -0.001817 
545 3.481461 0.000000 -0.729237 99.802355 0.015817 6.069467 0.000265 
546 3.481461 0.000000 -1.458475 99.751320 0.004161 6.737827 0.000428 
547 4.263014 0.000000 -0.729237 99.805355 0.012087 6.186091 0.000062 
548 3.481461 0.000000 0.000000 100.033711 0.005001 3.099130 -0.001635 
549 2.309132 0.000000 -0.364619 99.324797 0.020854 3.226803 0.012417 
550 2.309132 0.000000 -0.729237 99.565676 0.013790 5.931164 0.005150 
551 2.699909 0.000000 -0.364619 100.019645 0.023418 3.742290 -0.001793 
552 2.309132 0.000000 0.000000 154.624371 0.089896 4.685815 -1.393066 
553 1.722968 0.000000 -0.182309 100.827921 -0.042114 5.409469 -0.019553 
554 1.722968 0.000000 -0.364619 98.459895 0.019361 5.596667 0.027433 
555 1.918356 0.000000 -0.182309 102.296888 -0.124445 4.959123 -0.048926 
556 1.722968 0.000000 0.000000 101.666666 -0.089570 6.380101 -0.037682 
557 1.429886 0.000000 -0.091155 99.265196 -0.030884 4.427873 0.012681 
558 1.429886 0.000000 -0.182309 98.946050 0.003043 4.194783 0.019208 
559 1.527580 0.000000 -0.091155 99.937791 -0.017977 5.180026 -0.001440 
560 1.429886 0.000000 0.000000 99.559858 -0.084339 6.582381 0.004450 
561 1.283345 0.000000 -0.136732 97.127784 -0.008401 2.531703 0.055978 
562 1.234498 0.000000 -0.136732 97.968787 0.002016 1.672486 0.039932 
563 1.283345 0.000000 -0.182309 97.707158 -0.004560 1.707335 0.045040 
564 1.332192 0.000000 -0.136732 97.745055 -0.005145 4.239242 0.042793 
565 1.283345 0.000000 -0.091155 96.941225 -0.009018 2.811876 0.059449 
566 10.515434 0.000000 2.916949 99.763930 -0.003856 6.873159 -0.000008 
567 13.641644 0.000000 2.916949 99.765261 -0.004269 6.850884 -0.000004 
568 10.515434 0.000000 5.833899 99.758474 -0.001680 6.955426 -0.000013 
569 5.826119 0.000000 1.458475 99.786453 -0.008495 6.578207 -0.000061 
570 7.389224 0.000000 1.458475 99.790583 -0.007877 6.495222 -0.000035 
571 5.826119 0.000000 2.916949 99.764987 -0.003165 6.896529 -0.000061 
572 3.481461 0.000000 0.729237 99.863618 -0.009115 5.516856 -0.000318 
573 4.263014 0.000000 0.729237 99.881306 -0.015666 5.229319 -0.000362 
574 3.481461 0.000000 1.458475 99.784705 -0.010259 6.674640 -0.000154 
575 2.309132 0.000000 0.364619 99.250141 -0.065024 3.674861 0.013590 
576 2.699909 0.000000 0.364619 100.085518 0.005883 3.264282 -0.002777 
577 2.309132 0.000000 0.729237 99.775681 -0.006877 5.808414 0.001108 
578 1.722968 0.000000 0.182309 102.566569 -0.161098 4.890524 -0.054384 
579 1.918356 0.000000 0.182309 103.771432 -0.260065 4.359695 -0.078758 
580 1.722968 0.000000 0.364619 100.930157 -0.047728 4.458877 -0.020678 
581 1.429886 0.000000 0.091155 100.397650 -0.110067 4.173085 -0.009711 
582 1.527580 0.000000 0.091155 101.055073 -0.077656 4.915574 -0.023630 
583 1.429886 0.000000 0.182309 100.989472 -0.163191 3.707600 -0.021265 
584 4.263014 0.000000 8.750848 99.759168 -0.000714 6.969669 -0.000047 
585 7.389224 0.000000 8.750848 99.758275 -0.000902 6.968164 -0.000027 
586 4.263014 0.000000 11.667797 99.758065 -0.000512 6.972550 -0.000029 
587 2.699909 0.000000 4.375424 99.768063 -0.001260 6.952681 -0.000201 
588 4.263014 0.000000 4.375424 99.764056 -0.001642 6.946539 -0.000112 
589 2.699909 0.000000 5.833899 99.763089 -0.000904 6.963757 -0.000117 
590 1.918356 0.000000 2.187712 99.804883 0.002147 6.884107 -0.000841 
591 2.699909 0.000000 2.187712 99.782418 -0.006994 6.862192 -0.000362 
592 1.918356 0.000000 2.916949 99.796852 -0.010756 6.924021 -0.000735 
593 1.527580 0.000000 1.093856 99.934147 -0.004728 6.685703 -0.003153 
594 1.918356 0.000000 1.093856 99.884363 0.005495 6.542715 -0.001969 
595 1.527580 0.000000 1.458475 99.863640 0.005686 6.806336 -0.001907 
596 1.332192 0.000000 0.546928 100.330743 -0.009334 6.360556 -0.010671 
597 1.136804 0.000000 0.546928 100.178403 -0.005322 6.624426 -0.007960 
598 1.527580 0.000000 0.546928 100.367477 -0.016033 6.013776 -0.010980 
599 1.332192 0.000000 0.729237 100.126187 -0.004671 6.573153 -0.006846 
600 1.234498 0.000000 0.273464 101.109765 -0.017698 5.800973 -0.025684 
601 1.136804 0.000000 0.273464 102.818507 -0.004212 1.107798 -0.057287 
602 1.332192 0.000000 0.273464 100.781333 -0.052637 0.374384 -0.015702 
603 1.234498 0.000000 0.364619 100.613099 -0.011278 6.195021 -0.016137 
604 1.283345 0.000000 0.136732 98.730304 -0.098778 2.181001 0.024756 
605 1.234498 0.000000 0.136732 99.059643 -0.016693 1.645699 0.018448 
606 1.283345 0.000000 0.091155 98.483088 -0.081591 2.619684 0.029421 
607 1.332192 0.000000 0.136732 99.387499 -0.114972 3.900342 0.010690 
608 1.283345 0.000000 0.182309 99.401182 -0.131152 1.457251 0.011726 
609 2.113744 0.000000 -0.182309 100.890556 0.044530 5.135995 -0.020528 
610 2.113744 0.000000 -0.364619 99.145717 0.018601 3.881873 0.015506 
611 2.309132 0.000000 -0.182309 98.457760 -0.032036 -1.928551 0.030235 
612 2.113744 0.000000 0.000000 121.886995 -0.149518 0.988257 -0.485744 
613 2.113744 0.000000 0.182309 98.975473 -0.057460 -2.585833 0.019717 
614 2.309132 0.000000 0.182309 97.477139 -0.151076 6.568330 0.045504 
615 2.113744 0.000000 0.364619 99.611257 -0.052488 2.721244 0.007019 
616 2.016050 0.000000 -0.091155 103.203463 -0.032455 3.613636 -0.066401 
617 1.918356 0.000000 -0.091155 102.485052 -0.147013 4.744717 -0.052572 
618 2.016050 0.000000 -0.182309 102.703061 -0.038177 1.858280 -0.055137 
619 2.113744 0.000000 -0.091155 107.753146 0.075538 11.345072 -0.173946 
620 2.016050 0.000000 0.000000 102.881979 -0.164529 5.165224 -0.061141 
621 2.016050 0.000000 0.091155 104.271989 -0.348676 2.783022 -0.088051 
622 1.918356 0.000000 0.091155 103.433862 -0.210257 4.658552 -0.072031 
623 2.113744 0.000000 0.091155 101.549898 -0.002691 -10.573053 -0.042417 
624 2.016050 0.000000 0.182309 104.541189 -0.174817 1.903849 -0.093252 
625 2.309132 0.000000 -1.093856 99.639108 0.004545 6.573400 0.002884 
626 2.309132 0.000000 -1.458475 99.666420 -0.001997 6.766827 0.002081 
627 2.699909 0.000000 -1.093856 99.705747 0.002074 6.525849 0.001618 
628 2.113744 0.000000 -0.546928 99.267201 0.065007 5.250225 0.011845 
629 1.918356 0.000000 -0.546928 99.015353 0.014805 5.589734 0.016471 
630 2.113744 0.000000 -0.729237 99.451919 0.015144 6.059230 0.007260 
631 2.309132 0.000000 -0.546928 99.512407 0.058775 5.059747 0.007168 
632 2.016050 0.000000 -0.273464 99.366983 0.045447 3.074132 0.011675 
633 1.918356 0.000000 -0.273464 101.765069 -0.150365 3.227247 -0.036657 
634 2.016050 0.000000 -0.364619 98.931644 0.037640 3.903938 0.019729 
635 2.113744 0.000000 -0.273464 99.228812 0.041299 3.599908 0.014068 
636 3.090685 0.000000 -0.364619 99.953838 0.022041 4.064605 -0.000729 
637 3.090685 0.000000 -0.729237 99.794445 0.009440 6.000418 0.000506 
638 3.481461 0.000000 -0.364619 99.935445 0.020585 4.299063 -0.000558 
639 3.090685 0.000000 0.000000 100.046002 0.012445 3.438655 -0.002103 
640 2.504521 0.000000 -0.182309 100.952737 0.019997 1.747171 -0.019451 
641 2.504521 0.000000 -0.364619 99.932366 0.067149 3.329835 0.000243 
642 2.699909 0.000000 -0.182309 100.312694 0.042881 2.451345 -0.006865 
643 2.504521 0.000000 0.000000 102.185702 0.092629 3.938131 -0.045744 
644 2.211438 0.000000 -0.091155 87.791167 0.033375 15.925616 0.203908 
645 2.211438 0.000000 -0.182309 96.226609 0.039786 3.673888 0.072694 
646 2.309132 0.000000 -0.091155 112.924363 0.037106 -21.829959 -0.322846 
647 2.211438 0.000000 0.000000 178.272837 0.041979 2.181177 -2.178596 
648 2.064897 0.000000 -0.136732 103.155204 0.008131 1.301258 -0.064269 
649 2.016050 0.000000 -0.136732 103.136932 -0.054934 4.084495 -0.065391 
650 2.064897 0.000000 -0.182309 101.606503 0.059769 3.680681 -0.033743 
651 2.113744 0.000000 -0.136732 104.252488 0.182417 7.659169 -0.092728 
652 2.064897 0.000000 -0.091155 104.441984 0.074011 4.553120 -0.092886 
653 3.090685 0.000000 0.364619 100.063769 -0.015283 2.840056 -0.002082 
654 3.481461 0.000000 0.364619 100.071747 -0.016744 2.589312 -0.002106 
655 3.090685 0.000000 0.729237 99.855851 -0.009413 5.642964 -0.000303 
656 2.504521 0.000000 0.182309 100.874721 -0.053235 3.063499 -0.018510 
657 2.699909 0.000000 0.182309 100.340334 -0.010560 2.426436 -0.007407 
658 2.504521 0.000000 0.364619 99.904935 -0.019235 3.705810 0.000527 
659 2.211438 0.000000 0.091155 83.912765 0.079128 -15.138685 0.272946 
660 2.309132 0.000000 0.091155 111.713857 -0.000043 28.711707 -0.330435 
661 2.211438 0.000000 0.182309 94.701701 -0.062765 -0.109991 0.103157 
662 2.309132 0.000000 1.093856 99.813388 -0.004617 6.486623 -0.000479 
663 2.699909 0.000000 1.093856 99.802147 -0.003621 6.465256 -0.000227 
664 2.309132 0.000000 1.458475 99.807150 0.002256 6.716431 -0.000658 
665 2.113744 0.000000 0.546928 99.785193 -0.011162 4.860301 0.001929 
666 1.918356 0.000000 0.546928 100.168014 -0.047019 5.132631 -0.005998 
667 2.309132 0.000000 0.546928 99.684410 -0.023647 4.955331 0.003846 
668 2.113744 0.000000 0.729237 99.867739 -0.020210 5.803809 -0.000725 
669 2.016050 0.000000 0.273464 100.594043 -0.037601 1.284807 -0.012081 
670 1.918356 0.000000 0.273464 104.503270 -0.323441 3.359146 -0.093232 
671 2.113744 0.000000 0.273464 99.170871 -0.063172 0.882235 0.016436 
672 2.016050 0.000000 0.364619 100.270539 -0.025210 2.861091 -0.006237 
673 2.064897 0.000000 0.136732 104.752970 -0.214753 1.102976 -0.097445 
674 2.016050 0.000000 0.136732 104.388610 -0.409585 3.211202 -0.090746 
675 2.064897 0.000000 0.091155 104.178697 -0.188262 -1.536516 -0.085560 
676 2.113744 0.000000 0.136732 100.070019 0.062756 -6.074879 -0.005092 
677 2.064897 0.000000 0.182309 100.208697 -0.031822 -1.910794 -0.004544 
678 2.211438 0.000000 -0.273464 97.899803 0.102742 2.938171 0.040699 
679 2.211438 0.000000 -0.364619 99.095556 0.052479 3.599363 0.016711 
680 2.309132 0.000000 -0.273464 98.740891 0.110739 1.531987 0.024788 
681 2.162591 0.000000 -0.136732 98.975588 0.137298 9.242397 0.011839 
682 2.162591 0.000000 -0.182309 98.590665 0.082902 5.452636 0.025014 
683 2.211438 0.000000 -0.136732 93.565279 0.054540 6.489946 0.120342 
684 2.162591 0.000000 -0.091155 99.029717 -0.032704 15.545421 -0.004855 
685 2.064897 0.000000 -0.045577 103.248628 0.015810 1.221864 -0.066177 
686 2.016050 0.000000 -0.045577 102.850340 -0.086670 5.152534 -0.060475 
687 2.113744 0.000000 -0.045577 118.365283 -0.107782 5.778465 -0.404374 
688 2.064897 0.000000 0.000000 111.217761 -0.002439 1.000743 -0.237039 
689 2.089321 0.000000 -0.113943 108.153807 0.145888 5.884488 -0.173189 
690 2.064897 0.000000 -0.113943 105.580644 0.121594 5.217488 -0.117451 
691 2.089321 0.000000 -0.136732 103.719570 0.083890 0.337745 -0.075787 
692 2.113744 0.000000 -0.113943 107.826012 0.076291 11.201453 -0.175193 
693 2.089321 0.000000 -0.091155 107.988994 0.141440 5.727808 -0.169445 
694 2.064897 0.000000 0.045577 104.767504 -0.185398 1.009538 -0.097728 
695 2.016050 0.000000 0.045577 103.934687 -0.398512 4.478005 -0.082263 
696 2.113744 0.000000 0.045577 121.727977 -0.171951 -5.768749 -0.485101 
697 2.211438 0.000000 0.273464 97.426543 -0.023609 1.948557 0.050427 
698 2.309132 0.000000 0.273464 98.313517 -0.022408 3.798653 0.032002 
699 2.211438 0.000000 0.364619 99.138435 -0.036221 3.124256 0.016181 
700 2.162591 0.000000 0.136732 96.139597 -0.035567 -7.035653 0.070768 
701 2.162591 0.000000 0.091155 94.950150 -0.069036 -14.799765 0.076543 
702 2.211438 0.000000 0.136732 91.107854 -0.062798 -3.710951 0.168558 
703 2.162591 0.000000 0.182309 96.894261 -0.030183 -2.364540 0.060591 
704 2.089321 0.000000 0.113943 103.263011 0.023913 -5.074187 -0.068900 
705 2.064897 0.000000 0.113943 103.739517 -0.084595 -3.368605 -0.077324 
706 2.089321 0.000000 0.091155 103.320489 0.015896 -4.851762 -0.069866 
707 2.113744 0.000000 0.113943 101.605136 -0.001317 -10.435978 -0.043251 
708 2.089321 0.000000 0.136732 104.591706 -0.014334 0.286022 -0.093951 
709 2.162591 0.000000 -0.045577 141.801495 -0.080534 10.999903 -1.022867 
710 2.211438 0.000000 -0.045577 178.252913 0.031741 14.890677 -2.199583 
711 2.162591 0.000000 0.000000 144.980055 -0.165414 1.388333 -1.102117 
712 2.138168 0.000000 -0.113943 103.586104 -0.002873 15.369229 -0.096629 
713 2.138168 0.000000 -0.136732 101.866528 0.175687 9.102100 -0.045967 
714 2.162591 0.000000 -0.113943 98.825491 0.044455 12.880571 0.006761 
715 2.138168 0.000000 -0.091155 103.192422 -0.013354 15.310777 -0.088310 
716 2.089321 0.000000 -0.068366 103.719158 0.083796 0.340155 -0.075779 
717 2.064897 0.000000 -0.068366 103.006856 -0.078157 4.205589 -0.062811 
718 2.113744 0.000000 -0.068366 114.997407 0.031028 7.805747 -0.328533 
719 2.089321 0.000000 -0.045577 111.801022 0.041252 3.537146 -0.251198 
720 2.101533 0.000000 -0.102549 109.238041 0.109775 7.992248 -0.199684 
721 2.089321 0.000000 -0.102549 108.804164 0.142085 6.283676 -0.187785 
722 2.101533 0.000000 -0.113943 109.297967 0.109069 7.590740 -0.200368 
723 2.113744 0.000000 -0.102549 107.661267 0.073143 11.841415 -0.173117 
724 2.101533 0.000000 -0.091155 109.219200 0.106666 8.151335 -0.199529 
725 2.162591 0.000000 0.045577 143.806994 -0.123466 -10.230017 -1.078512 
726 2.211438 0.000000 0.045577 180.080102 -0.005279 -13.132465 -2.260130 
727 2.089321 0.000000 0.068366 104.592052 -0.014808 0.288062 -0.093958 
728 2.064897 0.000000 0.068366 104.609672 -0.553877 3.203565 -0.095375 
729 2.089321 0.000000 0.045577 115.783878 0.017569 -3.856359 -0.342078 
730 2.113744 0.000000 0.068366 120.290181 -0.118480 -8.726874 -0.454590 
731 2.138168 0.000000 0.113943 98.754244 -0.075119 -14.535065 0.003633 
732 2.138168 0.000000 0.091155 98.500709 -0.074144 -14.498751 0.008739 
733 2.162591 0.000000 0.113943 95.181117 -0.086543 -11.538341 0.080741 
734 2.138168 0.000000 0.136732 98.499435 0.051826 -7.114012 0.024725 
735 2.101533 0.000000 0.102549 102.797434 0.035153 -7.386841 -0.062188 
736 2.089321 0.000000 0.102549 103.196539 0.037676 -5.603737 -0.068093 
737 2.101533 0.000000 0.091155 102.725577 0.033358 -7.534410 -0.060931 
738 2.113744 0.000000 0.102549 101.456170 -0.004072 -11.037918 -0.041519 
739 2.101533 0.000000 0.113943 102.928877 0.037348 -7.003780 -0.064341 
740 2.138168 0.000000 -0.068366 125.371820 -0.086720 12.002761 -0.586217 
741 2.162591 0.000000 -0.068366 138.842324 -0.061868 15.583142 -0.952003 
742 2.138168 0.000000 -0.045577 128.360799 -0.089217 8.576563 -0.655006 
743 2.125956 0.000000 -0.102549 104.723392 0.044407 15.181404 -0.119747 
744 2.125956 0.000000 -0.113943 105.471068 0.046379 14.480331 -0.133383 
745 2.138168 0.000000 -0.102549 103.362323 -0.008680 15.336033 -0.091896 
746 2.125956 0.000000 -0.091155 105.345471 0.044409 14.581693 -0.131030 
747 2.138168 0.000000 0.068366 129.189929 -0.197947 -12.559591 -0.684782 
748 2.138168 0.000000 0.045577 130.992134 -0.205207 -8.210215 -0.722639 
749 2.162591 0.000000 0.068366 141.955805 -0.200177 -15.885701 -1.040385 
750 2.125956 0.000000 0.102549 99.418792 -0.061443 -14.293368 -0.008840 
751 2.125956 0.000000 0.091155 99.847321 -0.047863 -13.704319 -0.015730 
752 2.138168 0.000000 0.102549 98.609650 -0.074517 -14.514373 0.006546 
753 2.125956 0.000000 0.113943 99.930226 -0.045615 -13.603353 -0.017110 
754 2.406827 0.000000 -0.091155 105.076821 -0.064520 -0.633031 -0.104154 
755 2.406827 0.000000 -0.182309 101.183480 0.138926 -0.011639 -0.023812 
756 2.504521 0.000000 -0.091155 101.787809 0.077167 2.079931 -0.036509 
757 2.406827 0.000000 0.000000 108.604749 -0.159502 4.240591 -0.181300 
758 2.260285 0.000000 -0.136732 91.001732 0.001477 -2.454255 0.171266 
759 2.260285 0.000000 -0.182309 95.877761 -0.037107 0.205906 0.080741 
760 2.309132 0.000000 -0.136732 99.346926 -0.067826 -7.503556 0.007388 
761 2.260285 0.000000 -0.091155 67.793636 0.178341 11.235744 0.527775 
762 2.187015 0.000000 -0.113943 95.766181 0.052018 11.892262 0.068741 
763 2.187015 0.000000 -0.136732 96.300961 0.113570 8.406870 0.065544 
764 2.211438 0.000000 -0.113943 90.386949 0.044950 10.325667 0.172358 
765 2.187015 0.000000 -0.091155 92.295994 -0.023412 16.897834 0.119591 
766 2.150380 0.000000 -0.102549 102.012312 -0.029909 15.136214 -0.063562 
767 2.150380 0.000000 -0.113943 102.524612 -0.028518 15.212148 -0.074271 
768 2.162591 0.000000 -0.102549 99.149473 -0.031946 15.717349 -0.007765 
769 2.150380 0.000000 -0.091155 101.162469 -0.030592 15.293095 -0.046772 
770 2.406827 0.000000 0.091155 104.691697 -0.142015 6.519446 -0.100287 
771 2.504521 0.000000 0.091155 101.683889 0.003094 3.673634 -0.035311 
772 2.406827 0.000000 0.182309 100.840089 0.033143 4.845325 -0.019220 
773 2.260285 0.000000 0.136732 88.594702 -0.039010 6.416237 0.210981 
774 2.260285 0.000000 0.091155 62.269231 -0.034455 -10.247042 0.601754 
775 2.309132 0.000000 0.136732 97.981205 -0.098002 12.580086 0.024142 
776 2.260285 0.000000 0.182309 94.529976 -0.155927 3.899290 0.104885 
777 2.187015 0.000000 0.113943 92.580679 -0.048355 -10.147774 0.132584 
778 2.187015 0.000000 0.091155 88.535773 0.003985 -16.120862 0.190153 
779 2.211438 0.000000 0.113943 87.247135 -0.026313 -8.312450 0.231884 
780 2.187015 0.000000 0.136732 93.737675 -0.036278 -5.923782 0.117816 
781 2.150380 0.000000 0.102549 97.647458 -0.070998 -14.376031 0.025830 
782 2.150380 0.000000 0.091155 96.874303 -0.071009 -14.534533 0.040411 
783 2.162591 0.000000 0.102549 95.030986 -0.066438 -14.959266 0.074533 
784 2.150380 0.000000 0.113943 98.062349 -0.071648 -14.436292 0.017536 
785 2.260285 0.000000 -0.045577 214.498202 0.134555 1.584871 -3.601201 
786 2.309132 0.000000 -0.045577 147.278420 0.071503 -15.805175 -1.194074 
787 2.260285 0.000000 0.000000 197.841666 0.048891 3.411903 -2.915297 
788 2.187015 0.000000 -0.068366 154.844547 -0.004496 19.346260 -1.435111 
789 2.211438 0.000000 -0.068366 178.391990 0.061931 23.699240 -2.238536 
790 2.187015 0.000000 -0.045577 158.378816 -0.045398 13.513093 -1.526646 
791 2.174803 0.000000 -0.102549 95.515850 -0.032069 16.473866 0.060533 
792 2.174803 0.000000 -0.113943 97.264869 0.047642 12.111588 0.039285 
793 2.187015 0.000000 -0.102549 92.337372 -0.028063 16.905303 0.118802 
794 2.174803 0.000000 -0.091155 95.041809 -0.032170 16.592347 0.069175 
795 2.260285 0.000000 0.045577 218.633660 -0.010174 2.826854 -3.780867 
796 2.309132 0.000000 0.045577 147.834611 0.055665 24.102780 -1.243602 
797 2.187015 0.000000 0.068366 157.135661 -0.025224 -19.334953 -1.506546 
798 2.187015 0.000000 0.045577 159.997698 -0.018846 -12.217860 -1.574854 
799 2.211438 0.000000 0.068366 180.831276 -0.031581 -23.684610 -2.326091 
800 2.174803 0.000000 0.102549 91.621633 -0.047610 -15.705962 0.135880 
801 2.174803 0.000000 0.091155 91.171549 -0.045140 -15.821831 0.143742 
802 2.187015 0.000000 0.102549 88.593239 -0.002677 -16.131726 0.189101 
803 2.174803 0.000000 0.113943 93.874045 -0.083177 -10.475235 0.107793 
804 2.235862 0.000000 -0.068366 72.419996 0.103513 11.999443 0.461135 
805 2.235862 0.000000 -0.091155 73.842638 0.096523 12.235008 0.439756 
806 2.260285 0.000000 -0.068366 65.938823 0.214825 10.930000 0.553256 
807 2.235862 0.000000 -0.045577 198.347136 0.108706 12.977394 -2.951001 
808 2.235862 0.000000 -0.113943 86.207046 0.069482 4.586894 0.254730 
809 2.235862 0.000000 -0.136732 91.189872 0.051107 2.753834 0.167682 
810 2.260285 0.000000 -0.113943 83.191457 0.024571 -4.575287 0.305825 
811 2.223650 0.000000 -0.079760 80.465027 0.069912 13.888531 0.333248 
812 2.211438 0.000000 -0.079760 85.518435 0.044162 15.273632 0.245331 
813 2.223650 0.000000 -0.091155 80.835341 0.068531 13.996092 0.326975 
814 2.235862 0.000000 -0.079760 73.672280 0.097071 12.206819 0.442338 
815 2.223650 0.000000 -0.068366 190.909887 0.081847 21.028359 -2.688878 
816 2.235862 0.000000 0.068366 67.320373 0.019332 -11.081446 0.534517 
817 2.235862 0.000000 0.045577 200.951089 -0.005712 -10.437095 -3.049027 
818 2.260285 0.000000 0.068366 60.257532 -0.076079 -9.914840 0.627072 
819 2.235862 0.000000 0.091155 68.885574 0.022716 -11.339160 0.512620 
820 2.235862 0.000000 0.113943 82.797105 0.008706 -1.926468 0.314093 
821 2.260285 0.000000 0.113943 79.479321 -0.022602 8.432894 0.361192 
822 2.235862 0.000000 0.136732 88.729239 -0.018215 0.504146 0.212687 
823 2.223650 0.000000 0.079760 76.074627 0.046696 -13.055364 0.404221 
824 2.211438 0.000000 0.079760 81.481973 0.067064 -14.473323 0.315121 
825 2.223650 0.000000 0.068366 193.760755 -0.036282 -20.708627 -2.797208 
826 2.235862 0.000000 0.079760 68.698382 0.022406 -11.308355 0.515265 
827 2.223650 0.000000 0.091155 76.473417 0.048363 -13.165284 0.397849 
828 2.357979 0.000000 -0.045577 117.006076 0.016619 -1.839289 -0.369381 
829 2.357979 0.000000 -0.091155 109.325380 -0.094870 -4.606185 -0.197326 
830 2.406827 0.000000 -0.045577 107.774529 -0.125975 1.358488 -0.161721 
831 2.357979 0.000000 0.000000 119.766285 -0.006783 4.535863 -0.436454 
832 2.284709 0.000000 -0.068366 181.003151 0.067380 -66.134416 -2.713591 
833 2.284709 0.000000 -0.091155 91.374977 0.069357 -45.135949 -0.038665 
834 2.309132 0.000000 -0.068366 132.114556 0.086748 -24.528509 -0.805591 
835 2.284709 0.000000 -0.045577 188.715584 0.099401 -21.128582 -2.606000 
836 2.248074 0.000000 -0.079760 70.208113 0.131153 11.633633 0.493546 
837 2.248074 0.000000 -0.091155 70.573732 0.127795 11.694202 0.488258 
838 2.260285 0.000000 -0.079760 66.613581 0.202261 11.041311 0.544068 
839 2.248074 0.000000 -0.068366 69.358406 0.145124 11.493387 0.505729 
840 2.357979 0.000000 0.045577 116.576788 -0.044976 9.603355 -0.368237 
841 2.406827 0.000000 0.045577 107.453836 -0.185034 6.066652 -0.158317 
842 2.357979 0.000000 0.091155 108.717801 -0.108737 10.674746 -0.193352 
843 2.284709 0.000000 0.068366 184.625125 0.043947 76.809662 -2.998616 
844 2.284709 0.000000 0.045577 191.719451 0.081493 28.928642 -2.759322 
845 2.309132 0.000000 0.068366 131.990764 0.026172 32.388309 -0.847056 
846 2.284709 0.000000 0.091155 87.621086 0.019083 53.364733 -0.052525 
847 2.248074 0.000000 0.079760 64.894915 0.001690 -10.681191 0.567456 
848 2.248074 0.000000 0.068366 63.967483 -0.008415 -10.527976 0.579732 
849 2.260285 0.000000 0.079760 60.989035 -0.058301 -10.035494 0.617962 
850 2.248074 0.000000 0.091155 65.297398 0.003404 -10.747549 0.562074 
851 -8.241827 0.000000 -8.750848 99.755764 0.000093 6.975624 0.000013 
852 -11.368037 0.000000 -8.750848 99.756043 0.000061 6.975701 0.000007 
853 -8.241827 0.000000 -11.667797 99.755832 0.000105 6.975533 0.000012 
854 10.515434 0.000000 -8.750848 99.755982 0.000882 6.969378 0.000017 
855 10.515434 0.000000 -11.667797 99.755919 0.000626 6.972151 0.000015 
856 13.641644 0.000000 -8.750848 99.756339 0.000916 6.969538 0.000010 
857 -8.241827 0.000000 8.750848 99.757111 -0.000112 6.975656 -0.000014 
858 -11.368037 0.000000 8.750848 99.756803 -0.000076 6.975717 -0.000008 
859 -8.241827 0.000000 11.667797 99.757050 -0.000122 6.975543 -0.000013 
860 -3.552511 0.000000 -4.375424 99.753874 0.000163 6.975442 0.000051 
861 -5.115617 0.000000 -4.375424 99.754942 0.000107 6.975802 0.000029 
862 -3.552511 0.000000 -5.833899 99.754195 0.000185 6.975151 0.000045 
863 10.515434 0.000000 8.750848 99.757687 -0.001026 6.967383 -0.000014 
864 13.641644 0.000000 8.750848 99.757400 -0.001108 6.966834 -0.000008 
865 10.515434 0.000000 11.667797 99.757346 -0.000717 6.971277 -0.000013 
866 5.826119 0.000000 -4.375424 99.754322 0.001736 6.950291 0.000077 
867 5.826119 0.000000 -5.833899 99.754197 0.001219 6.961674 0.000064 
868 7.389224 0.000000 -4.375424 99.755934 0.001833 6.950795 0.000044 
869 -3.552511 0.000000 4.375424 99.759005 -0.000189 6.975898 -0.000052 
870 -5.115617 0.000000 4.375424 99.757850 -0.000131 6.976027 -0.000029 
871 -3.552511 0.000000 5.833899 99.758850 -0.000212 6.975398 -0.000048 
872 -1.207854 0.000000 -2.187712 99.754533 -0.002205 6.963310 0.000055 
873 -1.989406 0.000000 -2.187712 99.750851 0.017381 6.973525 0.000114 
874 -1.207854 0.000000 -2.916949 99.747004 0.021723 6.973065 0.000191 
875 5.826119 0.000000 4.375424 99.761646 -0.001938 6.943291 -0.000060 
876 7.389224 0.000000 4.375424 99.760443 -0.002126 6.941025 -0.000032 
877 5.826119 0.000000 5.833899 99.760267 -0.001355 6.958504 -0.000053 
878 3.481461 0.000000 -2.187712 99.741541 0.003225 6.867860 0.000446 
879 3.481461 0.000000 -2.916949 99.743590 0.011616 6.919014 0.000334 
880 4.263014 0.000000 -2.187712 99.751260 0.010027 6.870813 0.000248 
881 -1.207854 0.000000 2.187712 99.773901 -0.005898 6.986665 -0.000364 
882 -1.989406 0.000000 2.187712 99.759666 0.003021 6.976154 -0.000066 
883 -1.207854 0.000000 2.916949 99.768973 -0.006354 6.979153 -0.000256 
884 -0.817078 0.000000 -1.093856 99.724156 0.009610 6.968188 0.000654 
885 -1.207854 0.000000 -1.093856 99.734347 0.000027 6.984123 0.000428 
886 -0.817078 0.000000 -1.458475 99.743438 0.007126 6.956869 0.000285 
887 3.481461 0.000000 2.187712 99.774419 -0.007658 6.851258 -0.000187 
888 4.263014 0.000000 2.187712 99.773204 -0.008612 6.840023 -0.000148 
889 3.481461 0.000000 2.916949 99.773312 -0.010885 6.907876 -0.000243 
890 -0.230913 0.000000 -0.546928 99.540555 0.023705 6.966581 0.004314 
891 -0.426301 0.000000 -0.546928 99.647360 0.013786 6.999497 0.002141 
892 -0.230913 0.000000 -0.729237 99.600996 0.007763 6.936548 0.003153 
893 0.941416 0.000000 -0.546928 99.668536 0.021673 6.720128 0.002102 
894 0.941416 0.000000 -0.729237 99.640165 0.009665 6.847390 0.002495 
895 -0.817078 0.000000 1.093856 99.759185 0.004344 6.992324 -0.000079 
896 -1.207854 0.000000 1.093856 99.758026 -0.006672 6.982337 -0.000042 
897 -0.817078 0.000000 1.458475 99.775522 -0.003073 6.996404 -0.000410 
898 -0.230913 0.000000 0.546928 99.723254 0.000293 6.997562 0.000631 
899 -0.426301 0.000000 0.546928 99.761270 -0.008568 7.002023 -0.000134 
900 -0.230913 0.000000 0.729237 99.759451 -0.027098 7.019840 -0.000123 
901 -0.133219 0.000000 -0.273464 99.311060 -0.023754 7.344170 0.008338 
902 -0.230913 0.000000 -0.273464 99.577815 0.104738 7.316601 0.003072 
903 -0.133219 0.000000 -0.364619 99.237052 0.047414 7.067694 0.010205 
904 0.941416 0.000000 0.546928 100.026499 -0.006462 6.674579 -0.004985 
905 0.941416 0.000000 0.729237 99.957130 -0.005325 6.777465 -0.003736 
906 -0.133219 0.000000 0.273464 99.778362 -0.152121 6.635291 0.000023 
907 -0.230913 0.000000 0.273464 99.834267 0.049987 6.732744 -0.001221 
908 -0.133219 0.000000 0.364619 99.610522 -0.069594 6.871580 0.003052 
909 0.037745 0.000000 -0.113943 87.392587 0.037833 2.579540 0.235588 
910 0.013322 0.000000 -0.113943 86.589593 0.020236 8.883699 0.242332 
911 0.037745 0.000000 -0.136732 91.605129 0.054196 4.251481 0.159042 
912 0.648333 0.000000 -0.273464 102.112003 -0.003210 1.886657 -0.043042 
913 0.648333 0.000000 -0.364619 99.678378 0.033829 6.537390 0.002148 
914 0.746027 0.000000 -0.273464 103.342076 0.031194 2.862291 -0.068778 
915 0.648333 0.000000 0.273464 102.217568 -0.019348 1.885074 -0.045199 
916 0.746027 0.000000 0.273464 103.582038 -0.000812 2.856670 -0.073740 
917 0.648333 0.000000 0.364619 99.957809 -0.050735 6.224562 -0.003031 
918 0.037745 0.000000 0.113943 91.374232 -0.097787 7.962692 0.158734 
919 0.013322 0.000000 0.113943 90.634999 -0.105009 3.171374 0.177523 
920 0.037745 0.000000 0.136732 94.624773 -0.090057 7.434894 0.099087 
921 0.098804 0.000000 -0.079760 90.746105 -0.069397 -14.890188 0.154342 
922 0.098804 0.000000 -0.091155 90.889023 -0.031387 -15.075324 0.151192 
923 0.098804 0.000000 -0.068366 90.736842 -0.071977 -14.871930 0.154565 
924 0.098804 0.000000 0.079760 95.559748 -0.078843 16.146805 0.060761 
925 0.098804 0.000000 0.068366 95.554874 -0.078065 16.149811 0.060844 
926 0.098804 0.000000 0.091155 95.626204 -0.090516 16.120993 0.059573 
927 0.233134 0.000000 -0.068366 76.583226 0.037863 -5.692809 0.410260 
928 0.233134 0.000000 -0.045577 77.989728 0.012380 -4.338803 0.389878 
929 0.184287 0.000000 -0.113943 98.205151 -0.196574 -7.133753 0.030482 
930 0.184287 0.000000 -0.136732 98.073854 -0.174936 -3.647780 0.036818 
931 0.233134 0.000000 0.068366 76.644655 -0.011301 5.749112 0.409254 
932 0.233134 0.000000 0.045577 77.993460 -0.006369 4.466460 0.389707 
933 0.184287 0.000000 0.113943 100.953368 -0.308001 12.648243 -0.035166 
934 0.184287 0.000000 0.136732 100.379935 -0.284465 11.680823 -0.021265 
935 0.501792 0.000000 -0.045577 100.757527 -0.002018 5.003289 -0.017711 
936 0.550639 0.000000 -0.045577 102.161150 -0.005170 6.331166 -0.047698 
937 0.501792 0.000000 0.000000 102.170277 -0.006721 6.554101 -0.048172 
938 0.501792 0.000000 0.045577 100.827473 -0.015771 5.000684 -0.019119 
939 0.550639 0.000000 0.045577 102.178975 -0.008726 6.331413 -0.048063 
940 0.428522 0.000000 -0.068366 99.053363 0.003572 2.137658 0.018386 
941 0.452945 0.000000 -0.068366 99.248609 0.004895 3.644534 0.013643 
942 0.428522 0.000000 -0.045577 98.985737 0.003300 1.898711 0.019822 
943 0.367463 0.000000 -0.102549 104.888557 0.099056 -3.127393 -0.101140 
944 0.367463 0.000000 -0.113943 104.962781 0.091414 -2.638923 -0.102416 
945 0.367463 0.000000 -0.091155 105.241893 0.097921 -2.879303 -0.108416 
946 0.428522 0.000000 0.068366 99.220800 -0.029087 2.131423 0.015069 
947 0.428522 0.000000 0.045577 99.155780 -0.028773 1.892103 0.016455 
948 0.452945 0.000000 0.068366 99.404467 -0.026473 3.638554 0.010551 
949 0.367463 0.000000 0.102549 106.109794 0.027086 3.424894 -0.127102 
950 0.367463 0.000000 0.091155 106.458860 0.026254 3.171761 -0.134355 
951 0.367463 0.000000 0.113943 106.082120 0.030597 2.925344 -0.126197 
952 1.722968 0.000000 -0.546928 99.140611 0.006606 6.201609 0.013268 
953 1.722968 0.000000 -0.729237 99.306497 0.013977 6.463807 0.009644 
954 1.722968 0.000000 0.546928 100.391216 -0.017607 5.612742 -0.010990 
955 1.722968 0.000000 0.729237 100.062681 -0.025425 6.184100 -0.005078 
956 1.429886 0.000000 -0.273464 98.790176 0.004458 1.763702 0.023739 
957 1.429886 0.000000 -0.364619 99.382726 0.025828 6.258997 0.008390 
958 1.527580 0.000000 -0.273464 99.851821 0.006197 1.790932 0.002641 
959 1.429886 0.000000 0.273464 100.727552 -0.157727 1.534861 -0.014842 
960 1.527580 0.000000 0.273464 102.272297 -0.095065 1.547619 -0.046203 
961 1.429886 0.000000 0.364619 100.711544 -0.001695 5.537012 -0.017347 
962 3.090685 0.000000 -1.093856 99.740618 0.007752 6.528976 0.000918 
963 3.090685 0.000000 -1.458475 99.737524 0.003874 6.736066 0.000705 
964 3.481461 0.000000 -1.093856 99.766927 0.007447 6.560389 0.000352 
965 2.504521 0.000000 -0.546928 99.738627 0.021121 5.052950 0.002667 
966 2.504521 0.000000 -0.729237 99.680830 0.014407 5.899858 0.002892 
967 2.699909 0.000000 -0.546928 99.833905 0.019809 5.164822 0.000652 
968 3.090685 0.000000 1.093856 99.802266 -0.004277 6.436401 -0.000192 
969 3.481461 0.000000 1.093856 99.804339 -0.005948 6.399421 -0.000186 
970 3.090685 0.000000 1.458475 99.786948 -0.001631 6.687661 -0.000216 
971 2.504521 0.000000 0.546928 99.784890 0.001529 4.987111 0.001810 
972 2.699909 0.000000 0.546928 99.907930 -0.009576 4.822643 -0.000485 
973 2.504521 0.000000 0.729237 99.794700 -0.014855 5.813412 0.000722 
974 2.406827 0.000000 -0.273464 100.115605 0.029551 1.855263 -0.002658 
975 2.406827 0.000000 -0.364619 99.730286 0.030028 3.173673 0.004380 
976 2.504521 0.000000 -0.273464 100.314629 -0.022874 2.355012 -0.006857 
977 2.406827 0.000000 0.273464 99.932664 -0.015150 3.641750 0.000020 
978 2.504521 0.000000 0.273464 100.291866 -0.073112 3.129180 -0.006826 
979 2.406827 0.000000 0.364619 99.699465 -0.038822 3.797368 0.004560 
980 2.357979 0.000000 -0.136732 103.122289 -0.098707 -3.412448 -0.064586 
981 2.357979 0.000000 -0.182309 100.591961 0.037509 -1.373057 -0.012063 
982 2.406827 0.000000 -0.136732 102.735344 0.023015 -0.752688 -0.055512 
983 2.284709 0.000000 -0.113943 91.866949 0.017121 -15.675766 0.131473 
984 2.284709 0.000000 -0.136732 94.690610 -0.058561 -6.979544 0.098497 
985 2.309132 0.000000 -0.113943 102.931419 -0.016246 -13.344160 -0.077294 
986 2.357979 0.000000 0.136732 102.436089 -0.199344 8.508729 -0.056559 
987 2.406827 0.000000 0.136732 102.325198 -0.093995 5.848515 -0.050466 
988 2.357979 0.000000 0.182309 99.974296 -0.095370 6.187600 -0.003316 
989 2.284709 0.000000 0.113943 89.022177 -0.018956 21.109264 0.162945 
990 2.309132 0.000000 0.113943 101.434043 -0.003757 19.108787 -0.065401 
991 2.284709 0.000000 0.136732 92.712074 -0.080913 11.670936 0.126825 
1 11 62 60 61 
2 62 10 24 60 
3 60 24 14 63 
4 61 60 63 6 
5 24 66 64 65 
6 66 23 40 64 
7 64 40 27 67 
8 65 64 67 14 
9 40 70 68 69 
10 69 68 71 27 
11 6 63 92 93 
12 63 14 36 92 
13 92 36 19 94 
14 93 92 94 20 
15 14 67 95 96 
16 67 27 52 95 
17 95 52 35 97 
18 96 95 97 36 
19 27 71 98 99 
20 99 98 100 52 
21 68 112 110 111 
22 112 56 80 110 
23 110 80 43 113 
24 111 110 113 71 
25 80 116 114 115 
26 115 114 117 43 
27 71 113 133 134 
28 113 43 102 133 
29 133 102 76 135 
30 134 133 135 98 
31 43 117 136 137 
32 137 136 138 102 
33 114 141 139 140 
34 141 106 129 139 
35 139 129 83 142 
36 140 139 142 117 
37 129 149 147 148 
38 147 150 132 151 
39 148 147 151 83 
40 117 142 152 153 
41 142 83 144 152 
42 152 144 125 154 
43 153 152 154 136 
44 83 151 155 156 
45 151 132 157 155 
46 156 155 158 144 
47 12 161 159 160 
48 161 7 162 159 
49 159 162 13 25 
50 160 159 25 10 
51 25 165 163 164 
52 165 13 166 163 
53 163 166 26 41 
54 164 163 41 23 
55 41 169 167 168 
56 169 26 170 167 
57 167 170 42 57 
58 168 167 57 39 
59 39 173 171 172 
60 173 57 174 171 
61 171 174 55 81 
62 172 171 81 56 
63 81 177 175 176 
64 177 55 178 175 
65 175 178 82 107 
66 176 175 107 79 
67 79 181 179 180 
68 181 107 182 179 
69 179 182 105 130 
70 180 179 130 106 
71 106 185 183 184 
72 185 130 186 183 
73 184 183 149 129 
74 195 197 109 198 
75 150 195 198 132 
76 149 201 199 200 
77 201 128 202 199 
78 199 202 150 203 
79 200 199 203 147 
80 132 198 210 157 
81 198 109 211 210 
82 19 38 213 214 
83 38 21 215 213 
84 213 215 9 216 
85 214 213 216 22 
86 35 54 217 218 
87 54 37 219 217 
88 217 219 21 220 
89 218 217 220 38 
90 51 78 221 222 
91 78 53 223 221 
92 221 223 37 224 
93 222 221 224 54 
94 76 104 225 226 
95 104 75 227 225 
96 225 227 78 228 
97 226 225 228 51 
98 101 127 229 230 
99 127 103 231 229 
100 229 231 75 232 
101 230 229 232 104 
102 125 146 233 234 
103 146 124 235 233 
104 233 235 127 236 
105 234 233 236 101 
106 144 158 237 238 
107 237 239 146 240 
108 238 237 240 125 
109 155 243 241 242 
110 243 157 244 241 
111 241 244 143 245 
112 242 241 245 158 
113 130 247 246 186 
114 247 105 248 246 
115 249 251 195 252 
116 202 249 252 150 
117 186 255 253 254 
118 255 246 256 253 
119 253 256 196 250 
120 254 253 250 128 
121 128 259 257 258 
122 259 250 260 257 
123 257 260 249 261 
124 258 257 261 202 
125 262 263 124 264 
126 239 262 264 146 
127 157 266 265 244 
128 266 210 267 265 
129 143 268 269 270 
130 268 212 271 269 
131 269 271 262 272 
132 270 269 272 239 
133 244 275 273 274 
134 275 265 276 273 
135 273 276 268 277 
136 274 273 277 143 
137 278 280 194 281 
138 197 278 281 109 
139 283 131 284 282 
140 282 284 197 285 
141 251 282 285 195 
142 107 287 286 182 
143 287 82 288 286 
144 286 288 108 192 
145 182 286 192 105 
146 105 290 289 248 
147 290 192 291 289 
148 246 293 292 256 
149 293 248 294 292 
150 292 294 131 283 
151 256 292 283 196 
152 196 297 295 296 
153 297 283 298 295 
154 295 298 282 299 
155 296 295 299 251 
156 109 281 300 211 
157 281 194 301 300 
158 210 304 303 267 
159 304 211 305 303 
160 303 305 145 306 
161 124 209 307 235 
162 209 126 308 307 
163 307 308 103 309 
164 235 307 309 127 
165 310 311 209 312 
166 263 310 312 124 
167 212 306 313 271 
168 306 145 314 313 
169 313 314 263 315 
170 271 313 315 262 
171 267 318 316 317 
172 318 303 319 316 
173 316 319 306 320 
174 317 316 320 212 
175 131 322 321 284 
176 322 279 323 321 
177 321 323 278 324 
178 284 321 324 197 
179 211 326 325 305 
180 326 300 327 325 
181 325 327 302 328 
182 305 325 328 145 
183 192 334 333 291 
184 334 108 335 333 
185 289 339 337 338 
186 339 291 340 337 
187 337 340 191 341 
188 338 337 341 279 
189 345 347 126 348 
190 311 345 348 209 
191 302 351 349 350 
192 351 207 352 349 
193 349 352 311 353 
194 350 349 353 310 
195 354 355 59 356 
196 280 354 356 194 
197 291 358 357 340 
198 358 333 359 357 
199 357 359 336 360 
200 191 360 361 362 
201 360 336 363 361 
202 361 363 354 364 
203 362 361 364 280 
204 340 367 365 366 
205 367 357 368 365 
206 365 368 360 369 
207 366 365 369 191 
208 194 356 370 301 
209 356 59 371 370 
210 373 346 374 372 
211 372 374 345 375 
212 352 372 375 311 
213 301 378 376 377 
214 378 370 379 376 
215 376 379 346 373 
216 377 376 373 207 
217 207 382 380 381 
218 382 373 383 380 
219 380 383 372 384 
220 381 380 384 352 
221 57 386 385 174 
222 386 42 387 385 
223 385 387 58 89 
224 174 385 89 55 
225 55 389 388 178 
226 389 89 390 388 
227 388 390 88 188 
228 178 388 188 82 
229 82 392 391 288 
230 392 188 393 391 
231 391 393 187 330 
232 288 391 330 108 
233 108 395 394 335 
234 395 330 396 394 
235 333 399 398 359 
236 399 335 400 398 
237 359 398 401 336 
238 75 123 402 227 
239 123 77 403 402 
240 402 403 53 404 
241 227 402 404 78 
242 103 206 405 231 
243 206 121 406 405 
244 405 406 123 407 
245 231 405 407 75 
246 126 344 408 308 
247 344 204 409 408 
248 408 409 206 410 
249 308 408 410 103 
250 411 413 344 414 
251 347 411 414 126 
252 346 416 415 374 
253 415 417 347 418 
254 374 415 418 345 
255 419 420 332 421 
256 355 419 421 59 
257 335 423 422 400 
258 423 394 424 422 
259 336 401 426 363 
260 401 193 427 426 
261 426 427 355 428 
262 363 426 428 354 
263 398 431 429 430 
264 431 400 432 429 
265 429 432 193 433 
266 430 429 433 401 
267 59 421 434 371 
268 421 332 435 434 
269 370 437 436 379 
270 437 371 438 436 
271 436 438 208 416 
272 379 436 416 346 
273 439 441 411 442 
274 417 439 442 347 
275 416 445 443 444 
276 445 208 446 443 
277 443 446 417 447 
278 444 443 447 415 
279 88 453 452 189 
280 453 90 454 452 
281 452 454 5 455 
282 189 452 455 91 
283 187 457 456 331 
284 457 189 458 456 
285 456 458 91 459 
286 331 456 459 190 
287 330 461 460 396 
288 461 187 462 460 
289 460 462 331 463 
290 396 460 463 329 
291 394 465 464 424 
292 465 396 466 464 
293 464 466 329 467 
294 424 464 467 397 
295 193 425 468 427 
296 425 397 469 468 
297 468 469 419 470 
298 427 468 470 355 
299 422 473 471 472 
300 473 424 474 471 
301 471 474 397 475 
302 472 471 475 425 
303 371 477 476 438 
304 477 434 478 476 
305 476 478 412 440 
306 438 476 440 208 
307 91 455 482 205 
308 455 5 483 482 
309 482 483 122 484 
310 205 482 484 121 
311 190 459 485 343 
312 459 91 486 485 
313 485 486 205 487 
314 343 485 487 204 
315 342 489 488 413 
316 489 343 490 488 
317 488 490 204 491 
318 413 488 491 344 
319 412 493 492 441 
320 493 342 494 492 
321 492 494 413 495 
322 441 492 495 411 
323 440 498 496 497 
324 498 412 499 496 
325 496 499 441 500 
326 497 496 500 439 
327 454 510 508 509 
328 508 511 504 512 
329 509 508 512 5 
330 5 512 513 514 
331 512 504 515 513 
332 514 513 516 483 
333 7 518 517 162 
334 518 16 519 517 
335 517 519 15 32 
336 162 517 32 13 
337 13 521 520 166 
338 521 32 522 520 
339 520 522 31 48 
340 166 520 48 26 
341 26 524 523 170 
342 524 48 525 523 
343 523 525 47 85 
344 170 523 85 42 
345 42 527 526 387 
346 527 85 528 526 
347 526 528 84 449 
348 387 526 449 58 
349 58 531 529 530 
350 531 449 532 529 
351 529 532 448 502 
352 530 529 502 90 
353 90 535 533 534 
354 535 502 536 533 
355 533 536 501 510 
356 534 533 510 454 
357 15 538 537 33 
358 538 17 539 537 
359 537 539 8 540 
360 33 537 540 18 
361 31 542 541 49 
362 542 33 543 541 
363 541 543 18 544 
364 49 541 544 34 
365 546 49 547 545 
366 545 547 34 548 
367 448 554 553 503 
368 554 450 555 553 
369 553 555 87 556 
370 503 553 556 451 
371 501 558 557 511 
372 558 503 559 557 
373 557 559 451 560 
374 511 557 560 504 
375 510 563 561 562 
376 563 501 564 561 
377 561 564 511 565 
378 562 561 565 508 
379 18 540 566 45 
380 540 8 567 566 
381 566 567 29 568 
382 45 566 568 28 
383 34 544 569 73 
384 544 18 570 569 
385 569 570 45 571 
386 73 569 571 44 
387 548 34 573 572 
388 572 573 73 574 
389 451 556 578 506 
390 556 87 579 578 
391 578 579 480 580 
392 506 578 580 479 
393 504 560 581 515 
394 560 451 582 581 
395 581 582 506 583 
396 515 581 583 505 
397 21 46 584 215 
398 46 28 585 584 
399 584 585 30 586 
400 215 584 586 9 
401 37 74 587 219 
402 74 44 588 587 
403 587 588 46 589 
404 219 587 589 21 
405 53 120 590 223 
406 120 72 591 590 
407 590 591 74 592 
408 223 590 592 37 
409 77 481 593 403 
410 481 118 594 593 
411 593 594 120 595 
412 403 593 595 53 
413 122 507 596 597 
414 507 479 598 596 
415 596 598 481 599 
416 597 596 599 77 
417 483 516 600 601 
418 516 505 602 600 
419 600 602 507 603 
420 601 600 603 122 
421 513 606 604 605 
422 606 515 607 604 
423 604 607 505 608 
424 605 604 608 516 
425 555 618 616 617 
426 617 616 620 87 
427 87 620 621 622 
428 622 621 624 579 
429 85 626 625 528 
430 626 47 627 625 
431 625 627 86 550 
432 528 625 550 84 
433 84 630 628 629 
434 630 550 631 628 
435 628 631 549 610 
436 629 628 610 450 
437 450 634 632 633 
438 634 610 635 632 
439 632 635 609 618 
440 633 632 618 555 
441 86 637 636 551 
442 637 545 638 636 
443 636 638 548 639 
444 551 636 639 50 
445 641 551 642 640 
446 640 642 50 643 
447 618 650 648 649 
448 650 609 651 648 
449 649 648 652 616 
450 50 639 653 576 
451 639 548 654 653 
452 653 654 572 655 
453 576 653 655 119 
454 643 50 657 656 
455 656 657 576 658 
456 118 577 662 594 
457 577 119 663 662 
458 662 663 72 664 
459 594 662 664 120 
460 480 615 665 666 
461 615 575 667 665 
462 665 667 577 668 
463 666 665 668 118 
464 579 624 669 670 
465 624 613 671 669 
466 669 671 615 672 
467 670 669 672 480 
468 621 675 673 674 
469 673 676 613 677 
470 674 673 677 624 
471 610 679 678 635 
472 679 549 680 678 
473 678 680 611 645 
474 635 678 645 609 
475 609 682 681 651 
476 682 645 683 681 
477 616 652 685 686 
478 685 687 612 688 
479 686 685 688 620 
480 648 691 689 690 
481 691 651 692 689 
482 690 689 693 652 
483 620 688 694 695 
484 688 612 696 694 
485 695 694 675 621 
486 613 661 697 671 
487 661 614 698 697 
488 697 698 575 699 
489 671 697 699 615 
490 700 702 661 703 
491 676 700 703 613 
492 675 706 704 705 
493 704 707 676 708 
494 705 704 708 673 
495 709 710 647 711 
496 687 709 711 612 
497 651 713 712 692 
498 713 681 714 712 
499 652 693 716 717 
500 693 619 718 716 
501 716 718 687 719 
502 717 716 719 685 
503 689 722 720 721 
504 722 692 723 720 
505 720 723 619 724 
506 721 720 724 693 
507 612 711 725 696 
508 711 647 726 725 
509 694 729 727 728 
510 729 696 730 727 
511 727 730 623 706 
512 728 727 706 675 
513 731 733 700 734 
514 707 731 734 676 
515 706 737 735 736 
516 737 623 738 735 
517 735 738 707 739 
518 736 735 739 704 
519 619 715 740 718 
520 715 684 741 740 
521 740 741 709 742 
522 718 740 742 687 
523 692 744 743 723 
524 744 712 745 743 
525 743 745 715 746 
526 723 743 746 619 
527 696 748 747 730 
528 748 725 749 747 
529 747 749 701 732 
530 730 747 732 623 
531 623 751 750 738 
532 751 732 752 750 
533 750 752 731 753 
534 738 750 753 707 
535 755 640 756 754 
536 754 756 643 757 
537 645 759 758 683 
538 759 611 760 758 
539 681 763 762 714 
540 763 683 764 762 
541 762 764 644 765 
542 712 767 766 745 
543 767 714 768 766 
544 766 768 684 769 
545 745 766 769 715 
546 757 643 771 770 
547 770 771 656 772 
548 773 775 614 776 
549 702 773 776 661 
550 778 659 779 777 
551 777 779 702 780 
552 733 777 780 700 
553 732 782 781 752 
554 782 701 783 781 
555 781 783 733 784 
556 752 781 784 731 
557 785 786 552 787 
558 710 785 787 647 
559 684 765 788 741 
560 765 644 789 788 
561 788 789 710 790 
562 741 788 790 709 
563 714 792 791 768 
564 792 762 793 791 
565 791 793 765 794 
566 768 791 794 684 
567 647 787 795 726 
568 787 552 796 795 
569 725 798 797 749 
570 798 726 799 797 
571 797 799 659 778 
572 749 797 778 701 
573 701 801 800 783 
574 801 778 802 800 
575 800 802 777 803 
576 783 800 803 733 
577 804 806 785 807 
578 789 804 807 710 
579 683 809 808 764 
580 809 758 810 808 
581 808 810 761 805 
582 764 808 805 644 
583 644 813 811 812 
584 813 805 814 811 
585 811 814 804 815 
586 812 811 815 789 
587 726 817 816 799 
588 817 795 818 816 
589 659 819 820 779 
590 819 774 821 820 
591 820 821 773 822 
592 779 820 822 702 
593 799 825 823 824 
594 825 816 826 823 
595 823 826 819 827 
596 824 823 827 659 
597 646 829 828 786 
598 829 754 830 828 
599 828 830 757 831 
600 786 828 831 552 
601 761 833 832 806 
602 833 646 834 832 
603 832 834 786 835 
604 806 832 835 785 
605 805 837 836 814 
606 837 761 838 836 
607 836 838 806 839 
608 814 836 839 804 
609 552 831 840 796 
610 831 757 841 840 
611 840 841 770 842 
612 796 840 842 660 
613 795 844 843 818 
614 844 796 845 843 
615 843 845 660 846 
616 818 843 846 774 
617 816 848 847 826 
618 848 818 849 847 
619 847 849 774 850 
620 826 847 850 819 
621 1 853 851 852 
622 853 12 160 851 
623 851 160 10 62 
624 852 851 62 11 
625 16 855 854 519 
626 855 2 856 854 
627 854 856 17 538 
628 519 854 538 15 
629 20 94 857 858 
630 94 19 214 857 
631 857 214 22 859 
632 858 857 859 4 
633 10 862 860 861 
634 862 25 164 860 
635 860 164 23 66 
636 861 860 66 24 
637 28 568 863 585 
638 568 29 864 863 
639 863 864 3 865 
640 585 863 865 30 
641 32 867 866 522 
642 867 15 868 866 
643 866 868 33 542 
644 522 866 542 31 
645 36 97 869 870 
646 97 35 218 869 
647 869 218 38 871 
648 870 869 871 19 
649 23 874 872 873 
650 874 41 168 872 
651 872 168 39 70 
652 873 872 70 40 
653 44 571 875 588 
654 571 45 876 875 
655 875 876 28 877 
656 588 875 877 46 
657 48 879 878 525 
658 879 31 880 878 
659 878 880 49 546 
660 525 878 546 47 
661 52 100 881 882 
662 100 51 222 881 
663 881 222 54 883 
664 882 881 883 35 
665 70 886 884 885 
666 886 39 172 884 
667 884 172 56 112 
668 885 884 112 68 
669 72 574 887 591 
670 574 73 888 887 
671 887 888 44 889 
672 591 887 889 74 
673 56 892 890 891 
674 892 81 176 890 
675 890 176 79 116 
676 891 890 116 80 
677 89 894 893 390 
678 894 58 530 893 
679 893 530 90 453 
680 390 893 453 88 
681 98 135 895 896 
682 135 76 226 895 
683 895 226 51 897 
684 896 895 897 100 
685 102 138 898 899 
686 138 101 230 898 
687 898 230 104 900 
688 899 898 900 76 
689 116 903 901 902 
690 903 79 180 901 
691 901 180 106 141 
692 902 901 141 114 
693 121 484 904 406 
694 484 122 597 904 
695 904 597 77 905 
696 406 904 905 123 
697 136 154 906 907 
698 154 125 234 906 
699 906 234 101 908 
700 907 906 908 138 
701 183 911 909 910 
702 911 186 254 909 
703 909 254 128 201 
704 910 909 201 149 
705 188 913 912 393 
706 913 88 914 912 
707 912 914 189 457 
708 393 912 457 187 
709 204 487 915 409 
710 487 205 916 915 
711 915 916 121 917 
712 409 915 917 206 
713 158 245 918 919 
714 245 143 270 918 
715 918 270 239 920 
716 919 918 920 237 
717 250 922 921 260 
718 922 196 296 921 
719 921 296 251 923 
720 260 921 923 249 
721 265 925 924 276 
722 925 267 317 924 
723 924 317 212 926 
724 276 924 926 268 
725 279 341 927 323 
726 341 191 362 927 
727 927 362 280 928 
728 323 927 928 278 
729 248 930 929 294 
730 930 289 338 929 
731 929 338 279 322 
732 294 929 322 131 
733 300 932 931 327 
734 932 301 377 931 
735 931 377 207 351 
736 327 931 351 302 
737 145 328 933 314 
738 328 302 350 933 
739 933 350 310 934 
740 314 933 934 263 
741 329 463 935 420 
742 463 331 936 935 
743 935 936 190 937 
744 420 935 937 332 
745 332 937 938 435 
746 937 190 939 938 
747 938 939 343 489 
748 435 938 489 342 
749 397 467 940 469 
750 467 329 941 940 
751 940 941 420 942 
752 469 940 942 419 
753 400 944 943 432 
754 944 422 472 943 
755 943 472 425 945 
756 432 943 945 193 
757 434 947 946 478 
758 947 435 948 946 
759 946 948 342 493 
760 478 946 493 412 
761 208 950 949 446 
762 950 440 497 949 
763 949 497 439 951 
764 446 949 951 417 
765 449 953 952 532 
766 953 84 629 952 
767 952 629 450 554 
768 532 952 554 448 
769 479 580 954 598 
770 580 480 666 954 
771 954 666 118 955 
772 598 954 955 481 
773 502 957 956 536 
774 957 448 958 956 
775 956 958 503 558 
776 536 956 558 501 
777 505 583 959 602 
778 583 506 960 959 
779 959 960 479 961 
780 602 959 961 507 
781 47 963 962 627 
782 963 546 964 962 
783 962 964 545 637 
784 627 962 637 86 
785 550 966 965 631 
786 966 86 967 965 
787 965 967 551 641 
788 631 965 641 549 
789 119 655 968 663 
790 655 572 969 968 
791 968 969 574 970 
792 663 968 970 72 
793 575 658 971 667 
794 658 576 972 971 
795 971 972 119 973 
796 667 971 973 577 
797 549 975 974 680 
798 975 641 976 974 
799 974 976 640 755 
800 680 974 755 611 
801 614 772 977 698 
802 772 656 978 977 
803 977 978 658 979 
804 698 977 979 575 
805 611 981 980 760 
806 981 755 982 980 
807 980 982 754 829 
808 760 980 829 646 
809 758 984 983 810 
810 984 760 985 983 
811 983 985 646 833 
812 810 983 833 761 
813 660 842 986 775 
814 842 770 987 986 
815 986 987 772 988 
816 775 986 988 614 
817 774 846 989 821 
818 846 660 990 989 
819 989 990 775 991 
820 821 989 991 773 
