2 0.000000 100.000000 335.864767
1096 931 
1 -11.368037 0.000000 -11.475037 99.999953 -0.000016 -0.000026 0.000001 
2 13.641644 0.000000 -11.475037 99.999942 -0.000120 -0.000515 0.000001 
3 13.641644 0.000000 11.690128 100.000046 0.000125 -0.000512 -0.000001 
4 -11.368037 0.000000 11.690128 100.000035 0.000017 -0.000004 -0.000001 
5 1.136804 0.000000 0.107546 100.805314 -0.014685 0.003950 -0.016171 
6 -11.368037 0.000000 0.107546 99.999964 0.000001 0.000011 0.000001 
7 1.136804 0.000000 -11.475037 99.999869 -0.000064 -0.000243 0.000003 
8 13.641644 0.000000 0.107546 99.999963 -0.003736 -0.715932 -0.000051 
9 1.136804 0.000000 11.690128 100.000180 0.000067 -0.000232 -0.000004 
10 -5.115617 0.000000 -5.683746 99.999802 -0.000028 -0.000138 0.000004 
11 -11.368037 0.000000 -5.683746 99.999943 -0.000010 -0.000015 0.000001 
12 -5.115617 0.000000 -11.475037 99.999909 -0.000032 -0.000090 0.000002 
13 1.136804 0.000000 -5.683746 99.999607 -0.000111 -0.000871 0.000008 
14 -5.115617 0.000000 0.107546 99.999734 0.000003 0.000042 0.000005 
15 7.389224 0.000000 -5.683746 99.999717 -0.000231 -0.002047 0.000006 
16 7.389224 0.000000 -11.475037 99.999889 -0.000100 -0.000428 0.000002 
17 13.641644 0.000000 -5.683746 99.999928 -0.000261 -0.002224 0.000001 
18 7.389224 0.000000 0.107546 99.999711 -0.003736 -0.715984 -0.000045 
19 -5.115617 0.000000 5.898837 100.000102 0.000031 0.000036 -0.000002 
20 -11.368037 0.000000 5.898837 100.000014 0.000011 0.000014 -0.000000 
21 1.136804 0.000000 5.898837 100.000802 0.000125 -0.000792 -0.000016 
22 -5.115617 0.000000 11.690128 100.000098 0.000033 -0.000044 -0.000002 
23 -1.989406 0.000000 -2.788100 99.998495 0.000270 -0.000081 0.000030 
24 -5.115617 0.000000 -2.788100 99.999705 -0.000016 -0.000107 0.000006 
25 -1.989406 0.000000 -5.683746 99.999681 -0.000054 -0.000419 0.000006 
26 1.136804 0.000000 -2.788100 100.000882 -0.000235 -0.003069 -0.000018 
27 -1.989406 0.000000 0.107546 99.997316 -0.000090 0.000197 0.000054 
28 7.389224 0.000000 5.898837 100.000184 0.000250 -0.002022 -0.000004 
29 13.641644 0.000000 5.898837 100.000028 0.000280 -0.002046 -0.000001 
30 7.389224 0.000000 11.690128 100.000118 0.000104 -0.000450 -0.000002 
31 4.263014 0.000000 -2.788100 99.992653 0.000511 -0.012796 0.000147 
32 4.263014 0.000000 -5.683746 99.999521 -0.000186 -0.001577 0.000010 
33 7.389224 0.000000 -2.788100 99.999579 -0.000494 -0.009225 0.000008 
34 4.263014 0.000000 0.107546 99.995352 -0.004894 -0.719704 0.000041 
35 -1.989406 0.000000 3.003191 100.000089 0.000057 0.000514 -0.000002 
36 -5.115617 0.000000 3.003191 99.999960 0.000021 0.000109 0.000001 
37 1.136804 0.000000 3.003191 100.004724 0.000159 -0.002119 -0.000094 
38 -1.989406 0.000000 5.898837 100.000364 0.000061 -0.000043 -0.000007 
39 -0.426301 0.000000 -1.340277 99.981646 -0.007582 -0.002667 0.000367 
40 -1.989406 0.000000 -1.340277 99.995013 -0.004158 0.006964 0.000100 
41 -0.426301 0.000000 -2.788100 100.004780 0.001073 -0.004867 -0.000096 
42 1.136804 0.000000 -1.340277 100.009882 0.007559 -0.006892 -0.000198 
43 -0.426301 0.000000 0.107546 100.211098 -0.063519 -0.069623 -0.004227 
44 4.263014 0.000000 3.003191 100.006064 0.001828 -0.013161 -0.000121 
45 7.389224 0.000000 3.003191 100.000067 0.000572 -0.007805 -0.000001 
46 4.263014 0.000000 5.898837 100.000518 0.000203 -0.001767 -0.000010 
47 2.699909 0.000000 -1.340277 99.990108 -0.000006 -0.017751 0.000198 
48 2.699909 0.000000 -2.788100 99.991162 0.001158 -0.007871 0.000177 
49 4.263014 0.000000 -1.340277 99.995551 -0.000701 -0.037371 0.000089 
50 2.699909 0.000000 0.107546 100.032738 0.047143 -0.707035 -0.000705 
51 -0.426301 0.000000 1.555368 99.996291 -0.000540 0.010379 0.000074 
52 -1.989406 0.000000 1.555368 100.001715 -0.001437 0.007663 -0.000034 
53 1.136804 0.000000 1.555368 100.003294 0.001763 -0.000870 -0.000066 
54 -0.426301 0.000000 3.003191 100.006784 -0.000563 0.005211 -0.000136 
55 0.355251 0.000000 -0.616366 100.052423 -0.006097 -0.175383 -0.001052 
56 -0.426301 0.000000 -0.616366 99.955902 -0.002729 0.028279 0.000882 
57 0.355251 0.000000 -1.340277 100.005300 -0.001013 -0.023240 -0.000106 
58 1.136804 0.000000 -0.616366 100.013397 -0.005315 -0.006899 -0.000268 
59 0.355251 0.000000 0.107546 105.191409 0.000239 4.805562 -0.108833 
60 -8.241827 0.000000 -2.788100 99.999887 -0.000008 -0.000019 0.000002 
61 -11.368037 0.000000 -2.788100 99.999947 -0.000005 -0.000002 0.000001 
62 -8.241827 0.000000 -5.683746 99.999896 -0.000016 -0.000044 0.000002 
63 -8.241827 0.000000 0.107546 99.999916 0.000001 0.000020 0.000002 
64 -3.552511 0.000000 -1.340277 99.999359 -0.000011 -0.000135 0.000013 
65 -5.115617 0.000000 -1.340277 99.999688 -0.000007 -0.000040 0.000006 
66 -3.552511 0.000000 -2.788100 99.999474 -0.000025 -0.000277 0.000011 
67 -3.552511 0.000000 0.107546 99.999439 0.000005 0.000073 0.000011 
68 -1.207854 0.000000 -0.616366 99.999593 0.001451 -0.015368 0.000008 
69 -1.989406 0.000000 -0.616366 99.997531 -0.001494 -0.002050 0.000049 
70 -1.207854 0.000000 -1.340277 99.993653 -0.006130 -0.000049 0.000127 
71 -1.207854 0.000000 0.107546 99.996880 -0.000158 -0.000219 0.000062 
72 2.699909 0.000000 1.555368 100.002231 0.001848 -0.034345 -0.000045 
73 4.263014 0.000000 1.555368 99.998357 0.001302 -0.029380 0.000033 
74 2.699909 0.000000 3.003191 100.002941 0.000387 -0.007658 -0.000059 
75 0.355251 0.000000 0.831457 100.019525 0.001332 0.079282 -0.000391 
76 -0.426301 0.000000 0.831457 99.980201 -0.011491 0.011615 0.000396 
77 1.136804 0.000000 0.831457 100.000620 0.012899 -0.013532 -0.000012 
78 0.355251 0.000000 1.555368 99.994764 0.000543 0.009268 0.000105 
79 -0.035525 0.000000 -0.254410 98.488029 -0.087927 0.935310 0.029923 
80 -0.426301 0.000000 -0.254410 100.091062 -0.008561 0.089188 -0.001823 
81 -0.035525 0.000000 -0.616366 99.870765 0.002038 -0.071261 0.002583 
82 0.355251 0.000000 -0.254410 100.884240 -0.039327 -0.922294 -0.017848 
83 -0.035525 0.000000 0.107546 99.459726 0.057611 -11.794813 -0.003136 
84 1.918356 0.000000 -0.616366 99.956010 -0.014360 -0.048051 0.000879 
85 1.918356 0.000000 -1.340277 100.003638 -0.006818 -0.000558 -0.000073 
86 2.699909 0.000000 -0.616366 99.924467 0.002426 -0.165204 0.001507 
87 1.918356 0.000000 0.107546 101.339890 -0.005071 -0.968265 -0.027071 
88 0.746027 0.000000 -0.254410 101.757910 -0.001537 0.001030 -0.035467 
89 0.746027 0.000000 -0.616366 100.042776 -0.003228 -0.025946 -0.000856 
90 1.136804 0.000000 -0.254410 101.448004 -0.011611 0.002081 -0.029170 
91 0.746027 0.000000 0.107546 101.677595 -0.000990 -0.000405 -0.033833 
92 -8.241827 0.000000 3.003191 99.999980 0.000011 0.000038 0.000000 
93 -11.368037 0.000000 3.003191 99.999990 0.000006 0.000018 0.000000 
94 -8.241827 0.000000 5.898837 100.000034 0.000018 0.000024 -0.000001 
95 -3.552511 0.000000 1.555368 99.999674 0.000021 0.000217 0.000007 
96 -5.115617 0.000000 1.555368 99.999839 0.000013 0.000100 0.000003 
97 -3.552511 0.000000 3.003191 99.999960 0.000033 0.000220 0.000001 
98 -1.207854 0.000000 0.831457 99.995971 -0.000116 0.000158 0.000081 
99 -1.989406 0.000000 0.831457 100.000931 0.003642 0.010667 -0.000019 
100 -1.207854 0.000000 1.555368 99.996909 -0.000057 0.002941 0.000062 
101 -0.035525 0.000000 0.469501 99.759965 -0.011005 0.085658 0.004794 
102 -0.426301 0.000000 0.469501 99.967077 -0.006462 -0.067084 0.000658 
103 0.355251 0.000000 0.469501 100.102123 0.005722 0.318296 -0.002054 
104 -0.035525 0.000000 0.831457 99.963311 0.001226 0.053852 0.000733 
105 0.159863 0.000000 -0.073432 98.935817 -0.082158 -13.353262 0.003339 
106 -0.035525 0.000000 -0.073432 111.456259 -0.019095 26.957580 -0.314921 
107 0.159863 0.000000 -0.254410 98.902395 0.080214 -2.223208 0.021337 
108 0.355251 0.000000 -0.073432 75.315777 -0.010359 -2.116539 0.432305 
109 0.159863 0.000000 0.107546 98.383960 -0.195238 10.253912 0.021542 
110 -0.817078 0.000000 -0.254410 100.005577 -0.014939 0.015012 -0.000112 
111 -1.207854 0.000000 -0.254410 99.995982 -0.000169 0.001022 0.000080 
112 -0.817078 0.000000 -0.616366 99.991125 -0.001238 0.005049 0.000177 
113 -0.817078 0.000000 0.107546 100.013873 -0.015381 0.001494 -0.000278 
114 -0.230913 0.000000 -0.073432 101.291423 -0.073860 0.494619 -0.026020 
115 -0.426301 0.000000 -0.073432 100.228452 -0.067249 0.073107 -0.004575 
116 -0.230913 0.000000 -0.254410 100.198483 0.048457 0.366250 -0.003987 
117 -0.230913 0.000000 0.107546 100.998405 -0.067498 -0.663188 -0.020112 
118 1.918356 0.000000 0.831457 100.034632 0.016708 -0.078429 -0.000693 
119 2.699909 0.000000 0.831457 99.993687 0.025637 -0.112016 0.000125 
120 1.918356 0.000000 1.555368 100.018283 -0.001088 -0.026228 -0.000366 
121 0.746027 0.000000 0.469501 100.088953 0.006347 -0.037798 -0.001780 
122 1.136804 0.000000 0.469501 100.068423 0.004895 0.003409 -0.001369 
123 0.746027 0.000000 0.831457 100.056570 0.007637 0.023087 -0.001132 
124 0.159863 0.000000 0.288524 99.289322 0.010123 1.490988 0.013941 
125 -0.035525 0.000000 0.288524 98.960985 -0.025058 -0.438151 0.020653 
126 0.355251 0.000000 0.288524 100.650716 -0.042843 0.793686 -0.013120 
127 0.159863 0.000000 0.469501 99.802165 0.003119 0.358364 0.003940 
128 0.062169 0.000000 0.017057 184.827234 -0.001001 7.312604 -2.421458 
129 -0.035525 0.000000 0.017057 158.155501 -0.084239 -11.616062 -1.514810 
130 0.062169 0.000000 -0.073432 80.863773 0.051310 -15.584573 0.321817 
131 0.159863 0.000000 0.017057 118.700085 0.135853 3.407148 -0.410134 
132 0.062169 0.000000 0.107546 90.707771 0.005053 5.348957 0.174349 
133 -0.817078 0.000000 0.469501 99.998861 -0.005510 -0.003061 0.000023 
134 -1.207854 0.000000 0.469501 99.995056 -0.000140 -0.000419 0.000099 
135 -0.817078 0.000000 0.831457 99.986993 0.001117 -0.006345 0.000260 
136 -0.230913 0.000000 0.288524 99.990751 0.100802 -0.402364 0.000168 
137 -0.426301 0.000000 0.288524 100.041760 -0.012585 -0.133752 -0.000837 
138 -0.230913 0.000000 0.469501 99.898689 -0.000024 -0.074638 0.002025 
139 -0.133219 0.000000 0.017057 106.824313 0.056335 -1.056354 -0.141255 
140 -0.230913 0.000000 0.017057 101.576375 -0.082146 -0.177773 -0.031780 
141 -0.133219 0.000000 -0.073432 104.447714 0.070727 2.859913 -0.091751 
142 -0.133219 0.000000 0.107546 102.492254 -0.038799 -3.063113 -0.051405 
143 -1.989406 0.000000 -8.579391 99.999822 -0.000051 -0.000237 0.000004 
144 -5.115617 0.000000 -8.579391 99.999870 -0.000031 -0.000115 0.000003 
145 -1.989406 0.000000 -11.475037 99.999885 -0.000045 -0.000155 0.000002 
146 1.136804 0.000000 -8.579391 99.999785 -0.000081 -0.000418 0.000004 
147 -0.426301 0.000000 -4.235923 99.999507 -0.000082 -0.001078 0.000010 
148 -1.989406 0.000000 -4.235923 99.999500 -0.000051 -0.000604 0.000010 
149 -0.426301 0.000000 -5.683746 99.999654 -0.000078 -0.000638 0.000007 
150 1.136804 0.000000 -4.235923 99.996340 0.001271 -0.001178 0.000073 
151 0.355251 0.000000 -2.064189 100.006460 -0.001452 -0.008125 -0.000129 
152 -0.426301 0.000000 -2.064189 99.997459 -0.000196 -0.006398 0.000051 
153 0.355251 0.000000 -2.788100 100.000383 -0.000204 -0.003885 -0.000008 
154 1.136804 0.000000 -2.064189 100.006158 -0.003110 -0.004306 -0.000123 
155 -0.035525 0.000000 -0.978321 99.964472 -0.005031 -0.034389 0.000710 
156 -0.426301 0.000000 -0.978321 99.982524 -0.006629 -0.015835 0.000349 
157 -0.035525 0.000000 -1.340277 99.995752 -0.001083 -0.020068 0.000085 
158 0.355251 0.000000 -0.978321 99.994243 0.000701 -0.053293 0.000115 
159 0.159863 0.000000 -0.435388 99.758239 -0.007547 -0.443300 0.004810 
160 -0.035525 0.000000 -0.435388 99.693203 -0.020208 -0.081367 0.006126 
161 0.159863 0.000000 -0.616366 99.931884 -0.009270 -0.183369 0.001358 
162 0.355251 0.000000 -0.435388 100.147036 0.015195 -0.382423 -0.002958 
163 0.062169 0.000000 -0.163921 96.435555 0.034357 -1.814879 0.069689 
164 -0.035525 0.000000 -0.163921 98.305587 0.136008 3.467778 0.032397 
165 0.062169 0.000000 -0.254410 97.789603 0.018566 -0.728463 0.043666 
166 0.159863 0.000000 -0.163921 98.531444 -0.180425 -5.461831 0.026169 
167 0.013322 0.000000 -0.028188 234.802084 0.006220 -2.303538 -4.513732 
168 -0.035525 0.000000 -0.028188 154.168629 -0.065973 19.442378 -1.414598 
169 0.013322 0.000000 -0.073432 74.552871 0.097557 -14.657644 0.422701 
170 0.062169 0.000000 -0.028188 184.245306 -0.003416 -12.163039 -2.409427 
171 0.013322 0.000000 0.017057 225.960360 0.005580 0.163965 -4.105811 
172 0.062169 0.000000 0.198035 97.092196 0.031717 1.233426 0.057158 
173 -0.035525 0.000000 0.198035 98.006190 0.039717 -2.256950 0.038969 
174 0.159863 0.000000 0.198035 98.562530 -0.044639 3.869641 0.027045 
175 0.062169 0.000000 0.288524 98.535207 0.015960 0.569781 0.029049 
176 0.013322 0.000000 0.062301 74.226368 -0.164469 14.530112 0.427930 
177 -0.035525 0.000000 0.062301 122.266821 -0.061232 -31.414036 -0.593602 
178 0.062169 0.000000 0.062301 78.551949 -0.096019 15.356470 0.359376 
179 0.013322 0.000000 0.107546 88.317925 -0.049739 -5.156611 0.217335 
180 -0.230913 0.000000 -0.435388 99.923270 0.000383 0.085993 0.001533 
181 -0.426301 0.000000 -0.435388 99.980780 0.003102 0.069105 0.000384 
182 -0.230913 0.000000 -0.616366 99.914861 0.002365 0.009801 0.001702 
183 -0.133219 0.000000 -0.163921 100.437702 -0.170366 2.361827 -0.009334 
184 -0.230913 0.000000 -0.163921 100.590687 -0.031533 0.593623 -0.011884 
185 -0.133219 0.000000 -0.254410 99.852650 -0.058135 0.708390 0.002894 
186 0.013322 0.000000 -0.118677 91.153624 -0.022466 4.025398 0.167481 
187 -0.035525 0.000000 -0.118677 98.991692 0.155506 8.870396 0.012194 
188 0.013322 0.000000 -0.163921 96.486836 0.118642 1.337694 0.068849 
189 0.062169 0.000000 -0.118677 92.553837 0.026622 -4.172347 0.141638 
190 0.550639 0.000000 -0.073432 101.206421 -0.012835 -0.003270 -0.024274 
191 0.550639 0.000000 -0.254410 101.196519 -0.025861 -0.000089 -0.024074 
192 0.746027 0.000000 -0.073432 101.652159 -0.001869 -0.001927 -0.033316 
193 0.550639 0.000000 0.107546 100.874616 -0.009905 -0.001833 -0.017569 
194 0.257557 0.000000 0.017057 89.841439 -0.054538 1.588757 0.192599 
195 0.257557 0.000000 -0.073432 87.819449 -0.040363 -6.954814 0.223937 
196 0.355251 0.000000 0.017057 77.425312 -0.001790 0.433216 0.400513 
197 0.257557 0.000000 0.107546 102.488381 -0.048002 10.245699 -0.060884 
198 0.111016 0.000000 -0.028188 144.538075 -0.024987 -8.602276 -1.096525 
199 0.111016 0.000000 -0.073432 92.682267 -0.054101 -15.429540 0.117192 
200 0.159863 0.000000 -0.028188 118.333512 0.077289 -5.545481 -0.403358 
201 0.111016 0.000000 0.017057 145.226000 -0.022869 5.221808 -1.111786 
202 0.037745 0.000000 -0.050810 75.661150 0.093091 -14.698366 0.405934 
203 0.013322 0.000000 -0.050810 74.218927 0.135633 -14.498215 0.428133 
204 0.037745 0.000000 -0.073432 76.225758 0.094449 -14.906637 0.396742 
205 0.062169 0.000000 -0.050810 181.506235 0.035759 -20.969219 -2.338422 
206 0.037745 0.000000 -0.028188 209.762511 0.041704 -13.175464 -3.417391 
207 0.111016 0.000000 0.062301 92.612317 -0.059216 15.490754 0.118299 
208 0.159863 0.000000 0.062301 116.417932 0.064181 12.123255 -0.370011 
209 0.111016 0.000000 0.107546 95.938066 0.008410 9.166954 0.071185 
210 -0.133219 0.000000 0.198035 99.965397 -0.111864 -1.619737 0.000428 
211 -0.230913 0.000000 0.198035 100.427423 -0.031941 -0.495836 -0.008591 
212 -0.133219 0.000000 0.288524 99.861360 -0.043241 -0.444351 0.002751 
213 0.013322 0.000000 0.152790 95.819852 0.072704 -1.738945 0.081553 
214 -0.035525 0.000000 0.152790 98.455948 0.120504 -4.266921 0.028821 
215 0.062169 0.000000 0.152790 95.748556 0.025713 2.172649 0.082749 
216 0.013322 0.000000 0.198035 97.305138 0.079079 -0.662167 0.053127 
217 0.037745 0.000000 0.084923 75.653507 -0.059739 14.876781 0.405522 
218 0.013322 0.000000 0.084923 75.776953 -0.084892 -6.774703 0.421195 
219 0.037745 0.000000 0.062301 75.895129 -0.065501 14.854563 0.401927 
220 0.062169 0.000000 0.084923 77.491075 -0.100270 15.235963 0.376299 
221 0.037745 0.000000 0.107546 88.933765 -0.029186 1.340036 0.208899 
222 0.257557 0.000000 -0.163921 100.792873 -0.016622 -4.540640 -0.017982 
223 0.257557 0.000000 -0.254410 100.167599 -0.010863 -1.907776 -0.003719 
224 0.355251 0.000000 -0.163921 102.292536 0.005248 -1.916116 -0.046743 
225 0.111016 0.000000 -0.118677 96.143080 -0.038908 -7.649766 0.069799 
226 0.111016 0.000000 -0.163921 97.693877 -0.083890 -3.951632 0.044028 
227 0.159863 0.000000 -0.118677 98.482930 -0.223629 -8.782961 0.022392 
228 0.086592 0.000000 -0.050810 160.259322 0.002786 -19.494122 -1.606307 
229 0.086592 0.000000 -0.073432 91.940292 -0.112104 -15.343014 0.131156 
230 0.111016 0.000000 -0.050810 141.912392 0.034006 -15.197517 -1.037009 
231 0.086592 0.000000 -0.028188 162.687931 -0.027616 -10.411627 -1.657577 
232 0.086592 0.000000 -0.096054 92.168292 0.024905 -10.740539 0.138965 
233 0.062169 0.000000 -0.096054 88.662040 -0.002259 -6.821013 0.209252 
234 0.086592 0.000000 -0.118677 94.364050 0.013633 -6.450000 0.105382 
235 0.111016 0.000000 -0.096054 92.673382 -0.061990 -15.499841 0.117140 
236 0.074381 0.000000 -0.062121 88.011292 -0.049357 -15.355239 0.201823 
237 0.062169 0.000000 -0.062121 78.581645 0.080698 -15.359726 0.358900 
238 0.074381 0.000000 -0.073432 87.646691 -0.041172 -15.208732 0.208675 
239 0.086592 0.000000 -0.062121 92.131748 -0.124526 -15.411044 0.127423 
240 0.074381 0.000000 -0.050810 171.882650 -0.018816 -20.489376 -1.996346 
241 0.550639 0.000000 0.288524 101.203419 -0.013496 0.000476 -0.024213 
242 0.746027 0.000000 0.288524 101.922376 0.003124 -0.000526 -0.038817 
243 0.550639 0.000000 0.469501 100.120372 0.003073 0.033835 -0.002409 
244 0.257557 0.000000 0.198035 100.488493 -0.063215 3.149920 -0.010786 
245 0.355251 0.000000 0.198035 101.585894 0.032583 1.420552 -0.032171 
246 0.257557 0.000000 0.288524 100.246118 0.012045 1.458780 -0.005141 
247 0.111016 0.000000 0.152790 97.368274 -0.066391 4.612830 0.049814 
248 0.159863 0.000000 0.152790 98.701670 -0.146205 5.899600 0.022315 
249 0.111016 0.000000 0.198035 97.688486 -0.010474 2.827651 0.044896 
250 0.086592 0.000000 0.084923 92.106915 -0.017475 15.406246 0.127896 
251 0.086592 0.000000 0.062301 92.106915 -0.017475 15.406246 0.127896 
252 0.111016 0.000000 0.084923 92.624044 -0.084184 15.421187 0.118297 
253 0.086592 0.000000 0.107546 93.477092 0.000287 8.165232 0.119536 
254 0.086592 0.000000 0.039679 161.666080 0.023399 14.802798 -1.635504 
255 0.062169 0.000000 0.039679 183.202567 0.015518 16.984079 -2.385164 
256 0.086592 0.000000 0.017057 163.323789 -0.025381 6.231709 -1.671349 
257 0.111016 0.000000 0.039679 143.391551 -0.020734 12.031347 -1.070589 
258 0.074381 0.000000 0.073612 87.519809 -0.030658 15.222844 0.210855 
259 0.062169 0.000000 0.073612 80.836153 -0.083189 15.578395 0.322282 
260 0.074381 0.000000 0.062301 87.978665 -0.031909 15.349388 0.202415 
261 0.086592 0.000000 0.073612 91.919738 -0.020029 15.341301 0.131541 
262 0.074381 0.000000 0.084923 92.106915 -0.017475 15.406246 0.127896 
263 0.208710 0.000000 -0.118677 100.809425 -0.243926 -8.600024 -0.023656 
264 0.208710 0.000000 -0.163921 99.586236 -0.175023 -5.545615 0.005180 
265 0.257557 0.000000 -0.118677 101.688267 0.022487 -7.799291 -0.040133 
266 0.208710 0.000000 -0.073432 98.057802 -0.130279 -9.332304 0.029756 
267 0.135439 0.000000 -0.096054 94.457098 -0.041026 -15.172974 0.084764 
268 0.135439 0.000000 -0.118677 97.329219 -0.085026 -8.237688 0.045916 
269 0.159863 0.000000 -0.096054 99.215240 -0.089482 -13.390535 -0.002298 
270 0.135439 0.000000 -0.073432 94.324980 -0.039566 -15.222531 0.087107 
271 0.208710 0.000000 -0.028188 101.457260 0.055895 -3.304473 -0.030450 
272 0.257557 0.000000 -0.028188 89.641360 -0.037946 -2.583130 0.195775 
273 0.208710 0.000000 0.017057 101.702252 0.064052 2.085918 -0.034770 
274 0.135439 0.000000 -0.050810 128.453305 0.040629 -12.130888 -0.664741 
275 0.159863 0.000000 -0.050810 117.362408 0.060295 -9.762201 -0.386924 
276 0.135439 0.000000 -0.028188 130.131205 0.073647 -6.862430 -0.698123 
277 0.123228 0.000000 -0.084743 92.903361 -0.033954 -15.486468 0.112913 
278 0.111016 0.000000 -0.084743 92.685042 -0.052712 -15.430664 0.117137 
279 0.123228 0.000000 -0.096054 92.746424 -0.024458 -15.509014 0.115757 
280 0.135439 0.000000 -0.084743 94.953835 -0.043923 -15.144575 0.075441 
281 0.123228 0.000000 -0.073432 92.716116 -0.037013 -15.433226 0.116554 
282 0.208710 0.000000 0.062301 99.323043 -0.023373 7.865651 0.007306 
283 0.257557 0.000000 0.062301 88.286502 -0.019343 5.965061 0.216991 
284 0.208710 0.000000 0.107546 100.450896 -0.106871 12.657298 -0.025060 
285 0.135439 0.000000 0.084923 94.927716 -0.067914 15.139280 0.075953 
286 0.135439 0.000000 0.062301 127.185608 -0.006803 14.402006 -0.638360 
287 0.159863 0.000000 0.084923 99.137822 0.008208 13.353373 -0.000662 
288 0.135439 0.000000 0.107546 96.996150 -0.047061 9.525790 0.050100 
289 0.135439 0.000000 0.039679 129.213844 -0.053360 9.614054 -0.678865 
290 0.135439 0.000000 0.017057 130.469355 -0.056848 4.195996 -0.703986 
291 0.159863 0.000000 0.039679 117.862999 0.106198 7.791034 -0.395240 
292 0.123228 0.000000 0.073612 92.650303 -0.109605 15.425115 0.117798 
293 0.111016 0.000000 0.073612 92.621831 -0.081046 15.421119 0.118338 
294 0.123228 0.000000 0.062301 133.239079 -0.038347 16.107297 -0.801210 
295 0.135439 0.000000 0.073612 94.280737 -0.086662 15.219368 0.087951 
296 0.123228 0.000000 0.084923 92.840510 -0.113084 15.478157 0.114105 
297 0.184287 0.000000 -0.096054 99.191512 -0.097907 -13.333659 -0.001675 
298 0.184287 0.000000 -0.118677 99.636574 -0.285853 -8.933712 -0.000734 
299 0.208710 0.000000 -0.096054 100.481493 -0.133401 -12.702234 -0.025789 
300 0.184287 0.000000 -0.073432 99.146400 -0.113220 -13.386599 -0.000922 
301 0.208710 0.000000 0.152790 99.811433 -0.112449 5.987329 0.000182 
302 0.257557 0.000000 0.152790 100.933823 0.048503 5.070583 -0.021335 
303 0.208710 0.000000 0.198035 99.482974 -0.045379 3.892093 0.008799 
304 0.184287 0.000000 0.084923 99.196146 -0.075653 13.336627 -0.001775 
305 0.184287 0.000000 0.062301 107.316780 -0.059572 9.713995 -0.161126 
306 0.208710 0.000000 0.084923 100.699620 -0.095448 12.281176 -0.029125 
307 0.184287 0.000000 0.107546 99.158804 -0.077321 13.388579 -0.001173 
308 0.746027 0.000000 -0.978321 100.024332 0.009573 -0.028559 -0.000487 
309 0.746027 0.000000 -1.340277 100.012847 -0.001546 -0.016811 -0.000257 
310 1.136804 0.000000 -0.978321 100.024470 -0.006624 -0.009800 -0.000489 
311 0.550639 0.000000 -0.435388 100.129687 0.003678 -0.040415 -0.002596 
312 0.550639 0.000000 -0.616366 100.068434 0.004432 -0.054043 -0.001369 
313 0.746027 0.000000 -0.435388 100.063476 0.007568 0.038494 -0.001270 
314 0.452945 0.000000 -0.163921 99.889827 -0.029388 -0.000537 0.002202 
315 0.452945 0.000000 -0.254410 100.711327 0.003589 0.012600 -0.014277 
316 0.550639 0.000000 -0.163921 101.202431 -0.016990 -0.005043 -0.024193 
317 0.452945 0.000000 -0.073432 99.731386 -0.024820 -0.000061 0.005365 
318 0.306404 0.000000 -0.118677 104.201401 0.064402 -6.465048 -0.089973 
319 0.306404 0.000000 -0.163921 101.593855 0.028195 -3.374763 -0.033270 
320 0.355251 0.000000 -0.118677 105.110022 0.011720 -4.396464 -0.106745 
321 0.306404 0.000000 -0.073432 80.443603 0.095520 -3.673023 0.351533 
322 0.233134 0.000000 -0.096054 102.661072 -0.124527 -10.263060 -0.064464 
323 0.233134 0.000000 -0.118677 101.210110 -0.155109 -8.074286 -0.030870 
324 0.257557 0.000000 -0.096054 102.518248 -0.061037 -10.212002 -0.061428 
325 0.233134 0.000000 -0.073432 92.636206 -0.050434 -7.322531 0.136491 
326 0.184287 0.000000 -0.050810 108.034542 -0.067834 -7.817332 -0.173258 
327 0.208710 0.000000 -0.050810 100.216341 -0.044369 -6.267447 -0.008260 
328 0.184287 0.000000 -0.028188 108.993605 -0.086202 -4.541017 -0.190023 
329 0.196498 0.000000 -0.084743 99.358993 -0.096299 -13.415257 -0.005219 
330 0.184287 0.000000 -0.084743 99.187056 -0.099000 -13.333723 -0.001587 
331 0.196498 0.000000 -0.096054 99.360429 -0.094104 -13.415591 -0.005248 
332 0.208710 0.000000 -0.084743 100.699980 -0.125989 -12.279388 -0.029129 
333 0.196498 0.000000 -0.073432 102.097879 -0.091097 -10.571646 -0.053574 
334 0.452945 0.000000 0.017057 101.211643 -0.007150 -0.003741 -0.024380 
335 0.550639 0.000000 0.017057 101.209048 -0.010373 -0.002846 -0.024327 
336 0.452945 0.000000 0.107546 99.550885 -0.014511 -0.003757 0.008962 
337 0.306404 0.000000 0.062301 80.947811 0.071762 3.139168 0.343759 
338 0.306404 0.000000 0.017057 81.851446 0.080948 0.926251 0.329948 
339 0.355251 0.000000 0.062301 76.072723 -0.002894 1.726560 0.420996 
340 0.306404 0.000000 0.107546 104.227984 0.031434 6.467509 -0.090530 
341 0.233134 0.000000 0.084923 102.614221 -0.071613 10.258088 -0.063491 
342 0.233134 0.000000 0.062301 93.439525 -0.029100 6.493133 0.122689 
343 0.257557 0.000000 0.084923 102.504329 -0.061964 10.247675 -0.061216 
344 0.233134 0.000000 0.107546 102.638249 -0.071648 10.261809 -0.063992 
345 0.184287 0.000000 0.130168 99.676169 -0.191484 7.630429 0.000640 
346 0.159863 0.000000 0.130168 98.728710 -0.174695 7.517352 0.019610 
347 0.208710 0.000000 0.130168 100.327295 -0.151114 7.671450 -0.012444 
348 0.184287 0.000000 0.152790 99.289966 -0.149387 6.117916 0.010405 
349 0.196498 0.000000 0.096235 99.366987 -0.086130 13.417120 -0.005382 
350 0.184287 0.000000 0.096235 99.200399 -0.075696 13.335943 -0.001857 
351 0.196498 0.000000 0.084923 99.364779 -0.086235 13.416679 -0.005337 
352 0.208710 0.000000 0.096235 100.491374 -0.107065 12.688811 -0.025953 
353 0.196498 0.000000 0.107546 99.304358 -0.080786 13.410413 -0.004120 
354 0.306404 0.000000 -0.028188 81.726494 0.082569 -1.520730 0.331846 
355 0.355251 0.000000 -0.028188 77.247380 -0.001606 -0.728851 0.403231 
356 0.281981 0.000000 -0.096054 103.367225 0.061745 -9.227029 -0.076992 
357 0.281981 0.000000 -0.118677 103.478739 0.076607 -6.678185 -0.075245 
358 0.306404 0.000000 -0.096054 104.180677 0.065986 -6.463512 -0.089539 
359 0.281981 0.000000 -0.073432 83.156963 0.148052 -5.219507 0.305765 
360 0.257557 0.000000 -0.344899 100.260554 0.012995 -0.990735 -0.005316 
361 0.159863 0.000000 -0.344899 99.644787 0.003334 -0.883737 0.007014 
362 0.257557 0.000000 -0.435388 99.959109 0.004015 -0.498080 0.000793 
363 0.355251 0.000000 -0.344899 100.603339 -0.003701 -0.674014 -0.012149 
364 0.306404 0.000000 -0.209166 101.059626 0.014620 -2.199118 -0.021788 
365 0.257557 0.000000 -0.209166 100.434240 -0.068097 -2.829001 -0.009504 
366 0.306404 0.000000 -0.254410 100.685622 -0.035087 -1.421319 -0.013962 
367 0.355251 0.000000 -0.209166 101.435323 0.001054 -1.241372 -0.029067 
368 0.281981 0.000000 -0.141299 101.906447 0.065833 -4.966401 -0.040959 
369 0.257557 0.000000 -0.141299 101.136186 0.064969 -5.912175 -0.026349 
370 0.281981 0.000000 -0.163921 101.219721 -0.044787 -3.916563 -0.026077 
371 0.306404 0.000000 -0.141299 102.136297 0.036329 -4.200145 -0.044947 
372 0.269769 0.000000 -0.107366 102.852286 0.012432 -9.863920 -0.067589 
373 0.257557 0.000000 -0.107366 102.511596 -0.051491 -10.247599 -0.061364 
374 0.269769 0.000000 -0.118677 102.308197 0.077485 -7.688664 -0.052609 
375 0.281981 0.000000 -0.107366 103.388720 0.061836 -9.100952 -0.077206 
376 0.269769 0.000000 -0.096054 102.736532 -0.000324 -9.991342 -0.065462 
377 0.452945 0.000000 0.198035 101.209135 -0.012457 0.000999 -0.024329 
378 0.550639 0.000000 0.198035 101.213937 -0.010661 0.000779 -0.024426 
379 0.452945 0.000000 0.288524 100.614190 -0.002521 0.043121 -0.012322 
380 0.306404 0.000000 0.152790 101.875148 0.054623 3.766806 -0.039274 
381 0.355251 0.000000 0.152790 102.771624 0.011175 2.220102 -0.056694 
382 0.306404 0.000000 0.198035 101.143315 0.025070 2.435783 -0.023590 
383 0.281981 0.000000 0.084923 103.295080 0.096831 9.351344 -0.075733 
384 0.281981 0.000000 0.062301 83.862256 0.204778 4.502898 0.294680 
385 0.306404 0.000000 0.084923 104.196544 0.003477 6.466193 -0.089873 
386 0.281981 0.000000 0.107546 103.400201 0.094567 9.094516 -0.077432 
387 0.281981 0.000000 0.130168 102.416600 0.089541 5.634722 -0.052092 
388 0.257557 0.000000 0.130168 101.479592 0.111620 6.729697 -0.034341 
389 0.306404 0.000000 0.130168 102.631656 0.029540 4.681420 -0.055517 
390 0.281981 0.000000 0.152790 101.531736 0.022185 4.381797 -0.032789 
391 0.269769 0.000000 0.096235 102.718173 0.014132 9.995199 -0.065093 
392 0.257557 0.000000 0.096235 102.495677 -0.055760 10.210399 -0.060962 
393 0.269769 0.000000 0.084923 102.620072 0.005453 10.257984 -0.063611 
394 0.281981 0.000000 0.096235 103.377267 0.097761 9.238441 -0.077222 
395 0.269769 0.000000 0.107546 102.846186 0.032704 9.860381 -0.067457 
396 0.404098 0.000000 -0.118677 101.708041 -0.025722 -1.709727 -0.034745 
397 0.404098 0.000000 -0.163921 102.468992 -0.000862 0.024024 -0.049989 
398 0.452945 0.000000 -0.118677 99.567997 -0.029978 -0.000120 0.008621 
399 0.404098 0.000000 -0.073432 99.000254 -0.033729 0.000287 0.019895 
400 0.330828 0.000000 -0.096054 104.172162 0.026032 -6.466822 -0.089366 
401 0.330828 0.000000 -0.118677 104.177681 0.026583 -6.467183 -0.089481 
402 0.355251 0.000000 -0.096054 105.012425 0.016135 -4.705121 -0.104975 
403 0.330828 0.000000 -0.073432 77.930514 0.017775 -3.435662 0.391503 
404 0.404098 0.000000 0.062301 99.003948 -0.019948 -0.001776 0.019822 
405 0.404098 0.000000 0.017057 76.638755 0.013558 -0.197602 0.412646 
406 0.452945 0.000000 0.062301 99.804457 -0.012078 -0.004058 0.003907 
407 0.404098 0.000000 0.107546 101.557430 0.019212 1.904676 -0.031754 
408 0.330828 0.000000 0.084923 104.182388 -0.040755 6.467764 -0.089580 
409 0.330828 0.000000 0.062301 78.318334 -0.027107 2.817300 0.385830 
410 0.355251 0.000000 0.084923 74.102677 -0.003222 2.602487 0.450202 
411 0.330828 0.000000 0.107546 104.252975 -0.034884 6.472379 -0.091058 
412 0.330828 0.000000 -0.141299 102.649185 0.033184 -3.695809 -0.055052 
413 0.330828 0.000000 -0.163921 101.939681 0.036616 -2.768454 -0.039936 
414 0.355251 0.000000 -0.141299 103.412279 0.027285 -2.532253 -0.070051 
415 0.404098 0.000000 -0.028188 76.452847 0.014850 0.336216 0.415485 
416 0.452945 0.000000 -0.028188 100.427250 -0.018701 -0.003038 -0.008563 
417 0.379675 0.000000 -0.096054 104.556360 0.001831 -2.226367 -0.093699 
418 0.379675 0.000000 -0.118677 104.284089 0.000030 -2.220809 -0.088010 
419 0.404098 0.000000 -0.096054 101.779355 -0.025486 -1.752443 -0.036211 
420 0.379675 0.000000 -0.073432 74.620877 0.013069 -0.540014 0.443143 
421 0.343039 0.000000 -0.107366 104.574962 0.030016 -6.112300 -0.097328 
422 0.330828 0.000000 -0.107366 104.177623 0.026577 -6.467179 -0.089480 
423 0.343039 0.000000 -0.118677 104.549321 0.034912 -6.489807 -0.097268 
424 0.355251 0.000000 -0.107366 105.124608 0.010205 -4.818248 -0.107440 
425 0.343039 0.000000 -0.096054 104.620768 0.026058 -6.019009 -0.098173 
426 0.404098 0.000000 0.152790 99.003895 -0.019994 -0.001766 0.019823 
427 0.452945 0.000000 0.152790 99.830027 -0.014867 -0.001865 0.003397 
428 0.404098 0.000000 0.198035 101.567130 -0.000559 0.239184 -0.031594 
429 0.379675 0.000000 0.084923 74.249486 0.026286 0.546154 0.448671 
430 0.379675 0.000000 0.062301 75.160407 0.039094 0.481601 0.435068 
431 0.404098 0.000000 0.084923 99.008713 -0.015792 -0.003490 0.019727 
432 0.379675 0.000000 0.107546 104.601919 0.028689 2.227203 -0.094652 
433 0.330828 0.000000 0.130168 103.318187 0.060618 4.485386 -0.069477 
434 0.355251 0.000000 0.130168 104.597231 -0.010028 3.043056 -0.094984 
435 0.330828 0.000000 0.152790 102.236117 0.043516 3.158371 -0.046220 
436 0.343039 0.000000 0.096235 104.693240 -0.016112 6.025307 -0.099698 
437 0.330828 0.000000 0.096235 104.247305 -0.035356 6.472008 -0.090939 
438 0.343039 0.000000 0.084923 76.031410 0.012258 3.934626 0.420374 
439 0.355251 0.000000 0.096235 105.080484 0.000198 4.707836 -0.106407 
440 0.343039 0.000000 0.107546 104.652444 -0.016323 6.111838 -0.098949 
441 0.452945 0.000000 -0.344899 100.437749 0.016789 -0.134894 -0.008776 
442 0.452945 0.000000 -0.435388 100.181906 -0.000389 -0.167722 -0.003644 
443 0.550639 0.000000 -0.344899 100.281277 0.005447 0.067534 -0.005634 
444 0.404098 0.000000 -0.209166 101.366437 -0.027236 -0.291325 -0.027524 
445 0.404098 0.000000 -0.254410 100.840929 -0.036520 -0.414834 -0.016907 
446 0.452945 0.000000 -0.209166 101.192558 -0.029641 0.001436 -0.023993 
447 0.379675 0.000000 -0.141299 103.651898 0.002214 -1.224847 -0.074522 
448 0.379675 0.000000 -0.163921 102.503554 0.004599 -0.995355 -0.050797 
449 0.404098 0.000000 -0.141299 98.995387 -0.038620 -0.000119 0.019991 
450 1.527580 0.000000 -0.254410 101.464468 -0.017113 0.034752 -0.029504 
451 1.527580 0.000000 -0.616366 99.962358 -0.014518 0.022079 0.000753 
452 1.918356 0.000000 -0.254410 101.143019 -0.003315 -0.357809 -0.023004 
453 1.527580 0.000000 0.107546 101.463998 -0.020790 0.115142 -0.029496 
454 0.941416 0.000000 -0.073432 101.716428 -0.000547 0.002385 -0.034623 
455 0.941416 0.000000 -0.254410 101.760126 0.000521 0.000890 -0.035512 
456 1.136804 0.000000 -0.073432 100.965326 -0.012631 0.004426 -0.019400 
457 0.941416 0.000000 0.107546 101.729659 -0.004243 0.000863 -0.034892 
458 0.648333 0.000000 -0.163921 101.384438 -0.010640 -0.003298 -0.027880 
459 0.648333 0.000000 -0.254410 101.334416 -0.016677 -0.001250 -0.026866 
460 0.746027 0.000000 -0.163921 101.660405 -0.003777 -0.000735 -0.033484 
461 0.648333 0.000000 -0.073432 101.378660 -0.009678 -0.002289 -0.027763 
462 0.501792 0.000000 -0.118677 100.024398 -0.028232 -0.001228 -0.000488 
463 0.501792 0.000000 -0.163921 100.230461 -0.024887 -0.002405 -0.004615 
464 0.550639 0.000000 -0.118677 100.844714 -0.018495 -0.003381 -0.016966 
465 0.501792 0.000000 -0.073432 100.155713 -0.020130 -0.000642 -0.003117 
466 0.428522 0.000000 -0.096054 99.444650 -0.030369 -0.931979 0.010989 
467 0.428522 0.000000 -0.118677 99.414666 -0.030888 -0.920632 0.011588 
468 0.452945 0.000000 -0.096054 99.558638 -0.027979 0.000504 0.008808 
469 0.428522 0.000000 -0.073432 99.646729 -0.028649 0.000510 0.007053 
470 0.391886 0.000000 -0.107366 103.380289 -0.017770 -2.130990 -0.069203 
471 0.379675 0.000000 -0.107366 104.556590 0.002793 -2.226455 -0.093704 
472 0.391886 0.000000 -0.118677 102.918394 -0.016833 -1.945090 -0.059598 
473 0.404098 0.000000 -0.107366 101.545168 -0.025552 -1.905624 -0.031505 
474 0.391886 0.000000 -0.096054 102.996444 -0.016414 -1.978086 -0.061218 
475 0.648333 0.000000 0.017057 101.449588 -0.005743 -0.002043 -0.029202 
476 0.746027 0.000000 0.017057 101.596381 -0.003028 -0.001676 -0.032182 
477 0.648333 0.000000 0.107546 101.374994 -0.006445 -0.001705 -0.027689 
478 0.501792 0.000000 0.062301 100.281605 -0.010643 -0.004705 -0.005640 
479 0.501792 0.000000 0.017057 101.208909 -0.010442 -0.002923 -0.024324 
480 0.550639 0.000000 0.062301 101.209808 -0.010234 -0.002245 -0.024343 
481 0.501792 0.000000 0.107546 100.053153 -0.014349 -0.001966 -0.001063 
482 0.428522 0.000000 0.084923 99.626558 -0.014074 -0.003413 0.007455 
483 0.428522 0.000000 0.062301 99.695759 -0.013748 -0.003418 0.006076 
484 0.452945 0.000000 0.084923 99.622191 -0.013480 -0.004165 0.007542 
485 0.428522 0.000000 0.107546 99.308206 0.001534 1.429644 0.013584 
486 0.379675 0.000000 0.130168 104.230548 -0.000508 1.269160 -0.086562 
487 0.404098 0.000000 0.130168 99.008562 -0.015924 -0.003440 0.019730 
488 0.379675 0.000000 0.152790 102.935065 -0.011327 1.083162 -0.059680 
489 0.391886 0.000000 0.096235 103.023586 0.023758 1.980104 -0.061778 
490 0.379675 0.000000 0.096235 104.601381 0.028115 2.227103 -0.094641 
491 0.391886 0.000000 0.084923 99.003936 -0.019958 -0.001774 0.019822 
492 0.404098 0.000000 0.096235 101.795237 0.018195 1.754797 -0.036535 
493 0.391886 0.000000 0.107546 103.383206 0.026965 2.124174 -0.069260 
494 1.527580 0.000000 0.469501 100.104700 0.004361 -0.027228 -0.002095 
495 1.918356 0.000000 0.469501 100.023404 -0.001084 -0.236867 -0.000474 
496 1.527580 0.000000 0.831457 100.018462 0.003652 -0.014684 -0.000369 
497 1.332192 0.000000 -0.073432 100.450731 -0.018021 -0.015319 -0.009035 
498 1.332192 0.000000 -0.254410 101.256073 -0.027865 0.006600 -0.025279 
499 1.527580 0.000000 -0.073432 101.365884 -0.012733 0.178796 -0.027507 
500 1.332192 0.000000 0.107546 100.229603 -0.025774 -0.012499 -0.004597 
501 4.263014 0.000000 -8.579391 99.999777 -0.000116 -0.000641 0.000004 
502 4.263014 0.000000 -11.475037 99.999868 -0.000083 -0.000342 0.000003 
503 7.389224 0.000000 -8.579391 99.999828 -0.000142 -0.000822 0.000003 
504 2.699909 0.000000 -4.235923 99.996295 -0.000949 -0.002857 0.000074 
505 2.699909 0.000000 -5.683746 99.999526 -0.000150 -0.001203 0.000009 
506 4.263014 0.000000 -4.235923 99.999174 -0.000260 -0.003064 0.000017 
507 1.918356 0.000000 -2.064189 100.001887 -0.001256 -0.003045 -0.000038 
508 1.918356 0.000000 -2.788100 99.999766 -0.000248 -0.002774 0.000005 
509 2.699909 0.000000 -2.064189 99.996390 -0.002645 -0.007368 0.000072 
510 1.527580 0.000000 -0.978321 100.013830 -0.011463 -0.003441 -0.000277 
511 1.527580 0.000000 -1.340277 99.988580 -0.004489 -0.015184 0.000228 
512 1.918356 0.000000 -0.978321 99.978978 -0.009421 -0.017058 0.000420 
513 1.332192 0.000000 -0.435388 100.018580 -0.021103 0.047033 -0.000372 
514 1.136804 0.000000 -0.435388 100.036232 -0.011198 -0.017185 -0.000725 
515 1.332192 0.000000 -0.616366 100.003842 -0.027773 0.012674 -0.000077 
516 1.527580 0.000000 -0.435388 99.935843 -0.002527 0.044734 0.001283 
517 1.234498 0.000000 -0.163921 99.756577 -0.021439 0.001735 0.004862 
518 1.136804 0.000000 -0.163921 101.449153 -0.008036 0.005141 -0.029193 
519 1.234498 0.000000 -0.254410 100.290940 -0.034630 0.020503 -0.005827 
520 1.332192 0.000000 -0.163921 100.614931 -0.019241 -0.007705 -0.012336 
521 1.234498 0.000000 -0.073432 99.730230 -0.020037 0.004930 0.005388 
522 1.332192 0.000000 0.288524 100.148557 -0.006414 -0.194607 -0.002977 
523 1.136804 0.000000 0.288524 101.461781 -0.020596 0.000906 -0.029449 
524 1.527580 0.000000 0.288524 101.865792 -0.012310 -0.037029 -0.037664 
525 1.332192 0.000000 0.469501 100.082860 -0.016615 -0.033271 -0.001658 
526 1.234498 0.000000 0.017057 101.464121 -0.015395 0.003316 -0.029497 
527 1.136804 0.000000 0.017057 101.454604 -0.009139 0.005228 -0.029304 
528 1.332192 0.000000 0.017057 101.176870 -0.020190 -0.028465 -0.023676 
529 1.234498 0.000000 0.107546 99.525831 -0.022035 0.001340 0.009461 
530 10.515434 0.000000 -2.788100 99.999855 -0.000512 -0.009339 0.000003 
531 10.515434 0.000000 -5.683746 99.999861 -0.000252 -0.002185 0.000003 
532 13.641644 0.000000 -2.788100 99.999936 -0.000518 -0.009355 0.000001 
533 10.515434 0.000000 0.107546 99.999912 -0.003736 -0.715937 -0.000049 
534 5.826119 0.000000 -1.340277 99.998025 -0.006235 -0.042533 0.000039 
535 5.826119 0.000000 -2.788100 99.998561 -0.000805 -0.009780 0.000029 
536 7.389224 0.000000 -1.340277 99.999587 -0.000931 -0.040186 0.000008 
537 5.826119 0.000000 0.107546 99.999131 -0.010065 -0.719046 -0.000034 
538 3.481461 0.000000 -0.616366 99.986101 -0.001064 -0.169182 0.000275 
539 3.481461 0.000000 -1.340277 99.992250 -0.002368 -0.033634 0.000155 
540 4.263014 0.000000 -0.616366 99.993795 0.006771 -0.176366 0.000121 
541 3.481461 0.000000 0.107546 99.985717 -0.005280 -0.719245 0.000234 
542 2.309132 0.000000 -0.254410 98.878551 -0.039458 -0.688275 0.022256 
543 2.309132 0.000000 -0.616366 99.904216 0.011958 -0.053520 0.001914 
544 2.699909 0.000000 -0.254410 99.946276 -0.018747 -0.676104 0.001028 
545 2.309132 0.000000 0.107546 99.657139 0.092697 8.439893 -0.000279 
546 1.722968 0.000000 -0.073432 101.322221 -0.005309 0.198536 -0.026623 
547 1.722968 0.000000 -0.254410 101.648897 -0.006691 0.115014 -0.033251 
548 1.918356 0.000000 -0.073432 101.001659 -0.005204 -0.748588 -0.020190 
549 1.722968 0.000000 0.107546 101.627513 -0.009752 -0.041044 -0.032815 
550 1.429886 0.000000 -0.163921 101.235536 -0.018427 -0.017077 -0.024863 
551 1.429886 0.000000 -0.254410 101.250235 -0.025321 0.010197 -0.025161 
552 1.527580 0.000000 -0.163921 101.405042 -0.012326 0.197086 -0.028302 
553 1.429886 0.000000 -0.073432 101.247924 -0.019371 -0.000280 -0.025114 
554 1.283345 0.000000 -0.118677 99.627199 -0.019964 0.004198 0.007442 
555 1.234498 0.000000 -0.118677 99.548279 -0.022407 0.003024 0.009014 
556 1.283345 0.000000 -0.163921 100.084039 -0.020980 0.007210 -0.001682 
557 1.332192 0.000000 -0.118677 100.215190 -0.020461 -0.009909 -0.004308 
558 1.283345 0.000000 -0.073432 99.839790 -0.016733 -0.007845 0.003202 
559 1.429886 0.000000 0.017057 101.238465 -0.019781 -0.035889 -0.024923 
560 1.527580 0.000000 0.017057 101.363830 -0.014405 0.168102 -0.027465 
561 1.429886 0.000000 0.107546 101.285213 -0.040508 -0.006266 -0.025870 
562 0.941416 0.000000 0.288524 101.922380 0.003124 -0.000527 -0.038817 
563 0.941416 0.000000 0.469501 100.051450 0.011702 -0.008811 -0.001029 
564 1.234498 0.000000 0.198035 101.461784 -0.020595 0.000907 -0.029449 
565 1.136804 0.000000 0.198035 101.463141 -0.014668 0.003550 -0.029477 
566 1.332192 0.000000 0.198035 101.285240 -0.033847 -0.015209 -0.025870 
567 1.234498 0.000000 0.288524 100.243662 -0.031460 0.003783 -0.004879 
568 1.283345 0.000000 0.062301 99.972333 -0.019326 -0.017468 0.000553 
569 1.234498 0.000000 0.062301 99.728556 -0.019905 0.002999 0.005421 
570 1.283345 0.000000 0.017057 101.176128 -0.020055 -0.028427 -0.023661 
571 1.332192 0.000000 0.062301 100.540089 -0.020483 -0.018642 -0.010831 
572 1.283345 0.000000 0.107546 99.412392 -0.020854 -0.000625 0.011718 
573 10.515434 0.000000 3.003191 100.000006 0.000590 -0.007745 -0.000000 
574 13.641644 0.000000 3.003191 99.999999 0.000597 -0.007723 0.000000 
575 10.515434 0.000000 5.898837 100.000066 0.000271 -0.002048 -0.000001 
576 5.826119 0.000000 1.555368 100.000593 -0.004063 -0.030274 -0.000012 
577 7.389224 0.000000 1.555368 99.999904 0.001231 -0.027529 0.000002 
578 5.826119 0.000000 3.003191 100.000221 0.000549 -0.007855 -0.000004 
579 3.481461 0.000000 0.831457 99.992452 0.003134 -0.089262 0.000150 
580 4.263014 0.000000 0.831457 99.996139 0.002561 -0.086143 0.000076 
581 3.481461 0.000000 1.555368 99.998888 0.002404 -0.031164 0.000022 
582 2.309132 0.000000 0.469501 99.790351 0.017674 -0.263446 0.004182 
583 2.699909 0.000000 0.469501 99.972152 0.002391 -0.219521 0.000552 
584 2.309132 0.000000 0.831457 99.997128 0.018539 -0.122948 0.000056 
585 2.113744 0.000000 -0.073432 86.711436 -0.025920 6.186973 0.244285 
586 2.113744 0.000000 -0.254410 99.954359 -0.016067 0.806289 0.000848 
587 2.309132 0.000000 -0.073432 111.570493 0.113101 -17.454698 -0.275265 
588 2.113744 0.000000 0.107546 106.826851 0.020367 -11.151282 -0.153633 
589 2.309132 0.000000 -0.978321 99.973567 -0.006373 -0.015744 0.000529 
590 2.309132 0.000000 -1.340277 99.997377 -0.006281 -0.007922 0.000052 
591 2.699909 0.000000 -0.978321 99.979139 -0.005532 -0.039719 0.000417 
592 2.113744 0.000000 -0.435388 99.803744 -0.012724 0.007961 0.003921 
593 1.918356 0.000000 -0.435388 99.855147 -0.008814 -0.040455 0.002895 
594 2.113744 0.000000 -0.616366 99.952174 0.012541 -0.008312 0.000956 
595 2.309132 0.000000 -0.435388 99.652578 0.011499 -0.194057 0.006933 
596 2.016050 0.000000 -0.163921 100.882622 0.029572 -0.294160 -0.017739 
597 1.918356 0.000000 -0.163921 100.917317 -0.002372 -0.639937 -0.018471 
598 2.016050 0.000000 -0.254410 100.389682 -0.014319 -0.051846 -0.007809 
599 2.113744 0.000000 -0.163921 101.850540 0.051559 3.371876 -0.038490 
600 2.016050 0.000000 -0.073432 100.774510 0.027992 -0.439934 -0.015570 
601 2.113744 0.000000 0.288524 100.053740 0.009614 -1.108984 -0.001198 
602 1.918356 0.000000 0.288524 101.527263 0.022101 -0.191835 -0.030782 
603 2.309132 0.000000 0.288524 99.298690 0.011614 -0.332220 0.013966 
604 2.113744 0.000000 0.469501 99.875240 0.014439 -0.363723 0.002480 
605 2.016050 0.000000 0.017057 101.173888 -0.007049 -0.957988 -0.023707 
606 1.918356 0.000000 0.017057 101.050480 -0.006728 -0.896131 -0.021200 
607 2.113744 0.000000 0.017057 91.755781 -0.086880 -1.785011 0.157768 
608 2.016050 0.000000 0.107546 100.842827 0.080312 -0.169832 -0.016931 
609 3.090685 0.000000 -0.254410 99.969273 0.021211 -0.641249 0.000573 
610 3.090685 0.000000 -0.616366 99.975199 -0.003653 -0.157125 0.000493 
611 3.481461 0.000000 -0.254410 99.984326 -0.004553 -0.637285 0.000273 
612 3.090685 0.000000 0.107546 99.977206 0.023550 -0.728509 0.000403 
613 2.504521 0.000000 -0.073432 100.633041 0.021678 -1.472340 -0.012918 
614 2.504521 0.000000 -0.254410 99.852658 -0.000695 -0.927436 0.002859 
615 2.699909 0.000000 -0.073432 100.027297 0.040613 -1.184517 -0.000686 
616 2.504521 0.000000 0.107546 100.484716 -0.008988 -0.370530 -0.009732 
617 2.211438 0.000000 -0.163921 96.635565 0.036732 2.809432 0.065367 
618 2.211438 0.000000 -0.254410 98.843437 0.013093 0.532755 0.022969 
619 2.309132 0.000000 -0.163921 97.827127 -0.026583 -2.700215 0.042256 
620 2.211438 0.000000 -0.073432 88.245034 -0.030526 15.738948 0.196510 
621 2.064897 0.000000 -0.118677 101.336959 0.062233 2.866650 -0.027740 
622 2.016050 0.000000 -0.118677 100.745822 0.039228 -0.298663 -0.014981 
623 2.064897 0.000000 -0.163921 100.851209 0.043559 -0.044282 -0.017097 
624 2.113744 0.000000 -0.118677 106.673501 0.006254 11.006100 -0.150037 
625 2.064897 0.000000 -0.073432 100.830985 0.035895 -0.208747 -0.016693 
626 2.211438 0.000000 0.017057 126.373521 -0.039709 -3.749762 -0.598433 
627 2.309132 0.000000 0.017057 124.439275 0.135803 2.579170 -0.549180 
628 2.211438 0.000000 0.107546 92.165158 -0.038405 -10.784562 0.138928 
629 1.722968 0.000000 0.288524 101.833548 -0.012321 -0.167838 -0.037010 
630 1.722968 0.000000 0.469501 100.115882 -0.014639 -0.104845 -0.002320 
631 2.016050 0.000000 0.198035 101.421378 -0.001102 -0.633922 -0.028670 
632 1.918356 0.000000 0.198035 101.584238 -0.010229 -1.060035 -0.032048 
633 2.113744 0.000000 0.198035 100.665432 0.025318 -2.712031 -0.014088 
634 2.016050 0.000000 0.288524 100.332418 0.010751 -0.623992 -0.006698 
635 2.064897 0.000000 0.062301 100.813071 0.080751 -0.607878 -0.016365 
636 2.016050 0.000000 0.062301 100.896462 0.057367 -0.819393 -0.018077 
637 2.064897 0.000000 0.017057 86.872607 -0.015703 -0.652394 0.245272 
638 2.113744 0.000000 0.062301 88.819133 -0.055084 -5.544245 0.208042 
639 2.064897 0.000000 0.107546 101.968422 0.125545 -5.026974 -0.042285 
640 2.162591 0.000000 -0.118677 99.239795 -0.029355 10.220953 0.004699 
641 2.162591 0.000000 -0.163921 99.170028 0.017487 4.282517 0.014697 
642 2.211438 0.000000 -0.118677 93.252586 -0.011437 7.749684 0.124390 
643 2.162591 0.000000 -0.073432 101.420314 -0.083759 12.376031 -0.043925 
644 2.064897 0.000000 -0.028188 86.229038 0.012799 -0.368309 0.256442 
645 2.016050 0.000000 -0.028188 101.022845 0.011284 -0.700961 -0.020611 
646 2.113744 0.000000 -0.028188 91.158168 -0.070581 2.087316 0.168583 
647 2.089321 0.000000 -0.096054 105.193895 0.038781 5.447820 -0.109544 
648 2.064897 0.000000 -0.096054 102.276148 0.060060 3.974150 -0.047621 
649 2.089321 0.000000 -0.118677 105.282239 0.039539 5.618968 -0.111592 
650 2.113744 0.000000 -0.096054 106.184338 0.007910 11.764457 -0.141352 
651 2.089321 0.000000 -0.073432 100.706071 0.062510 -0.043199 -0.014172 
652 3.090685 0.000000 0.469501 99.982708 0.023563 -0.209644 0.000341 
653 3.481461 0.000000 0.469501 99.988767 0.003624 -0.201140 0.000221 
654 3.090685 0.000000 0.831457 99.992465 0.003587 -0.098170 0.000150 
655 2.504521 0.000000 0.288524 99.865376 0.020360 -0.109116 0.002689 
656 2.699909 0.000000 0.288524 99.972407 0.000660 -0.320071 0.000542 
657 2.504521 0.000000 0.469501 99.928835 0.036831 -0.228187 0.001417 
658 2.211438 0.000000 0.198035 98.209922 0.074727 -2.343588 0.034931 
659 2.309132 0.000000 0.198035 98.600416 0.004745 0.222178 0.027791 
660 2.211438 0.000000 0.288524 99.376315 0.006551 -1.060748 0.012322 
661 2.162591 0.000000 0.062301 102.844208 -0.129352 -10.727345 -0.069202 
662 2.162591 0.000000 0.017057 105.590125 -0.053310 -3.062204 -0.115865 
663 2.211438 0.000000 0.062301 126.543628 -0.032842 -14.899737 -0.623529 
664 2.162591 0.000000 0.107546 100.058962 -0.044394 -15.419182 -0.024955 
665 2.064897 0.000000 0.152790 100.924834 0.072609 -0.171860 -0.018586 
666 2.016050 0.000000 0.152790 101.049975 0.047018 -0.521096 -0.021137 
667 2.113744 0.000000 0.152790 102.204049 0.065246 -4.800729 -0.046872 
668 2.064897 0.000000 0.198035 101.114386 -0.024242 -1.539164 -0.022649 
669 2.089321 0.000000 0.084923 100.780534 0.085789 -0.206727 -0.015677 
670 2.064897 0.000000 0.084923 100.805989 0.081893 -0.577435 -0.016219 
671 2.089321 0.000000 0.062301 85.505505 -0.014540 -2.794514 0.268100 
672 2.113744 0.000000 0.084923 106.101584 0.007606 -13.337030 -0.143542 
673 2.089321 0.000000 0.107546 105.724378 0.089312 -5.905334 -0.121253 
674 1.722968 0.000000 -0.435388 99.915686 -0.043928 -0.063437 0.001685 
675 1.722968 0.000000 -0.616366 99.971758 -0.001165 -0.022148 0.000565 
676 2.016050 0.000000 -0.344899 100.153048 -0.004396 -0.074411 -0.003064 
677 1.918356 0.000000 -0.344899 99.996986 0.006389 -0.149396 0.000058 
678 2.016050 0.000000 -0.435388 99.840828 0.005603 -0.035266 0.003181 
679 2.113744 0.000000 -0.344899 100.039235 -0.014141 0.200599 -0.000789 
680 2.064897 0.000000 -0.209166 100.878047 -0.053450 0.690154 -0.017686 
681 2.016050 0.000000 -0.209166 101.180682 -0.003373 -0.227281 -0.023758 
682 2.064897 0.000000 -0.254410 100.332619 -0.019104 0.312889 -0.006673 
683 2.113744 0.000000 -0.209166 100.371172 -0.001956 1.624469 -0.007701 
684 2.089321 0.000000 -0.141299 100.706066 0.062510 -0.042968 -0.014172 
685 2.064897 0.000000 -0.141299 100.835823 0.041874 -0.106441 -0.016788 
686 2.089321 0.000000 -0.163921 102.520555 0.009253 2.139628 -0.051504 
687 2.113744 0.000000 -0.141299 103.212120 0.084511 5.109834 -0.067886 
688 2.162591 0.000000 -0.028188 105.156050 -0.119819 4.529435 -0.107833 
689 2.211438 0.000000 -0.028188 126.707480 -0.030708 5.606609 -0.608622 
690 2.138168 0.000000 -0.096054 102.273148 -0.022924 15.102685 -0.068789 
691 2.138168 0.000000 -0.118677 101.982409 0.008669 10.454513 -0.050971 
692 2.162591 0.000000 -0.096054 99.304959 -0.060862 15.170084 -0.009161 
693 2.138168 0.000000 -0.073432 93.376147 -0.073081 9.624409 0.118826 
694 2.101533 0.000000 -0.107366 107.098079 0.012699 7.961669 -0.153339 
695 2.089321 0.000000 -0.107366 105.736815 0.034601 5.867859 -0.121471 
696 2.101533 0.000000 -0.118677 107.523251 0.014384 6.530492 -0.160390 
697 2.113744 0.000000 -0.107366 106.684771 0.005914 11.122638 -0.150535 
698 2.101533 0.000000 -0.096054 107.511736 0.010348 7.586217 -0.161632 
699 2.162591 0.000000 0.152790 99.348495 -0.000772 -6.067623 0.009306 
700 2.211438 0.000000 0.152790 96.426496 0.050437 -4.486528 0.068180 
701 2.162591 0.000000 0.198035 99.450356 0.045734 -3.115265 0.009992 
702 2.138168 0.000000 0.084923 102.614435 -0.024512 -15.173514 -0.075996 
703 2.138168 0.000000 0.062301 94.876776 -0.077399 -8.307188 0.092938 
704 2.162591 0.000000 0.084923 98.442593 -0.051008 -16.172861 0.004749 
705 2.138168 0.000000 0.107546 102.649989 -0.023874 -15.178648 -0.076741 
706 2.089321 0.000000 0.130168 100.807728 0.084797 -0.059326 -0.016221 
707 2.064897 0.000000 0.130168 100.960507 0.070546 -0.193956 -0.019307 
708 2.113744 0.000000 0.130168 104.318925 0.063711 -6.839889 -0.092923 
709 2.089321 0.000000 0.152790 103.000843 0.062726 -3.229289 -0.061961 
710 2.101533 0.000000 0.096235 107.141512 0.041284 -8.841991 -0.155749 
711 2.089321 0.000000 0.096235 105.199042 0.092802 -5.518275 -0.109730 
712 2.101533 0.000000 0.084923 83.684925 -0.014608 -4.992586 0.297191 
713 2.113744 0.000000 0.096235 106.353757 0.014106 -11.806876 -0.145052 
714 2.101533 0.000000 0.107546 107.129210 0.049158 -8.015160 -0.154091 
715 2.504521 0.000000 -0.435388 99.847360 0.027331 -0.292439 0.003042 
716 2.504521 0.000000 -0.616366 99.912245 -0.016534 -0.116066 0.001753 
717 2.699909 0.000000 -0.435388 99.926737 -0.013072 -0.313061 0.001455 
718 2.211438 0.000000 -0.344899 99.632530 -0.005601 0.107520 0.007335 
719 2.211438 0.000000 -0.435388 99.703963 -0.012455 -0.036383 0.005912 
720 2.309132 0.000000 -0.344899 99.540403 -0.021386 -0.258337 0.009164 
721 2.162591 0.000000 -0.209166 99.327222 0.006062 1.892111 0.013052 
722 2.162591 0.000000 -0.254410 99.401936 -0.018480 0.899731 0.011845 
723 2.211438 0.000000 -0.209166 98.245021 0.044801 1.150360 0.034659 
724 2.138168 0.000000 -0.141299 101.211305 0.045788 6.457598 -0.028543 
725 2.138168 0.000000 -0.163921 100.646457 0.044699 4.154687 -0.014697 
726 2.162591 0.000000 -0.141299 99.253174 0.004152 6.639530 0.010472 
727 2.125956 0.000000 -0.107366 104.191962 0.004305 14.541991 -0.106743 
728 2.125956 0.000000 -0.118677 104.131020 0.061163 10.133258 -0.094596 
729 2.138168 0.000000 -0.107366 102.304767 -0.021841 15.107503 -0.069450 
730 2.125956 0.000000 -0.096054 104.127793 0.003552 14.572276 -0.105495 
731 2.138168 0.000000 0.130168 101.774489 0.021259 -8.619764 -0.043235 
732 2.162591 0.000000 0.130168 99.237642 -0.040430 -8.782305 0.007476 
733 2.138168 0.000000 0.152790 100.884779 0.026351 -5.794399 -0.021131 
734 2.125956 0.000000 0.096235 104.404102 -0.010239 -14.638350 -0.111450 
735 2.125956 0.000000 0.084923 103.242193 -0.020675 -15.266649 -0.089202 
736 2.138168 0.000000 0.096235 102.618904 -0.023546 -15.173863 -0.076089 
737 2.125956 0.000000 0.107546 104.474724 -0.009626 -14.594612 -0.112797 
738 2.406827 0.000000 -0.163921 100.051412 -0.030380 -2.179107 -0.001503 
739 2.406827 0.000000 -0.254410 99.659018 -0.030091 -0.966335 0.006715 
740 2.504521 0.000000 -0.163921 100.155504 -0.029463 -1.303692 -0.003283 
741 2.406827 0.000000 -0.073432 102.356827 -0.105686 -2.992485 -0.048589 
742 2.260285 0.000000 -0.118677 89.520708 0.073881 -1.770237 0.198290 
743 2.260285 0.000000 -0.163921 95.815007 0.043831 -0.516244 0.081922 
744 2.309132 0.000000 -0.118677 98.235975 0.018075 -7.753431 0.028958 
745 2.260285 0.000000 -0.073432 76.403093 0.082424 12.602281 0.400374 
746 2.187015 0.000000 -0.096054 94.014294 -0.050396 17.148902 0.086723 
747 2.187015 0.000000 -0.118677 96.386008 -0.020159 9.681828 0.061600 
748 2.211438 0.000000 -0.096054 89.991995 -0.043093 16.238267 0.163776 
749 2.187015 0.000000 -0.073432 111.932522 -0.060365 15.633397 -0.277330 
750 2.150380 0.000000 -0.107366 101.310608 -0.044987 14.960263 -0.048765 
751 2.150380 0.000000 -0.118677 100.501129 -0.008568 10.275744 -0.020607 
752 2.162591 0.000000 -0.107366 99.634283 -0.058223 15.330800 -0.016203 
753 2.150380 0.000000 -0.096054 100.811713 -0.048287 15.119525 -0.039160 
754 2.406827 0.000000 0.017057 103.817914 -0.103383 -0.535652 -0.077846 
755 2.504521 0.000000 0.017057 100.820214 0.007767 -1.003313 -0.016572 
756 2.406827 0.000000 0.107546 101.335739 -0.082118 1.107009 -0.027016 
757 2.260285 0.000000 0.062301 161.238055 -0.022705 -8.608166 -1.607181 
758 2.260285 0.000000 0.017057 141.261676 -0.028318 -0.668808 -0.995531 
759 2.309132 0.000000 0.062301 116.910051 0.125102 13.832445 -0.385931 
760 2.260285 0.000000 0.107546 86.377841 0.058894 0.654151 0.253844 
761 2.187015 0.000000 0.084923 93.959792 -0.050569 -17.160952 0.087706 
762 2.187015 0.000000 0.062301 113.133918 -0.066992 -13.193913 -0.297337 
763 2.211438 0.000000 0.084923 89.828457 -0.021515 -16.055729 0.167306 
764 2.187015 0.000000 0.107546 96.244243 -0.062374 -12.626803 0.057761 
765 2.150380 0.000000 0.096235 101.198971 -0.036687 -15.197837 -0.047221 
766 2.150380 0.000000 0.084923 101.436763 -0.036694 -15.000020 -0.051442 
767 2.162591 0.000000 0.096235 99.749629 -0.046567 -15.259331 -0.018284 
768 2.150380 0.000000 0.107546 101.677956 -0.033672 -15.035412 -0.056447 
769 2.260285 0.000000 -0.028188 144.001180 0.003168 -0.530263 -1.073662 
770 2.309132 0.000000 -0.028188 124.096519 0.121862 -7.106397 -0.545046 
771 2.187015 0.000000 -0.050810 114.270608 -0.084533 10.334809 -0.316459 
772 2.162591 0.000000 -0.050810 103.751745 -0.096091 8.474218 -0.083625 
773 2.211438 0.000000 -0.050810 127.051865 -0.031123 11.276876 -0.626935 
774 2.187015 0.000000 -0.028188 115.273639 -0.084523 5.421118 -0.331741 
775 2.174803 0.000000 -0.084743 95.341555 -0.050153 16.967687 0.062208 
776 2.162591 0.000000 -0.084743 97.949721 -0.055964 16.069937 0.014761 
777 2.174803 0.000000 -0.096054 96.088798 -0.050942 16.841702 0.048330 
778 2.187015 0.000000 -0.084743 93.280574 -0.053289 17.014708 0.100923 
779 2.174803 0.000000 -0.073432 106.303506 -0.078321 14.008434 -0.149668 
780 2.406827 0.000000 0.198035 99.846440 0.006497 0.395929 0.003053 
781 2.504521 0.000000 0.198035 100.075219 0.022151 -0.121257 -0.001506 
782 2.406827 0.000000 0.288524 99.738889 -0.022904 -0.099801 0.005214 
783 2.260285 0.000000 0.152790 95.435877 0.073177 -0.472450 0.089176 
784 2.309132 0.000000 0.152790 97.943052 0.005660 2.081075 0.040283 
785 2.260285 0.000000 0.198035 97.828253 0.029216 -0.798238 0.042899 
786 2.187015 0.000000 0.130168 97.130095 -0.041108 -8.212128 0.049830 
787 2.211438 0.000000 0.130168 94.929281 -0.008587 -6.693818 0.094362 
788 2.187015 0.000000 0.152790 97.850861 0.008189 -5.599915 0.039385 
789 2.174803 0.000000 0.096235 96.657849 -0.057218 -16.960959 0.036958 
790 2.174803 0.000000 0.084923 95.930519 -0.059849 -17.096725 0.050503 
791 2.187015 0.000000 0.096235 94.661492 -0.059411 -17.289438 0.074027 
792 2.174803 0.000000 0.107546 97.140811 -0.055729 -16.898792 0.027809 
793 2.235862 0.000000 -0.096054 80.437018 0.019102 13.269720 0.335380 
794 2.235862 0.000000 -0.118677 90.593284 0.026699 3.899507 0.177765 
795 2.260285 0.000000 -0.096054 78.613520 0.025622 -0.530994 0.381963 
796 2.235862 0.000000 -0.073432 80.771526 0.017277 13.324749 0.329841 
797 2.235862 0.000000 -0.050810 140.747792 -0.009272 9.972917 -0.990940 
798 2.260285 0.000000 -0.050810 154.149931 -0.006549 1.742766 -1.376524 
799 2.235862 0.000000 -0.028188 137.797065 -0.013511 4.167509 -0.900540 
800 2.223650 0.000000 -0.084743 84.740604 -0.004976 14.218233 0.261687 
801 2.211438 0.000000 -0.084743 88.961885 -0.036085 15.877232 0.183370 
802 2.223650 0.000000 -0.096054 86.281158 -0.016931 14.989908 0.233086 
803 2.235862 0.000000 -0.084743 80.855815 0.016933 13.338659 0.328442 
804 2.223650 0.000000 -0.073432 84.537456 -0.004362 14.315536 0.264848 
805 2.235862 0.000000 0.084923 82.021790 -0.047239 -13.551972 0.308877 
806 2.235862 0.000000 0.062301 140.485947 -0.022406 -14.093845 -0.993494 
807 2.260285 0.000000 0.084923 77.915722 -0.071640 -12.871391 0.376346 
808 2.235862 0.000000 0.107546 89.106780 0.005320 -6.292655 0.202038 
809 2.235862 0.000000 0.130168 93.198767 0.058627 -3.847270 0.129918 
810 2.260285 0.000000 0.130168 92.852220 0.094250 0.061543 0.137845 
811 2.235862 0.000000 0.152790 95.502745 0.086827 -2.672285 0.087208 
812 2.223650 0.000000 0.096235 87.233461 -0.030629 -15.176632 0.215999 
813 2.211438 0.000000 0.096235 90.798763 -0.018994 -16.405106 0.148646 
814 2.223650 0.000000 0.084923 85.735371 -0.040006 -14.390929 0.244235 
815 2.235862 0.000000 0.096235 82.257647 -0.049041 -13.591105 0.304896 
816 2.223650 0.000000 0.107546 90.334920 -0.009070 -8.622312 0.176526 
817 2.357979 0.000000 -0.118677 101.052317 -0.050745 -4.482205 -0.023166 
818 2.357979 0.000000 -0.163921 99.511755 -0.081707 -2.742743 0.008988 
819 2.406827 0.000000 -0.118677 100.926104 -0.074978 -2.846765 -0.019419 
820 2.357979 0.000000 -0.073432 104.977969 -0.010976 -5.440651 -0.104997 
821 2.284709 0.000000 -0.096054 89.573773 0.091654 -20.112342 0.157202 
822 2.284709 0.000000 -0.118677 93.117175 0.073340 -7.501819 0.127291 
823 2.309132 0.000000 -0.096054 101.614873 0.077801 -13.434458 -0.050607 
824 2.284709 0.000000 -0.073432 71.801341 0.194617 11.842391 0.470429 
825 2.248074 0.000000 -0.084743 78.840971 0.032371 13.006225 0.361494 
826 2.248074 0.000000 -0.096054 78.893768 0.026369 13.015408 0.360637 
827 2.260285 0.000000 -0.084743 76.537756 0.079282 12.624574 0.398259 
828 2.248074 0.000000 -0.073432 78.762343 0.035101 12.993070 0.362767 
829 2.235862 0.000000 0.039679 138.597088 -0.027994 -7.474880 -0.926503 
830 2.211438 0.000000 0.039679 126.567350 -0.038888 -8.787979 -0.609652 
831 2.235862 0.000000 0.017057 136.450573 -0.029619 -3.024688 -0.862791 
832 2.260285 0.000000 0.039679 146.744590 -0.026490 -1.068883 -1.153512 
833 2.357979 0.000000 0.062301 106.169249 0.065590 3.051819 -0.128123 
834 2.357979 0.000000 0.017057 109.108676 0.063912 0.268742 -0.190478 
835 2.406827 0.000000 0.062301 102.879429 -0.088426 0.596845 -0.058454 
836 2.357979 0.000000 0.107546 102.076064 -0.018723 2.974102 -0.042837 
837 2.284709 0.000000 0.084923 94.774637 0.113490 35.294444 -0.022794 
838 2.284709 0.000000 0.062301 143.005782 0.114378 26.071589 -1.113039 
839 2.309132 0.000000 0.084923 106.028812 0.100395 14.033762 -0.143907 
840 2.284709 0.000000 0.107546 92.180686 0.113291 9.746942 0.140771 
841 2.248074 0.000000 0.073612 80.020434 -0.051024 -13.220877 0.342194 
842 2.235862 0.000000 0.073612 81.939520 -0.046729 -13.538336 0.310263 
843 2.248074 0.000000 0.062301 149.140597 -0.006736 -13.551238 -1.242655 
844 2.260285 0.000000 0.073612 77.788605 -0.073130 -12.850276 0.378380 
845 2.248074 0.000000 0.084923 80.093625 -0.049332 -13.233117 0.340989 
846 -8.241827 0.000000 -8.579391 99.999915 -0.000020 -0.000051 0.000002 
847 -11.368037 0.000000 -8.579391 99.999946 -0.000014 -0.000023 0.000001 
848 -8.241827 0.000000 -11.475037 99.999933 -0.000022 -0.000049 0.000001 
849 10.515434 0.000000 -8.579391 99.999890 -0.000159 -0.000914 0.000002 
850 10.515434 0.000000 -11.475037 99.999917 -0.000112 -0.000484 0.000002 
851 13.641644 0.000000 -8.579391 99.999933 -0.000168 -0.000953 0.000001 
852 -3.552511 0.000000 -4.235923 99.999631 -0.000034 -0.000287 0.000007 
853 -5.115617 0.000000 -4.235923 99.999754 -0.000023 -0.000136 0.000005 
854 -3.552511 0.000000 -5.683746 99.999737 -0.000038 -0.000246 0.000005 
855 5.826119 0.000000 -4.235923 99.999430 -0.000299 -0.003616 0.000011 
856 5.826119 0.000000 -5.683746 99.999610 -0.000213 -0.001873 0.000008 
857 7.389224 0.000000 -4.235923 99.999640 -0.000321 -0.003858 0.000007 
858 -1.207854 0.000000 -2.064189 99.998059 -0.001157 -0.003717 0.000039 
859 -1.989406 0.000000 -2.064189 99.996871 0.004736 0.001798 0.000063 
860 -1.207854 0.000000 -2.788100 99.997320 0.003241 -0.000605 0.000054 
861 3.481461 0.000000 -2.064189 99.990481 0.002065 -0.018250 0.000190 
862 3.481461 0.000000 -2.788100 99.998110 -0.000323 -0.005546 0.000038 
863 4.263014 0.000000 -2.064189 99.997009 -0.000485 -0.014313 0.000060 
864 -0.817078 0.000000 -0.978321 99.987798 -0.006457 -0.002364 0.000244 
865 -1.207854 0.000000 -0.978321 99.993647 0.000975 0.002028 0.000127 
866 -0.817078 0.000000 -1.340277 100.000732 -0.000220 -0.015303 -0.000015 
867 0.941416 0.000000 -0.435388 100.006326 0.004628 -0.006601 -0.000127 
868 0.941416 0.000000 -0.616366 100.026626 0.001930 -0.013859 -0.000533 
869 0.062169 0.000000 -0.344899 99.411163 -0.018426 -0.375554 0.011728 
870 -0.035525 0.000000 -0.344899 99.550674 -0.028475 0.066884 0.008966 
871 0.062169 0.000000 -0.435388 99.639461 -0.019492 -0.259301 0.007191 
872 0.037745 0.000000 0.039679 209.325759 0.043669 20.633257 -3.424301 
873 0.013322 0.000000 0.039679 250.127402 0.004554 11.353924 -5.269263 
874 0.037745 0.000000 0.017057 208.997951 0.047891 7.325786 -3.373381 
875 -0.133219 0.000000 -0.344899 99.755749 0.017154 0.243668 0.004873 
876 -0.230913 0.000000 -0.344899 99.832424 0.007213 0.329425 0.003338 
877 -0.133219 0.000000 -0.435388 99.674155 -0.012812 0.136703 0.006504 
878 0.037745 0.000000 -0.096054 86.191048 -0.003657 -2.621487 0.256423 
879 0.013322 0.000000 -0.096054 83.667085 -0.031820 6.332992 0.295971 
880 0.037745 0.000000 -0.118677 91.194032 -0.012217 -0.724185 0.168312 
881 0.135439 0.000000 -0.005566 130.742373 -0.071861 -1.386335 -0.709550 
882 0.111016 0.000000 -0.005566 145.590567 -0.024239 -1.704665 -1.119952 
883 0.159863 0.000000 -0.005566 118.904750 0.124879 -1.098547 -0.413956 
884 0.086592 0.000000 -0.005566 163.674853 -0.026563 -2.017760 -1.679353 
885 0.062169 0.000000 -0.005566 185.086925 -0.001590 -2.413326 -2.426299 
886 0.208710 0.000000 -0.209166 99.507064 -0.022258 -3.527593 0.008590 
887 0.159863 0.000000 -0.209166 98.414828 -0.034484 -3.571561 0.030176 
888 0.208710 0.000000 -0.254410 99.797959 0.004758 -2.235144 0.003537 
889 0.648333 0.000000 0.198035 101.420606 -0.006754 0.000275 -0.028614 
890 0.746027 0.000000 0.198035 101.665181 -0.003128 -0.001070 -0.033581 
891 0.648333 0.000000 0.288524 101.209074 -0.012468 0.000994 -0.024328 
892 0.135439 0.000000 0.130168 97.701887 -0.139964 7.077839 0.040423 
893 0.111016 0.000000 0.130168 96.651826 -0.031846 6.413302 0.061729 
894 0.135439 0.000000 0.152790 98.203328 -0.167407 5.378314 0.032715 
895 0.098804 0.000000 0.073612 92.413809 -0.042744 15.396755 0.122263 
896 0.098804 0.000000 0.062301 92.356209 -0.038064 15.447930 0.123169 
897 0.098804 0.000000 0.084923 92.430233 -0.044085 15.387935 0.121986 
898 0.233134 0.000000 -0.141299 100.455727 -0.114830 -6.457695 -0.013307 
899 0.208710 0.000000 -0.141299 100.101498 -0.209027 -6.705473 -0.006532 
900 0.233134 0.000000 -0.163921 100.133758 -0.037999 -5.129798 -0.005309 
901 0.233134 0.000000 -0.050810 94.156251 -0.086242 -5.694604 0.110216 
902 0.257557 0.000000 -0.050810 88.784377 -0.040873 -4.857224 0.209374 
903 0.233134 0.000000 -0.028188 95.123650 -0.051076 -3.227851 0.094107 
904 0.184287 0.000000 -0.005566 109.527920 -0.082918 -0.940290 -0.199726 
905 0.208710 0.000000 -0.005566 101.601121 0.059457 -0.746799 -0.032335 
906 0.184287 0.000000 0.017057 109.336688 -0.075358 2.685329 -0.196173 
907 0.184287 0.000000 0.039679 108.415120 -0.066600 6.483244 -0.179588 
908 0.208710 0.000000 0.039679 100.820710 0.067427 4.784822 -0.018771 
909 0.233134 0.000000 0.039679 94.718782 -0.038834 4.533143 0.100780 
910 0.233134 0.000000 0.017057 95.398641 -0.047165 1.993546 0.089512 
911 0.257557 0.000000 0.039679 89.319219 -0.048942 3.647442 0.200877 
912 0.233134 0.000000 0.130168 100.899634 -0.049648 7.198258 -0.023255 
913 0.233134 0.000000 0.152790 100.391747 0.053075 5.732034 -0.011136 
914 0.648333 0.000000 -0.344899 100.078497 0.000208 0.078489 -0.001571 
915 0.648333 0.000000 -0.435388 100.080587 0.002605 0.003413 -0.001612 
916 0.746027 0.000000 -0.344899 100.006109 0.004187 0.068474 -0.000123 
917 0.501792 0.000000 -0.209166 101.199337 -0.022511 -0.001596 -0.024131 
918 0.501792 0.000000 -0.254410 101.192521 -0.029661 0.001440 -0.023993 
919 0.550639 0.000000 -0.209166 101.201304 -0.020145 -0.002870 -0.024170 
920 0.501792 0.000000 -0.028188 101.087757 -0.012745 -0.003050 -0.021873 
921 0.550639 0.000000 -0.028188 101.207874 -0.011244 -0.003285 -0.024303 
922 0.281981 0.000000 0.039679 84.746296 0.098762 2.978257 0.280919 
923 0.281981 0.000000 0.017057 85.189414 0.099475 1.235018 0.274123 
924 0.306404 0.000000 0.039679 81.571908 0.077317 2.020395 0.334194 
925 0.330828 0.000000 0.039679 78.914565 -0.061624 1.772116 0.376935 
926 0.330828 0.000000 0.017057 79.344101 -0.062773 0.803846 0.370386 
927 0.355251 0.000000 0.039679 76.975633 -0.002337 1.036025 0.407368 
928 0.281981 0.000000 -0.050810 84.310426 0.096390 -3.723007 0.287788 
929 0.306404 0.000000 -0.050810 81.182259 0.141535 -2.611068 0.340260 
930 0.281981 0.000000 -0.028188 84.982728 0.108384 -2.136510 0.277336 
931 0.330828 0.000000 -0.050810 78.573054 -0.016621 -2.278655 0.382108 
932 0.355251 0.000000 -0.050810 76.543991 -0.001574 -1.366953 0.413915 
933 0.330828 0.000000 -0.028188 79.142130 -0.061481 -1.286756 0.373486 
934 0.330828 0.000000 -0.005566 79.473371 -0.062578 -0.239747 0.368392 
935 0.306404 0.000000 -0.005566 81.928451 0.082811 -0.325630 0.328762 
936 0.355251 0.000000 -0.005566 77.513091 -0.001499 -0.143728 0.399170 
937 0.281981 0.000000 -0.005566 85.236033 0.122246 -0.377054 0.273466 
938 0.257557 0.000000 -0.005566 89.964164 -0.033771 -0.498397 0.190620 
939 0.501792 0.000000 0.152790 100.246006 -0.012478 -0.000865 -0.004926 
940 0.550639 0.000000 0.152790 101.212169 -0.009247 0.000482 -0.024390 
941 0.501792 0.000000 0.198035 101.213863 -0.011513 0.000460 -0.024425 
942 0.428522 0.000000 -0.141299 99.684532 -0.031565 0.000118 0.006299 
943 0.428522 0.000000 -0.163921 99.839098 -0.035181 0.000477 0.003215 
944 0.452945 0.000000 -0.141299 99.720072 -0.028204 -0.000254 0.005591 
945 0.379675 0.000000 0.039679 76.037197 0.014559 0.315989 0.421824 
946 0.379675 0.000000 0.017057 76.547531 0.015093 0.129297 0.414046 
947 0.404098 0.000000 0.039679 76.139167 0.012992 -0.484154 0.420259 
948 0.428522 0.000000 0.039679 99.810992 -0.014467 -0.001899 0.003777 
949 0.428522 0.000000 0.017057 77.716328 0.008237 -0.435168 0.395998 
950 0.452945 0.000000 0.039679 100.155060 -0.010575 -0.003211 -0.003104 
951 0.379675 0.000000 -0.050810 75.590321 0.013811 -0.393352 0.428595 
952 0.404098 0.000000 -0.050810 75.642345 -0.004387 0.634640 0.427783 
953 0.379675 0.000000 -0.028188 76.343816 0.032901 -0.218227 0.417157 
954 0.428522 0.000000 -0.050810 99.726197 -0.027996 0.000467 0.005468 
955 0.452945 0.000000 -0.050810 99.912323 -0.022178 -0.000555 0.001753 
956 0.428522 0.000000 -0.028188 101.187110 -0.032746 0.002070 -0.023883 
957 0.428522 0.000000 -0.005566 77.715649 -0.018919 0.133567 0.396026 
958 0.404098 0.000000 -0.005566 76.732582 0.014237 0.068668 0.411211 
959 0.452945 0.000000 -0.005566 101.208587 -0.010641 -0.003076 -0.024318 
960 0.379675 0.000000 -0.005566 76.660455 0.035558 -0.028558 0.412317 
961 0.367463 0.000000 -0.107366 105.135254 0.004721 -2.619403 -0.106028 
962 0.367463 0.000000 -0.118677 105.222140 0.007390 -2.977344 -0.108056 
963 0.367463 0.000000 -0.096054 105.003881 0.005571 -2.787942 -0.103359 
964 0.428522 0.000000 0.130168 99.550972 -0.014371 -0.003356 0.008960 
965 0.452945 0.000000 0.130168 99.654975 -0.014505 -0.002929 0.006889 
966 0.428522 0.000000 0.152790 99.594894 -0.015123 -0.002209 0.008086 
967 0.367463 0.000000 0.096235 105.060092 0.020221 2.787545 -0.104539 
968 0.367463 0.000000 0.084923 74.064156 -0.000352 0.976205 0.451355 
969 0.367463 0.000000 0.107546 105.192876 0.019129 2.621260 -0.107241 
970 1.429886 0.000000 0.198035 101.296392 -0.031290 -0.006557 -0.026096 
971 1.527580 0.000000 0.198035 101.447355 -0.021451 0.104579 -0.029158 
972 1.429886 0.000000 0.288524 101.289942 -0.040781 -0.003407 -0.025965 
973 1.283345 0.000000 -0.028188 100.634901 -0.019621 -0.019568 -0.012738 
974 1.234498 0.000000 -0.028188 101.450315 -0.009173 0.004412 -0.029217 
975 1.332192 0.000000 -0.028188 101.174248 -0.019517 -0.027353 -0.023623 
976 3.090685 0.000000 -0.978321 99.982028 -0.001619 -0.060576 0.000359 
977 3.090685 0.000000 -1.340277 99.989848 -0.001047 -0.027708 0.000203 
978 3.481461 0.000000 -0.978321 99.989002 -0.000984 -0.066987 0.000220 
979 2.260285 0.000000 -0.209166 97.968333 0.008888 -0.107492 0.040219 
980 2.260285 0.000000 -0.254410 98.801994 -0.022468 -0.007643 0.023817 
981 2.309132 0.000000 -0.209166 98.533858 -0.030512 -1.178940 0.028969 
982 2.187015 0.000000 -0.141299 97.169110 -0.003915 6.045615 0.052161 
983 2.187015 0.000000 -0.163921 97.803853 0.042958 3.823124 0.041979 
984 2.211438 0.000000 -0.141299 95.260986 0.020635 4.548623 0.090465 
985 2.187015 0.000000 0.039679 114.707465 -0.072116 -8.193867 -0.322495 
986 2.162591 0.000000 0.039679 104.648491 -0.054552 -6.871077 -0.099852 
987 2.187015 0.000000 0.017057 115.378014 -0.071383 -3.585070 -0.332494 
988 2.138168 0.000000 -0.050810 95.459791 -0.082911 6.462040 0.084566 
989 2.113744 0.000000 -0.050810 89.508479 -0.064540 4.084282 0.197155 
990 2.138168 0.000000 -0.028188 97.047725 -0.069285 3.415303 0.057007 
991 2.187015 0.000000 -0.005566 115.521370 -0.066098 0.863019 -0.334594 
992 2.162591 0.000000 -0.005566 105.770465 -0.127756 0.693303 -0.118789 
993 2.211438 0.000000 -0.005566 126.382082 -0.036586 0.813376 -0.597309 
994 2.138168 0.000000 -0.005566 97.777822 -0.072421 0.451149 0.043929 
995 2.113744 0.000000 -0.005566 91.887315 -0.079218 0.130577 0.155670 
996 2.138168 0.000000 0.017057 97.625012 -0.080277 -2.468223 0.046326 
997 2.150380 0.000000 -0.084743 101.032920 -0.049099 14.919018 -0.043023 
998 2.138168 0.000000 -0.084743 102.269261 -0.022708 15.102320 -0.068708 
999 2.150380 0.000000 -0.073432 97.287908 -0.086414 10.910405 0.041602 
1000 2.125956 0.000000 -0.084743 102.912557 -0.004110 15.198116 -0.082198 
1001 2.113744 0.000000 -0.084743 105.899355 0.006613 13.289479 -0.139128 
1002 2.125956 0.000000 -0.073432 89.786392 -0.044071 8.089604 0.187296 
1003 2.406827 0.000000 -0.344899 99.633057 -0.013802 -0.536269 0.007297 
1004 2.406827 0.000000 -0.435388 99.667911 0.037304 -0.332752 0.006620 
1005 2.504521 0.000000 -0.344899 99.822599 0.047731 -0.488318 0.003521 
1006 2.357979 0.000000 -0.209166 99.151369 -0.047053 -1.692530 0.016614 
1007 2.357979 0.000000 -0.254410 99.276457 -0.010041 -0.995492 0.014319 
1008 2.406827 0.000000 -0.209166 99.701417 0.000724 -1.492998 0.005740 
1009 2.235862 0.000000 -0.141299 94.053437 0.029632 2.107707 0.114951 
1010 2.235862 0.000000 -0.163921 95.842616 0.070562 1.245726 0.081264 
1011 2.260285 0.000000 -0.141299 93.858361 0.049845 -1.022797 0.118956 
1012 2.284709 0.000000 -0.141299 95.245206 0.036729 -3.592090 0.091545 
1013 2.284709 0.000000 -0.163921 96.599444 0.003597 -1.973015 0.066465 
1014 2.309132 0.000000 -0.141299 97.551064 0.009558 -4.466883 0.046384 
1015 2.174803 0.000000 -0.107366 96.598209 -0.053184 16.781550 0.038716 
1016 2.174803 0.000000 -0.118677 97.882240 -0.029270 10.093679 0.031718 
1017 2.187015 0.000000 -0.107366 93.671948 -0.051218 17.086336 0.093362 
1018 2.199227 0.000000 -0.084743 92.519541 -0.056246 16.875426 0.115535 
1019 2.199227 0.000000 -0.096054 92.611702 -0.056269 16.892293 0.113772 
1020 2.199227 0.000000 -0.073432 92.195972 -0.057483 16.816208 0.121711 
1021 2.357979 0.000000 -0.028188 108.707999 0.076271 -3.369745 -0.182879 
1022 2.406827 0.000000 -0.028188 103.626932 -0.103695 -2.103491 -0.074298 
1023 2.284709 0.000000 0.039679 138.804233 0.123309 8.421870 -0.933756 
1024 2.284709 0.000000 0.017057 135.846559 0.124210 2.324432 -0.845971 
1025 2.309132 0.000000 0.039679 122.861211 0.133037 7.900621 -0.515731 
1026 2.199227 0.000000 0.096235 93.322028 -0.035809 -17.044231 0.100049 
1027 2.199227 0.000000 0.084923 93.233086 -0.033584 -17.027961 0.101764 
1028 2.199227 0.000000 0.107546 94.280319 -0.047604 -12.055631 0.096588 
1029 2.284709 0.000000 -0.050810 142.410027 0.093056 -16.296729 -1.054621 
1030 2.309132 0.000000 -0.050810 120.979957 0.111659 -13.176853 -0.480979 
1031 2.284709 0.000000 -0.028188 137.451686 0.104583 -6.432443 -0.893435 
1032 2.284709 0.000000 -0.005566 135.405403 0.116067 -1.691591 -0.833750 
1033 2.260285 0.000000 -0.005566 140.482308 -0.028952 -0.694176 -0.973576 
1034 2.309132 0.000000 -0.005566 124.644552 0.130606 -2.159309 -0.554094 
1035 2.235862 0.000000 -0.005566 136.114525 -0.028375 0.360435 -0.852729 
1036 2.357979 0.000000 0.152790 99.886964 -0.056903 1.583802 0.002008 
1037 2.406827 0.000000 0.152790 100.300946 -0.000538 0.844885 -0.006099 
1038 2.357979 0.000000 0.198035 99.385235 -0.007416 0.590428 0.012223 
1039 2.284709 0.000000 0.130168 95.054049 0.096121 3.584817 0.095187 
1040 2.309132 0.000000 0.130168 98.164162 0.053710 4.219242 0.034599 
1041 2.284709 0.000000 0.152790 96.447530 0.052794 1.375367 0.069598 
1042 2.223650 0.000000 0.073612 84.864382 -0.041246 -14.316491 0.259307 
1043 2.211438 0.000000 0.073612 89.117543 -0.021799 -15.916310 0.180473 
1044 2.223650 0.000000 0.062301 133.652740 -0.026845 -14.565282 -0.807520 
1045 2.248074 0.000000 0.096235 80.138773 -0.044578 -13.240961 0.340245 
1046 2.260285 0.000000 0.096235 80.135315 0.051182 -0.612441 0.357795 
1047 2.248074 0.000000 0.107546 87.513192 0.056823 -3.570924 0.232869 
1048 0.111016 0.000000 -0.209166 97.563352 0.003662 -2.593197 0.047467 
1049 0.062169 0.000000 -0.209166 97.416372 0.026639 -1.057627 0.050893 
1050 0.111016 0.000000 -0.254410 98.210989 0.046231 -1.666985 0.035182 
1051 0.037745 0.000000 -0.005566 208.335913 0.047560 -2.273983 -3.340903 
1052 0.013322 0.000000 -0.005566 221.874187 0.006080 0.103566 -3.922817 
1053 0.086592 0.000000 0.130168 95.154769 0.015970 5.223508 0.091828 
1054 0.062169 0.000000 0.130168 93.866296 -0.004753 3.255538 0.117852 
1055 0.086592 0.000000 0.152790 96.472274 -0.002262 3.581208 0.068028 
1056 0.184287 0.000000 -0.141299 99.374668 -0.230536 -6.933322 0.007655 
1057 0.159863 0.000000 -0.141299 98.822878 -0.234917 -6.636135 0.018995 
1058 0.184287 0.000000 -0.163921 99.073774 -0.188495 -5.583268 0.015318 
1059 0.233134 0.000000 -0.005566 95.536252 -0.051802 -0.628629 0.087243 
1060 2.089321 0.000000 -0.050810 86.090613 0.010833 1.735353 0.258539 
1061 2.064897 0.000000 -0.050810 100.847260 0.040143 -0.111572 -0.017018 
1062 2.089321 0.000000 -0.028188 87.599303 0.015452 0.865021 0.232561 
1063 2.089321 0.000000 -0.005566 88.419436 0.016810 -0.171606 0.218197 
1064 2.064897 0.000000 -0.005566 86.807024 -0.005151 -0.626571 0.246415 
1065 2.089321 0.000000 0.017057 88.338616 0.008721 -1.259528 0.219470 
1066 2.101533 0.000000 -0.084743 82.973279 -0.004274 4.749989 0.309287 
1067 2.089321 0.000000 -0.084743 100.709168 0.056781 -0.106567 -0.014235 
1068 2.101533 0.000000 -0.073432 84.721762 -0.003285 4.298768 0.280374 
1069 2.138168 0.000000 0.039679 96.611288 -0.082390 -5.389619 0.063720 
1070 2.113744 0.000000 0.039679 90.836901 -0.091472 -3.620487 0.173554 
1071 2.199227 0.000000 -0.107366 93.835071 -0.021116 11.724434 0.105752 
1072 2.199227 0.000000 -0.118677 94.814462 -0.015544 8.955335 0.093002 
1073 2.211438 0.000000 -0.107366 91.587158 -0.016378 10.343286 0.150481 
1074 2.199227 0.000000 0.073612 92.924511 -0.026358 -16.971491 0.107700 
1075 2.187015 0.000000 0.073612 111.771030 -0.051954 -15.754184 -0.274096 
1076 2.199227 0.000000 0.062301 119.446464 -0.039834 -14.325683 -0.447268 
1077 2.223650 0.000000 -0.107366 89.648046 -0.010217 8.024171 0.189884 
1078 2.223650 0.000000 -0.118677 91.726752 -0.006598 5.998802 0.155022 
1079 2.235862 0.000000 -0.107366 88.200085 -0.003279 5.499277 0.219050 
1080 2.248074 0.000000 -0.107366 86.519348 0.031979 2.551404 0.250789 
1081 2.248074 0.000000 -0.118677 89.717980 0.034118 1.355352 0.194885 
1082 2.260285 0.000000 -0.107366 85.281498 0.033900 -1.964432 0.272321 
1083 0.013322 0.000000 -0.209166 97.407998 0.083619 0.583134 0.051133 
1084 -0.035525 0.000000 -0.209166 98.067359 0.005500 1.913994 0.037913 
1085 0.013322 0.000000 -0.254410 97.903605 -0.031104 0.283269 0.041480 
1086 0.037745 0.000000 0.130168 93.055529 0.004056 0.441383 0.134047 
1087 0.013322 0.000000 0.130168 93.383241 0.035135 -3.033756 0.127037 
1088 0.037745 0.000000 0.152790 95.389392 0.019818 0.282004 0.090078 
1089 0.135439 0.000000 -0.141299 97.993166 -0.157387 -6.138890 0.035963 
1090 0.111016 0.000000 -0.141299 96.972283 -0.035211 -5.416616 0.056704 
1091 0.135439 0.000000 -0.163921 98.105631 -0.192804 -4.780928 0.035239 
1092 2.089321 0.000000 0.039679 87.403849 -0.002894 -2.088439 0.235621 
1093 2.064897 0.000000 0.039679 100.807692 0.084801 -0.059883 -0.016220 
1094 2.174803 0.000000 0.073612 106.339091 -0.123758 -14.172513 -0.150888 
1095 2.162591 0.000000 0.073612 101.552252 -0.131876 -12.569590 -0.047087 
1096 2.174803 0.000000 0.062301 107.608429 -0.074780 -11.963659 -0.172271 
1 19 21 9 22 
2 20 19 22 4 
3 28 29 3 30 
4 21 28 30 9 
5 35 37 21 38 
6 36 35 38 19 
7 44 45 28 46 
8 37 44 46 21 
9 51 53 37 54 
10 52 51 54 35 
11 11 62 60 61 
12 62 10 24 60 
13 60 24 14 63 
14 61 60 63 6 
15 24 66 64 65 
16 66 23 40 64 
17 64 40 27 67 
18 65 64 67 14 
19 40 70 68 69 
20 69 68 71 27 
21 72 73 44 74 
22 53 72 74 37 
23 75 77 53 78 
24 76 75 78 51 
25 6 63 92 93 
26 63 14 36 92 
27 92 36 19 94 
28 93 92 94 20 
29 14 67 95 96 
30 67 27 52 95 
31 95 52 35 97 
32 96 95 97 36 
33 27 71 98 99 
34 98 76 51 100 
35 99 98 100 52 
36 101 103 75 104 
37 102 101 104 76 
38 68 112 110 111 
39 112 56 80 110 
40 110 80 43 113 
41 111 110 113 71 
42 80 116 114 115 
43 115 114 117 43 
44 118 119 72 120 
45 77 118 120 53 
46 121 122 77 123 
47 103 121 123 75 
48 124 126 103 127 
49 125 124 127 101 
50 71 113 133 134 
51 113 43 102 133 
52 133 102 76 135 
53 134 133 135 98 
54 43 117 136 137 
55 136 125 101 138 
56 137 136 138 102 
57 114 141 139 140 
58 141 106 129 139 
59 139 129 83 142 
60 140 139 142 117 
61 12 145 143 144 
62 145 7 146 143 
63 143 146 13 25 
64 144 143 25 10 
65 25 149 147 148 
66 149 13 150 147 
67 147 150 26 41 
68 148 147 41 23 
69 41 153 151 152 
70 153 26 154 151 
71 151 154 42 57 
72 152 151 57 39 
73 39 157 155 156 
74 157 57 158 155 
75 155 158 55 81 
76 156 155 81 56 
77 81 161 159 160 
78 161 55 162 159 
79 106 169 167 168 
80 168 167 171 129 
81 172 174 124 175 
82 173 172 175 125 
83 129 171 176 177 
84 177 176 179 83 
85 56 182 180 181 
86 182 81 160 180 
87 181 180 116 80 
88 116 185 183 184 
89 185 79 164 183 
90 183 164 106 141 
91 184 183 141 114 
92 164 188 186 187 
93 188 163 189 186 
94 187 186 169 106 
95 169 204 202 203 
96 204 130 205 202 
97 202 205 170 206 
98 203 202 206 167 
99 117 142 210 211 
100 142 83 173 210 
101 210 173 125 212 
102 211 210 212 136 
103 83 179 213 214 
104 213 215 172 216 
105 214 213 216 173 
106 176 219 217 218 
107 219 178 220 217 
108 217 220 132 221 
109 218 217 221 179 
110 163 226 225 189 
111 229 199 230 228 
112 228 230 198 231 
113 205 228 231 170 
114 189 234 232 233 
115 234 225 235 232 
116 232 235 199 229 
117 233 232 229 130 
118 130 238 236 237 
119 238 229 239 236 
120 236 239 228 240 
121 237 236 240 205 
122 241 242 121 243 
123 126 241 243 103 
124 244 245 126 246 
125 174 244 246 124 
126 247 248 174 249 
127 215 247 249 172 
128 250 252 209 253 
129 220 250 253 132 
130 128 256 254 255 
131 256 201 257 254 
132 254 257 207 251 
133 255 254 251 178 
134 178 260 258 259 
135 260 251 261 258 
136 258 261 250 262 
137 259 258 262 220 
138 225 268 267 235 
139 268 227 269 267 
140 267 269 105 270 
141 199 270 274 230 
142 270 105 275 274 
143 274 275 200 276 
144 230 274 276 198 
145 235 279 277 278 
146 279 267 280 277 
147 277 280 270 281 
148 278 277 281 199 
149 286 208 287 285 
150 285 287 109 288 
151 252 285 288 209 
152 201 290 289 257 
153 290 131 291 289 
154 289 291 208 286 
155 257 289 286 207 
156 207 294 292 293 
157 294 286 295 292 
158 292 295 285 296 
159 293 292 296 252 
160 227 298 297 269 
161 298 263 299 297 
162 269 297 300 105 
163 301 302 244 303 
164 248 301 303 174 
165 208 305 304 287 
166 305 282 306 304 
167 287 304 307 109 
168 57 309 308 158 
169 309 42 310 308 
170 308 310 58 89 
171 158 308 89 55 
172 55 312 311 162 
173 312 89 313 311 
174 263 323 322 299 
175 323 265 324 322 
176 322 324 195 325 
177 299 322 325 266 
178 105 300 326 275 
179 300 266 327 326 
180 326 327 271 328 
181 275 326 328 200 
182 297 331 329 330 
183 331 299 332 329 
184 329 332 266 333 
185 330 329 333 300 
186 282 342 341 306 
187 342 283 343 341 
188 341 343 197 344 
189 306 341 344 284 
190 109 307 345 346 
191 307 284 347 345 
192 345 347 301 348 
193 346 345 348 248 
194 304 351 349 350 
195 351 306 352 349 
196 349 352 284 353 
197 350 349 353 307 
198 357 318 358 356 
199 356 358 321 359 
200 324 356 359 195 
201 159 362 360 361 
202 362 162 363 360 
203 360 363 82 223 
204 361 360 223 107 
205 223 366 364 365 
206 366 82 367 364 
207 364 367 224 319 
208 365 364 319 222 
209 222 370 368 369 
210 370 319 371 368 
211 368 371 318 357 
212 369 368 357 265 
213 265 374 372 373 
214 374 357 375 372 
215 372 375 356 376 
216 373 372 376 324 
217 377 378 241 379 
218 245 377 379 126 
219 380 381 245 382 
220 302 380 382 244 
221 283 384 383 343 
222 384 337 385 383 
223 383 385 340 386 
224 197 386 387 388 
225 386 340 389 387 
226 387 389 380 390 
227 388 387 390 302 
228 343 393 391 392 
229 393 383 394 391 
230 391 394 386 395 
231 392 391 395 197 
232 318 401 400 358 
233 400 402 108 403 
234 358 400 403 321 
235 337 409 408 385 
236 409 339 410 408 
237 385 408 411 340 
238 319 413 412 371 
239 413 224 414 412 
240 412 414 320 401 
241 371 412 401 318 
242 417 419 399 420 
243 402 417 420 108 
244 401 423 421 422 
245 423 320 424 421 
246 421 424 402 425 
247 422 421 425 400 
248 426 427 377 428 
249 381 426 428 245 
250 339 430 429 410 
251 430 404 431 429 
252 340 411 433 389 
253 411 59 434 433 
254 433 434 381 435 
255 389 433 435 380 
256 408 438 436 437 
257 438 410 439 436 
258 436 439 59 440 
259 437 436 440 411 
260 162 442 441 363 
261 442 311 443 441 
262 441 443 191 315 
263 363 441 315 82 
264 82 445 444 367 
265 445 315 446 444 
266 444 446 314 397 
267 367 444 397 224 
268 224 448 447 414 
269 448 397 449 447 
270 447 449 396 418 
271 414 447 418 320 
272 88 455 454 192 
273 455 90 456 454 
274 454 456 5 457 
275 192 454 457 91 
276 191 459 458 316 
277 459 88 460 458 
278 458 460 192 461 
279 316 458 461 190 
280 314 463 462 398 
281 463 316 464 462 
282 462 464 190 465 
283 398 462 465 317 
284 396 467 466 419 
285 467 398 468 466 
286 466 468 317 469 
287 419 466 469 399 
288 418 472 470 471 
289 472 396 473 470 
290 470 473 419 474 
291 471 470 474 417 
292 190 461 475 335 
293 461 192 476 475 
294 475 476 91 477 
295 335 475 477 193 
296 334 479 478 406 
297 479 335 480 478 
298 478 480 193 481 
299 406 478 481 336 
300 404 483 482 431 
301 483 406 484 482 
302 482 484 336 485 
303 431 482 485 407 
304 59 432 486 434 
305 432 407 487 486 
306 486 487 426 488 
307 434 486 488 381 
308 429 491 489 490 
309 491 431 492 489 
310 489 492 407 493 
311 490 489 493 432 
312 494 495 118 496 
313 122 494 496 77 
314 7 502 501 146 
315 502 16 503 501 
316 501 503 15 32 
317 146 501 32 13 
318 13 505 504 150 
319 505 32 506 504 
320 504 506 31 48 
321 150 504 48 26 
322 26 508 507 154 
323 508 48 509 507 
324 507 509 47 85 
325 154 507 85 42 
326 42 511 510 310 
327 511 85 512 510 
328 510 512 84 451 
329 310 510 451 58 
330 58 515 513 514 
331 515 451 516 513 
332 513 516 450 498 
333 514 513 498 90 
334 90 519 517 518 
335 519 498 520 517 
336 518 517 521 456 
337 522 524 494 525 
338 523 522 525 122 
339 456 521 526 527 
340 527 526 529 5 
341 15 531 530 33 
342 531 17 532 530 
343 530 532 8 533 
344 33 530 533 18 
345 31 535 534 49 
346 535 33 536 534 
347 534 536 18 537 
348 49 534 537 34 
349 539 49 540 538 
350 538 540 34 541 
351 450 547 546 499 
352 547 452 548 546 
353 546 548 87 549 
354 499 546 549 453 
355 498 551 550 520 
356 551 450 552 550 
357 550 552 499 553 
358 520 550 553 497 
359 517 556 554 555 
360 556 520 557 554 
361 554 557 497 558 
362 555 554 558 521 
363 497 553 559 528 
364 553 499 560 559 
365 559 560 453 561 
366 528 559 561 500 
367 91 457 562 242 
368 457 5 523 562 
369 562 523 122 563 
370 242 562 563 121 
371 5 529 564 565 
372 529 500 566 564 
373 564 566 522 567 
374 565 564 567 523 
375 526 570 568 569 
376 570 528 571 568 
377 568 571 500 572 
378 569 568 572 529 
379 18 533 573 45 
380 533 8 574 573 
381 573 574 29 575 
382 45 573 575 28 
383 34 537 576 73 
384 537 18 577 576 
385 576 577 45 578 
386 73 576 578 44 
387 541 34 580 579 
388 579 580 73 581 
389 119 579 581 72 
390 582 583 119 584 
391 495 582 584 118 
392 85 590 589 512 
393 590 47 591 589 
394 589 591 86 543 
395 512 589 543 84 
396 84 594 592 593 
397 594 543 595 592 
398 452 598 596 597 
399 597 596 600 548 
400 601 603 582 604 
401 602 601 604 495 
402 548 600 605 606 
403 606 605 608 87 
404 86 610 609 544 
405 610 538 611 609 
406 609 611 541 612 
407 544 609 612 50 
408 614 544 615 613 
409 613 615 50 616 
410 596 623 621 622 
411 622 621 625 600 
412 453 549 629 524 
413 549 87 602 629 
414 629 602 495 630 
415 524 629 630 494 
416 87 608 631 632 
417 631 633 601 634 
418 632 631 634 602 
419 605 637 635 636 
420 636 635 639 608 
421 600 625 644 645 
422 645 644 637 605 
423 621 649 647 648 
424 648 647 651 625 
425 50 612 652 583 
426 612 541 653 652 
427 652 653 579 654 
428 583 652 654 119 
429 616 50 656 655 
430 655 656 583 657 
431 603 655 657 582 
432 658 659 603 660 
433 633 658 660 601 
434 608 639 665 666 
435 665 667 633 668 
436 666 665 668 631 
437 635 671 669 670 
438 671 638 672 669 
439 670 669 673 639 
440 451 675 674 516 
441 675 84 593 674 
442 674 593 452 547 
443 516 674 547 450 
444 593 678 676 677 
445 678 592 679 676 
446 676 679 586 598 
447 677 676 598 452 
448 598 682 680 681 
449 682 586 683 680 
450 680 683 599 623 
451 681 680 623 596 
452 623 686 684 685 
453 686 599 687 684 
454 684 687 624 649 
455 685 684 649 621 
456 649 696 694 695 
457 696 624 697 694 
458 694 697 650 698 
459 695 694 698 647 
460 699 700 658 701 
461 667 699 701 633 
462 638 703 702 672 
463 703 661 704 702 
464 639 673 706 707 
465 673 588 708 706 
466 706 708 667 709 
467 707 706 709 665 
468 669 712 710 711 
469 712 672 713 710 
470 710 713 588 714 
471 711 710 714 673 
472 543 716 715 595 
473 716 86 717 715 
474 715 717 544 614 
475 592 719 718 679 
476 719 595 720 718 
477 718 720 542 618 
478 679 718 618 586 
479 586 722 721 683 
480 722 618 723 721 
481 721 723 617 641 
482 683 721 641 599 
483 599 725 724 687 
484 725 641 726 724 
485 724 726 640 691 
486 687 724 691 624 
487 624 728 727 697 
488 728 691 729 727 
489 727 729 690 730 
490 697 727 730 650 
491 588 705 731 708 
492 705 664 732 731 
493 731 732 699 733 
494 708 731 733 667 
495 672 735 734 713 
496 735 702 736 734 
497 734 736 705 737 
498 713 734 737 588 
499 739 614 740 738 
500 738 740 613 741 
501 691 751 750 729 
502 751 640 752 750 
503 750 752 692 753 
504 729 750 753 690 
505 741 613 755 754 
506 754 755 616 756 
507 702 766 765 736 
508 766 704 767 765 
509 765 767 664 768 
510 736 765 768 705 
511 643 749 771 772 
512 749 620 773 771 
513 771 773 689 774 
514 772 771 774 688 
515 692 777 775 776 
516 777 746 778 775 
517 775 778 749 779 
518 776 775 779 643 
519 756 616 781 780 
520 780 781 655 782 
521 659 780 782 603 
522 783 784 659 785 
523 700 783 785 658 
524 664 764 786 732 
525 764 628 787 786 
526 786 787 700 788 
527 732 786 788 699 
528 704 790 789 767 
529 790 761 791 789 
530 789 791 764 792 
531 767 789 792 664 
532 620 796 797 773 
533 796 745 798 797 
534 797 798 769 799 
535 773 797 799 689 
536 748 802 800 801 
537 802 793 803 800 
538 800 803 796 804 
539 801 800 804 620 
540 628 808 809 787 
541 808 760 810 809 
542 809 810 783 811 
543 787 809 811 700 
544 763 814 812 813 
545 814 805 815 812 
546 812 815 808 816 
547 813 812 816 628 
548 619 818 817 744 
549 818 738 819 817 
550 817 819 741 820 
551 744 817 820 587 
552 742 822 821 795 
553 822 744 823 821 
554 821 823 587 824 
555 795 821 824 745 
556 793 826 825 803 
557 826 795 827 825 
558 825 827 745 828 
559 803 825 828 796 
560 626 831 829 830 
561 831 758 832 829 
562 829 832 757 806 
563 830 829 806 663 
564 627 834 833 759 
565 834 754 835 833 
566 833 835 756 836 
567 759 833 836 545 
568 757 838 837 807 
569 838 759 839 837 
570 837 839 545 840 
571 807 837 840 760 
572 806 843 841 842 
573 843 757 844 841 
574 841 844 807 845 
575 842 841 845 805 
576 1 848 846 847 
577 848 12 144 846 
578 846 144 10 62 
579 847 846 62 11 
580 16 850 849 503 
581 850 2 851 849 
582 849 851 17 531 
583 503 849 531 15 
584 10 854 852 853 
585 854 25 148 852 
586 852 148 23 66 
587 853 852 66 24 
588 32 856 855 506 
589 856 15 857 855 
590 855 857 33 535 
591 506 855 535 31 
592 23 860 858 859 
593 860 41 152 858 
594 858 152 39 70 
595 859 858 70 40 
596 48 862 861 509 
597 862 31 863 861 
598 861 863 49 539 
599 509 861 539 47 
600 70 866 864 865 
601 866 39 156 864 
602 864 156 56 112 
603 865 864 112 68 
604 89 868 867 313 
605 868 58 514 867 
606 867 514 90 455 
607 313 867 455 88 
608 160 871 869 870 
609 871 159 361 869 
610 869 361 107 165 
611 870 869 165 79 
612 171 874 872 873 
613 874 128 255 872 
614 872 255 178 219 
615 873 872 219 176 
616 180 877 875 876 
617 877 160 870 875 
618 875 870 79 185 
619 876 875 185 116 
620 186 880 878 879 
621 880 189 233 878 
622 878 233 130 204 
623 879 878 204 169 
624 198 276 881 882 
625 276 200 883 881 
626 881 883 131 290 
627 882 881 290 201 
628 170 231 884 885 
629 231 198 882 884 
630 884 882 201 256 
631 885 884 256 128 
632 107 888 886 887 
633 888 223 365 886 
634 886 365 222 264 
635 887 886 264 166 
636 193 477 889 378 
637 477 91 890 889 
638 889 890 242 891 
639 378 889 891 241 
640 209 288 892 893 
641 288 109 346 892 
642 892 346 248 894 
643 893 892 894 247 
644 251 896 895 261 
645 896 207 293 895 
646 895 293 252 897 
647 261 895 897 250 
648 264 900 898 899 
649 900 222 369 898 
650 898 369 265 323 
651 899 898 323 263 
652 266 325 901 327 
653 325 195 902 901 
654 901 902 272 903 
655 327 901 903 271 
656 200 328 904 883 
657 328 271 905 904 
658 904 905 273 906 
659 883 904 906 131 
660 131 906 907 291 
661 906 273 908 907 
662 907 908 282 305 
663 291 907 305 208 
664 273 910 909 908 
665 910 194 911 909 
666 909 911 283 342 
667 908 909 342 282 
668 284 344 912 347 
669 344 197 388 912 
670 912 388 302 913 
671 347 912 913 301 
672 311 915 914 443 
673 915 313 916 914 
674 914 916 88 459 
675 443 914 459 191 
676 315 918 917 446 
677 918 191 919 917 
678 917 919 316 463 
679 446 917 463 314 
680 317 465 920 416 
681 465 190 921 920 
682 920 921 335 479 
683 416 920 479 334 
684 194 923 922 911 
685 923 338 924 922 
686 922 924 337 384 
687 911 922 384 283 
688 338 926 925 924 
689 926 196 927 925 
690 925 927 339 409 
691 924 925 409 337 
692 195 359 928 902 
693 359 321 929 928 
694 928 929 354 930 
695 902 928 930 272 
696 321 403 931 929 
697 403 108 932 931 
698 931 932 355 933 
699 929 931 933 354 
700 354 933 934 935 
701 933 355 936 934 
702 934 936 196 926 
703 935 934 926 338 
704 272 930 937 938 
705 930 354 935 937 
706 937 935 338 923 
707 938 937 923 194 
708 336 481 939 427 
709 481 193 940 939 
710 939 940 378 941 
711 427 939 941 377 
712 397 943 942 449 
713 943 314 944 942 
714 942 944 398 467 
715 449 942 467 396 
716 196 946 945 927 
717 946 405 947 945 
718 945 947 404 430 
719 927 945 430 339 
720 405 949 948 947 
721 949 334 950 948 
722 948 950 406 483 
723 947 948 483 404 
724 108 420 951 932 
725 420 399 952 951 
726 951 952 415 953 
727 932 951 953 355 
728 399 469 954 952 
729 469 317 955 954 
730 954 955 416 956 
731 952 954 956 415 
732 415 956 957 958 
733 956 416 959 957 
734 957 959 334 949 
735 958 957 949 405 
736 355 953 960 936 
737 953 415 958 960 
738 960 958 405 946 
739 936 960 946 196 
740 320 962 961 424 
741 962 418 471 961 
742 961 471 417 963 
743 424 961 963 402 
744 407 485 964 487 
745 485 336 965 964 
746 964 965 427 966 
747 487 964 966 426 
748 410 968 967 439 
749 968 429 490 967 
750 967 490 432 969 
751 439 967 969 59 
752 500 561 970 566 
753 561 453 971 970 
754 970 971 524 972 
755 566 970 972 522 
756 521 558 973 974 
757 558 497 975 973 
758 973 975 528 570 
759 974 973 570 526 
760 47 977 976 591 
761 977 539 978 976 
762 976 978 538 610 
763 591 976 610 86 
764 618 980 979 723 
765 980 542 981 979 
766 979 981 619 743 
767 723 979 743 617 
768 641 983 982 726 
769 983 617 984 982 
770 982 984 642 747 
771 726 982 747 640 
772 662 987 985 986 
773 987 626 830 985 
774 985 830 663 762 
775 986 985 762 661 
776 585 693 988 989 
777 693 643 772 988 
778 988 772 688 990 
779 989 988 990 646 
780 688 774 991 992 
781 774 689 993 991 
782 991 993 626 987 
783 992 991 987 662 
784 646 990 994 995 
785 990 688 992 994 
786 994 992 662 996 
787 995 994 996 607 
788 690 753 997 998 
789 753 692 776 997 
790 997 776 643 999 
791 998 997 999 693 
792 650 730 1000 1001 
793 730 690 998 1000 
794 1000 998 693 1002 
795 1001 1000 1002 585 
796 595 1004 1003 720 
797 1004 715 1005 1003 
798 1003 1005 614 739 
799 720 1003 739 542 
800 542 1007 1006 981 
801 1007 739 1008 1006 
802 1006 1008 738 818 
803 981 1006 818 619 
804 617 1010 1009 984 
805 1010 743 1011 1009 
806 1009 1011 742 794 
807 984 1009 794 642 
808 743 1013 1012 1011 
809 1013 619 1014 1012 
810 1012 1014 744 822 
811 1011 1012 822 742 
812 640 1016 1015 752 
813 1016 747 1017 1015 
814 1015 1017 746 777 
815 752 1015 777 692 
816 746 1019 1018 778 
817 1019 748 801 1018 
818 1018 801 620 1020 
819 778 1018 1020 749 
820 587 820 1021 770 
821 820 741 1022 1021 
822 1021 1022 754 834 
823 770 1021 834 627 
824 758 1024 1023 832 
825 1024 627 1025 1023 
826 1023 1025 759 838 
827 832 1023 838 757 
828 761 1027 1026 791 
829 1027 763 813 1026 
830 1026 813 628 1028 
831 791 1026 1028 764 
832 745 824 1029 798 
833 824 587 1030 1029 
834 1029 1030 770 1031 
835 798 1029 1031 769 
836 769 1031 1032 1033 
837 1031 770 1034 1032 
838 1032 1034 627 1024 
839 1033 1032 1024 758 
840 689 799 1035 993 
841 799 769 1033 1035 
842 1035 1033 758 831 
843 993 1035 831 626 
844 545 836 1036 784 
845 836 756 1037 1036 
846 1036 1037 780 1038 
847 784 1036 1038 659 
848 760 840 1039 810 
849 840 545 1040 1039 
850 1039 1040 784 1041 
851 810 1039 1041 783 
852 663 1044 1042 1043 
853 1044 806 842 1042 
854 1042 842 805 814 
855 1043 1042 814 763 
856 805 845 1045 815 
857 845 807 1046 1045 
858 1045 1046 760 1047 
859 815 1045 1047 808 
860 165 1050 1048 1049 
861 1050 107 887 1048 
862 1048 887 166 226 
863 1049 1048 226 163 
864 167 206 1051 1052 
865 206 170 885 1051 
866 1051 885 128 874 
867 1052 1051 874 171 
868 132 253 1053 1054 
869 253 209 893 1053 
870 1053 893 247 1055 
871 1054 1053 1055 215 
872 166 1058 1056 1057 
873 1058 264 899 1056 
874 1056 899 263 298 
875 1057 1056 298 227 
876 271 903 1059 905 
877 903 272 938 1059 
878 1059 938 194 910 
879 905 1059 910 273 
880 625 651 1060 1061 
881 651 585 989 1060 
882 1060 989 646 1062 
883 1061 1060 1062 644 
884 644 1062 1063 1064 
885 1062 646 995 1063 
886 1063 995 607 1065 
887 1064 1063 1065 637 
888 647 698 1066 1067 
889 698 650 1001 1066 
890 1066 1001 585 1068 
891 1067 1066 1068 651 
892 607 996 1069 1070 
893 996 662 986 1069 
894 1069 986 661 703 
895 1070 1069 703 638 
896 747 1072 1071 1017 
897 1072 642 1073 1071 
898 1071 1073 748 1019 
899 1017 1071 1019 746 
900 762 1076 1074 1075 
901 1076 663 1043 1074 
902 1074 1043 763 1027 
903 1075 1074 1027 761 
904 642 1078 1077 1073 
905 1078 794 1079 1077 
906 1077 1079 793 802 
907 1073 1077 802 748 
908 794 1081 1080 1079 
909 1081 742 1082 1080 
910 1080 1082 795 826 
911 1079 1080 826 793 
912 79 1085 1083 1084 
913 1085 165 1049 1083 
914 1083 1049 163 188 
915 1084 1083 188 164 
916 179 221 1086 1087 
917 221 132 1054 1086 
918 1086 1054 215 1088 
919 1087 1086 1088 213 
920 226 1091 1089 1090 
921 1091 166 1057 1089 
922 1089 1057 227 268 
923 1090 1089 268 225 
924 637 1065 1092 1093 
925 1065 607 1070 1092 
926 1092 1070 638 671 
927 1093 1092 671 635 
928 661 1096 1094 1095 
929 1096 762 1075 1094 
930 1094 1075 761 790 
931 1095 1094 790 704 
