2 0.000000 100.000000 262.180540
991 820 
1 -11.368037 0.000000 -11.616017 99.938922 -0.000893 3.489896 0.000003 
2 13.641644 0.000000 -11.616017 99.938934 -0.007822 3.487996 0.000004 
3 13.641644 0.000000 11.616017 99.939345 0.008591 3.487656 -0.000004 
4 -11.368037 0.000000 11.616017 99.939238 0.000989 3.489921 -0.000003 
5 1.136804 0.000000 0.000000 101.360738 -0.125487 3.198480 -0.028425 
6 -11.368037 0.000000 0.000000 99.939045 0.000053 3.489988 0.000001 
7 1.136804 0.000000 -11.616017 99.938441 -0.004155 3.489004 0.000013 
8 13.641644 0.000000 0.000000 99.993397 -0.169652 1.932548 -0.000244 
9 1.136804 0.000000 11.616017 99.939892 0.004416 3.488959 -0.000015 
10 -5.115617 0.000000 -5.808009 99.938931 -0.001517 3.488786 0.000004 
11 -11.368037 0.000000 -5.808009 99.938935 -0.000549 3.489940 0.000003 
12 -5.115617 0.000000 -11.616017 99.938704 -0.001907 3.489694 0.000008 
13 1.136804 0.000000 -5.808009 99.941326 -0.006337 3.485963 -0.000042 
14 -5.115617 0.000000 0.000000 99.937974 -0.000308 3.487590 0.000024 
15 7.389224 0.000000 -5.808009 99.939050 -0.014849 3.483051 0.000005 
16 7.389224 0.000000 -11.616017 99.938650 -0.006645 3.488214 0.000010 
17 13.641644 0.000000 -5.808009 99.939123 -0.016582 3.482363 0.000004 
18 7.389224 0.000000 0.000000 100.047399 -0.016600 0.350600 -0.000961 
19 -5.115617 0.000000 5.808009 99.938883 0.001273 3.489351 0.000004 
20 -11.368037 0.000000 5.808009 99.939187 0.000652 3.489972 -0.000002 
21 1.136804 0.000000 5.808009 99.938508 0.006663 3.485912 0.000014 
22 -5.115617 0.000000 11.616017 99.939499 0.002053 3.489750 -0.000008 
23 -1.989406 0.000000 -2.904004 99.941580 -0.004120 3.482208 -0.000045 
24 -5.115617 0.000000 -2.904004 99.938796 -0.001031 3.487630 0.000007 
25 -1.989406 0.000000 -5.808009 99.940141 -0.002882 3.486913 -0.000019 
26 1.136804 0.000000 -2.904004 99.957713 -0.003754 3.475890 -0.000363 
27 -1.989406 0.000000 0.000000 99.929026 0.000161 3.475885 0.000211 
28 7.389224 0.000000 5.808009 99.939221 0.016919 3.481278 0.000003 
29 13.641644 0.000000 5.808009 99.939562 0.019375 3.479897 -0.000003 
30 7.389224 0.000000 11.616017 99.939641 0.007123 3.487983 -0.000010 
31 4.263014 0.000000 -2.904004 99.935675 -0.038541 3.466831 0.000084 
32 4.263014 0.000000 -5.808009 99.940218 -0.011682 3.485027 -0.000019 
33 7.389224 0.000000 -2.904004 99.939585 -0.032212 3.461784 0.000009 
34 4.263014 0.000000 0.000000 100.068471 -0.016733 -0.669697 -0.001415 
35 -1.989406 0.000000 2.904004 99.933647 0.015328 3.487206 0.000111 
36 -5.115617 0.000000 2.904004 99.937937 0.000554 3.488339 0.000024 
37 1.136804 0.000000 2.904004 99.950353 -0.001258 3.481242 -0.000219 
38 -1.989406 0.000000 5.808009 99.937972 0.002622 3.488262 0.000023 
39 -0.426301 0.000000 -1.452002 99.954289 -0.001113 3.424446 -0.000259 
40 -1.989406 0.000000 -1.452002 99.937172 -0.003424 3.476580 0.000048 
41 -0.426301 0.000000 -2.904004 99.949422 -0.011676 3.477281 -0.000198 
42 1.136804 0.000000 -1.452002 99.932584 0.019850 3.463219 0.000148 
43 -0.426301 0.000000 0.000000 100.218356 -0.084191 3.490281 -0.005591 
44 4.263014 0.000000 2.904004 99.940396 0.041784 3.456379 -0.000003 
45 7.389224 0.000000 2.904004 99.939245 0.038657 3.452113 0.000023 
46 4.263014 0.000000 5.808009 99.938344 0.013249 3.483022 0.000020 
47 2.699909 0.000000 -1.452002 99.939206 0.009033 3.440330 0.000032 
48 2.699909 0.000000 -2.904004 99.947406 -0.006658 3.475781 -0.000157 
49 4.263014 0.000000 -1.452002 99.933712 -0.045327 3.376044 0.000185 
50 2.699909 0.000000 0.000000 100.178836 -0.054468 -1.013963 -0.003683 
51 -0.426301 0.000000 1.452002 99.889429 0.000455 3.480597 0.000999 
52 -1.989406 0.000000 1.452002 99.928221 0.003424 3.483188 0.000222 
53 1.136804 0.000000 1.452002 99.906080 -0.045827 3.456532 0.000683 
54 -0.426301 0.000000 2.904004 99.929648 0.010446 3.489042 0.000189 
55 0.355251 0.000000 -0.726001 99.902470 0.014928 3.287810 0.000869 
56 -0.426301 0.000000 -0.726001 99.878433 0.006511 3.470129 0.001226 
57 0.355251 0.000000 -1.452002 100.005437 -0.024387 3.417817 -0.001277 
58 1.136804 0.000000 -0.726001 99.785410 -0.079419 3.231987 0.003242 
59 0.355251 0.000000 0.000000 78.340121 0.017927 -0.008267 0.386283 
60 -8.241827 0.000000 -2.904004 99.938869 -0.000560 3.489306 0.000005 
61 -11.368037 0.000000 -2.904004 99.938977 -0.000270 3.489968 0.000002 
62 -8.241827 0.000000 -5.808009 99.938798 -0.000895 3.489891 0.000006 
63 -8.241827 0.000000 0.000000 99.938807 -0.000127 3.489352 0.000006 
64 -3.552511 0.000000 -1.452002 99.938549 -0.003080 3.482281 0.000016 
65 -5.115617 0.000000 -1.452002 99.938360 -0.000694 3.487471 0.000016 
66 -3.552511 0.000000 -2.904004 99.940280 -0.005638 3.483606 -0.000020 
67 -3.552511 0.000000 0.000000 99.936188 0.001105 3.486812 0.000060 
68 -1.207854 0.000000 -0.726001 99.930247 -0.006155 3.445182 0.000208 
69 -1.989406 0.000000 -0.726001 99.933084 -0.001766 3.475381 0.000130 
70 -1.207854 0.000000 -1.452002 99.943619 0.014262 3.454791 -0.000066 
71 -1.207854 0.000000 0.000000 99.915588 -0.004939 3.452222 0.000496 
72 2.699909 0.000000 1.452002 99.932105 0.035161 3.347284 0.000237 
73 4.263014 0.000000 1.452002 99.937078 0.071632 3.337463 0.000144 
74 2.699909 0.000000 2.904004 99.951345 0.013788 3.456960 -0.000222 
75 0.355251 0.000000 0.726001 100.116820 -0.058442 3.641819 -0.003664 
76 -0.426301 0.000000 0.726001 99.889377 -0.029761 3.456369 0.001016 
77 1.136804 0.000000 0.726001 100.276839 -0.083634 3.400063 -0.006701 
78 0.355251 0.000000 1.452002 99.895657 -0.007079 3.487346 0.000870 
79 -0.035525 0.000000 -0.363001 98.998534 0.036357 3.858054 0.018440 
80 -0.426301 0.000000 -0.363001 99.960202 -0.014562 3.539032 -0.000457 
81 -0.035525 0.000000 -0.726001 99.773923 -0.007189 3.344581 0.003398 
82 0.355251 0.000000 -0.363001 100.074380 0.002051 2.573770 -0.002151 
83 -0.035525 0.000000 0.000000 182.231292 -0.148383 3.760868 -2.322241 
84 1.918356 0.000000 -0.726001 99.725800 -0.303419 3.210538 0.004437 
85 1.918356 0.000000 -1.452002 99.921856 -0.183817 3.435806 0.000378 
86 2.699909 0.000000 -0.726001 99.555413 0.078929 2.821936 0.008075 
87 1.918356 0.000000 0.000000 104.538187 -0.018396 -0.716499 -0.092875 
88 0.746027 0.000000 -0.363001 99.454707 -0.094418 2.978235 0.009988 
89 0.746027 0.000000 -0.726001 99.777105 -0.125999 3.412107 0.003287 
90 1.136804 0.000000 -0.363001 99.553684 -0.124025 2.740642 0.008154 
91 0.746027 0.000000 0.000000 102.573801 -0.059023 3.395301 -0.053292 
92 -8.241827 0.000000 2.904004 99.938852 0.000338 3.489469 0.000005 
93 -11.368037 0.000000 2.904004 99.939123 0.000376 3.489989 -0.000001 
94 -8.241827 0.000000 5.808009 99.939291 0.001026 3.489968 -0.000004 
95 -3.552511 0.000000 1.452002 99.935122 0.004972 3.483744 0.000083 
96 -5.115617 0.000000 1.452002 99.937827 0.000118 3.487938 0.000026 
97 -3.552511 0.000000 2.904004 99.935298 0.006909 3.485455 0.000079 
98 -1.207854 0.000000 0.726001 99.906393 -0.003412 3.457038 0.000676 
99 -1.989406 0.000000 0.726001 99.927324 0.002007 3.479631 0.000242 
100 -1.207854 0.000000 1.452002 99.916550 0.005888 3.481903 0.000456 
101 -0.035525 0.000000 0.363001 99.312711 -0.034466 3.138200 0.012714 
102 -0.426301 0.000000 0.363001 99.947223 -0.020034 3.329541 -0.000053 
103 0.355251 0.000000 0.363001 100.639361 -0.073724 4.095239 -0.014506 
104 -0.035525 0.000000 0.726001 99.816394 -0.009555 3.522861 0.002428 
105 0.159863 0.000000 -0.181500 97.621561 -0.107849 -2.208749 0.046514 
106 -0.035525 0.000000 -0.181500 97.238578 0.225621 7.737332 0.048474 
107 0.159863 0.000000 -0.363001 99.101207 0.017533 2.527332 0.017256 
108 0.355251 0.000000 -0.181500 101.494599 0.035205 0.432130 -0.030134 
109 0.159863 0.000000 0.000000 134.594998 0.212916 0.139007 -0.811588 
110 -0.817078 0.000000 -0.363001 99.911014 -0.013396 3.440943 0.000595 
111 -1.207854 0.000000 -0.363001 99.921236 -0.005622 3.450839 0.000384 
112 -0.817078 0.000000 -0.726001 99.920063 -0.003468 3.428607 0.000423 
113 -0.817078 0.000000 0.000000 99.947121 -0.010205 3.474967 -0.000150 
114 -0.230913 0.000000 -0.181500 100.698659 -0.001236 4.077674 -0.015685 
115 -0.426301 0.000000 -0.181500 100.112603 -0.087517 3.562999 -0.003524 
116 -0.230913 0.000000 -0.363001 99.708675 0.009713 3.896343 0.004300 
117 -0.230913 0.000000 0.000000 101.894552 -0.058112 3.557769 -0.039516 
118 1.918356 0.000000 0.726001 100.225371 0.020242 2.898080 -0.005352 
119 2.699909 0.000000 0.726001 99.965303 0.275180 2.867729 -0.000136 
120 1.918356 0.000000 1.452002 99.905534 0.168144 3.408540 0.000724 
121 0.746027 0.000000 0.363001 99.966967 0.000640 3.426085 -0.000513 
122 1.136804 0.000000 0.363001 101.095749 -0.212437 3.503747 -0.023267 
123 0.746027 0.000000 0.726001 100.135860 0.051349 3.548215 -0.003978 
124 0.159863 0.000000 0.181500 98.598774 -0.144599 7.789851 0.021758 
125 -0.035525 0.000000 0.181500 98.017576 0.099996 -0.598184 0.039219 
126 0.355251 0.000000 0.181500 102.111060 -0.037213 4.267887 -0.044488 
127 0.159863 0.000000 0.363001 99.578237 -0.102532 4.270023 0.006593 
128 0.062169 0.000000 -0.090750 82.447933 -0.021008 -5.919331 0.316730 
129 -0.035525 0.000000 -0.090750 105.246295 0.106282 26.985574 -0.180502 
130 0.062169 0.000000 -0.181500 95.018206 0.031522 1.810564 0.096826 
131 0.159863 0.000000 -0.090750 98.427054 -0.008598 -13.217975 0.013740 
132 0.062169 0.000000 0.000000 226.827210 -0.010519 0.416699 -4.145076 
133 -0.817078 0.000000 0.363001 99.891604 -0.007363 3.439851 0.000983 
134 -1.207854 0.000000 0.363001 99.910458 -0.004197 3.456495 0.000595 
135 -0.817078 0.000000 0.726001 99.882651 -0.008618 3.450434 0.001155 
136 -0.230913 0.000000 0.181500 100.809210 -0.029020 2.931103 -0.017109 
137 -0.426301 0.000000 0.181500 100.110202 -0.003406 3.356735 -0.003332 
138 -0.230913 0.000000 0.363001 99.842971 -0.020064 3.088181 0.002184 
139 -0.133219 0.000000 -0.090750 104.639055 -0.021328 7.078100 -0.099943 
140 -0.230913 0.000000 -0.090750 101.395898 -0.045406 4.139416 -0.029826 
141 -0.133219 0.000000 -0.181500 100.394342 -0.160328 6.023594 -0.011533 
142 -0.133219 0.000000 0.000000 108.577113 0.135722 3.682027 -0.180257 
143 0.062169 0.000000 0.090750 84.869632 -0.032479 9.308022 0.271051 
144 -0.035525 0.000000 0.090750 106.473310 0.036532 -19.253150 -0.170725 
145 0.159863 0.000000 0.090750 100.371773 0.071816 13.613284 -0.025982 
146 0.062169 0.000000 0.181500 96.092770 -0.080093 4.425817 0.074659 
147 0.013322 0.000000 -0.045375 67.564511 0.086992 -13.223443 0.526017 
148 -0.035525 0.000000 -0.045375 155.823977 -0.091016 39.991972 -1.588048 
149 0.013322 0.000000 -0.090750 71.126255 -0.065388 11.465103 0.480960 
150 0.062169 0.000000 -0.045375 223.817626 -0.008808 -21.726351 -4.056636 
151 0.013322 0.000000 0.000000 282.960593 -0.018075 1.900489 -7.007031 
152 -0.133219 0.000000 0.090750 104.887040 -0.048483 0.448098 -0.100149 
153 -0.230913 0.000000 0.090750 101.464695 -0.063568 2.894667 -0.030347 
154 -0.133219 0.000000 0.181500 100.655184 -0.126282 1.117694 -0.013273 
155 0.013322 0.000000 0.045375 71.549751 -0.224200 14.128473 0.468097 
156 -0.035525 0.000000 0.045375 155.729567 -0.137930 -31.718676 -1.525779 
157 0.062169 0.000000 0.045375 222.936219 -0.015257 22.099759 -4.018896 
158 0.013322 0.000000 0.090750 74.449160 -0.181948 -6.049000 0.442070 
159 -1.989406 0.000000 -8.712013 99.939194 -0.002875 3.488667 -0.000001 
160 -5.115617 0.000000 -8.712013 99.938590 -0.001883 3.489676 0.000010 
161 -1.989406 0.000000 -11.616017 99.938545 -0.002863 3.489426 0.000011 
162 1.136804 0.000000 -8.712013 99.939323 -0.004817 3.488150 -0.000004 
163 -0.426301 0.000000 -4.356007 99.939005 -0.020318 3.487708 0.000003 
164 -1.989406 0.000000 -4.356007 99.943086 -0.011679 3.483372 -0.000075 
165 -0.426301 0.000000 -5.808009 99.940936 -0.004227 3.486239 -0.000034 
166 1.136804 0.000000 -4.356007 99.942213 -0.027535 3.486057 -0.000060 
167 0.355251 0.000000 -2.178003 99.988528 0.005077 3.452958 -0.000963 
168 -0.426301 0.000000 -2.178003 99.962827 -0.009812 3.455131 -0.000450 
169 0.355251 0.000000 -2.904004 99.949738 -0.010483 3.476331 -0.000204 
170 1.136804 0.000000 -2.178003 99.999695 0.001033 3.464428 -0.001194 
171 -0.035525 0.000000 -1.089002 99.909693 -0.016751 3.399321 0.000650 
172 -0.426301 0.000000 -1.089002 99.935993 -0.000380 3.406050 0.000120 
173 -0.035525 0.000000 -1.452002 99.979730 0.002420 3.409507 -0.000757 
174 0.355251 0.000000 -1.089002 99.863164 0.005539 3.445406 0.001548 
175 0.159863 0.000000 -0.544501 99.472779 0.015369 3.229577 0.009474 
176 -0.035525 0.000000 -0.544501 99.641784 -0.000846 3.397304 0.005997 
177 0.159863 0.000000 -0.726001 99.764853 0.019973 3.356529 0.003571 
178 0.355251 0.000000 -0.544501 99.606859 0.022409 3.202199 0.006822 
179 0.062169 0.000000 -0.272250 96.913279 0.045541 2.912217 0.059933 
180 -0.035525 0.000000 -0.272250 97.856875 -0.005081 4.867371 0.040034 
181 0.062169 0.000000 -0.363001 98.620512 0.005623 3.304772 0.026307 
182 0.159863 0.000000 -0.272250 98.185795 0.088038 1.173834 0.035816 
183 0.013322 0.000000 -0.136125 91.549284 0.032875 7.395423 0.156404 
184 -0.035525 0.000000 -0.136125 98.557419 0.197393 11.815860 0.014678 
185 0.013322 0.000000 -0.181500 95.136507 0.172414 5.328859 0.092062 
186 0.062169 0.000000 -0.136125 92.331384 0.019189 -0.310463 0.147482 
187 0.550639 0.000000 -0.181500 101.990706 -0.050276 2.489510 -0.040830 
188 0.550639 0.000000 -0.363001 99.916810 -0.030778 3.062776 0.000725 
189 0.746027 0.000000 -0.181500 102.618034 -0.058317 2.365182 -0.053606 
190 0.550639 0.000000 0.000000 102.022551 -0.042978 3.373794 -0.041999 
191 0.257557 0.000000 -0.090750 101.991460 -0.137514 -10.130443 -0.050490 
192 0.257557 0.000000 -0.181500 100.213558 -0.023078 -1.488542 -0.004497 
193 0.355251 0.000000 -0.090750 104.823858 -0.020877 -4.351214 -0.100697 
194 0.257557 0.000000 0.000000 95.248442 -0.154953 0.034868 0.092771 
195 0.111016 0.000000 -0.045375 167.316435 -0.012822 -15.504802 -1.823519 
196 0.111016 0.000000 -0.090750 90.282372 0.051868 -15.033766 0.162308 
197 0.159863 0.000000 -0.045375 133.357889 0.171263 -9.749354 -0.787941 
198 0.111016 0.000000 0.000000 171.092095 -0.009986 0.110931 -1.927252 
199 0.037745 0.000000 -0.068063 68.888831 0.065355 -13.372722 0.507549 
200 0.013322 0.000000 -0.068063 67.527686 0.097846 -12.964398 0.527193 
201 0.037745 0.000000 -0.090750 79.879719 -0.054385 -1.950936 0.361542 
202 0.062169 0.000000 -0.068063 75.002551 0.060189 -14.362004 0.416835 
203 0.037745 0.000000 -0.045375 68.419871 0.056776 -13.389892 0.513943 
204 0.550639 0.000000 0.181500 102.137674 -0.055145 2.735932 -0.043959 
205 0.746027 0.000000 0.181500 102.783305 -0.086384 2.919656 -0.057294 
206 0.550639 0.000000 0.363001 100.254124 -0.012374 3.271453 -0.006159 
207 0.257557 0.000000 0.090750 103.361549 -0.187062 10.405917 -0.079193 
208 0.355251 0.000000 0.090750 105.577730 -0.048987 4.529353 -0.116717 
209 0.257557 0.000000 0.181500 101.082304 -0.090990 6.624354 -0.026152 
210 0.111016 0.000000 0.045375 167.144558 -0.017841 15.616234 -1.818117 
211 0.159863 0.000000 0.045375 133.320791 0.199876 9.893943 -0.787236 
212 0.111016 0.000000 0.090750 92.715909 -0.019785 15.574042 0.116121 
213 -1.989406 0.000000 8.712013 99.939256 0.002879 3.489044 -0.000003 
214 -5.115617 0.000000 8.712013 99.939587 0.002044 3.489791 -0.000010 
215 1.136804 0.000000 8.712013 99.939498 0.005136 3.488086 -0.000007 
216 -1.989406 0.000000 11.616017 99.939725 0.003056 3.489466 -0.000013 
217 -0.426301 0.000000 4.356007 99.938064 0.019819 3.489181 0.000021 
218 -1.989406 0.000000 4.356007 99.934226 0.012392 3.486150 0.000100 
219 1.136804 0.000000 4.356007 99.940703 0.026100 3.486298 -0.000030 
220 -0.426301 0.000000 5.808009 99.938124 0.004164 3.487448 0.000021 
221 0.355251 0.000000 2.178003 99.917544 -0.019837 3.482675 0.000436 
222 -0.426301 0.000000 2.178003 99.922092 0.000088 3.487583 0.000341 
223 1.136804 0.000000 2.178003 99.935090 -0.018797 3.478453 0.000088 
224 0.355251 0.000000 2.904004 99.935931 -0.059554 3.488537 0.000064 
225 -0.035525 0.000000 1.089002 99.887029 -0.005591 3.503015 0.001031 
226 -0.426301 0.000000 1.089002 99.867106 -0.013729 3.478937 0.001446 
227 0.355251 0.000000 1.089002 99.949596 -0.028730 3.537272 -0.000243 
228 -0.035525 0.000000 1.452002 99.883808 -0.020184 3.491897 0.001103 
229 0.159863 0.000000 0.544501 99.792242 -0.042481 3.725271 0.002763 
230 -0.035525 0.000000 0.544501 99.787588 -0.008964 3.569964 0.002969 
231 0.355251 0.000000 0.544501 100.002933 -0.057700 3.773407 -0.001483 
232 0.159863 0.000000 0.726001 99.898117 -0.017115 3.651452 0.000703 
233 0.062169 0.000000 0.272250 97.483673 -0.080306 3.833056 0.048223 
234 -0.035525 0.000000 0.272250 98.276365 -0.011115 2.171320 0.033704 
235 0.159863 0.000000 0.272250 98.755296 -0.046480 5.308633 0.021921 
236 0.062169 0.000000 0.363001 99.037875 -0.071869 3.692080 0.017786 
237 0.013322 0.000000 0.136125 93.042703 -0.053778 -0.912164 0.134222 
238 -0.035525 0.000000 0.136125 99.551339 0.115448 -4.602089 0.006834 
239 0.062169 0.000000 0.136125 93.865736 -0.091301 5.773447 0.115588 
240 0.013322 0.000000 0.181500 96.149745 0.031799 1.482416 0.075303 
241 0.037745 0.000000 0.068063 72.740959 -0.133435 14.354661 0.450268 
242 0.013322 0.000000 0.068063 71.492693 -0.221939 14.092388 0.469015 
243 0.037745 0.000000 0.045375 72.341033 -0.133273 14.285038 0.456269 
244 0.062169 0.000000 0.068063 78.426046 -0.102744 15.222797 0.361761 
245 0.037745 0.000000 0.090750 82.583175 -0.051749 6.087894 0.314295 
246 0.111016 0.000000 -0.136125 95.738844 -0.047720 -3.889628 0.081894 
247 0.111016 0.000000 -0.181500 96.220752 -0.079429 -0.740543 0.074101 
248 0.159863 0.000000 -0.136125 98.102311 -0.225470 -5.425845 0.034645 
249 0.086592 0.000000 -0.068063 89.479598 -0.072517 -14.785838 0.177478 
250 0.086592 0.000000 -0.090750 89.975006 -0.089706 -14.986132 0.167991 
251 0.111016 0.000000 -0.068063 90.269920 0.030926 -14.855500 0.163065 
252 0.086592 0.000000 -0.045375 193.390283 -0.014413 -20.112853 -2.780433 
253 0.086592 0.000000 -0.113438 91.870542 0.038652 -5.995426 0.152386 
254 0.062169 0.000000 -0.113438 88.864555 -0.000083 -2.734895 0.209561 
255 0.086592 0.000000 -0.136125 93.946408 0.001493 -2.579354 0.116742 
256 0.111016 0.000000 -0.113438 94.852225 0.057261 -7.014101 0.095385 
257 0.074381 0.000000 -0.079406 86.031452 -0.046086 -14.672223 0.238331 
258 0.062169 0.000000 -0.079406 76.131142 0.049575 -14.440742 0.399551 
259 0.074381 0.000000 -0.090750 83.302207 -0.006182 -11.040137 0.293886 
260 0.086592 0.000000 -0.079406 89.622180 -0.066948 -14.829918 0.174793 
261 0.074381 0.000000 -0.068063 82.849327 -0.013032 -14.687191 0.292028 
262 0.111016 0.000000 0.136125 97.105529 -0.068362 8.818433 0.049275 
263 0.159863 0.000000 0.136125 99.405480 -0.255081 9.876283 0.002094 
264 0.111016 0.000000 0.181500 97.252641 -0.164137 6.585668 0.049853 
265 0.086592 0.000000 0.068063 92.094575 0.031048 15.457421 0.127966 
266 0.086592 0.000000 0.045375 192.959301 -0.018845 20.217565 -2.764204 
267 0.111016 0.000000 0.068063 92.712787 -0.013600 15.557412 0.116231 
268 0.086592 0.000000 0.090750 92.583226 0.042198 15.550190 0.118654 
269 0.086592 0.000000 0.113438 93.639497 -0.013834 10.214159 0.112732 
270 0.062169 0.000000 0.113438 90.794765 -0.063869 7.461380 0.170063 
271 0.111016 0.000000 0.113438 96.559654 0.054775 10.939470 0.055656 
272 0.086592 0.000000 0.136125 95.424698 -0.041488 7.732460 0.083433 
273 0.074381 0.000000 0.079406 88.870616 -0.002003 15.290607 0.186821 
274 0.062169 0.000000 0.079406 79.506204 -0.092950 15.215626 0.344724 
275 0.074381 0.000000 0.068063 85.858874 -0.032849 15.358397 0.239237 
276 0.086592 0.000000 0.079406 92.222734 0.029459 15.480996 0.125531 
277 0.074381 0.000000 0.090750 85.671426 -0.036164 13.918711 0.246667 
278 0.208710 0.000000 -0.045375 109.805731 -0.116335 -6.061983 -0.209406 
279 0.208710 0.000000 -0.090750 99.692581 -0.203762 -12.570103 -0.009666 
280 0.257557 0.000000 -0.045375 94.242839 -0.086977 -4.680533 0.109637 
281 0.208710 0.000000 0.000000 110.850110 0.009644 0.065697 -0.228775 
282 0.135439 0.000000 -0.068063 91.071025 0.123133 -15.162257 0.147616 
283 0.135439 0.000000 -0.090750 92.486690 0.105474 -14.805955 0.122698 
284 0.159863 0.000000 -0.068063 131.606724 0.056219 -14.775746 -0.753866 
285 0.135439 0.000000 -0.045375 148.763532 0.174714 -12.100264 -1.227704 
286 0.257557 0.000000 -0.272250 99.802416 0.047641 1.222923 0.003798 
287 0.257557 0.000000 -0.363001 99.686354 0.015256 2.399320 0.005687 
288 0.355251 0.000000 -0.272250 100.525873 0.023502 2.038573 -0.010961 
289 0.208710 0.000000 -0.136125 99.669922 -0.172229 -5.695819 0.003343 
290 0.208710 0.000000 -0.181500 98.793959 0.081433 -2.516273 0.023342 
291 0.257557 0.000000 -0.136125 100.870301 0.034766 -4.944419 -0.019927 
292 0.135439 0.000000 -0.113438 96.013823 0.010141 -7.535874 0.072456 
293 0.135439 0.000000 -0.136125 96.994282 -0.127841 -4.643929 0.057053 
294 0.159863 0.000000 -0.113438 97.652395 -0.151378 -8.595034 0.039011 
295 0.123228 0.000000 -0.079406 90.471351 0.101921 -14.980598 0.159051 
296 0.111016 0.000000 -0.079406 90.274218 0.041230 -14.925772 0.162779 
297 0.123228 0.000000 -0.090750 90.272726 0.083322 -15.031052 0.162490 
298 0.135439 0.000000 -0.079406 92.420141 0.108375 -15.006656 0.123331 
299 0.123228 0.000000 -0.068063 90.274560 0.077341 -15.031568 0.162455 
300 0.208710 0.000000 0.045375 109.781733 -0.121971 6.135705 -0.208969 
301 0.257557 0.000000 0.045375 94.252361 -0.151714 4.735550 0.109404 
302 0.208710 0.000000 0.090750 101.441412 -0.214431 12.926041 -0.045749 
303 0.135439 0.000000 0.068063 93.400033 -0.030615 15.687484 0.103034 
304 0.135439 0.000000 0.045375 148.449548 -0.007907 12.222016 -1.218665 
305 0.159863 0.000000 0.068063 131.584314 0.078693 14.830875 -0.753439 
306 0.135439 0.000000 0.090750 94.755464 0.006245 15.308319 0.078706 
307 0.257557 0.000000 0.272250 100.309575 -0.054997 5.039628 -0.008741 
308 0.355251 0.000000 0.272250 100.935900 -0.077591 4.087636 -0.020477 
309 0.257557 0.000000 0.363001 100.264401 -0.099072 4.373093 -0.007208 
310 0.208710 0.000000 0.136125 100.938764 -0.212283 9.668353 -0.028216 
311 0.257557 0.000000 0.136125 101.938148 0.009483 8.443871 -0.046269 
312 0.208710 0.000000 0.181500 99.736797 0.014175 7.881524 -0.000955 
313 0.135439 0.000000 0.113438 97.684780 -0.004135 11.143219 0.033351 
314 0.159863 0.000000 0.113438 99.223783 -0.180170 11.772070 0.001603 
315 0.135439 0.000000 0.136125 98.354126 -0.148218 9.360339 0.023883 
316 0.123228 0.000000 0.079406 92.838501 -0.035005 15.587574 0.113804 
317 0.111016 0.000000 0.079406 92.711183 -0.016938 15.563463 0.116241 
318 0.123228 0.000000 0.068063 92.680267 -0.031012 15.567502 0.116802 
319 0.135439 0.000000 0.079406 94.699757 0.005708 15.516212 0.079120 
320 0.123228 0.000000 0.090750 92.671899 -0.033647 15.565967 0.116962 
321 0.184287 0.000000 -0.068063 118.367539 0.003782 -11.755259 -0.414906 
322 0.184287 0.000000 -0.090750 98.363387 -0.088098 -13.110919 0.015274 
323 0.208710 0.000000 -0.068063 107.644411 -0.076274 -9.328093 -0.167434 
324 0.184287 0.000000 -0.045375 120.213136 -0.007907 -7.889847 -0.451345 
325 0.184287 0.000000 0.068063 118.415458 -0.001825 11.911516 -0.416410 
326 0.184287 0.000000 0.045375 120.181158 0.001283 8.050799 -0.450833 
327 0.208710 0.000000 0.068063 107.679366 -0.101180 9.448808 -0.168414 
328 0.184287 0.000000 0.090750 100.266205 -0.081145 13.599303 -0.023826 
329 0.452945 0.000000 -0.090750 100.182431 -0.057608 1.398975 -0.003848 
330 0.452945 0.000000 -0.181500 100.804603 -0.071054 0.583621 -0.016191 
331 0.550639 0.000000 -0.090750 101.658032 -0.047041 2.838680 -0.034242 
332 0.452945 0.000000 0.000000 102.022550 -0.042978 3.373795 -0.041999 
333 0.306404 0.000000 -0.136125 102.103505 -0.005500 -3.074665 -0.043458 
334 0.306404 0.000000 -0.181500 100.949494 0.035225 -0.679188 -0.019126 
335 0.355251 0.000000 -0.136125 103.860817 0.013204 -1.682198 -0.078990 
336 0.306404 0.000000 -0.090750 103.931720 -0.003757 -6.382917 -0.084254 
337 0.233134 0.000000 -0.113438 100.991698 -0.192472 -8.035813 -0.026393 
338 0.208710 0.000000 -0.113438 100.349029 -0.206872 -8.550681 -0.014308 
339 0.233134 0.000000 -0.136125 100.225217 -0.107367 -5.387473 -0.007413 
340 0.257557 0.000000 -0.113438 102.029542 -0.152399 -10.134421 -0.051276 
341 0.233134 0.000000 -0.090750 102.372832 -0.233233 -10.167415 -0.058363 
342 0.452945 0.000000 0.090750 100.352568 -0.060833 1.489068 -0.007286 
343 0.550639 0.000000 0.090750 101.748039 -0.048508 2.900027 -0.036108 
344 0.452945 0.000000 0.181500 100.981553 -0.073857 0.629183 -0.019768 
345 0.306404 0.000000 0.136125 102.931630 -0.048273 6.307399 -0.063471 
346 0.306404 0.000000 0.090750 104.858587 -0.031718 6.584485 -0.103868 
347 0.355251 0.000000 0.136125 104.582278 -0.066832 4.533301 -0.095801 
348 0.306404 0.000000 0.181500 101.711563 -0.051759 5.660386 -0.037728 
349 0.233134 0.000000 0.113438 102.284860 -0.219083 10.169410 -0.056566 
350 0.208710 0.000000 0.113438 101.809935 -0.207310 11.061208 -0.048766 
351 0.233134 0.000000 0.090750 103.792346 -0.211355 10.441639 -0.088192 
352 0.257557 0.000000 0.113438 103.398483 -0.200551 10.407793 -0.079961 
353 0.233134 0.000000 0.136125 101.427703 -0.134779 9.072456 -0.036991 
354 0.306404 0.000000 -0.045375 83.968378 0.124984 -2.522300 0.294293 
355 0.355251 0.000000 -0.045375 77.572777 0.025819 -1.468885 0.398031 
356 0.306404 0.000000 0.000000 84.479747 0.119843 0.045005 0.286316 
357 0.281981 0.000000 -0.113438 103.124950 0.013054 -8.335534 -0.070424 
358 0.281981 0.000000 -0.136125 101.949185 -0.006635 -3.903645 -0.040887 
359 0.306404 0.000000 -0.113438 103.926814 -0.019689 -6.383683 -0.084153 
360 0.281981 0.000000 -0.090750 102.910999 -0.000652 -8.662262 -0.066571 
361 0.281981 0.000000 -0.068063 87.139005 0.162910 -5.300343 0.237867 
362 0.257557 0.000000 -0.068063 93.040073 -0.068241 -7.130208 0.129270 
363 0.306404 0.000000 -0.068063 83.195065 0.083039 -3.854399 0.306372 
364 0.281981 0.000000 -0.045375 88.208969 0.078645 -3.674564 0.220567 
365 0.269769 0.000000 -0.102094 102.149093 -0.069092 -9.881823 -0.053209 
366 0.257557 0.000000 -0.102094 101.988941 -0.136529 -10.130180 -0.050438 
367 0.269769 0.000000 -0.113438 102.098223 -0.047231 -10.141283 -0.052690 
368 0.281981 0.000000 -0.102094 102.906880 0.014961 -9.168685 -0.067389 
369 0.269769 0.000000 -0.090750 102.047030 -0.091459 -10.136088 -0.051634 
370 0.306404 0.000000 0.045375 84.019864 0.097924 2.599103 0.293390 
371 0.355251 0.000000 0.045375 77.593999 0.008210 1.455103 0.397705 
372 0.281981 0.000000 0.113438 104.302237 0.013173 8.580117 -0.095258 
373 0.281981 0.000000 0.090750 104.123449 -0.008227 8.913825 -0.092115 
374 0.306404 0.000000 0.113438 104.831326 -0.054920 6.582608 -0.103294 
375 0.281981 0.000000 0.136125 102.755529 -0.139535 7.222847 -0.061089 
376 0.281981 0.000000 0.068063 87.207439 0.141975 5.344946 0.236627 
377 0.257557 0.000000 0.068063 93.095828 -0.112832 7.188670 0.128148 
378 0.281981 0.000000 0.045375 88.237734 0.049886 3.774291 0.219985 
379 0.306404 0.000000 0.068063 83.271370 0.044175 3.920615 0.305051 
380 0.269769 0.000000 0.102094 103.491758 -0.104436 10.157120 -0.081372 
381 0.257557 0.000000 0.102094 103.359106 -0.186170 10.405793 -0.079142 
382 0.269769 0.000000 0.090750 103.411648 -0.130488 10.414350 -0.080244 
383 0.281981 0.000000 0.102094 104.154874 0.028507 9.426895 -0.093710 
384 0.269769 0.000000 0.113438 103.457702 -0.076342 10.422269 -0.081213 
385 0.746027 0.000000 -1.089002 99.836630 0.035154 3.448090 0.002076 
386 0.746027 0.000000 -1.452002 100.017517 -0.032997 3.432522 -0.001529 
387 1.136804 0.000000 -1.089002 99.828877 0.033510 3.439218 0.002237 
388 0.550639 0.000000 -0.544501 99.660393 0.005324 3.195955 0.005759 
389 0.550639 0.000000 -0.726001 99.848946 0.017404 3.397692 0.001864 
390 0.746027 0.000000 -0.544501 99.865940 -0.233765 3.252218 0.001616 
391 0.452945 0.000000 -0.272250 100.382827 0.002838 2.764506 -0.008435 
392 0.452945 0.000000 -0.363001 100.111670 0.026104 2.916476 -0.003085 
393 0.550639 0.000000 -0.272250 102.075021 -0.080518 0.528708 -0.041960 
394 0.404098 0.000000 -0.136125 99.540528 -0.069821 0.229015 0.009163 
395 0.404098 0.000000 -0.181500 101.725542 -0.012953 1.910451 -0.035174 
396 0.452945 0.000000 -0.136125 100.310928 -0.060962 1.111339 -0.006352 
397 0.404098 0.000000 -0.090750 101.678261 -0.056790 -1.485058 -0.034068 
398 0.330828 0.000000 -0.113438 103.859289 -0.034903 -6.382851 -0.082749 
399 0.330828 0.000000 -0.136125 102.665015 -0.006538 -2.790150 -0.054789 
400 0.355251 0.000000 -0.113438 104.727506 -0.017911 -4.597660 -0.098899 
401 0.330828 0.000000 -0.090750 103.853971 -0.036178 -6.382489 -0.082638 
402 0.746027 0.000000 1.089002 100.058570 -0.089061 3.542946 -0.002428 
403 1.136804 0.000000 1.089002 100.200399 -0.077214 3.481202 -0.005224 
404 0.746027 0.000000 1.452002 99.904512 -0.009197 3.477933 0.000699 
405 0.550639 0.000000 0.544501 100.076370 -0.035454 3.541570 -0.002782 
406 0.746027 0.000000 0.544501 100.161915 0.162242 3.396399 -0.004397 
407 0.550639 0.000000 0.726001 100.205522 -0.081193 3.629834 -0.005433 
408 0.452945 0.000000 0.272250 100.748242 -0.045699 3.187259 -0.016037 
409 0.550639 0.000000 0.272250 102.241995 -0.079098 0.574301 -0.045376 
410 0.452945 0.000000 0.363001 100.563640 -0.039748 3.523950 -0.012547 
411 0.404098 0.000000 0.136125 99.725548 -0.072777 0.237056 0.005475 
412 0.404098 0.000000 0.090750 102.020984 -0.034779 1.852135 -0.041171 
413 0.452945 0.000000 0.136125 100.484947 -0.064074 1.187360 -0.009864 
414 0.404098 0.000000 0.181500 102.131639 -0.098012 2.721691 -0.043829 
415 0.330828 0.000000 0.113438 104.735150 -0.088104 6.575477 -0.101270 
416 0.330828 0.000000 0.090750 104.729862 -0.089168 6.575151 -0.101158 
417 0.355251 0.000000 0.113438 105.496427 -0.049855 4.777420 -0.115232 
418 0.330828 0.000000 0.136125 103.325124 -0.048330 5.835174 -0.071013 
419 0.404098 0.000000 -0.045375 75.813837 0.022195 0.322694 0.425216 
420 0.452945 0.000000 -0.045375 100.562574 -0.049083 2.210925 -0.011772 
421 0.404098 0.000000 0.000000 76.706647 0.016823 0.005946 0.411609 
422 0.379675 0.000000 -0.113438 104.440038 -0.036398 -2.157312 -0.091238 
423 0.379675 0.000000 -0.136125 103.701915 -0.008345 -0.239911 -0.075414 
424 0.404098 0.000000 -0.113438 101.426736 -0.056491 -1.727602 -0.029037 
425 0.379675 0.000000 -0.090750 104.181635 -0.037852 -2.152199 -0.085845 
426 0.330828 0.000000 -0.068063 79.739915 -0.015253 -3.540883 0.362901 
427 0.355251 0.000000 -0.068063 76.474856 0.027330 -2.268175 0.414645 
428 0.330828 0.000000 -0.045375 80.349162 -0.017191 -2.306164 0.353869 
429 0.343039 0.000000 -0.102094 104.220304 -0.010485 -6.045152 -0.089842 
430 0.330828 0.000000 -0.102094 103.856180 -0.035649 -6.382639 -0.082685 
431 0.343039 0.000000 -0.113438 104.291118 -0.014875 -5.911361 -0.091158 
432 0.355251 0.000000 -0.102094 104.812412 -0.019984 -4.690740 -0.100765 
433 0.343039 0.000000 -0.090750 104.063933 -0.013549 -6.394802 -0.087020 
434 0.404098 0.000000 0.045375 75.818109 0.010919 -0.312000 0.425152 
435 0.452945 0.000000 0.045375 100.714467 -0.052475 2.343681 -0.014890 
436 0.330828 0.000000 0.068063 79.812552 -0.040666 3.617792 0.361687 
437 0.330828 0.000000 0.045375 80.390046 -0.035348 2.378345 0.353178 
438 0.355251 0.000000 0.068063 76.508239 0.002626 2.256866 0.414140 
439 0.379675 0.000000 0.113438 104.862771 -0.034509 2.306647 -0.100152 
440 0.379675 0.000000 0.090750 104.566593 -0.031221 2.300025 -0.093946 
441 0.404098 0.000000 0.113438 101.794080 -0.032642 2.005428 -0.036606 
442 0.379675 0.000000 0.136125 104.306027 -0.053660 3.013983 -0.088883 
443 0.343039 0.000000 0.102094 105.089089 -0.060270 6.236462 -0.108261 
444 0.330828 0.000000 0.102094 104.732059 -0.088726 6.575286 -0.101205 
445 0.343039 0.000000 0.090750 104.949506 -0.066393 6.588903 -0.105782 
446 0.355251 0.000000 0.102094 105.609111 -0.049810 4.873410 -0.117704 
447 0.343039 0.000000 0.113438 105.156622 -0.061416 6.102373 -0.109516 
448 1.527580 0.000000 -0.363001 99.684174 -0.107693 2.671389 0.005592 
449 1.527580 0.000000 -0.726001 99.544221 -0.075897 3.399683 0.007938 
450 1.918356 0.000000 -0.363001 100.040709 -0.531584 2.451857 -0.001444 
451 1.527580 0.000000 0.000000 104.412875 0.014763 -0.011778 -0.090205 
452 0.941416 0.000000 -0.181500 102.191573 -0.095291 2.158225 -0.044778 
453 0.941416 0.000000 -0.363001 99.340626 -0.108109 2.915187 0.012293 
454 1.136804 0.000000 -0.181500 100.975709 -0.139205 1.600453 -0.019867 
455 0.941416 0.000000 0.000000 102.241881 -0.097318 3.311912 -0.046438 
456 0.648333 0.000000 -0.090750 102.214177 -0.050884 2.774689 -0.045544 
457 0.648333 0.000000 -0.181500 102.307305 -0.058481 2.185102 -0.047156 
458 0.746027 0.000000 -0.090750 102.666615 -0.060631 3.129067 -0.055023 
459 0.648333 0.000000 0.000000 102.366378 -0.052985 3.387209 -0.049035 
460 0.501792 0.000000 -0.136125 100.675639 -0.055357 1.660230 -0.013834 
461 0.501792 0.000000 -0.181500 101.654025 -0.061422 1.552090 -0.033595 
462 0.550639 0.000000 -0.136125 101.974709 -0.045693 2.933855 -0.040745 
463 0.501792 0.000000 -0.090750 100.680498 -0.056877 1.753758 -0.013964 
464 0.428522 0.000000 -0.113438 99.681027 -0.061915 -0.632869 0.006329 
465 0.428522 0.000000 -0.136125 100.303406 -0.066925 0.633446 -0.006118 
466 0.452945 0.000000 -0.113438 100.211722 -0.060398 1.132263 -0.004367 
467 0.428522 0.000000 -0.090750 99.800676 -0.061251 -0.367793 0.003969 
468 0.379675 0.000000 -0.068063 75.216838 0.035260 -0.870406 0.434167 
469 0.404098 0.000000 -0.068063 99.541518 -0.063977 0.533369 0.009120 
470 0.379675 0.000000 -0.045375 76.100252 0.035017 -0.573046 0.420842 
471 0.391886 0.000000 -0.102094 103.108487 -0.049077 -1.971311 -0.063525 
472 0.379675 0.000000 -0.102094 104.446462 -0.036076 -2.157486 -0.091372 
473 0.391886 0.000000 -0.113438 103.000226 -0.049344 -1.919629 -0.061273 
474 0.404098 0.000000 -0.102094 101.485297 -0.056362 -1.764175 -0.030238 
475 0.391886 0.000000 -0.090750 102.853724 -0.049774 -1.838526 -0.058227 
476 0.379675 0.000000 0.068063 75.229560 0.015693 0.903917 0.433970 
477 0.379675 0.000000 0.045375 76.108543 -0.001697 0.596390 0.420713 
478 0.404098 0.000000 0.068063 99.722103 -0.065636 0.550059 0.005520 
479 1.527580 0.000000 0.363001 100.192724 0.198035 2.269655 -0.004377 
480 1.918356 0.000000 0.363001 100.826344 0.528064 1.452637 -0.016834 
481 1.527580 0.000000 0.726001 100.366258 -0.230776 3.221132 -0.008381 
482 0.941416 0.000000 0.181500 102.784123 -0.133466 2.962719 -0.057337 
483 1.136804 0.000000 0.181500 102.295972 -0.171249 2.678099 -0.047167 
484 0.941416 0.000000 0.363001 100.286277 -0.081785 3.436983 -0.006916 
485 0.648333 0.000000 0.090750 102.300863 -0.059974 3.003327 -0.047449 
486 0.746027 0.000000 0.090750 102.743861 -0.070790 3.317988 -0.056732 
487 0.648333 0.000000 0.181500 102.472651 -0.076832 2.529660 -0.050705 
488 0.501792 0.000000 0.136125 100.838120 -0.058851 1.794725 -0.017155 
489 0.501792 0.000000 0.090750 100.830045 -0.058849 1.815492 -0.017000 
490 0.550639 0.000000 0.136125 102.101615 -0.049450 3.110971 -0.043442 
491 0.501792 0.000000 0.181500 101.821985 -0.066551 1.710708 -0.037065 
492 0.428522 0.000000 0.113438 99.963314 -0.054755 1.356159 0.000549 
493 0.428522 0.000000 0.090750 100.069125 -0.055418 1.382481 -0.001574 
494 0.452945 0.000000 0.113438 100.384616 -0.063661 1.215953 -0.007855 
495 0.428522 0.000000 0.136125 100.480827 -0.069033 0.669657 -0.009685 
496 0.391886 0.000000 0.102094 103.468488 -0.029131 2.141090 -0.071031 
497 0.379675 0.000000 0.102094 104.867130 -0.034536 2.306728 -0.100244 
498 0.391886 0.000000 0.090750 103.209482 -0.032620 2.026496 -0.065630 
499 0.404098 0.000000 0.102094 101.855651 -0.031982 2.030050 -0.037870 
500 0.391886 0.000000 0.113438 103.359220 -0.030554 2.096427 -0.068752 
501 1.332192 0.000000 -0.181500 104.625594 -0.031029 0.686571 -0.094699 
502 1.332192 0.000000 -0.363001 99.625765 -0.315601 2.849911 0.006649 
503 1.527580 0.000000 -0.181500 104.927945 -0.024247 0.354670 -0.101000 
504 1.332192 0.000000 0.000000 103.836853 0.005697 0.208989 -0.078214 
505 1.332192 0.000000 0.181500 103.823931 0.048440 0.142254 -0.077943 
506 1.527580 0.000000 0.181500 104.445231 0.063245 0.073187 -0.090882 
507 1.332192 0.000000 0.363001 100.828691 -0.027845 2.445048 -0.017240 
508 1.234498 0.000000 -0.090750 97.379034 -0.168305 0.424003 0.051712 
509 1.136804 0.000000 -0.090750 99.483526 -0.150893 2.343258 0.009751 
510 1.234498 0.000000 -0.181500 99.340474 -0.219105 0.299034 0.013133 
511 1.332192 0.000000 -0.090750 101.307141 -0.057637 0.209091 -0.026318 
512 1.234498 0.000000 0.000000 58.693530 -0.127641 0.558437 0.655474 
513 1.234498 0.000000 0.090750 97.913170 -0.165105 0.559950 0.041267 
514 1.136804 0.000000 0.090750 100.078608 -0.166095 2.600251 -0.002252 
515 1.332192 0.000000 0.090750 101.139861 -0.019926 0.081831 -0.022928 
516 1.234498 0.000000 0.181500 100.128286 -0.247629 0.401829 -0.002590 
517 4.263014 0.000000 -8.712013 99.939209 -0.007220 3.487627 -0.000001 
518 4.263014 0.000000 -11.616017 99.938488 -0.005530 3.488543 0.000013 
519 7.389224 0.000000 -8.712013 99.939102 -0.009077 3.487140 0.000002 
520 2.699909 0.000000 -4.356007 99.935737 -0.028118 3.484423 0.000071 
521 2.699909 0.000000 -5.808009 99.941033 -0.009026 3.485670 -0.000036 
522 4.263014 0.000000 -4.356007 99.935714 -0.025990 3.480099 0.000074 
523 1.918356 0.000000 -2.178003 99.986036 0.011226 3.479402 -0.000931 
524 1.918356 0.000000 -2.904004 99.945689 0.005247 3.477445 -0.000123 
525 2.699909 0.000000 -2.178003 99.941034 0.018543 3.462793 -0.000020 
526 1.527580 0.000000 -1.089002 99.835093 -0.138479 3.375617 0.002154 
527 1.527580 0.000000 -1.452002 99.915632 0.038527 3.446683 0.000499 
528 1.918356 0.000000 -1.089002 99.547556 -0.082376 3.418880 0.007859 
529 1.332192 0.000000 -0.544501 99.640148 -0.156717 3.258247 0.006120 
530 1.136804 0.000000 -0.544501 99.606647 -0.120699 3.295913 0.006764 
531 1.332192 0.000000 -0.726001 99.646870 -0.019909 3.436892 0.005869 
532 1.527580 0.000000 -0.544501 99.838250 -0.155848 3.107163 0.002265 
533 1.234498 0.000000 -0.272250 100.215296 -0.204017 2.712591 -0.005051 
534 1.136804 0.000000 -0.272250 101.251697 -0.195339 0.425727 -0.025213 
535 1.234498 0.000000 -0.363001 99.865203 -0.165947 2.770285 0.001924 
536 1.332192 0.000000 -0.272250 104.599006 -0.018900 0.149494 -0.094097 
537 10.515434 0.000000 -2.904004 99.939772 -0.032522 3.461972 0.000006 
538 10.515434 0.000000 -5.808009 99.938905 -0.016355 3.482161 0.000009 
539 13.641644 0.000000 -2.904004 99.939847 -0.032120 3.463116 0.000003 
540 10.515434 0.000000 0.000000 100.018601 -0.116727 1.203328 -0.000518 
541 5.826119 0.000000 -1.452002 99.938429 -0.067526 3.374535 0.000092 
542 5.826119 0.000000 -2.904004 99.936364 -0.035991 3.460484 0.000075 
543 7.389224 0.000000 -1.452002 99.941847 -0.063434 3.383239 0.000018 
544 5.826119 0.000000 0.000000 100.062477 -0.005178 -0.153533 -0.001252 
545 3.481461 0.000000 -0.726001 99.918156 -0.079377 3.046823 0.000707 
546 3.481461 0.000000 -1.452002 99.929292 -0.016897 3.390732 0.000264 
547 4.263014 0.000000 -0.726001 99.940234 -0.103304 3.047828 0.000265 
548 3.481461 0.000000 0.000000 100.038950 0.001591 -0.808666 -0.000845 
549 2.309132 0.000000 -0.363001 99.056736 -0.487427 1.714307 0.018459 
550 2.309132 0.000000 -0.726001 99.708689 -0.039707 3.091752 0.004862 
551 2.699909 0.000000 -0.363001 99.883738 -0.151287 1.768083 0.002009 
552 2.309132 0.000000 0.000000 143.849375 -0.008147 -0.941005 -1.069353 
553 1.722968 0.000000 -0.181500 104.834991 0.020141 -0.018818 -0.099038 
554 1.722968 0.000000 -0.363001 99.889910 -0.109779 2.521374 0.001564 
555 1.918356 0.000000 -0.181500 104.268894 0.075174 -0.273303 -0.087208 
556 1.722968 0.000000 0.000000 104.865970 0.008590 -0.433296 -0.099706 
557 1.429886 0.000000 -0.090750 104.338566 -0.012482 0.334581 -0.088665 
558 1.429886 0.000000 -0.181500 104.596499 -0.014491 0.589070 -0.094077 
559 1.527580 0.000000 -0.090750 104.629188 0.009943 0.030563 -0.094727 
560 1.429886 0.000000 0.000000 103.836329 0.005695 0.208762 -0.078203 
561 1.283345 0.000000 -0.136125 100.028096 -0.082075 0.393622 -0.000578 
562 1.234498 0.000000 -0.136125 97.656958 -0.174805 0.424540 0.046291 
563 1.283345 0.000000 -0.181500 101.622215 -0.067129 0.391282 -0.032723 
564 1.332192 0.000000 -0.136125 101.642461 -0.059615 0.383007 -0.033134 
565 1.283345 0.000000 -0.090750 99.351475 -0.090850 0.352549 0.012915 
566 10.515434 0.000000 2.904004 99.940308 0.041160 3.447553 0.000005 
567 13.641644 0.000000 2.904004 99.940755 0.043127 3.443186 -0.000001 
568 10.515434 0.000000 5.808009 99.939708 0.018473 3.480294 -0.000006 
569 5.826119 0.000000 1.452002 99.943553 0.083877 3.322998 0.000024 
570 7.389224 0.000000 1.452002 99.943965 0.085618 3.311130 0.000023 
571 5.826119 0.000000 2.904004 99.942381 0.036860 3.449396 -0.000038 
572 3.481461 0.000000 0.726001 99.924486 0.164215 2.879621 0.000678 
573 4.263014 0.000000 0.726001 99.949775 0.161634 2.823195 0.000205 
574 3.481461 0.000000 1.452002 99.937862 0.075772 3.334884 0.000130 
575 2.309132 0.000000 0.363001 99.328244 0.339212 1.612828 0.013118 
576 2.699909 0.000000 0.363001 99.978264 0.207237 1.534614 0.000195 
577 2.309132 0.000000 0.726001 100.063717 0.032801 2.767049 -0.002041 
578 1.722968 0.000000 0.181500 104.986321 0.008954 -0.285037 -0.102221 
579 1.918356 0.000000 0.181500 104.818083 -0.117632 -0.162340 -0.098687 
580 1.722968 0.000000 0.363001 100.513066 0.173539 2.103307 -0.010733 
581 1.429886 0.000000 0.090750 103.915734 0.038163 0.167771 -0.079851 
582 1.527580 0.000000 0.090750 104.348311 0.028962 -0.076418 -0.088858 
583 1.429886 0.000000 0.181500 103.871934 0.045487 0.021822 -0.078938 
584 4.263014 0.000000 8.712013 99.939382 0.007974 3.487023 -0.000004 
585 7.389224 0.000000 8.712013 99.939214 0.010129 3.486445 -0.000000 
586 4.263014 0.000000 11.616017 99.939839 0.005887 3.488386 -0.000014 
587 2.699909 0.000000 4.356007 99.945723 0.027758 3.480128 -0.000126 
588 4.263014 0.000000 4.356007 99.942777 0.027137 3.475448 -0.000064 
589 2.699909 0.000000 5.808009 99.938537 0.010087 3.484059 0.000015 
590 1.918356 0.000000 2.178003 99.934179 -0.031451 3.457459 0.000120 
591 2.699909 0.000000 2.178003 99.943342 -0.005381 3.430200 -0.000044 
592 1.918356 0.000000 2.904004 99.944848 -0.004724 3.468052 -0.000100 
593 1.527580 0.000000 1.089002 100.142627 0.108431 3.379728 -0.003998 
594 1.918356 0.000000 1.089002 100.084907 0.209462 3.259125 -0.002765 
595 1.527580 0.000000 1.452002 99.920800 -0.021866 3.435906 0.000403 
596 1.332192 0.000000 0.544501 100.454006 -0.182244 3.198135 -0.010127 
597 1.136804 0.000000 0.544501 100.281039 -0.050802 3.340436 -0.006745 
598 1.527580 0.000000 0.544501 100.288350 0.042917 2.977088 -0.006662 
599 1.332192 0.000000 0.726001 100.502622 -0.113770 3.380473 -0.011222 
600 1.234498 0.000000 0.272250 101.484880 -0.247765 2.898611 -0.030764 
601 1.136804 0.000000 0.272250 102.208120 -0.233707 0.572465 -0.044688 
602 1.332192 0.000000 0.272250 103.740773 0.055883 0.072906 -0.076216 
603 1.234498 0.000000 0.363001 101.074967 -0.212748 2.893355 -0.022457 
604 1.283345 0.000000 0.136125 99.981394 -0.041552 0.152132 0.000370 
605 1.234498 0.000000 0.136125 98.181173 -0.174636 0.535055 0.036014 
606 1.283345 0.000000 0.090750 99.408945 -0.057836 0.097309 0.011785 
607 1.332192 0.000000 0.136125 101.302613 -0.011603 -0.004244 -0.026222 
608 1.283345 0.000000 0.181500 101.279150 -0.010563 0.198343 -0.025751 
609 2.113744 0.000000 -0.181500 99.106015 -0.698424 4.920356 0.015330 
610 2.113744 0.000000 -0.363001 99.773461 -0.925441 2.824562 0.003642 
611 2.309132 0.000000 -0.181500 97.431790 -0.192571 -2.518474 0.050067 
612 2.113744 0.000000 0.000000 108.758634 -0.122829 -0.263240 -0.182852 
613 2.113744 0.000000 0.181500 99.177858 0.794685 -3.979616 0.014728 
614 2.309132 0.000000 0.181500 97.665430 0.064094 3.115516 0.045175 
615 2.113744 0.000000 0.363001 100.131657 0.710678 0.598087 -0.002721 
616 2.016050 0.000000 -0.090750 106.800342 0.258841 -0.290634 -0.140646 
617 1.918356 0.000000 -0.090750 104.396514 0.043544 -0.416101 -0.089881 
618 2.016050 0.000000 -0.181500 105.425101 0.329290 0.595282 -0.111491 
619 2.113744 0.000000 -0.090750 103.922766 -0.073046 10.943373 -0.091970 
620 2.016050 0.000000 0.000000 104.538221 -0.018395 -0.716529 -0.092875 
621 2.016050 0.000000 0.090750 107.456767 -0.105390 0.273285 -0.154704 
622 1.918356 0.000000 0.090750 104.728527 -0.082903 -0.566338 -0.096839 
623 2.113744 0.000000 0.090750 103.341324 0.135422 -10.851820 -0.079721 
624 2.016050 0.000000 0.181500 106.275199 -0.219237 -0.172594 -0.129450 
625 2.309132 0.000000 -1.089002 99.584776 -0.041300 3.290686 0.007204 
626 2.309132 0.000000 -1.452002 99.959723 -0.010582 3.459231 -0.000391 
627 2.699909 0.000000 -1.089002 99.939344 -0.249598 3.397927 0.000052 
628 2.113744 0.000000 -0.544501 99.496673 -0.542605 2.941229 0.009147 
629 1.918356 0.000000 -0.544501 99.673578 -0.446149 3.021934 0.005585 
630 2.113744 0.000000 -0.726001 99.723565 -0.174569 3.165148 0.004516 
631 2.309132 0.000000 -0.544501 99.477140 -0.363884 2.660109 0.009709 
632 2.016050 0.000000 -0.272250 99.844259 -0.312801 2.638974 0.002406 
633 1.918356 0.000000 -0.272250 104.059874 0.119103 0.771744 -0.082907 
634 2.016050 0.000000 -0.363001 100.107422 -0.786315 2.690250 -0.002935 
635 2.113744 0.000000 -0.272250 98.625503 -0.767144 2.981115 0.026353 
636 3.090685 0.000000 -0.363001 99.845101 -0.084803 1.744283 0.002791 
637 3.090685 0.000000 -0.726001 99.911118 -0.187933 3.106942 0.000808 
638 3.481461 0.000000 -0.363001 99.943152 -0.121846 2.011892 0.000730 
639 3.090685 0.000000 0.000000 100.022459 0.095449 -1.068959 -0.000564 
640 2.504521 0.000000 -0.181500 100.469870 -0.244644 -0.012290 -0.009425 
641 2.504521 0.000000 -0.363001 99.620418 -0.139495 1.451086 0.007365 
642 2.699909 0.000000 -0.181500 100.050412 0.004801 0.374835 -0.001023 
643 2.504521 0.000000 0.000000 101.448648 -0.036594 -0.963077 -0.029276 
644 2.211438 0.000000 -0.090750 86.785547 -0.495309 15.712704 0.222113 
645 2.211438 0.000000 -0.181500 94.919077 -0.394861 2.822972 0.098224 
646 2.309132 0.000000 -0.090750 109.049135 -0.086411 -21.438264 -0.235132 
647 2.211438 0.000000 0.000000 160.011853 0.045671 -0.341337 -1.560391 
648 2.064897 0.000000 -0.136125 106.423476 0.384650 0.737534 -0.132665 
649 2.016050 0.000000 -0.136125 106.776102 0.234068 -0.055378 -0.140119 
650 2.064897 0.000000 -0.181500 100.003306 -0.415167 4.101464 -0.001766 
651 2.113744 0.000000 -0.136125 101.773949 -0.489148 7.262671 -0.041092 
652 2.064897 0.000000 -0.090750 106.860407 0.303024 2.945649 -0.142792 
653 3.090685 0.000000 0.363001 100.012704 0.328602 1.219905 -0.000414 
654 3.481461 0.000000 0.363001 99.969397 0.196050 1.307974 0.000437 
655 3.090685 0.000000 0.726001 99.905513 0.200717 2.885404 0.001052 
656 2.504521 0.000000 0.181500 100.507116 0.022758 0.667806 -0.010213 
657 2.699909 0.000000 0.181500 100.126502 0.097144 0.115598 -0.002534 
658 2.504521 0.000000 0.363001 99.760774 0.064523 1.846143 0.004438 
659 2.211438 0.000000 0.090750 87.097841 0.483913 -15.749334 0.216569 
660 2.309132 0.000000 0.090750 109.213822 0.161824 20.309429 -0.234016 
661 2.211438 0.000000 0.181500 95.327006 0.363192 -2.136818 0.090806 
662 2.309132 0.000000 1.089002 99.962089 0.190245 3.230199 -0.000289 
663 2.699909 0.000000 1.089002 99.927474 0.193904 3.211575 0.000415 
664 2.309132 0.000000 1.452002 99.920157 0.183764 3.373203 0.000455 
665 2.113744 0.000000 0.544501 99.841399 0.616900 2.160080 0.002665 
666 1.918356 0.000000 0.544501 100.284708 0.655960 2.390963 -0.006317 
667 2.309132 0.000000 0.544501 99.679007 0.401459 2.416270 0.005810 
668 2.113744 0.000000 0.726001 100.110551 0.039470 2.791754 -0.002992 
669 2.016050 0.000000 0.272250 100.707276 0.360109 -0.416407 -0.014226 
670 1.918356 0.000000 0.272250 105.057891 -0.170750 -0.045404 -0.103719 
671 2.113744 0.000000 0.272250 99.124699 0.741732 -0.945143 0.017285 
672 2.016050 0.000000 0.363001 100.689372 0.844346 0.934209 -0.013994 
673 2.064897 0.000000 0.136125 107.217995 -0.206281 -0.426775 -0.149592 
674 2.016050 0.000000 0.136125 107.486683 -0.093842 0.554472 -0.155370 
675 2.064897 0.000000 0.090750 107.344340 -0.046191 -2.598815 -0.152956 
676 2.113744 0.000000 0.136125 101.434733 0.588868 -6.887858 -0.033679 
677 2.064897 0.000000 0.181500 100.240392 0.412911 -3.307351 -0.005925 
678 2.211438 0.000000 -0.272250 97.377869 -0.783436 2.109816 0.051249 
679 2.211438 0.000000 -0.363001 99.068519 -0.639552 2.373677 0.017939 
680 2.309132 0.000000 -0.272250 98.226205 -0.534007 0.580970 0.035099 
681 2.162591 0.000000 -0.136125 97.095453 -0.546567 8.498438 0.049995 
682 2.162591 0.000000 -0.181500 96.917192 -0.246064 4.692249 0.058498 
683 2.211438 0.000000 -0.136125 91.930997 -0.333894 5.390202 0.151953 
684 2.162591 0.000000 -0.090750 96.843912 -0.443059 15.180870 0.039060 
685 2.064897 0.000000 -0.045375 106.570226 0.396828 0.724261 -0.135790 
686 2.016050 0.000000 -0.045375 106.245395 0.118437 -0.654556 -0.128853 
687 2.113744 0.000000 -0.045375 106.959800 -0.163862 4.805015 -0.146351 
688 2.064897 0.000000 0.000000 96.858806 -0.012633 -0.210535 0.061833 
689 2.089321 0.000000 -0.113438 105.611513 0.148238 5.658114 -0.118583 
690 2.064897 0.000000 -0.113438 106.343133 0.277293 4.343872 -0.132781 
691 2.089321 0.000000 -0.136125 106.898749 0.556792 0.402177 -0.142781 
692 2.113744 0.000000 -0.113438 103.980004 -0.071893 10.807366 -0.092865 
693 2.089321 0.000000 -0.090750 105.683204 0.159725 5.452911 -0.119870 
694 2.064897 0.000000 0.045375 107.349783 -0.205626 -0.439223 -0.152421 
695 2.016050 0.000000 0.045375 106.814102 -0.042958 -0.002819 -0.140925 
696 2.113744 0.000000 0.045375 107.626416 0.062162 -5.413681 -0.161276 
697 2.211438 0.000000 0.272250 97.650031 0.596902 0.014946 0.046411 
698 2.309132 0.000000 0.272250 98.483806 0.444039 1.425470 0.029871 
699 2.211438 0.000000 0.363001 99.393311 0.621169 0.987841 0.011961 
700 2.162591 0.000000 0.136125 97.233640 0.555328 -8.105010 0.047962 
701 2.162591 0.000000 0.090750 96.809178 0.319719 -15.149036 0.039839 
702 2.211438 0.000000 0.136125 92.290359 0.357764 -5.122214 0.145612 
703 2.162591 0.000000 0.181500 97.365566 0.414492 -3.933690 0.050430 
704 2.089321 0.000000 0.113438 105.172407 0.098083 -5.549049 -0.109204 
705 2.064897 0.000000 0.113438 106.505978 0.004445 -4.134363 -0.136062 
706 2.089321 0.000000 0.090750 105.296847 0.085735 -5.334626 -0.111589 
707 2.113744 0.000000 0.113438 103.393681 0.135819 -10.715989 -0.080510 
708 2.089321 0.000000 0.136125 107.590387 -0.273218 -0.313415 -0.157586 
709 2.162591 0.000000 -0.045375 127.840717 -0.207679 8.932831 -0.642309 
710 2.211438 0.000000 -0.045375 160.755896 -0.390273 11.936188 -1.598508 
711 2.162591 0.000000 0.000000 129.805704 -0.021741 -0.389344 -0.684967 
712 2.138168 0.000000 -0.113438 100.563761 -0.151654 14.890118 -0.033481 
713 2.138168 0.000000 -0.136125 99.551725 -0.315318 8.461156 0.001776 
714 2.162591 0.000000 -0.113438 97.092291 -0.581303 12.060694 0.042729 
715 2.138168 0.000000 -0.090750 100.266933 -0.191493 14.845174 -0.027387 
716 2.089321 0.000000 -0.068063 106.899294 0.556314 0.404614 -0.142793 
717 2.064897 0.000000 -0.068063 107.243324 0.197226 -0.057600 -0.150117 
718 2.113744 0.000000 -0.068063 104.678063 -0.367681 7.037651 -0.100716 
719 2.089321 0.000000 -0.045375 100.789232 -0.275534 3.055376 -0.016788 
720 2.101533 0.000000 -0.102094 105.084925 -0.005528 7.807894 -0.110380 
721 2.089321 0.000000 -0.102094 105.550760 0.097463 6.032070 -0.117736 
722 2.101533 0.000000 -0.113438 105.298396 0.001904 7.307951 -0.114116 
723 2.113744 0.000000 -0.102094 103.864763 -0.075129 11.381960 -0.091744 
724 2.101533 0.000000 -0.090750 105.114336 -0.019287 7.859482 -0.111080 
725 2.162591 0.000000 0.045375 128.057079 0.141264 -9.509469 -0.648907 
726 2.211438 0.000000 0.045375 160.485512 0.452953 -12.447754 -1.591075 
727 2.089321 0.000000 0.068063 107.591022 -0.272870 -0.315247 -0.157600 
728 2.064897 0.000000 0.068063 108.103276 -0.060329 0.908268 -0.168715 
729 2.089321 0.000000 0.045375 101.631639 0.437755 -3.693014 -0.034282 
730 2.113744 0.000000 0.068063 105.752901 0.313636 -7.534709 -0.124055 
731 2.138168 0.000000 0.113438 100.321129 0.070651 -14.825309 -0.028412 
732 2.138168 0.000000 0.090750 100.057339 0.091859 -14.785428 -0.023009 
733 2.162591 0.000000 0.113438 97.136769 0.457792 -11.984685 0.042061 
734 2.138168 0.000000 0.136125 99.432599 0.401506 -8.070916 0.004786 
735 2.101533 0.000000 0.102094 104.405506 0.145021 -7.721957 -0.096016 
736 2.089321 0.000000 0.102094 104.990825 0.122751 -5.935553 -0.105832 
737 2.101533 0.000000 0.090750 104.427172 0.147396 -7.773413 -0.096548 
738 2.113744 0.000000 0.102094 103.285517 0.134369 -11.287637 -0.079533 
739 2.101533 0.000000 0.113438 104.624881 0.138893 -7.223416 -0.099856 
740 2.138168 0.000000 -0.068063 113.754834 -0.314685 10.533907 -0.305122 
741 2.162591 0.000000 -0.068063 125.464761 -0.196254 13.503398 -0.592379 
742 2.138168 0.000000 -0.045375 115.900151 -0.349731 6.997617 -0.348193 
743 2.125956 0.000000 -0.102094 101.422850 -0.125282 14.747692 -0.050410 
744 2.125956 0.000000 -0.113438 102.080513 -0.113943 14.009210 -0.061670 
745 2.138168 0.000000 -0.102094 100.388681 -0.173853 14.863467 -0.029884 
746 2.125956 0.000000 -0.090750 101.990752 -0.115877 14.092307 -0.060072 
747 2.138168 0.000000 0.068063 114.375705 0.048005 -10.964110 -0.320202 
748 2.138168 0.000000 0.045375 116.368898 0.140390 -7.560755 -0.359891 
749 2.162591 0.000000 0.068063 125.930531 -0.002479 -14.034135 -0.605546 
750 2.125956 0.000000 0.102094 101.082527 0.115400 -14.667676 -0.043283 
751 2.125956 0.000000 0.090750 101.594357 0.113234 -14.008056 -0.051765 
752 2.138168 0.000000 0.102094 100.165633 0.081280 -14.801698 -0.025225 
753 2.125956 0.000000 0.113438 101.674967 0.114864 -13.924061 -0.053169 
754 2.406827 0.000000 -0.090750 103.356691 -0.152044 -3.152591 -0.069257 
755 2.406827 0.000000 -0.181500 100.276113 -0.190119 -1.467775 -0.005749 
756 2.504521 0.000000 -0.090750 101.037662 -0.108021 -0.879425 -0.020939 
757 2.406827 0.000000 0.000000 106.458417 -0.237899 -0.985465 -0.133442 
758 2.260285 0.000000 -0.136125 89.780627 -0.227586 -3.042409 0.193013 
759 2.260285 0.000000 -0.181500 94.825819 -0.549315 -0.495492 0.100752 
760 2.309132 0.000000 -0.136125 97.761361 -0.309315 -7.946548 0.037947 
761 2.260285 0.000000 -0.090750 68.658863 -0.257021 11.349187 0.515709 
762 2.187015 0.000000 -0.113438 94.026995 -0.561890 11.115198 0.103506 
763 2.187015 0.000000 -0.136125 94.480238 -0.576489 7.451963 0.101762 
764 2.211438 0.000000 -0.113438 88.844497 -0.554917 9.302842 0.201980 
765 2.187015 0.000000 -0.090750 90.863576 -0.524531 16.602115 0.146791 
766 2.150380 0.000000 -0.102094 99.360397 -0.313167 14.707919 -0.008891 
767 2.150380 0.000000 -0.113438 99.764100 -0.264091 14.769597 -0.017109 
768 2.162591 0.000000 -0.102094 96.935607 -0.425897 15.333027 0.036820 
769 2.150380 0.000000 -0.090750 98.639392 -0.349834 14.881557 0.004869 
770 2.406827 0.000000 0.090750 103.443289 -0.187265 2.297816 -0.070583 
771 2.504521 0.000000 0.090750 101.100569 0.006038 0.023779 -0.022133 
772 2.406827 0.000000 0.181500 100.382757 0.061391 2.100931 -0.008112 
773 2.260285 0.000000 0.136125 90.314464 0.211354 3.092205 0.183369 
774 2.260285 0.000000 0.090750 69.496000 0.057388 -11.474175 0.503865 
775 2.309132 0.000000 0.136125 98.036933 0.160670 7.811834 0.032771 
776 2.260285 0.000000 0.181500 95.096629 0.203655 1.364005 0.095473 
777 2.187015 0.000000 0.113438 94.242317 0.556019 -11.038261 0.099623 
778 2.187015 0.000000 0.090750 91.020605 0.492715 -16.606687 0.143922 
779 2.211438 0.000000 0.113438 89.067138 0.397318 -9.166763 0.198286 
780 2.187015 0.000000 0.136125 94.618763 0.512686 -7.053355 0.099728 
781 2.150380 0.000000 0.102094 99.234397 0.180180 -14.660762 -0.006244 
782 2.150380 0.000000 0.090750 98.537453 0.219511 -14.838433 0.007014 
783 2.162591 0.000000 0.102094 96.891179 0.303159 -15.299494 0.037793 
784 2.150380 0.000000 0.113438 99.610093 0.135182 -14.718214 -0.013881 
785 2.260285 0.000000 -0.045375 195.179060 -0.102151 -0.478532 -2.809510 
786 2.309132 0.000000 -0.045375 138.242952 0.095333 -17.014810 -0.940063 
787 2.260285 0.000000 0.000000 179.085285 -0.028949 -0.637619 -2.207195 
788 2.187015 0.000000 -0.068063 139.938262 -0.630193 16.915492 -0.986925 
789 2.211438 0.000000 -0.068063 161.040830 -0.362555 20.544394 -1.635635 
790 2.187015 0.000000 -0.045375 142.718407 -0.333535 10.985408 -1.048933 
791 2.174803 0.000000 -0.102094 93.728796 -0.502500 16.141467 0.095411 
792 2.174803 0.000000 -0.113438 95.628794 -0.479811 11.349082 0.072610 
793 2.187015 0.000000 -0.102094 90.895131 -0.523846 16.607880 0.146198 
794 2.174803 0.000000 -0.090750 93.333603 -0.507567 16.253544 0.102440 
795 2.260285 0.000000 0.045375 194.084644 0.097850 -0.501304 -2.766911 
796 2.309132 0.000000 0.045375 138.057160 -0.046884 15.222136 -0.929150 
797 2.187015 0.000000 0.068063 140.066679 0.628357 -17.325277 -0.991923 
798 2.187015 0.000000 0.045375 142.667959 0.308583 -11.456715 -1.048550 
799 2.211438 0.000000 0.068063 160.724359 0.344580 -20.823956 -1.626608 
800 2.174803 0.000000 0.102094 93.782112 0.414146 -16.125716 0.094471 
801 2.174803 0.000000 0.090750 93.397604 0.423535 -16.239775 0.101298 
802 2.187015 0.000000 0.102094 91.050733 0.493279 -16.611941 0.143356 
803 2.174803 0.000000 0.113438 95.761802 0.489051 -11.306864 0.070159 
804 2.235862 0.000000 -0.068063 72.880288 -0.271421 12.045366 0.454330 
805 2.235862 0.000000 -0.090750 74.155675 -0.283830 12.255929 0.435065 
806 2.260285 0.000000 -0.068063 66.956307 -0.223050 11.068545 0.539429 
807 2.235862 0.000000 -0.045375 179.469898 -0.145698 10.076318 -2.231100 
808 2.235862 0.000000 -0.113438 84.981886 -0.392560 3.795760 0.276352 
809 2.235862 0.000000 -0.136125 89.876760 -0.299770 1.893674 0.191849 
810 2.260285 0.000000 -0.113438 82.088577 -0.169695 -4.824625 0.323816 
811 2.223650 0.000000 -0.079406 80.139326 -0.371341 13.798099 0.338716 
812 2.211438 0.000000 -0.079406 86.323571 -0.483562 15.586279 0.230508 
813 2.223650 0.000000 -0.090750 80.158581 -0.378485 13.704090 0.338666 
814 2.235862 0.000000 -0.079406 74.001816 -0.281263 12.230458 0.437407 
815 2.223650 0.000000 -0.068063 172.336145 -0.301432 18.388796 -2.003799 
816 2.235862 0.000000 0.068063 73.665925 0.232849 -12.161935 0.442536 
817 2.235862 0.000000 0.045375 178.822301 0.181893 -10.657705 -2.209103 
818 2.260285 0.000000 0.068063 67.848873 0.010538 -11.200016 0.527109 
819 2.235862 0.000000 0.090750 74.887966 0.254869 -12.363182 0.423888 
820 2.235862 0.000000 0.113438 85.578370 0.316931 -3.849850 0.266142 
821 2.260285 0.000000 0.113438 82.878400 0.122616 4.539049 0.311055 
822 2.235862 0.000000 0.136125 90.447157 0.299231 -1.762694 0.181612 
823 2.223650 0.000000 0.079406 80.659865 0.357387 -13.870298 0.330147 
824 2.211438 0.000000 0.079406 86.649381 0.472258 -15.625397 0.224751 
825 2.223650 0.000000 0.068063 171.792157 0.354854 -18.721007 -1.986315 
826 2.235862 0.000000 0.079406 74.740013 0.251440 -12.338786 0.426162 
827 2.223650 0.000000 0.090750 80.677526 0.366635 -13.775173 0.330125 
828 2.357979 0.000000 -0.045375 113.044667 0.095326 -5.394580 -0.280821 
829 2.357979 0.000000 -0.090750 106.568521 -0.200807 -6.517258 -0.139936 
830 2.406827 0.000000 -0.045375 105.607727 -0.187889 -2.524520 -0.115940 
831 2.357979 0.000000 0.000000 115.474220 0.058284 -1.130266 -0.333558 
832 2.284709 0.000000 -0.068063 168.539841 -0.153201 -59.938838 -2.199837 
833 2.284709 0.000000 -0.090750 89.286830 -0.001528 -42.452233 0.022567 
834 2.309132 0.000000 -0.068063 125.504517 -0.065829 -24.293329 -0.634155 
835 2.284709 0.000000 -0.045375 173.627351 -0.099840 -21.670220 -2.061607 
836 2.248074 0.000000 -0.079406 70.829583 -0.273485 11.707947 0.484602 
837 2.248074 0.000000 -0.090750 71.195253 -0.272339 11.768047 0.479267 
838 2.260285 0.000000 -0.079406 67.574126 -0.240089 11.170083 0.530891 
839 2.248074 0.000000 -0.068063 70.085249 -0.271205 11.585217 0.495377 
840 2.357979 0.000000 0.045375 113.026312 -0.039637 3.615871 -0.278802 
841 2.406827 0.000000 0.045375 105.662852 -0.210924 0.865764 -0.116543 
842 2.357979 0.000000 0.090750 106.678983 0.025789 5.543346 -0.141113 
843 2.284709 0.000000 0.068063 167.804033 0.172938 57.814924 -2.150079 
844 2.284709 0.000000 0.045375 172.961708 0.084433 20.085660 -2.031919 
845 2.309132 0.000000 0.068063 125.432361 0.136383 22.718901 -0.624944 
846 2.284709 0.000000 0.090750 89.926249 0.030228 41.002705 0.023205 
847 2.248074 0.000000 0.079406 71.672210 0.178373 -11.833721 0.472303 
848 2.248074 0.000000 0.068063 70.937871 0.148315 -11.712621 0.483061 
849 2.260285 0.000000 0.079406 68.426140 0.010483 -11.296611 0.519025 
850 2.248074 0.000000 0.090750 72.024971 0.185445 -11.891740 0.467096 
851 -8.241827 0.000000 -8.712013 99.938803 -0.001156 3.489850 0.000006 
852 -11.368037 0.000000 -8.712013 99.938919 -0.000757 3.489914 0.000003 
853 -8.241827 0.000000 -11.616017 99.938834 -0.001284 3.489832 0.000005 
854 10.515434 0.000000 -8.712013 99.938798 -0.010391 3.486485 0.000008 
855 10.515434 0.000000 -11.616017 99.938815 -0.007383 3.488052 0.000007 
856 13.641644 0.000000 -8.712013 99.938970 -0.010818 3.486472 0.000005 
857 -8.241827 0.000000 8.712013 99.939341 0.001280 3.489912 -0.000005 
858 -11.368037 0.000000 8.712013 99.939226 0.000856 3.489946 -0.000003 
859 -8.241827 0.000000 11.616017 99.939336 0.001401 3.489873 -0.000005 
860 -3.552511 0.000000 -4.356007 99.939370 -0.001816 3.486897 -0.000004 
861 -5.115617 0.000000 -4.356007 99.939128 -0.001309 3.487960 0.000000 
862 -3.552511 0.000000 -5.808009 99.939590 -0.002056 3.487694 -0.000009 
863 10.515434 0.000000 8.712013 99.939555 0.011401 3.485875 -0.000007 
864 13.641644 0.000000 8.712013 99.939403 0.012112 3.485712 -0.000003 
865 10.515434 0.000000 11.616017 99.939461 0.008000 3.487769 -0.000006 
866 5.826119 0.000000 -4.356007 99.939546 -0.019260 3.478866 -0.000002 
867 5.826119 0.000000 -5.808009 99.939675 -0.013613 3.484213 -0.000008 
868 7.389224 0.000000 -4.356007 99.939408 -0.020741 3.477943 0.000002 
869 -3.552511 0.000000 4.356007 99.937629 0.001338 3.488303 0.000030 
870 -5.115617 0.000000 4.356007 99.938159 0.000953 3.488672 0.000019 
871 -3.552511 0.000000 5.808009 99.938128 0.001773 3.488653 0.000020 
872 -1.207854 0.000000 -2.178003 99.943143 -0.007276 3.473395 -0.000070 
873 -1.989406 0.000000 -2.178003 99.940003 -0.004556 3.479033 -0.000011 
874 -1.207854 0.000000 -2.904004 99.944215 -0.007605 3.478931 -0.000095 
875 5.826119 0.000000 4.356007 99.938253 0.022283 3.475345 0.000027 
876 7.389224 0.000000 4.356007 99.938737 0.024049 3.474485 0.000018 
877 5.826119 0.000000 5.808009 99.938487 0.015479 3.482312 0.000017 
878 3.481461 0.000000 -2.178003 99.938141 -0.010259 3.452516 0.000045 
879 3.481461 0.000000 -2.904004 99.935880 -0.018285 3.468634 0.000079 
880 4.263014 0.000000 -2.178003 99.934287 -0.032691 3.440793 0.000130 
881 -1.207854 0.000000 2.178003 99.925458 0.006816 3.486547 0.000275 
882 -1.989406 0.000000 2.178003 99.930537 0.004346 3.485664 0.000174 
883 -1.207854 0.000000 2.904004 99.930644 0.007013 3.487679 0.000170 
884 -0.817078 0.000000 -1.089002 99.932670 -0.004457 3.436120 0.000165 
885 -1.207854 0.000000 -1.089002 99.937401 -0.006563 3.448671 0.000062 
886 -0.817078 0.000000 -1.452002 99.951117 -0.005577 3.435259 -0.000203 
887 3.481461 0.000000 2.178003 99.943120 0.020714 3.421700 -0.000034 
888 4.263014 0.000000 2.178003 99.939431 0.048624 3.423405 0.000039 
889 3.481461 0.000000 2.904004 99.939914 -0.022862 3.458833 0.000005 
890 -0.230913 0.000000 -0.544501 99.762860 0.000471 3.511242 0.003504 
891 -0.426301 0.000000 -0.544501 99.877006 0.006263 3.508334 0.001228 
892 -0.230913 0.000000 -0.726001 99.815447 -0.007336 3.444195 0.002501 
893 0.941416 0.000000 -0.544501 99.734164 -0.043834 3.159024 0.004312 
894 0.941416 0.000000 -0.726001 99.898921 -0.149920 3.284722 0.000939 
895 -0.817078 0.000000 1.089002 99.892195 -0.006829 3.468512 0.000952 
896 -1.207854 0.000000 1.089002 99.907594 -0.002629 3.465046 0.000647 
897 -0.817078 0.000000 1.452002 99.906057 -0.004881 3.481766 0.000666 
898 -0.230913 0.000000 0.544501 99.810886 -0.001979 3.388961 0.002630 
899 -0.426301 0.000000 0.544501 99.905834 -0.009130 3.426038 0.000709 
900 -0.230913 0.000000 0.726001 99.843133 -0.016536 3.461765 0.001936 
901 -0.133219 0.000000 -0.272250 99.807666 0.021492 4.341712 0.001958 
902 -0.230913 0.000000 -0.272250 100.017161 0.135509 4.077670 -0.002008 
903 -0.133219 0.000000 -0.363001 99.498670 0.056938 3.896117 0.008483 
904 0.941416 0.000000 0.544501 100.218079 -0.040555 3.533309 -0.005615 
905 0.941416 0.000000 0.726001 100.175908 0.126880 3.482812 -0.004736 
906 -0.133219 0.000000 0.272250 100.078279 -0.065493 2.711168 -0.002302 
907 -0.230913 0.000000 0.272250 100.165316 0.106878 2.942352 -0.004176 
908 -0.133219 0.000000 0.363001 99.728082 0.018958 3.133813 0.004449 
909 0.037745 0.000000 -0.113438 86.151510 -0.021512 1.915184 0.257425 
910 0.013322 0.000000 -0.113438 85.273055 -0.053703 9.556068 0.263718 
911 0.037745 0.000000 -0.136125 91.172026 0.021263 3.099717 0.167805 
912 0.648333 0.000000 -0.272250 102.063257 -0.072574 0.922103 -0.041776 
913 0.648333 0.000000 -0.363001 99.746878 -0.114671 3.148465 0.004063 
914 0.746027 0.000000 -0.272250 103.102947 -0.084481 1.240351 -0.063176 
915 0.648333 0.000000 0.272250 102.232098 -0.075057 1.003691 -0.045241 
916 0.746027 0.000000 0.272250 103.321182 -0.138402 1.629145 -0.067794 
917 0.648333 0.000000 0.363001 100.144404 0.096540 3.316558 -0.003991 
918 0.037745 0.000000 0.113438 88.187889 -0.115738 3.413554 0.221123 
919 0.013322 0.000000 0.113438 87.337525 -0.152494 -3.475602 0.236005 
920 0.037745 0.000000 0.136125 92.729520 -0.078989 2.817389 0.139329 
921 0.098804 0.000000 -0.079406 90.167873 -0.026925 -14.904775 0.164760 
922 0.098804 0.000000 -0.090750 90.293315 0.016186 -15.036845 0.162101 
923 0.098804 0.000000 -0.068063 90.159694 -0.029814 -14.889857 0.164952 
924 0.098804 0.000000 0.079406 92.686130 0.012862 15.558575 0.116721 
925 0.098804 0.000000 0.068063 92.680497 0.013892 15.556315 0.116833 
926 0.098804 0.000000 0.090750 92.765836 -0.004058 15.583202 0.115166 
927 0.233134 0.000000 -0.068063 99.780113 -0.086841 -7.663043 -0.001480 
928 0.233134 0.000000 -0.045375 101.452204 -0.115974 -5.625119 -0.032421 
929 0.184287 0.000000 -0.113438 99.286782 -0.265166 -8.777803 0.006501 
930 0.184287 0.000000 -0.136125 98.756236 -0.173237 -5.928239 0.021203 
931 0.233134 0.000000 0.068063 99.841697 -0.112092 7.722581 -0.002802 
932 0.233134 0.000000 0.045375 101.466948 -0.128802 5.693675 -0.032798 
933 0.184287 0.000000 0.113438 100.701678 -0.299629 11.662467 -0.027693 
934 0.184287 0.000000 0.136125 100.040615 -0.178276 10.050864 -0.010918 
935 0.501792 0.000000 -0.045375 101.229558 -0.048589 2.560749 -0.025398 
936 0.550639 0.000000 -0.045375 102.013703 -0.044002 3.239927 -0.041729 
937 0.501792 0.000000 0.000000 102.022551 -0.042978 3.373795 -0.041999 
938 0.501792 0.000000 0.045375 101.298479 -0.049573 2.587250 -0.026808 
939 0.550639 0.000000 0.045375 102.043593 -0.044880 3.279131 -0.042365 
940 0.428522 0.000000 -0.068063 100.292946 -0.061610 1.062179 -0.005981 
941 0.452945 0.000000 -0.068063 100.373066 -0.053170 1.809405 -0.007803 
942 0.428522 0.000000 -0.045375 100.432005 -0.066702 0.685925 -0.008706 
943 0.367463 0.000000 -0.102094 104.768993 -0.027253 -3.191594 -0.098673 
944 0.367463 0.000000 -0.113438 104.835427 -0.031260 -2.688685 -0.099770 
945 0.367463 0.000000 -0.090750 105.045418 -0.029311 -2.934175 -0.104315 
946 0.428522 0.000000 0.068063 100.467113 -0.064366 1.121903 -0.009490 
947 0.428522 0.000000 0.045375 100.608464 -0.068775 0.726753 -0.012260 
948 0.452945 0.000000 0.068063 100.535211 -0.056527 1.931420 -0.011106 
949 0.367463 0.000000 0.102094 105.356573 -0.042874 3.354863 -0.111126 
950 0.367463 0.000000 0.090750 105.649789 -0.044765 3.096737 -0.117147 
951 0.367463 0.000000 0.113438 105.375569 -0.041212 2.846781 -0.111212 
952 1.722968 0.000000 -0.544501 99.718211 -0.018761 3.001520 0.004727 
953 1.722968 0.000000 -0.726001 99.752196 -0.126730 3.222198 0.003910 
954 1.722968 0.000000 0.544501 100.415136 0.299738 2.744041 -0.009082 
955 1.722968 0.000000 0.726001 100.326699 -0.098558 3.063403 -0.007484 
956 1.429886 0.000000 -0.272250 104.640783 -0.027607 0.490057 -0.094993 
957 1.429886 0.000000 -0.363001 99.702094 -0.137213 2.609372 0.005266 
958 1.527580 0.000000 -0.272250 105.016377 0.015473 0.462625 -0.102865 
959 1.429886 0.000000 0.272250 103.800076 0.056237 0.244742 -0.077452 
960 1.527580 0.000000 0.272250 104.681335 0.067346 0.098461 -0.095820 
961 1.429886 0.000000 0.363001 100.343355 0.132177 2.380805 -0.007447 
962 3.090685 0.000000 -1.089002 99.911857 -0.017751 3.327348 0.000655 
963 3.090685 0.000000 -1.452002 99.930267 -0.011485 3.414990 0.000228 
964 3.481461 0.000000 -1.089002 99.917046 -0.044512 3.291429 0.000575 
965 2.504521 0.000000 -0.544501 99.688654 -0.169943 2.595359 0.005541 
966 2.504521 0.000000 -0.726001 99.665261 -0.010268 2.970080 0.005801 
967 2.699909 0.000000 -0.544501 99.779455 -0.117922 2.527196 0.003766 
968 3.090685 0.000000 1.089002 99.915365 0.088729 3.227766 0.000649 
969 3.481461 0.000000 1.089002 99.929541 0.101475 3.215190 0.000374 
970 3.090685 0.000000 1.452002 99.924490 0.056679 3.348989 0.000388 
971 2.504521 0.000000 0.544501 99.865977 0.266638 2.468437 0.002062 
972 2.699909 0.000000 0.544501 99.961453 0.111065 2.448273 0.000170 
973 2.504521 0.000000 0.726001 99.993007 -0.011453 2.808988 -0.000649 
974 2.406827 0.000000 -0.272250 99.713254 -0.402641 0.509609 0.005685 
975 2.406827 0.000000 -0.363001 99.366127 -0.416146 1.437511 0.012413 
976 2.504521 0.000000 -0.272250 99.865295 -0.403450 0.671379 0.002631 
977 2.406827 0.000000 0.272250 99.732141 0.133793 1.611127 0.005089 
978 2.504521 0.000000 0.272250 100.004633 0.168179 1.317407 -0.000269 
979 2.406827 0.000000 0.363001 99.553542 0.318865 1.911266 0.008534 
980 2.357979 0.000000 -0.136125 101.438461 -0.161903 -4.730826 -0.031217 
981 2.357979 0.000000 -0.181500 99.480978 -0.305636 -2.476021 0.009731 
982 2.406827 0.000000 -0.136125 101.465216 -0.341229 -2.526957 -0.030169 
983 2.284709 0.000000 -0.113438 90.167214 -0.242409 -15.301961 0.163566 
984 2.284709 0.000000 -0.136125 93.135139 -0.430221 -7.489985 0.126956 
985 2.309132 0.000000 -0.113438 100.476798 -0.174623 -13.679222 -0.028274 
986 2.357979 0.000000 0.136125 101.611017 0.028466 4.566845 -0.034566 
987 2.406827 0.000000 0.136125 101.549689 0.029078 2.438015 -0.031828 
988 2.357979 0.000000 0.181500 99.677526 0.213850 3.065936 0.005495 
989 2.284709 0.000000 0.113438 90.724642 0.097603 14.846665 0.154861 
990 2.309132 0.000000 0.113438 100.787258 0.146892 13.106686 -0.032988 
991 2.284709 0.000000 0.136125 93.643534 0.231250 7.462048 0.117515 
1 11 62 60 61 
2 62 10 24 60 
3 60 24 14 63 
4 61 60 63 6 
5 24 66 64 65 
6 66 23 40 64 
7 64 40 27 67 
8 65 64 67 14 
9 40 70 68 69 
10 69 68 71 27 
11 6 63 92 93 
12 63 14 36 92 
13 92 36 19 94 
14 93 92 94 20 
15 14 67 95 96 
16 67 27 52 95 
17 95 52 35 97 
18 96 95 97 36 
19 27 71 98 99 
20 99 98 100 52 
21 68 112 110 111 
22 112 56 80 110 
23 110 80 43 113 
24 111 110 113 71 
25 80 116 114 115 
26 115 114 117 43 
27 71 113 133 134 
28 113 43 102 133 
29 133 102 76 135 
30 134 133 135 98 
31 43 117 136 137 
32 137 136 138 102 
33 114 141 139 140 
34 141 106 129 139 
35 139 129 83 142 
36 140 139 142 117 
37 129 149 147 148 
38 147 150 132 151 
39 148 147 151 83 
40 117 142 152 153 
41 142 83 144 152 
42 152 144 125 154 
43 153 152 154 136 
44 83 151 155 156 
45 151 132 157 155 
46 156 155 158 144 
47 12 161 159 160 
48 161 7 162 159 
49 159 162 13 25 
50 160 159 25 10 
51 25 165 163 164 
52 165 13 166 163 
53 163 166 26 41 
54 164 163 41 23 
55 41 169 167 168 
56 169 26 170 167 
57 167 170 42 57 
58 168 167 57 39 
59 39 173 171 172 
60 173 57 174 171 
61 171 174 55 81 
62 172 171 81 56 
63 81 177 175 176 
64 177 55 178 175 
65 175 178 82 107 
66 176 175 107 79 
67 79 181 179 180 
68 181 107 182 179 
69 179 182 105 130 
70 180 179 130 106 
71 106 185 183 184 
72 185 130 186 183 
73 184 183 149 129 
74 195 197 109 198 
75 150 195 198 132 
76 149 201 199 200 
77 201 128 202 199 
78 199 202 150 203 
79 200 199 203 147 
80 132 198 210 157 
81 198 109 211 210 
82 19 38 213 214 
83 38 21 215 213 
84 213 215 9 216 
85 214 213 216 22 
86 35 54 217 218 
87 54 37 219 217 
88 217 219 21 220 
89 218 217 220 38 
90 51 78 221 222 
91 78 53 223 221 
92 221 223 37 224 
93 222 221 224 54 
94 76 104 225 226 
95 104 75 227 225 
96 225 227 78 228 
97 226 225 228 51 
98 101 127 229 230 
99 127 103 231 229 
100 229 231 75 232 
101 230 229 232 104 
102 125 146 233 234 
103 146 124 235 233 
104 233 235 127 236 
105 234 233 236 101 
106 144 158 237 238 
107 237 239 146 240 
108 238 237 240 125 
109 155 243 241 242 
110 243 157 244 241 
111 241 244 143 245 
112 242 241 245 158 
113 130 247 246 186 
114 247 105 248 246 
115 249 251 195 252 
116 202 249 252 150 
117 186 255 253 254 
118 255 246 256 253 
119 253 256 196 250 
120 254 253 250 128 
121 128 259 257 258 
122 259 250 260 257 
123 257 260 249 261 
124 258 257 261 202 
125 262 263 124 264 
126 239 262 264 146 
127 157 266 265 244 
128 266 210 267 265 
129 143 268 269 270 
130 268 212 271 269 
131 269 271 262 272 
132 270 269 272 239 
133 244 275 273 274 
134 275 265 276 273 
135 273 276 268 277 
136 274 273 277 143 
137 278 280 194 281 
138 197 278 281 109 
139 283 131 284 282 
140 282 284 197 285 
141 251 282 285 195 
142 107 287 286 182 
143 287 82 288 286 
144 286 288 108 192 
145 182 286 192 105 
146 105 290 289 248 
147 290 192 291 289 
148 246 293 292 256 
149 293 248 294 292 
150 292 294 131 283 
151 256 292 283 196 
152 196 297 295 296 
153 297 283 298 295 
154 295 298 282 299 
155 296 295 299 251 
156 109 281 300 211 
157 281 194 301 300 
158 210 304 303 267 
159 304 211 305 303 
160 303 305 145 306 
161 124 209 307 235 
162 209 126 308 307 
163 307 308 103 309 
164 235 307 309 127 
165 310 311 209 312 
166 263 310 312 124 
167 212 306 313 271 
168 306 145 314 313 
169 313 314 263 315 
170 271 313 315 262 
171 267 318 316 317 
172 318 303 319 316 
173 316 319 306 320 
174 317 316 320 212 
175 131 322 321 284 
176 322 279 323 321 
177 321 323 278 324 
178 284 321 324 197 
179 211 326 325 305 
180 326 300 327 325 
181 325 327 302 328 
182 305 325 328 145 
183 192 334 333 291 
184 334 108 335 333 
185 289 339 337 338 
186 339 291 340 337 
187 337 340 191 341 
188 338 337 341 279 
189 345 347 126 348 
190 311 345 348 209 
191 302 351 349 350 
192 351 207 352 349 
193 349 352 311 353 
194 350 349 353 310 
195 354 355 59 356 
196 280 354 356 194 
197 291 358 357 340 
198 358 333 359 357 
199 357 359 336 360 
200 191 360 361 362 
201 360 336 363 361 
202 361 363 354 364 
203 362 361 364 280 
204 340 367 365 366 
205 367 357 368 365 
206 365 368 360 369 
207 366 365 369 191 
208 194 356 370 301 
209 356 59 371 370 
210 373 346 374 372 
211 372 374 345 375 
212 352 372 375 311 
213 301 378 376 377 
214 378 370 379 376 
215 376 379 346 373 
216 377 376 373 207 
217 207 382 380 381 
218 382 373 383 380 
219 380 383 372 384 
220 381 380 384 352 
221 57 386 385 174 
222 386 42 387 385 
223 385 387 58 89 
224 174 385 89 55 
225 55 389 388 178 
226 389 89 390 388 
227 388 390 88 188 
228 178 388 188 82 
229 82 392 391 288 
230 392 188 393 391 
231 391 393 187 330 
232 288 391 330 108 
233 108 395 394 335 
234 395 330 396 394 
235 333 399 398 359 
236 399 335 400 398 
237 359 398 401 336 
238 75 123 402 227 
239 123 77 403 402 
240 402 403 53 404 
241 227 402 404 78 
242 103 206 405 231 
243 206 121 406 405 
244 405 406 123 407 
245 231 405 407 75 
246 126 344 408 308 
247 344 204 409 408 
248 408 409 206 410 
249 308 408 410 103 
250 411 413 344 414 
251 347 411 414 126 
252 346 416 415 374 
253 415 417 347 418 
254 374 415 418 345 
255 419 420 332 421 
256 355 419 421 59 
257 335 423 422 400 
258 423 394 424 422 
259 336 401 426 363 
260 401 193 427 426 
261 426 427 355 428 
262 363 426 428 354 
263 398 431 429 430 
264 431 400 432 429 
265 429 432 193 433 
266 430 429 433 401 
267 59 421 434 371 
268 421 332 435 434 
269 370 437 436 379 
270 437 371 438 436 
271 436 438 208 416 
272 379 436 416 346 
273 439 441 411 442 
274 417 439 442 347 
275 416 445 443 444 
276 445 208 446 443 
277 443 446 417 447 
278 444 443 447 415 
279 88 453 452 189 
280 453 90 454 452 
281 452 454 5 455 
282 189 452 455 91 
283 187 457 456 331 
284 457 189 458 456 
285 456 458 91 459 
286 331 456 459 190 
287 330 461 460 396 
288 461 187 462 460 
289 460 462 331 463 
290 396 460 463 329 
291 394 465 464 424 
292 465 396 466 464 
293 464 466 329 467 
294 424 464 467 397 
295 193 425 468 427 
296 425 397 469 468 
297 468 469 419 470 
298 427 468 470 355 
299 422 473 471 472 
300 473 424 474 471 
301 471 474 397 475 
302 472 471 475 425 
303 371 477 476 438 
304 477 434 478 476 
305 476 478 412 440 
306 438 476 440 208 
307 91 455 482 205 
308 455 5 483 482 
309 482 483 122 484 
310 205 482 484 121 
311 190 459 485 343 
312 459 91 486 485 
313 485 486 205 487 
314 343 485 487 204 
315 342 489 488 413 
316 489 343 490 488 
317 488 490 204 491 
318 413 488 491 344 
319 412 493 492 441 
320 493 342 494 492 
321 492 494 413 495 
322 441 492 495 411 
323 440 498 496 497 
324 498 412 499 496 
325 496 499 441 500 
326 497 496 500 439 
327 454 510 508 509 
328 508 511 504 512 
329 509 508 512 5 
330 5 512 513 514 
331 512 504 515 513 
332 514 513 516 483 
333 7 518 517 162 
334 518 16 519 517 
335 517 519 15 32 
336 162 517 32 13 
337 13 521 520 166 
338 521 32 522 520 
339 520 522 31 48 
340 166 520 48 26 
341 26 524 523 170 
342 524 48 525 523 
343 523 525 47 85 
344 170 523 85 42 
345 42 527 526 387 
346 527 85 528 526 
347 526 528 84 449 
348 387 526 449 58 
349 58 531 529 530 
350 531 449 532 529 
351 529 532 448 502 
352 530 529 502 90 
353 90 535 533 534 
354 535 502 536 533 
355 533 536 501 510 
356 534 533 510 454 
357 15 538 537 33 
358 538 17 539 537 
359 537 539 8 540 
360 33 537 540 18 
361 31 542 541 49 
362 542 33 543 541 
363 541 543 18 544 
364 49 541 544 34 
365 546 49 547 545 
366 545 547 34 548 
367 448 554 553 503 
368 554 450 555 553 
369 553 555 87 556 
370 503 553 556 451 
371 501 558 557 511 
372 558 503 559 557 
373 557 559 451 560 
374 511 557 560 504 
375 510 563 561 562 
376 563 501 564 561 
377 561 564 511 565 
378 562 561 565 508 
379 18 540 566 45 
380 540 8 567 566 
381 566 567 29 568 
382 45 566 568 28 
383 34 544 569 73 
384 544 18 570 569 
385 569 570 45 571 
386 73 569 571 44 
387 548 34 573 572 
388 572 573 73 574 
389 451 556 578 506 
390 556 87 579 578 
391 578 579 480 580 
392 506 578 580 479 
393 504 560 581 515 
394 560 451 582 581 
395 581 582 506 583 
396 515 581 583 505 
397 21 46 584 215 
398 46 28 585 584 
399 584 585 30 586 
400 215 584 586 9 
401 37 74 587 219 
402 74 44 588 587 
403 587 588 46 589 
404 219 587 589 21 
405 53 120 590 223 
406 120 72 591 590 
407 590 591 74 592 
408 223 590 592 37 
409 77 481 593 403 
410 481 118 594 593 
411 593 594 120 595 
412 403 593 595 53 
413 122 507 596 597 
414 507 479 598 596 
415 596 598 481 599 
416 597 596 599 77 
417 483 516 600 601 
418 516 505 602 600 
419 600 602 507 603 
420 601 600 603 122 
421 513 606 604 605 
422 606 515 607 604 
423 604 607 505 608 
424 605 604 608 516 
425 555 618 616 617 
426 617 616 620 87 
427 87 620 621 622 
428 622 621 624 579 
429 85 626 625 528 
430 626 47 627 625 
431 625 627 86 550 
432 528 625 550 84 
433 84 630 628 629 
434 630 550 631 628 
435 628 631 549 610 
436 629 628 610 450 
437 450 634 632 633 
438 634 610 635 632 
439 632 635 609 618 
440 633 632 618 555 
441 86 637 636 551 
442 637 545 638 636 
443 636 638 548 639 
444 551 636 639 50 
445 641 551 642 640 
446 640 642 50 643 
447 618 650 648 649 
448 650 609 651 648 
449 649 648 652 616 
450 50 639 653 576 
451 639 548 654 653 
452 653 654 572 655 
453 576 653 655 119 
454 643 50 657 656 
455 656 657 576 658 
456 118 577 662 594 
457 577 119 663 662 
458 662 663 72 664 
459 594 662 664 120 
460 480 615 665 666 
461 615 575 667 665 
462 665 667 577 668 
463 666 665 668 118 
464 579 624 669 670 
465 624 613 671 669 
466 669 671 615 672 
467 670 669 672 480 
468 621 675 673 674 
469 673 676 613 677 
470 674 673 677 624 
471 610 679 678 635 
472 679 549 680 678 
473 678 680 611 645 
474 635 678 645 609 
475 609 682 681 651 
476 682 645 683 681 
477 616 652 685 686 
478 685 687 612 688 
479 686 685 688 620 
480 648 691 689 690 
481 691 651 692 689 
482 690 689 693 652 
483 620 688 694 695 
484 688 612 696 694 
485 695 694 675 621 
486 613 661 697 671 
487 661 614 698 697 
488 697 698 575 699 
489 671 697 699 615 
490 700 702 661 703 
491 676 700 703 613 
492 675 706 704 705 
493 704 707 676 708 
494 705 704 708 673 
495 709 710 647 711 
496 687 709 711 612 
497 651 713 712 692 
498 713 681 714 712 
499 652 693 716 717 
500 693 619 718 716 
501 716 718 687 719 
502 717 716 719 685 
503 689 722 720 721 
504 722 692 723 720 
505 720 723 619 724 
506 721 720 724 693 
507 612 711 725 696 
508 711 647 726 725 
509 694 729 727 728 
510 729 696 730 727 
511 727 730 623 706 
512 728 727 706 675 
513 731 733 700 734 
514 707 731 734 676 
515 706 737 735 736 
516 737 623 738 735 
517 735 738 707 739 
518 736 735 739 704 
519 619 715 740 718 
520 715 684 741 740 
521 740 741 709 742 
522 718 740 742 687 
523 692 744 743 723 
524 744 712 745 743 
525 743 745 715 746 
526 723 743 746 619 
527 696 748 747 730 
528 748 725 749 747 
529 747 749 701 732 
530 730 747 732 623 
531 623 751 750 738 
532 751 732 752 750 
533 750 752 731 753 
534 738 750 753 707 
535 755 640 756 754 
536 754 756 643 757 
537 645 759 758 683 
538 759 611 760 758 
539 681 763 762 714 
540 763 683 764 762 
541 762 764 644 765 
542 712 767 766 745 
543 767 714 768 766 
544 766 768 684 769 
545 745 766 769 715 
546 757 643 771 770 
547 770 771 656 772 
548 773 775 614 776 
549 702 773 776 661 
550 778 659 779 777 
551 777 779 702 780 
552 733 777 780 700 
553 732 782 781 752 
554 782 701 783 781 
555 781 783 733 784 
556 752 781 784 731 
557 785 786 552 787 
558 710 785 787 647 
559 684 765 788 741 
560 765 644 789 788 
561 788 789 710 790 
562 741 788 790 709 
563 714 792 791 768 
564 792 762 793 791 
565 791 793 765 794 
566 768 791 794 684 
567 647 787 795 726 
568 787 552 796 795 
569 725 798 797 749 
570 798 726 799 797 
571 797 799 659 778 
572 749 797 778 701 
573 701 801 800 783 
574 801 778 802 800 
575 800 802 777 803 
576 783 800 803 733 
577 804 806 785 807 
578 789 804 807 710 
579 683 809 808 764 
580 809 758 810 808 
581 808 810 761 805 
582 764 808 805 644 
583 644 813 811 812 
584 813 805 814 811 
585 811 814 804 815 
586 812 811 815 789 
587 726 817 816 799 
588 817 795 818 816 
589 659 819 820 779 
590 819 774 821 820 
591 820 821 773 822 
592 779 820 822 702 
593 799 825 823 824 
594 825 816 826 823 
595 823 826 819 827 
596 824 823 827 659 
597 646 829 828 786 
598 829 754 830 828 
599 828 830 757 831 
600 786 828 831 552 
601 761 833 832 806 
602 833 646 834 832 
603 832 834 786 835 
604 806 832 835 785 
605 805 837 836 814 
606 837 761 838 836 
607 836 838 806 839 
608 814 836 839 804 
609 552 831 840 796 
610 831 757 841 840 
611 840 841 770 842 
612 796 840 842 660 
613 795 844 843 818 
614 844 796 845 843 
615 843 845 660 846 
616 818 843 846 774 
617 816 848 847 826 
618 848 818 849 847 
619 847 849 774 850 
620 826 847 850 819 
621 1 853 851 852 
622 853 12 160 851 
623 851 160 10 62 
624 852 851 62 11 
625 16 855 854 519 
626 855 2 856 854 
627 854 856 17 538 
628 519 854 538 15 
629 20 94 857 858 
630 94 19 214 857 
631 857 214 22 859 
632 858 857 859 4 
633 10 862 860 861 
634 862 25 164 860 
635 860 164 23 66 
636 861 860 66 24 
637 28 568 863 585 
638 568 29 864 863 
639 863 864 3 865 
640 585 863 865 30 
641 32 867 866 522 
642 867 15 868 866 
643 866 868 33 542 
644 522 866 542 31 
645 36 97 869 870 
646 97 35 218 869 
647 869 218 38 871 
648 870 869 871 19 
649 23 874 872 873 
650 874 41 168 872 
651 872 168 39 70 
652 873 872 70 40 
653 44 571 875 588 
654 571 45 876 875 
655 875 876 28 877 
656 588 875 877 46 
657 48 879 878 525 
658 879 31 880 878 
659 878 880 49 546 
660 525 878 546 47 
661 52 100 881 882 
662 100 51 222 881 
663 881 222 54 883 
664 882 881 883 35 
665 70 886 884 885 
666 886 39 172 884 
667 884 172 56 112 
668 885 884 112 68 
669 72 574 887 591 
670 574 73 888 887 
671 887 888 44 889 
672 591 887 889 74 
673 56 892 890 891 
674 892 81 176 890 
675 890 176 79 116 
676 891 890 116 80 
677 89 894 893 390 
678 894 58 530 893 
679 893 530 90 453 
680 390 893 453 88 
681 98 135 895 896 
682 135 76 226 895 
683 895 226 51 897 
684 896 895 897 100 
685 102 138 898 899 
686 138 101 230 898 
687 898 230 104 900 
688 899 898 900 76 
689 116 903 901 902 
690 903 79 180 901 
691 901 180 106 141 
692 902 901 141 114 
693 121 484 904 406 
694 484 122 597 904 
695 904 597 77 905 
696 406 904 905 123 
697 136 154 906 907 
698 154 125 234 906 
699 906 234 101 908 
700 907 906 908 138 
701 183 911 909 910 
702 911 186 254 909 
703 909 254 128 201 
704 910 909 201 149 
705 188 913 912 393 
706 913 88 914 912 
707 912 914 189 457 
708 393 912 457 187 
709 204 487 915 409 
710 487 205 916 915 
711 915 916 121 917 
712 409 915 917 206 
713 158 245 918 919 
714 245 143 270 918 
715 918 270 239 920 
716 919 918 920 237 
717 250 922 921 260 
718 922 196 296 921 
719 921 296 251 923 
720 260 921 923 249 
721 265 925 924 276 
722 925 267 317 924 
723 924 317 212 926 
724 276 924 926 268 
725 279 341 927 323 
726 341 191 362 927 
727 927 362 280 928 
728 323 927 928 278 
729 248 930 929 294 
730 930 289 338 929 
731 929 338 279 322 
732 294 929 322 131 
733 300 932 931 327 
734 932 301 377 931 
735 931 377 207 351 
736 327 931 351 302 
737 145 328 933 314 
738 328 302 350 933 
739 933 350 310 934 
740 314 933 934 263 
741 329 463 935 420 
742 463 331 936 935 
743 935 936 190 937 
744 420 935 937 332 
745 332 937 938 435 
746 937 190 939 938 
747 938 939 343 489 
748 435 938 489 342 
749 397 467 940 469 
750 467 329 941 940 
751 940 941 420 942 
752 469 940 942 419 
753 400 944 943 432 
754 944 422 472 943 
755 943 472 425 945 
756 432 943 945 193 
757 434 947 946 478 
758 947 435 948 946 
759 946 948 342 493 
760 478 946 493 412 
761 208 950 949 446 
762 950 440 497 949 
763 949 497 439 951 
764 446 949 951 417 
765 449 953 952 532 
766 953 84 629 952 
767 952 629 450 554 
768 532 952 554 448 
769 479 580 954 598 
770 580 480 666 954 
771 954 666 118 955 
772 598 954 955 481 
773 502 957 956 536 
774 957 448 958 956 
775 956 958 503 558 
776 536 956 558 501 
777 505 583 959 602 
778 583 506 960 959 
779 959 960 479 961 
780 602 959 961 507 
781 47 963 962 627 
782 963 546 964 962 
783 962 964 545 637 
784 627 962 637 86 
785 550 966 965 631 
786 966 86 967 965 
787 965 967 551 641 
788 631 965 641 549 
789 119 655 968 663 
790 655 572 969 968 
791 968 969 574 970 
792 663 968 970 72 
793 575 658 971 667 
794 658 576 972 971 
795 971 972 119 973 
796 667 971 973 577 
797 549 975 974 680 
798 975 641 976 974 
799 974 976 640 755 
800 680 974 755 611 
801 614 772 977 698 
802 772 656 978 977 
803 977 978 658 979 
804 698 977 979 575 
805 611 981 980 760 
806 981 755 982 980 
807 980 982 754 829 
808 760 980 829 646 
809 758 984 983 810 
810 984 760 985 983 
811 983 985 646 833 
812 810 983 833 761 
813 660 842 986 775 
814 842 770 987 986 
815 986 987 772 988 
816 775 986 988 614 
817 774 846 989 821 
818 846 660 990 989 
819 989 990 775 991 
820 821 989 991 773 
