2 0.000000 100.000000 211.018442
1001 826 
1 -11.368037 0.000000 -11.528932 99.756256 -0.000002 6.975626 0.000003 
2 13.641644 0.000000 -11.528932 99.756413 0.000226 6.973416 0.000003 
3 13.641644 0.000000 11.528932 99.756716 -0.000282 6.972634 -0.000002 
4 -11.368037 0.000000 11.528932 99.756546 -0.000031 6.975641 -0.000003 
5 1.136804 0.000000 0.000000 104.991128 0.034172 6.257873 -0.106230 
6 -11.368037 0.000000 0.000000 99.756381 -0.000025 6.975676 0.000000 
7 1.136804 0.000000 -11.528932 99.755428 -0.000029 6.974353 0.000021 
8 13.641644 0.000000 0.000000 99.790317 0.005454 6.490070 -0.000023 
9 1.136804 0.000000 11.528932 99.757740 -0.000245 6.974223 -0.000025 
10 -5.115617 0.000000 -5.764466 99.755446 -0.003672 6.975579 0.000019 
11 -11.368037 0.000000 -5.764466 99.756289 -0.000014 6.975654 0.000002 
12 -5.115617 0.000000 -11.528932 99.755896 -0.000023 6.975441 0.000010 
13 1.136804 0.000000 -5.764466 99.751228 -0.035520 6.970126 0.000111 
14 -5.115617 0.000000 0.000000 99.755857 0.000687 6.975524 0.000011 
15 7.389224 0.000000 -5.764466 99.756770 -0.002583 6.967219 0.000004 
16 7.389224 0.000000 -11.528932 99.756082 0.000155 6.973429 0.000010 
17 13.641644 0.000000 -5.764466 99.756841 0.000473 6.967715 0.000002 
18 7.389224 0.000000 0.000000 99.895990 0.011168 4.969909 -0.000391 
19 -5.115617 0.000000 5.764466 99.756982 0.002608 6.975857 -0.000012 
20 -11.368037 0.000000 5.764466 99.756487 -0.000030 6.975669 -0.000002 
21 1.136804 0.000000 5.764466 99.765053 0.035707 6.969572 -0.000164 
22 -5.115617 0.000000 11.528932 99.756952 -0.000093 6.975506 -0.000011 
23 -1.989406 0.000000 -2.882233 99.755298 -0.004811 6.970314 0.000030 
24 -5.115617 0.000000 -2.882233 99.755628 -0.001211 6.975343 0.000016 
25 -1.989406 0.000000 -5.764466 99.754482 -0.009119 6.973831 0.000041 
26 1.136804 0.000000 -2.882233 99.785037 0.131334 6.945223 -0.000531 
27 -1.989406 0.000000 0.000000 99.749403 -0.003119 6.971415 0.000146 
28 7.389224 0.000000 5.764466 99.756939 0.000946 6.964035 0.000006 
29 13.641644 0.000000 5.764466 99.757446 -0.000601 6.961405 -0.000001 
30 7.389224 0.000000 11.528932 99.756991 -0.000274 6.972987 -0.000008 
31 4.263014 0.000000 -2.882233 99.759499 -0.010169 6.944782 -0.000019 
32 4.263014 0.000000 -5.764466 99.756874 -0.009010 6.967819 0.000002 
33 7.389224 0.000000 -2.882233 99.758207 -0.001577 6.944339 0.000008 
34 4.263014 0.000000 0.000000 100.086042 -0.000772 2.179946 -0.002197 
35 -1.989406 0.000000 2.882233 99.754001 0.011557 6.974849 0.000049 
36 -5.115617 0.000000 2.882233 99.756333 0.002473 6.975582 0.000002 
37 1.136804 0.000000 2.882233 99.750725 -0.123718 6.939161 0.000163 
38 -1.989406 0.000000 5.764466 99.758143 0.010756 6.974993 -0.000034 
39 -0.426301 0.000000 -1.441116 99.729595 0.026616 6.931501 0.000596 
40 -1.989406 0.000000 -1.441116 99.750343 0.007589 6.970617 0.000128 
41 -0.426301 0.000000 -2.882233 99.755317 0.059567 6.957640 0.000046 
42 1.136804 0.000000 -1.441116 99.766719 0.016532 6.884170 -0.000079 
43 -0.426301 0.000000 0.000000 99.890359 -0.082399 6.996661 -0.002704 
44 4.263014 0.000000 2.882233 99.753068 0.011895 6.931295 0.000128 
45 7.389224 0.000000 2.882233 99.759779 -0.000730 6.920297 0.000010 
46 4.263014 0.000000 5.764466 99.756552 0.006170 6.965331 0.000011 
47 2.699909 0.000000 -1.441116 99.782063 -0.021554 6.868843 -0.000364 
48 2.699909 0.000000 -2.882233 99.778010 0.051728 6.951197 -0.000397 
49 4.263014 0.000000 -1.441116 99.764699 0.004183 6.855886 0.000000 
50 2.699909 0.000000 0.000000 100.226269 -0.044408 1.418977 -0.004732 
51 -0.426301 0.000000 1.441116 99.727401 -0.015403 6.980531 0.000572 
52 -1.989406 0.000000 1.441116 99.752266 -0.012328 6.974800 0.000084 
53 1.136804 0.000000 1.441116 99.795871 0.069001 6.857110 -0.000624 
54 -0.426301 0.000000 2.882233 99.758569 -0.061959 6.971307 -0.000038 
55 0.355251 0.000000 -0.720558 100.134853 0.019980 6.568540 -0.007013 
56 -0.426301 0.000000 -0.720558 99.751784 0.072250 6.863012 0.000248 
57 0.355251 0.000000 -1.441116 99.830533 -0.022698 6.897038 -0.001370 
58 1.136804 0.000000 -0.720558 99.993273 -0.151910 6.656399 -0.004299 
59 0.355251 0.000000 0.000000 22.906834 0.001525 0.069608 0.947527 
60 -8.241827 0.000000 -2.882233 99.756127 -0.000971 6.975735 0.000005 
61 -11.368037 0.000000 -2.882233 99.756329 -0.000020 6.975668 0.000001 
62 -8.241827 0.000000 -5.764466 99.756143 -0.000034 6.975640 0.000005 
63 -8.241827 0.000000 0.000000 99.756265 -0.000337 6.975778 0.000003 
64 -3.552511 0.000000 -1.441116 99.754151 -0.002551 6.976699 0.000044 
65 -5.115617 0.000000 -1.441116 99.755693 -0.000333 6.975437 0.000014 
66 -3.552511 0.000000 -2.882233 99.754816 -0.004653 6.974612 0.000033 
67 -3.552511 0.000000 0.000000 99.754930 0.000907 6.977071 0.000027 
68 -1.207854 0.000000 -0.720558 99.741028 -0.007580 6.958419 0.000331 
69 -1.989406 0.000000 -0.720558 99.749548 0.003288 6.970508 0.000144 
70 -1.207854 0.000000 -1.441116 99.744064 0.018472 6.961094 0.000266 
71 -1.207854 0.000000 0.000000 99.737216 -0.007940 6.966053 0.000396 
72 2.699909 0.000000 1.441116 99.710563 -0.021638 6.791038 0.001168 
73 4.263014 0.000000 1.441116 99.761825 -0.000360 6.770074 0.000174 
74 2.699909 0.000000 2.882233 99.736970 -0.044128 6.935483 0.000443 
75 0.355251 0.000000 0.720558 99.917249 0.012270 6.966103 -0.003198 
76 -0.426301 0.000000 0.720558 99.637107 0.074225 6.872153 0.002521 
77 1.136804 0.000000 0.720558 99.579016 -0.050470 6.604689 0.004040 
78 0.355251 0.000000 1.441116 99.782663 0.068709 6.973331 -0.000521 
79 -0.035525 0.000000 -0.360279 98.230825 0.109722 7.197595 0.029889 
80 -0.426301 0.000000 -0.360279 99.781447 -0.035071 6.985206 -0.000513 
81 -0.035525 0.000000 -0.720558 99.428193 -0.013612 6.810189 0.006766 
82 0.355251 0.000000 -0.360279 100.632229 0.097304 5.871751 -0.016133 
83 -0.035525 0.000000 0.000000 203.870931 -0.086118 7.414841 -3.161834 
84 1.918356 0.000000 -0.720558 100.050932 0.012253 6.535035 -0.005290 
85 1.918356 0.000000 -1.441116 99.841878 0.011508 6.864764 -0.001553 
86 2.699909 0.000000 -0.720558 99.871482 0.025424 6.563348 -0.001739 
87 1.918356 0.000000 0.000000 104.625659 0.399603 2.936780 -0.095531 
88 0.746027 0.000000 -0.360279 99.426873 -0.137730 6.423418 0.007302 
89 0.746027 0.000000 -0.720558 99.745894 0.063578 6.857213 0.000373 
90 1.136804 0.000000 -0.360279 99.218048 0.109591 5.466268 0.012589 
91 0.746027 0.000000 0.000000 105.583169 -0.009171 6.645344 -0.119197 
92 -8.241827 0.000000 2.882233 99.756436 0.000331 6.975783 -0.000001 
93 -11.368037 0.000000 2.882233 99.756437 -0.000028 6.975676 -0.000001 
94 -8.241827 0.000000 5.764466 99.756589 -0.000060 6.975682 -0.000004 
95 -3.552511 0.000000 1.441116 99.756026 0.004311 6.977169 0.000005 
96 -5.115617 0.000000 1.441116 99.756089 0.001678 6.975576 0.000006 
97 -3.552511 0.000000 2.882233 99.756477 0.005061 6.975804 -0.000002 
98 -1.207854 0.000000 0.720558 99.737824 -0.031424 6.962846 0.000388 
99 -1.989406 0.000000 0.720558 99.750173 -0.009166 6.972348 0.000129 
100 -1.207854 0.000000 1.441116 99.746743 -0.033175 6.973034 0.000196 
101 -0.035525 0.000000 0.360279 98.700366 -0.118571 6.426006 0.021693 
102 -0.426301 0.000000 0.360279 99.719485 -0.049834 6.769410 0.001020 
103 0.355251 0.000000 0.360279 101.944898 0.069157 7.006403 -0.044186 
104 -0.035525 0.000000 0.720558 99.284380 -0.033374 6.820835 0.009609 
105 0.159863 0.000000 -0.180140 97.968015 -0.101039 -0.582271 0.040192 
106 -0.035525 0.000000 -0.180140 96.038381 0.405152 12.046791 0.063134 
107 0.159863 0.000000 -0.360279 98.709943 0.154975 5.172191 0.022957 
108 0.355251 0.000000 -0.180140 102.682019 0.188856 3.579370 -0.055644 
109 0.159863 0.000000 0.000000 103.120397 0.336834 0.282005 -0.063401 
110 -0.817078 0.000000 -0.360279 99.748238 0.045558 6.904111 0.000262 
111 -1.207854 0.000000 -0.360279 99.737630 -0.007275 6.964478 0.000390 
112 -0.817078 0.000000 -0.720558 99.724980 -0.016851 6.957223 0.000653 
113 -0.817078 0.000000 0.000000 99.735869 0.044718 6.906460 0.000506 
114 -0.230913 0.000000 -0.180140 100.487896 0.005989 7.103665 -0.014828 
115 -0.426301 0.000000 -0.180140 99.856139 -0.094837 6.989560 -0.002011 
116 -0.230913 0.000000 -0.360279 99.588889 0.038985 7.295202 0.002883 
117 -0.230913 0.000000 0.000000 100.966123 -0.019841 6.945009 -0.024239 
118 1.918356 0.000000 0.720558 99.356280 0.004152 6.181684 0.009012 
119 2.699909 0.000000 0.720558 99.645121 0.003511 6.331323 0.003076 
120 1.918356 0.000000 1.441116 99.712963 -0.003141 6.798070 0.001111 
121 0.746027 0.000000 0.360279 99.497770 -0.069682 6.195072 0.006181 
122 1.136804 0.000000 0.360279 100.129110 0.141101 5.754225 -0.005897 
123 0.746027 0.000000 0.720558 99.299435 -0.045113 6.845510 0.009276 
124 0.159863 0.000000 0.180140 100.028761 -0.105181 11.492407 -0.013784 
125 -0.035525 0.000000 0.180140 97.596718 0.173536 1.803282 0.047160 
126 0.355251 0.000000 0.180140 104.199626 0.114747 5.654615 -0.088955 
127 0.159863 0.000000 0.360279 99.593037 -0.146154 8.031816 0.001670 
128 0.062169 0.000000 -0.090070 80.770677 -0.003525 -9.058046 0.339405 
129 -0.035525 0.000000 -0.090070 114.259281 0.136488 29.913630 -0.395003 
130 0.062169 0.000000 -0.180140 92.066367 0.072157 2.233745 0.151879 
131 0.159863 0.000000 -0.090070 101.501652 0.363854 -13.571236 -0.048690 
132 0.062169 0.000000 0.000000 277.351058 -0.075953 0.455708 -6.692382 
133 -0.817078 0.000000 0.360279 99.717421 0.056182 6.907351 0.000872 
134 -1.207854 0.000000 0.360279 99.737538 -0.008242 6.967647 0.000388 
135 -0.817078 0.000000 0.720558 99.705976 0.046140 6.917761 0.001086 
136 -0.230913 0.000000 0.180140 100.583632 -0.006501 6.770042 -0.016290 
137 -0.426301 0.000000 0.180140 99.864560 -0.028698 6.939325 -0.002109 
138 -0.230913 0.000000 0.360279 99.728494 -0.012237 6.575356 0.001099 
139 -0.133219 0.000000 -0.090070 104.136551 0.079829 8.642866 -0.091913 
140 -0.230913 0.000000 -0.090070 100.763619 -0.028737 7.156987 -0.020453 
141 -0.133219 0.000000 -0.180140 100.852530 -0.181931 8.846749 -0.024953 
142 -0.133219 0.000000 0.000000 106.104487 0.151565 7.198194 -0.131000 
143 0.062169 0.000000 0.090070 85.607738 0.026400 15.325691 0.243644 
144 -0.035525 0.000000 0.090070 116.378847 0.056681 -15.140645 -0.377328 
145 0.159863 0.000000 0.090070 105.377321 0.306290 14.355816 -0.131056 
146 0.062169 0.000000 0.180140 94.427214 -0.142999 9.870630 0.098605 
147 0.013322 0.000000 -0.045035 71.000162 0.243870 -13.838115 0.476742 
148 -0.035525 0.000000 -0.045035 169.912168 -0.064482 35.967781 -2.016383 
149 0.013322 0.000000 -0.090070 44.799591 -0.092110 3.834112 0.797829 
150 0.062169 0.000000 -0.045035 271.327361 -0.068404 -20.219719 -6.402738 
151 0.013322 0.000000 0.000000 453.892314 -0.019827 2.973324 -19.602707 
152 -0.133219 0.000000 0.090070 104.435071 0.018261 5.552627 -0.093752 
153 -0.230913 0.000000 0.090070 100.818836 -0.021921 6.723320 -0.020964 
154 -0.133219 0.000000 0.180140 101.182763 -0.154029 5.121861 -0.026421 
155 0.013322 0.000000 0.045035 78.872683 -0.381685 15.627127 0.353475 
156 -0.035525 0.000000 0.045035 170.321940 -0.095318 -20.677113 -1.943712 
157 0.062169 0.000000 0.045035 270.388189 -0.050450 20.975320 -6.354974 
158 0.013322 0.000000 0.090070 52.912993 -0.205606 5.881498 0.716558 
159 -1.989406 0.000000 -8.646699 99.754847 -0.008035 6.974774 0.000032 
160 -5.115617 0.000000 -8.646699 99.755774 -0.000056 6.975456 0.000013 
161 -1.989406 0.000000 -11.528932 99.755560 -0.000044 6.975057 0.000018 
162 1.136804 0.000000 -8.646699 99.754817 -0.011481 6.973206 0.000035 
163 -0.426301 0.000000 -4.323349 99.756287 -0.041619 6.967406 0.000014 
164 -1.989406 0.000000 -4.323349 99.751338 -0.015687 6.975102 0.000102 
165 -0.426301 0.000000 -5.764466 99.754404 -0.017295 6.971760 0.000045 
166 1.136804 0.000000 -4.323349 99.755248 -0.060132 6.966152 0.000036 
167 0.355251 0.000000 -2.161675 99.811232 0.008020 6.929906 -0.001031 
168 -0.426301 0.000000 -2.161675 99.750498 0.062863 6.945156 0.000160 
169 0.355251 0.000000 -2.882233 99.772652 0.107402 6.947196 -0.000286 
170 1.136804 0.000000 -2.161675 99.824574 0.038435 6.936096 -0.001306 
171 -0.035525 0.000000 -1.080837 99.877771 0.032881 6.764665 -0.002133 
172 -0.426301 0.000000 -1.080837 99.784967 0.025850 6.872305 -0.000427 
173 -0.035525 0.000000 -1.441116 99.750174 0.008519 6.899204 0.000230 
174 0.355251 0.000000 -1.080837 100.250512 -0.055100 6.803807 -0.009646 
175 0.159863 0.000000 -0.540419 99.402100 -0.001346 6.201467 0.008076 
176 -0.035525 0.000000 -0.540419 99.251553 0.047489 6.743889 0.010365 
177 0.159863 0.000000 -0.720558 99.607661 0.022947 6.547582 0.003544 
178 0.355251 0.000000 -0.540419 100.035771 -0.048570 6.483270 -0.004919 
179 0.062169 0.000000 -0.270209 94.378527 0.266900 5.128416 0.106632 
180 -0.035525 0.000000 -0.270209 96.480371 0.084378 8.570392 0.061808 
181 0.062169 0.000000 -0.360279 97.413253 0.155760 6.139913 0.047294 
182 0.159863 0.000000 -0.270209 98.195136 0.317660 3.129521 0.034782 
183 0.013322 0.000000 -0.135105 81.985446 0.044481 8.545179 0.320536 
184 -0.035525 0.000000 -0.135105 99.402454 0.269763 16.786884 -0.016272 
185 0.013322 0.000000 -0.180140 90.152194 0.379253 7.911907 0.180984 
186 0.062169 0.000000 -0.135105 89.976636 0.033856 -1.875472 0.190069 
187 0.550639 0.000000 -0.180140 104.388151 -0.033115 5.047778 -0.092237 
188 0.550639 0.000000 -0.360279 99.672294 -0.041812 6.787826 0.001936 
189 0.746027 0.000000 -0.180140 105.583583 -0.003111 5.157276 -0.117449 
190 0.550639 0.000000 0.000000 104.486655 -0.032084 6.558716 -0.096048 
191 0.257557 0.000000 -0.090070 103.506857 -0.021720 -10.224950 -0.081822 
192 0.257557 0.000000 -0.180140 100.936327 0.222329 0.982270 -0.018916 
193 0.355251 0.000000 -0.090070 105.750969 0.026909 -4.330941 -0.120203 
194 0.257557 0.000000 0.000000 43.722906 -0.106155 0.028900 0.808830 
195 0.111016 0.000000 -0.045035 160.767845 -0.020085 -13.343239 -1.602434 
196 0.111016 0.000000 -0.090070 91.730680 0.334501 -15.009255 0.136009 
197 0.159863 0.000000 -0.045035 101.859507 0.364297 -7.072272 -0.042551 
198 0.111016 0.000000 0.000000 165.418470 -0.017011 0.143326 -1.736329 
199 0.037745 0.000000 -0.067552 63.810075 0.220270 -12.268684 0.577771 
200 0.013322 0.000000 -0.067552 70.943210 0.254979 -13.463676 0.478573 
201 0.037745 0.000000 -0.090070 75.923406 -0.063911 -9.230000 0.415044 
202 0.062169 0.000000 -0.067552 71.061268 0.208953 -13.475725 0.476866 
203 0.037745 0.000000 -0.045035 63.982556 0.204840 -12.454999 0.575106 
204 0.550639 0.000000 0.180140 104.585552 -0.045699 5.075369 -0.096390 
205 0.746027 0.000000 0.180140 105.892749 -0.016597 5.188918 -0.124020 
206 0.550639 0.000000 0.360279 100.015788 -0.035384 5.769402 -0.003645 
207 0.257557 0.000000 0.090070 106.111297 -0.091804 10.738366 -0.137493 
208 0.355251 0.000000 0.090070 106.939532 0.020026 4.648578 -0.145767 
209 0.257557 0.000000 0.180140 102.462181 0.089521 8.701226 -0.057422 
210 0.111016 0.000000 0.045035 160.703083 -0.068473 13.671777 -1.601240 
211 0.159863 0.000000 0.045035 102.013386 0.228409 7.487744 -0.046285 
212 0.111016 0.000000 0.090070 96.399329 0.208234 16.305461 0.044126 
213 -1.989406 0.000000 8.646699 99.758279 0.007103 6.975182 -0.000037 
214 -5.115617 0.000000 8.646699 99.757016 -0.000118 6.975567 -0.000012 
215 1.136804 0.000000 8.646699 99.759180 0.011278 6.972986 -0.000052 
216 -1.989406 0.000000 11.528932 99.757454 -0.000166 6.975112 -0.000020 
217 -0.426301 0.000000 4.323349 99.763804 0.037009 6.973905 -0.000145 
218 -1.989406 0.000000 4.323349 99.760057 0.017593 6.977083 -0.000075 
219 1.136804 0.000000 4.323349 99.766095 0.058196 6.963842 -0.000177 
220 -0.426301 0.000000 5.764466 99.760416 0.018841 6.973190 -0.000077 
221 0.355251 0.000000 2.161675 99.796277 -0.205317 6.956977 -0.000774 
222 -0.426301 0.000000 2.161675 99.752537 -0.079290 6.971037 0.000083 
223 1.136804 0.000000 2.161675 99.800378 -0.026949 6.919265 -0.000799 
224 0.355251 0.000000 2.882233 99.767004 -0.108192 6.960147 -0.000191 
225 -0.035525 0.000000 1.080837 99.501381 0.138216 6.930647 0.005142 
226 -0.426301 0.000000 1.080837 99.650391 0.081869 6.922775 0.002187 
227 0.355251 0.000000 1.080837 99.514807 0.125086 6.961619 0.004832 
228 -0.035525 0.000000 1.441116 99.745745 -0.000412 7.006294 0.000170 
229 0.159863 0.000000 0.540419 99.641402 0.002111 7.263193 0.001884 
230 -0.035525 0.000000 0.540419 99.311317 0.037305 6.914529 0.008945 
231 0.355251 0.000000 0.540419 100.105754 -0.067682 6.839239 -0.006794 
232 0.159863 0.000000 0.720558 99.684623 0.021350 7.087027 0.001275 
233 0.062169 0.000000 0.270209 95.574436 -0.052225 8.042611 0.080084 
234 -0.035525 0.000000 0.270209 97.285257 -0.001976 5.187908 0.050866 
235 0.159863 0.000000 0.270209 99.391330 0.050748 9.462473 0.003182 
236 0.062169 0.000000 0.360279 98.128021 -0.085136 7.326836 0.031720 
237 0.013322 0.000000 0.135105 85.701080 -0.048880 3.843760 0.264055 
238 -0.035525 0.000000 0.135105 101.383635 0.164950 -2.702796 -0.028597 
239 0.062169 0.000000 0.135105 93.245971 -0.096038 12.459820 0.114993 
240 0.013322 0.000000 0.180140 92.497172 0.105271 5.141209 0.141783 
241 0.037745 0.000000 0.067552 71.472099 -0.209485 14.220844 0.468946 
242 0.013322 0.000000 0.067552 78.767206 -0.375705 15.687463 0.354949 
243 0.037745 0.000000 0.045035 71.808825 -0.209893 14.244858 0.464053 
244 0.062169 0.000000 0.067552 77.701372 -0.103701 15.162308 0.373259 
245 0.037745 0.000000 0.090070 81.417066 -0.060836 16.684122 0.309290 
246 0.111016 0.000000 -0.135105 96.868766 -0.075886 -3.806220 0.060195 
247 0.111016 0.000000 -0.180140 95.926360 -0.152286 0.030288 0.079811 
248 0.159863 0.000000 -0.135105 99.196116 -0.009565 -3.817033 0.014556 
249 0.086592 0.000000 -0.067552 93.091825 0.025058 -15.270085 0.110074 
250 0.086592 0.000000 -0.090070 93.777877 -0.003403 -15.562087 0.096353 
251 0.111016 0.000000 -0.067552 91.924811 0.299648 -14.987330 0.132512 
252 0.086592 0.000000 -0.045035 209.669215 -0.048437 -19.338773 -3.433517 
253 0.086592 0.000000 -0.112587 92.650085 0.072921 -8.028501 0.135150 
254 0.062169 0.000000 -0.112587 86.391027 0.052481 -5.586091 0.250538 
255 0.086592 0.000000 -0.135105 93.840611 0.027038 -3.581752 0.118111 
256 0.111016 0.000000 -0.112587 97.173799 0.202795 -7.537261 0.050040 
257 0.074381 0.000000 -0.078811 89.098969 0.017400 -15.108972 0.183309 
258 0.062169 0.000000 -0.078811 72.961485 0.187823 -13.735828 0.448791 
259 0.074381 0.000000 -0.090070 79.653194 0.056127 -15.452939 0.341657 
260 0.086592 0.000000 -0.078811 93.137803 0.041514 -15.316447 0.109075 
261 0.074381 0.000000 -0.067552 85.201670 0.058481 -14.793026 0.252184 
262 0.111016 0.000000 0.135105 99.760621 -0.013439 13.315772 -0.012949 
263 0.159863 0.000000 0.135105 101.736074 -0.109232 12.297505 -0.050147 
264 0.111016 0.000000 0.180140 98.105065 -0.231747 11.335224 0.024686 
265 0.086592 0.000000 0.067552 98.087783 0.261296 16.573012 0.010405 
266 0.086592 0.000000 0.045035 209.297875 -0.044135 19.586424 -3.418923 
267 0.111016 0.000000 0.067552 96.608327 0.214581 16.353789 0.039934 
268 0.086592 0.000000 0.090070 98.759290 0.291277 16.649017 -0.003067 
269 0.086592 0.000000 0.112587 96.287048 0.049792 16.162401 0.046758 
270 0.062169 0.000000 0.112587 90.382895 -0.050012 14.599122 0.161780 
271 0.111016 0.000000 0.112587 100.557445 0.227401 14.993833 -0.033667 
272 0.086592 0.000000 0.135105 96.903055 0.020139 13.559766 0.042593 
273 0.074381 0.000000 0.078811 94.525898 0.158714 16.299101 0.079917 
274 0.062169 0.000000 0.078811 79.499472 -0.079162 15.245855 0.344739 
275 0.074381 0.000000 0.067552 90.897968 0.100039 16.061375 0.147958 
276 0.086592 0.000000 0.078811 98.106710 0.263357 16.568420 0.010049 
277 0.074381 0.000000 0.090070 84.487669 0.054495 20.829214 0.242797 
278 0.208710 0.000000 -0.045035 63.659284 -0.085723 -4.205739 0.592980 
279 0.208710 0.000000 -0.090070 100.668387 0.123493 -12.582536 -0.029246 
280 0.257557 0.000000 -0.045035 43.258445 -0.069404 -3.149787 0.811878 
281 0.208710 0.000000 0.000000 65.197134 -0.041919 0.053042 0.574933 
282 0.135439 0.000000 -0.067552 91.917973 0.491043 -15.242070 0.131852 
283 0.135439 0.000000 -0.090070 93.921024 0.475302 -15.118995 0.095003 
284 0.159863 0.000000 -0.067552 100.508405 0.261366 -10.496580 -0.021219 
285 0.135439 0.000000 -0.045035 127.434391 0.248301 -9.678952 -0.633327 
286 0.257557 0.000000 -0.270209 100.628946 0.189369 4.027903 -0.014244 
287 0.257557 0.000000 -0.360279 100.256569 0.151993 5.221930 -0.007867 
288 0.355251 0.000000 -0.270209 101.399570 0.178300 5.436496 -0.031146 
289 0.208710 0.000000 -0.135105 101.145824 0.204710 -3.705187 -0.024425 
290 0.208710 0.000000 -0.180140 99.580690 0.309153 -0.322595 0.008349 
291 0.257557 0.000000 -0.135105 101.210305 0.349248 -2.727765 -0.025109 
292 0.135439 0.000000 -0.112587 98.360260 0.213041 -6.973101 0.027659 
293 0.135439 0.000000 -0.135105 98.376615 -0.030512 -3.712924 0.030825 
294 0.159863 0.000000 -0.112587 99.373147 0.174946 -6.921675 0.007704 
295 0.123228 0.000000 -0.078811 91.399748 0.442432 -15.034122 0.141987 
296 0.111016 0.000000 -0.078811 91.850427 0.321094 -15.080921 0.133596 
297 0.123228 0.000000 -0.090070 91.699550 0.431257 -15.207396 0.135974 
298 0.135439 0.000000 -0.078811 93.759575 0.476995 -15.148766 0.097943 
299 0.123228 0.000000 -0.067552 91.468042 0.394104 -15.170010 0.140331 
300 0.208710 0.000000 0.045035 63.866155 -0.119786 4.531716 0.590056 
301 0.257557 0.000000 0.045035 43.405974 -0.119647 3.176028 0.810582 
302 0.208710 0.000000 0.090070 104.264831 -0.011407 13.300389 -0.104806 
303 0.135439 0.000000 0.067552 96.446508 0.213636 16.265183 0.043347 
304 0.135439 0.000000 0.045035 127.093249 0.072122 10.102751 -0.625476 
305 0.159863 0.000000 0.067552 100.823626 0.222370 10.836477 -0.028288 
306 0.135439 0.000000 0.090070 98.312254 0.269693 16.104261 0.007528 
307 0.257557 0.000000 0.270209 101.759029 0.074603 8.107845 -0.042064 
308 0.355251 0.000000 0.270209 102.316099 -0.017760 6.340882 -0.050879 
309 0.257557 0.000000 0.360279 101.332076 -0.075939 7.873804 -0.033019 
310 0.208710 0.000000 0.135105 103.657269 0.040875 11.081317 -0.086763 
311 0.257557 0.000000 0.135105 103.450320 0.099832 9.430953 -0.079092 
312 0.208710 0.000000 0.180140 101.248390 0.151025 10.495456 -0.036141 
313 0.135439 0.000000 0.112587 101.685002 0.191993 13.739620 -0.052865 
314 0.159863 0.000000 0.112587 102.375324 -0.000197 12.954007 -0.064851 
315 0.135439 0.000000 0.135105 101.151614 -0.040824 12.700429 -0.039295 
316 0.123228 0.000000 0.078811 95.998000 0.198147 16.221277 0.052121 
317 0.111016 0.000000 0.078811 96.530684 0.212123 16.315155 0.041560 
318 0.123228 0.000000 0.067552 96.120328 0.199608 16.209123 0.049811 
319 0.135439 0.000000 0.078811 98.162477 0.265528 16.138159 0.010362 
320 0.123228 0.000000 0.090070 96.300593 0.206875 16.239964 0.046242 
321 0.184287 0.000000 -0.112587 100.398736 0.111531 -7.626119 -0.013808 
322 0.184287 0.000000 -0.135105 99.590796 0.127772 -4.225005 0.006381 
323 0.208710 0.000000 -0.112587 104.458724 0.167394 -7.403103 -0.096646 
324 0.184287 0.000000 -0.090070 100.253877 0.283550 -13.260289 -0.022676 
325 0.452945 0.000000 -0.090070 97.260455 -0.037968 2.825626 0.053242 
326 0.452945 0.000000 -0.180140 99.505242 -0.047742 1.166025 0.009734 
327 0.550639 0.000000 -0.090070 103.115253 -0.031925 5.581661 -0.066391 
328 0.452945 0.000000 0.000000 104.486655 -0.032084 6.558718 -0.096048 
329 0.306404 0.000000 -0.135105 102.368056 0.125960 -0.065349 -0.047924 
330 0.306404 0.000000 -0.180140 101.889273 0.401574 2.162417 -0.038626 
331 0.355251 0.000000 -0.135105 107.201816 0.129616 0.375010 -0.149239 
332 0.306404 0.000000 -0.090070 105.347062 0.026890 -6.412500 -0.113912 
333 0.233134 0.000000 -0.112587 104.463692 -0.043832 -10.316884 -0.101910 
334 0.233134 0.000000 -0.135105 100.894868 0.206370 -2.581287 -0.018648 
335 0.257557 0.000000 -0.112587 103.475755 -0.019235 -10.221793 -0.081172 
336 0.233134 0.000000 -0.090070 104.188512 -0.044354 -10.290717 -0.096115 
337 0.184287 0.000000 -0.067552 79.844470 0.235590 -9.146468 0.354115 
338 0.208710 0.000000 -0.067552 60.276933 0.024381 -7.074847 0.631664 
339 0.184287 0.000000 -0.045035 81.008533 0.184084 -5.795955 0.340399 
340 0.196498 0.000000 -0.101329 99.783241 0.236169 -13.345186 -0.013485 
341 0.184287 0.000000 -0.101329 100.101328 0.276566 -13.388777 -0.019961 
342 0.196498 0.000000 -0.112587 100.912074 0.137238 -7.542548 -0.024016 
343 0.208710 0.000000 -0.101329 101.268510 0.104236 -12.121981 -0.040226 
344 0.196498 0.000000 -0.090070 99.754585 0.243930 -13.341773 -0.012904 
345 0.184287 0.000000 0.112587 103.412095 -0.041622 12.994249 -0.086291 
346 0.184287 0.000000 0.090070 104.133260 0.134820 14.236551 -0.104643 
347 0.208710 0.000000 0.112587 107.481147 -0.011152 12.073603 -0.169797 
348 0.184287 0.000000 0.135105 102.006638 0.029857 12.067286 -0.055097 
349 0.184287 0.000000 0.067552 80.351906 0.201165 9.527418 0.345276 
350 0.184287 0.000000 0.045035 81.243541 0.214461 6.184028 0.336120 
351 0.208710 0.000000 0.067552 60.513727 -0.034801 7.362394 0.628388 
352 0.452945 0.000000 0.090070 97.457400 -0.038911 2.821661 0.049409 
353 0.550639 0.000000 0.090070 103.226292 -0.037384 5.587683 -0.068689 
354 0.452945 0.000000 0.180140 99.712886 -0.052864 1.168769 0.005597 
355 0.306404 0.000000 0.135105 104.472858 0.009698 6.285488 -0.095409 
356 0.306404 0.000000 0.090070 107.075262 0.004173 6.781139 -0.151110 
357 0.355251 0.000000 0.135105 108.286482 0.048794 5.106393 -0.175204 
358 0.306404 0.000000 0.180140 103.241652 0.111464 7.183186 -0.071045 
359 0.233134 0.000000 0.112587 107.320731 -0.056946 10.858426 -0.163565 
360 0.233134 0.000000 0.090070 107.021426 -0.070166 10.829121 -0.157086 
361 0.257557 0.000000 0.112587 106.078656 -0.089802 10.735083 -0.136793 
362 0.233134 0.000000 0.135105 103.203910 -0.058444 9.567031 -0.074258 
363 0.196498 0.000000 0.101329 103.633722 0.043960 14.124581 -0.093945 
364 0.184287 0.000000 0.101329 103.993749 0.110591 14.173838 -0.101561 
365 0.196498 0.000000 0.090070 103.617821 0.043465 14.123042 -0.093611 
366 0.208710 0.000000 0.101329 104.776999 -0.014110 12.811819 -0.114236 
367 0.196498 0.000000 0.112587 103.939547 0.087636 12.528859 -0.096041 
368 0.306404 0.000000 -0.045035 30.122970 0.050564 -1.116590 0.909136 
369 0.355251 0.000000 -0.045035 21.879133 0.014631 -0.716919 0.952079 
370 0.306404 0.000000 0.000000 30.301526 0.028472 0.058851 0.908181 
371 0.281981 0.000000 -0.112587 103.960043 0.041170 -8.349490 -0.087741 
372 0.281981 0.000000 -0.135105 103.860602 0.147200 -1.619641 -0.078967 
373 0.306404 0.000000 -0.112587 105.458048 0.021549 -6.420172 -0.116262 
374 0.281981 0.000000 -0.090070 103.797130 0.037418 -8.674605 -0.084909 
375 0.281981 0.000000 -0.067552 32.261309 0.083871 -3.583174 0.894636 
376 0.257557 0.000000 -0.067552 43.027546 -0.038863 -5.176526 0.812183 
377 0.306404 0.000000 -0.067552 30.027829 0.043186 -1.487523 0.909611 
378 0.281981 0.000000 -0.045035 34.442292 0.007244 -2.278315 0.880854 
379 0.269769 0.000000 -0.101329 103.258035 0.013358 -9.969427 -0.076161 
380 0.257557 0.000000 -0.101329 103.504076 -0.021497 -10.224668 -0.081764 
381 0.269769 0.000000 -0.112587 103.089158 0.027082 -10.182710 -0.073106 
382 0.281981 0.000000 -0.101329 103.453476 0.049538 -9.475953 -0.079242 
383 0.269769 0.000000 -0.090070 103.222995 0.010113 -10.196231 -0.075895 
384 0.306404 0.000000 0.045035 30.038848 0.034463 1.147342 0.909635 
385 0.355251 0.000000 0.045035 21.859169 -0.010533 0.854758 0.952145 
386 0.281981 0.000000 0.112587 106.119215 0.043643 8.789423 -0.133854 
387 0.281981 0.000000 0.090070 106.028362 0.028286 9.126884 -0.132531 
388 0.306404 0.000000 0.112587 107.161733 -0.011049 6.786524 -0.152969 
389 0.281981 0.000000 0.135105 105.951626 -0.057857 8.080039 -0.129104 
390 0.281981 0.000000 0.067552 32.230105 0.077738 3.680437 0.894767 
391 0.257557 0.000000 0.067552 43.229638 -0.109957 5.233708 0.810379 
392 0.281981 0.000000 0.045035 34.440121 0.029490 2.384373 0.880819 
393 0.306404 0.000000 0.067552 29.956315 -0.001197 1.520088 0.910031 
394 0.269769 0.000000 0.101329 105.781649 -0.041100 10.471175 -0.129940 
395 0.257557 0.000000 0.101329 106.108379 -0.091625 10.738073 -0.137430 
396 0.269769 0.000000 0.090070 105.784267 -0.045841 10.705111 -0.130491 
397 0.281981 0.000000 0.101329 105.780535 0.068691 9.948866 -0.128851 
398 0.269769 0.000000 0.112587 105.623837 -0.018236 10.688727 -0.127064 
399 0.746027 0.000000 -1.080837 100.054211 -0.146248 6.971941 -0.005947 
400 0.746027 0.000000 -1.441116 99.788952 -0.004772 6.920276 -0.000573 
401 1.136804 0.000000 -1.080837 99.876680 -0.077626 6.861024 -0.002243 
402 0.550639 0.000000 -0.540419 99.687912 -0.199451 6.790239 0.001617 
403 0.550639 0.000000 -0.720558 100.100543 0.016383 6.829015 -0.006675 
404 0.746027 0.000000 -0.540419 99.837851 -0.033038 6.832131 -0.001428 
405 0.452945 0.000000 -0.270209 100.340688 -0.027073 6.606211 -0.011190 
406 0.452945 0.000000 -0.360279 100.229513 0.035736 6.614121 -0.008970 
407 0.550639 0.000000 -0.270209 104.378110 -0.046280 1.859927 -0.089825 
408 0.404098 0.000000 -0.135105 94.673635 -0.049265 0.454779 0.103669 
409 0.404098 0.000000 -0.180140 103.335048 0.023766 5.791513 -0.071167 
410 0.452945 0.000000 -0.135105 97.672020 -0.040716 2.219995 0.045525 
411 0.404098 0.000000 -0.090070 98.776109 -0.038058 -1.089909 0.024209 
412 0.330828 0.000000 -0.112587 105.259509 0.032741 -6.410626 -0.112066 
413 0.330828 0.000000 -0.135105 102.486275 0.082845 -0.922521 -0.050429 
414 0.355251 0.000000 -0.112587 105.701724 0.032043 -4.585923 -0.119389 
415 0.330828 0.000000 -0.090070 105.256816 0.031555 -6.410451 -0.112009 
416 0.746027 0.000000 1.080837 99.606162 -0.001409 6.916602 0.003077 
417 1.136804 0.000000 1.080837 99.715236 -0.030494 6.824810 0.001029 
418 0.746027 0.000000 1.441116 99.784309 0.125263 6.910312 -0.000468 
419 0.550639 0.000000 0.540419 99.499161 -0.048568 6.530629 0.005727 
420 0.746027 0.000000 0.540419 99.645033 -0.062550 6.535027 0.002816 
421 0.550639 0.000000 0.720558 99.863685 0.024235 6.784401 -0.001878 
422 0.452945 0.000000 0.270209 100.972107 -0.088995 4.941629 -0.021979 
423 0.550639 0.000000 0.270209 104.587763 -0.064024 1.866949 -0.094209 
424 0.452945 0.000000 0.360279 101.335232 0.058980 5.905301 -0.030371 
425 0.404098 0.000000 0.135105 94.879189 -0.041945 0.453158 0.099773 
426 0.404098 0.000000 0.090070 99.158716 0.011750 1.907036 0.016391 
427 0.452945 0.000000 0.135105 97.876691 -0.041123 2.219408 0.041523 
428 0.404098 0.000000 0.180140 104.652772 -0.024945 3.201220 -0.096245 
429 0.330828 0.000000 0.112587 106.949628 -0.028850 6.773719 -0.148411 
430 0.330828 0.000000 0.090070 106.947302 -0.029681 6.773576 -0.148361 
431 0.355251 0.000000 0.112587 106.951663 0.017191 4.909033 -0.146276 
432 0.330828 0.000000 0.135105 104.344491 0.057253 6.869560 -0.093497 
433 0.404098 0.000000 -0.045035 22.899159 0.020032 1.295104 0.947395 
434 0.452945 0.000000 -0.045035 98.839641 -0.031751 4.442185 0.021099 
435 0.404098 0.000000 0.000000 24.745356 0.008832 0.012749 0.938767 
436 0.379675 0.000000 -0.112587 104.772958 -0.016958 -2.105297 -0.098181 
437 0.379675 0.000000 -0.135105 105.362777 0.068205 2.524717 -0.110769 
438 0.404098 0.000000 -0.112587 97.400162 -0.035791 -1.545331 0.051082 
439 0.379675 0.000000 -0.090070 104.254982 -0.023358 -2.094407 -0.087349 
440 0.330828 0.000000 -0.067552 26.317658 -0.024373 -2.558069 0.930084 
441 0.355251 0.000000 -0.067552 19.630622 0.019122 -1.373077 0.961275 
442 0.330828 0.000000 -0.045035 26.125790 -0.033527 -1.484575 0.931524 
443 0.343039 0.000000 -0.101329 105.403803 0.049502 -6.036605 -0.114640 
444 0.330828 0.000000 -0.101329 105.257723 0.031954 -6.410510 -0.112028 
445 0.343039 0.000000 -0.112587 105.423417 0.045337 -5.930636 -0.114927 
446 0.355251 0.000000 -0.101329 105.705843 0.030096 -4.637205 -0.119523 
447 0.343039 0.000000 -0.090070 105.305233 0.048828 -6.412839 -0.113032 
448 0.404098 0.000000 0.045035 22.862463 -0.003835 -1.270446 0.947569 
449 0.452945 0.000000 0.045035 99.019959 -0.035341 4.442459 0.017531 
450 0.330828 0.000000 0.067552 26.206149 -0.055755 2.641917 0.930625 
451 0.330828 0.000000 0.045035 26.135820 -0.064920 1.632831 0.931425 
452 0.355251 0.000000 0.067552 19.591410 -0.016652 1.506797 0.961391 
453 0.379675 0.000000 0.112587 105.336523 0.021843 2.376463 -0.110143 
454 0.379675 0.000000 0.090070 104.764648 0.023130 2.363886 -0.098122 
455 0.404098 0.000000 0.112587 97.759261 0.011728 2.059891 0.043888 
456 0.379675 0.000000 0.135105 106.250676 -0.108869 2.737305 -0.129671 
457 0.343039 0.000000 0.101329 106.974208 0.000454 6.389472 -0.148431 
458 0.330828 0.000000 0.101329 106.948085 -0.029401 6.773625 -0.148378 
459 0.343039 0.000000 0.090070 106.939007 -0.007252 6.772971 -0.148182 
460 0.355251 0.000000 0.101329 106.964212 0.021656 4.960572 -0.146595 
461 0.343039 0.000000 0.112587 106.966782 0.001705 6.281060 -0.148134 
462 1.527580 0.000000 -0.360279 100.014057 -0.084705 5.491385 -0.003297 
463 1.527580 0.000000 -0.720558 100.135905 0.137333 6.505340 -0.006954 
464 1.918356 0.000000 -0.360279 99.480646 0.082331 5.756716 0.007045 
465 1.527580 0.000000 0.000000 104.673949 0.074080 2.899956 -0.096505 
466 0.941416 0.000000 -0.180140 105.350433 0.035895 4.955118 -0.112327 
467 0.941416 0.000000 -0.360279 99.290251 -0.018575 6.269206 0.010214 
468 1.136804 0.000000 -0.180140 103.848928 0.057006 3.936512 -0.080010 
469 0.941416 0.000000 0.000000 105.870333 0.022453 6.212255 -0.124712 
470 0.648333 0.000000 -0.090070 104.832728 -0.024150 5.636118 -0.102167 
471 0.648333 0.000000 -0.180140 104.940602 -0.017186 4.549430 -0.103323 
472 0.746027 0.000000 -0.090070 105.716708 -0.000829 6.497521 -0.121824 
473 0.648333 0.000000 0.000000 105.170576 -0.017793 6.612749 -0.110458 
474 0.501792 0.000000 -0.135105 99.178623 -0.036702 3.343643 0.015242 
475 0.501792 0.000000 -0.180140 101.100145 -0.042668 2.584998 -0.022792 
476 0.550639 0.000000 -0.135105 104.401111 -0.030034 5.865222 -0.093399 
477 0.501792 0.000000 -0.090070 99.160207 -0.032335 4.479151 0.014719 
478 0.428522 0.000000 -0.112587 91.994806 -0.038078 -0.580463 0.153662 
479 0.428522 0.000000 -0.135105 97.595714 -0.044826 1.263575 0.047348 
480 0.452945 0.000000 -0.112587 97.323969 -0.040661 2.272533 0.052288 
481 0.428522 0.000000 -0.090070 94.217715 -0.039535 0.217783 0.112297 
482 0.379675 0.000000 -0.067552 21.001166 0.027676 0.468188 0.955873 
483 0.404098 0.000000 -0.067552 94.684019 -0.043572 1.060839 0.103381 
484 0.379675 0.000000 -0.045035 21.473695 -0.008483 0.191694 0.953884 
485 0.391886 0.000000 -0.101329 101.599925 -0.033849 -1.862743 -0.032602 
486 0.379675 0.000000 -0.101329 104.794700 -0.016934 -2.105760 -0.098636 
487 0.391886 0.000000 -0.112587 101.485712 -0.033780 -1.834146 -0.030272 
488 0.404098 0.000000 -0.101329 97.482794 -0.035738 -1.567176 0.049465 
489 0.391886 0.000000 -0.090070 101.808794 -0.032777 -1.599644 -0.036759 
490 0.379675 0.000000 0.067552 21.005167 0.004033 -0.386095 0.955863 
491 0.379675 0.000000 0.045035 21.476709 -0.029193 -0.141284 0.953873 
492 0.404098 0.000000 0.067552 94.889781 -0.035480 1.055024 0.099482 
493 1.527580 0.000000 0.360279 99.373113 0.061807 5.209444 0.009784 
494 1.918356 0.000000 0.360279 99.726091 0.149010 4.493634 0.003449 
495 1.527580 0.000000 0.720558 99.415518 -0.033353 6.376764 0.007589 
496 0.941416 0.000000 0.180140 106.667079 0.019545 4.980453 -0.140267 
497 1.136804 0.000000 0.180140 106.765722 0.037500 3.992053 -0.141486 
498 0.941416 0.000000 0.360279 99.908300 -0.085066 6.243699 -0.002066 
499 0.648333 0.000000 0.090070 104.975530 -0.032000 5.650976 -0.105180 
500 0.746027 0.000000 0.090070 105.840451 -0.006870 6.508537 -0.124456 
501 0.648333 0.000000 0.180140 105.207225 -0.031021 4.571261 -0.108946 
502 0.501792 0.000000 0.135105 99.376642 -0.039468 3.351720 0.011305 
503 0.501792 0.000000 0.090070 99.325049 -0.034793 4.476097 0.011450 
504 0.550639 0.000000 0.135105 104.568791 -0.041049 5.884434 -0.096926 
505 0.501792 0.000000 0.180140 101.311327 -0.049321 2.597089 -0.027073 
506 0.428522 0.000000 0.112587 92.261347 -0.038991 1.690764 0.148498 
507 0.428522 0.000000 0.090070 94.462670 -0.036208 1.770604 0.107367 
508 0.452945 0.000000 0.112587 97.527090 -0.039948 2.274084 0.048329 
509 0.428522 0.000000 0.135105 97.802691 -0.044538 1.262028 0.043304 
510 0.391886 0.000000 0.101329 102.079389 0.026178 2.179576 -0.042495 
511 0.379675 0.000000 0.101329 105.354751 0.021534 2.376854 -0.110527 
512 0.391886 0.000000 0.090070 102.273745 0.015948 1.990418 -0.046388 
513 0.404098 0.000000 0.101329 97.844359 0.012452 2.070293 0.042220 
514 0.391886 0.000000 0.112587 101.958329 0.024921 2.158060 -0.040016 
515 1.332192 0.000000 -0.180140 105.164360 0.075786 2.388377 -0.106525 
516 1.332192 0.000000 -0.360279 100.099658 -0.116220 5.630487 -0.005166 
517 1.527580 0.000000 -0.180140 105.374916 0.045838 2.454282 -0.110990 
518 1.332192 0.000000 0.000000 104.050051 0.064913 3.139858 -0.083628 
519 1.332192 0.000000 0.180140 104.104441 0.091782 1.964006 -0.084160 
520 1.527580 0.000000 0.180140 104.708813 0.127754 2.043825 -0.096813 
521 1.332192 0.000000 0.360279 99.843605 -0.100235 5.031955 0.000592 
522 1.234498 0.000000 -0.090070 98.333569 0.038781 1.147172 0.032919 
523 1.136804 0.000000 -0.090070 102.386110 0.038866 4.399848 -0.050228 
524 1.234498 0.000000 -0.180140 101.825191 0.073797 0.663886 -0.036882 
525 1.332192 0.000000 -0.090070 101.359260 0.057346 1.716386 -0.027665 
526 1.234498 0.000000 0.000000 57.437262 0.011592 0.377398 0.670082 
527 1.234498 0.000000 0.090070 99.234225 0.034460 1.112165 0.015133 
528 1.136804 0.000000 0.090070 103.658153 0.029128 4.400614 -0.076438 
529 1.332192 0.000000 0.090070 101.020415 0.052176 1.645584 -0.020783 
530 1.234498 0.000000 0.180140 103.542912 0.047030 0.660815 -0.072157 
531 4.263014 0.000000 -8.646699 99.755609 -0.006287 6.972068 0.000021 
532 4.263014 0.000000 -11.528932 99.755715 0.000064 6.973709 0.000016 
533 7.389224 0.000000 -8.646699 99.756138 -0.002255 6.971698 0.000011 
534 2.699909 0.000000 -4.323349 99.757871 -0.035353 6.962929 -0.000012 
535 2.699909 0.000000 -5.764466 99.752910 -0.028138 6.967901 0.000080 
536 4.263014 0.000000 -4.323349 99.760223 -0.019091 6.963257 -0.000059 
537 1.918356 0.000000 -2.161675 99.817206 0.154659 6.925703 -0.001146 
538 1.918356 0.000000 -2.882233 99.789332 0.094242 6.948800 -0.000621 
539 2.699909 0.000000 -2.161675 99.786145 0.057978 6.932888 -0.000534 
540 1.527580 0.000000 -1.080837 99.841022 0.014798 6.750149 -0.001379 
541 1.527580 0.000000 -1.441116 99.806060 -0.007095 6.851392 -0.000819 
542 1.918356 0.000000 -1.080837 100.067353 0.059496 6.745757 -0.005898 
543 1.332192 0.000000 -0.540419 99.910502 0.070519 6.254013 -0.002123 
544 1.136804 0.000000 -0.540419 99.717340 0.029856 6.207075 0.001792 
545 1.332192 0.000000 -0.720558 100.204799 -0.002598 6.572715 -0.008420 
546 1.527580 0.000000 -0.540419 100.204731 -0.017957 6.413497 -0.008212 
547 1.234498 0.000000 -0.270209 100.217285 0.019346 4.484492 -0.006362 
548 1.136804 0.000000 -0.270209 104.232870 0.091642 0.941634 -0.086539 
549 1.234498 0.000000 -0.360279 99.896019 0.108912 5.514190 -0.000963 
550 1.332192 0.000000 -0.270209 105.324103 0.120599 0.647666 -0.109360 
551 10.515434 0.000000 -2.882233 99.758130 0.000641 6.947479 0.000005 
552 10.515434 0.000000 -5.764466 99.756718 -0.000304 6.967231 0.000005 
553 13.641644 0.000000 -2.882233 99.758067 0.000911 6.950641 0.000002 
554 10.515434 0.000000 0.000000 99.817672 0.008215 6.097010 -0.000074 
555 5.826119 0.000000 -1.441116 99.762960 -0.000814 6.862241 0.000026 
556 5.826119 0.000000 -2.882233 99.759006 -0.007094 6.944480 -0.000009 
557 7.389224 0.000000 -1.441116 99.762591 -0.001759 6.873279 0.000018 
558 5.826119 0.000000 0.000000 99.988147 0.012042 3.638984 -0.001087 
559 3.481461 0.000000 -0.720558 99.780398 0.009072 6.521507 0.000134 
560 3.481461 0.000000 -1.441116 99.768654 0.022980 6.857144 -0.000081 
561 4.263014 0.000000 -0.720558 99.782314 0.011469 6.568044 0.000035 
562 3.481461 0.000000 0.000000 100.104482 -0.004395 1.760425 -0.002401 
563 2.309132 0.000000 -0.360279 98.631488 -0.183979 4.664464 0.025004 
564 2.309132 0.000000 -0.720558 99.709268 0.020577 6.570109 0.001490 
565 2.699909 0.000000 -0.360279 99.899414 0.021877 5.311136 -0.000810 
566 2.309132 0.000000 0.000000 174.204981 0.003062 1.156670 -2.034871 
567 1.722968 0.000000 -0.180140 105.306194 0.028547 2.255362 -0.109448 
568 1.722968 0.000000 -0.360279 99.813509 0.210745 5.647606 0.000532 
569 1.918356 0.000000 -0.180140 104.784076 0.055750 2.346604 -0.098521 
570 1.722968 0.000000 0.000000 105.201110 0.120568 2.651167 -0.107432 
571 1.429886 0.000000 -0.090070 104.744052 0.076386 2.223326 -0.097627 
572 1.429886 0.000000 -0.180140 105.095432 0.068221 2.237510 -0.105006 
573 1.527580 0.000000 -0.090070 105.043268 0.067555 2.315193 -0.103945 
574 1.429886 0.000000 0.000000 104.049313 0.064900 3.140558 -0.083613 
575 1.283345 0.000000 -0.135105 99.916935 0.046944 1.273529 0.001498 
576 1.234498 0.000000 -0.135105 98.779685 0.043441 1.041782 0.024149 
577 1.283345 0.000000 -0.180140 101.786943 0.069858 0.988131 -0.036156 
578 1.332192 0.000000 -0.135105 101.681810 0.052979 2.047239 -0.034338 
579 1.283345 0.000000 -0.090070 99.242457 0.040470 1.348067 0.014912 
580 10.515434 0.000000 2.882233 99.761028 -0.000353 6.908465 0.000001 
581 13.641644 0.000000 2.882233 99.762158 -0.001270 6.893415 -0.000001 
582 10.515434 0.000000 5.764466 99.757347 0.000649 6.962593 -0.000001 
583 5.826119 0.000000 1.441116 99.772628 0.001302 6.720556 0.000026 
584 7.389224 0.000000 1.441116 99.777895 -0.002801 6.663699 -0.000003 
585 5.826119 0.000000 2.882233 99.757536 0.003406 6.926741 0.000045 
586 3.481461 0.000000 0.720558 99.796190 -0.007882 6.089232 0.000364 
587 4.263014 0.000000 0.720558 99.822414 -0.005348 5.914337 0.000051 
588 3.481461 0.000000 1.441116 99.745784 -0.019170 6.792092 0.000465 
589 2.309132 0.000000 0.360279 98.338884 -0.122628 5.096001 0.030348 
590 2.699909 0.000000 0.360279 99.963755 0.005653 4.206765 -0.001045 
591 2.309132 0.000000 0.720558 99.237081 -0.001160 6.318002 0.011208 
592 1.722968 0.000000 0.180140 105.281985 0.189109 2.099323 -0.108874 
593 1.918356 0.000000 0.180140 104.883296 0.614157 2.258655 -0.100598 
594 1.722968 0.000000 0.360279 99.437408 0.129355 4.916150 0.008802 
595 1.429886 0.000000 0.090070 104.159480 0.091454 2.118761 -0.085369 
596 1.527580 0.000000 0.090070 104.608331 0.071350 2.244020 -0.094794 
597 1.429886 0.000000 0.180140 104.138025 0.079732 1.902783 -0.084836 
598 4.263014 0.000000 8.646699 99.757763 0.006840 6.971165 -0.000021 
599 7.389224 0.000000 8.646699 99.757058 0.002724 6.970618 -0.000006 
600 4.263014 0.000000 11.528932 99.757379 -0.000273 6.973392 -0.000016 
601 2.699909 0.000000 4.323349 99.758127 0.035884 6.957097 -0.000009 
602 4.263014 0.000000 4.323349 99.753117 0.014751 6.958028 0.000090 
603 2.699909 0.000000 5.764466 99.763608 0.024467 6.965171 -0.000129 
604 1.918356 0.000000 2.161675 99.742378 -0.099021 6.891657 0.000395 
605 2.699909 0.000000 2.161675 99.722585 -0.049851 6.902922 0.000775 
606 1.918356 0.000000 2.882233 99.737335 -0.084302 6.933765 0.000438 
607 1.527580 0.000000 1.080837 99.643196 0.097101 6.651480 0.002698 
608 1.918356 0.000000 1.080837 99.526592 0.038257 6.621132 0.005062 
609 1.527580 0.000000 1.441116 99.746107 0.023494 6.814107 0.000428 
610 1.332192 0.000000 0.540419 99.374919 -0.005026 6.076356 0.008770 
611 1.136804 0.000000 0.540419 99.667129 0.027012 6.362939 0.002598 
612 1.527580 0.000000 0.540419 99.315143 -0.031958 6.001627 0.010048 
613 1.332192 0.000000 0.720558 99.489915 0.017438 6.457860 0.006005 
614 1.234498 0.000000 0.270209 100.924064 0.013372 4.579333 -0.020664 
615 1.136804 0.000000 0.270209 106.391715 0.054193 0.937967 -0.132008 
616 1.332192 0.000000 0.270209 104.108857 0.092872 0.624943 -0.083905 
617 1.234498 0.000000 0.360279 100.404541 0.101929 5.427565 -0.011054 
618 1.283345 0.000000 0.135105 99.705399 0.051111 1.102540 0.005762 
619 1.234498 0.000000 0.135105 99.731029 0.035533 1.014882 0.005269 
620 1.283345 0.000000 0.090070 99.173085 0.044317 1.181673 0.016330 
621 1.332192 0.000000 0.135105 101.186221 0.058315 1.793533 -0.024187 
622 1.283345 0.000000 0.180140 101.219903 0.072180 0.898508 -0.024628 
623 2.113744 0.000000 -0.180140 103.529246 0.114062 6.822536 -0.076486 
624 2.113744 0.000000 -0.360279 99.776039 0.015604 6.012687 0.000859 
625 2.309132 0.000000 -0.180140 97.931774 -0.178775 -2.565153 0.040276 
626 2.113744 0.000000 0.000000 96.104244 -0.142711 -0.443331 0.076376 
627 2.113744 0.000000 0.180140 102.560936 0.120587 -3.285140 -0.052955 
628 2.309132 0.000000 0.180140 97.622987 -0.244761 6.888068 0.042225 
629 2.113744 0.000000 0.360279 99.565480 -0.064559 3.518236 0.007433 
630 2.016050 0.000000 -0.090070 103.581494 0.128526 1.548129 -0.073154 
631 1.918356 0.000000 -0.090070 104.717834 0.125712 2.473548 -0.097196 
632 2.016050 0.000000 -0.180140 104.067949 0.125014 0.703691 -0.083065 
633 2.113744 0.000000 -0.090070 111.164787 0.109568 11.671014 -0.249383 
634 2.016050 0.000000 0.000000 104.905294 0.179846 2.690728 -0.101239 
635 2.016050 0.000000 0.090070 104.491999 0.059437 1.426359 -0.092062 
636 1.918356 0.000000 0.090070 104.825099 0.494660 2.555483 -0.099508 
637 2.113744 0.000000 0.090070 108.832441 0.027947 -11.344830 -0.197321 
638 2.016050 0.000000 0.180140 104.942006 0.239434 0.809690 -0.101354 
639 2.309132 0.000000 -1.080837 99.976836 -0.026122 6.841435 -0.004217 
640 2.309132 0.000000 -1.441116 99.818202 -0.041676 6.878924 -0.001099 
641 2.699909 0.000000 -1.080837 99.773635 0.002529 6.781194 -0.000076 
642 2.113744 0.000000 -0.540419 99.346552 0.069689 6.369481 0.008969 
643 1.918356 0.000000 -0.540419 99.833368 0.160852 6.223929 -0.000546 
644 2.113744 0.000000 -0.720558 99.941996 0.019910 6.658390 -0.003274 
645 2.309132 0.000000 -0.540419 99.569888 -0.001528 6.228322 0.004705 
646 2.016050 0.000000 -0.270209 100.416294 0.066230 4.595315 -0.010455 
647 1.918356 0.000000 -0.270209 104.728478 0.073971 1.194681 -0.096949 
648 2.016050 0.000000 -0.360279 100.007836 0.074981 5.606263 -0.003300 
649 2.113744 0.000000 -0.270209 100.147661 0.017534 5.943464 -0.006488 
650 3.090685 0.000000 -0.360279 99.850341 -0.033343 5.493477 -0.000027 
651 3.090685 0.000000 -0.720558 99.806212 -0.030836 6.537026 -0.000401 
652 3.481461 0.000000 -0.360279 99.839824 0.011422 5.603011 0.000062 
653 3.090685 0.000000 0.000000 100.110290 -0.000128 1.606895 -0.002465 
654 2.504521 0.000000 -0.180140 100.682300 -0.088495 2.509054 -0.014323 
655 2.504521 0.000000 -0.360279 99.887226 -0.037828 5.023420 -0.000269 
656 2.699909 0.000000 -0.180140 100.077449 -0.024201 3.160997 -0.002549 
657 2.504521 0.000000 0.000000 101.490881 -0.013381 1.269220 -0.030201 
658 2.211438 0.000000 -0.090070 88.830339 -0.067725 16.120637 0.184929 
659 2.211438 0.000000 -0.180140 93.233728 0.013713 6.833656 0.126077 
660 2.309132 0.000000 -0.090070 122.704638 -0.000230 -19.978703 -0.545558 
661 2.211438 0.000000 0.000000 214.677922 0.027786 -0.145510 -3.608663 
662 2.064897 0.000000 -0.135105 103.711910 0.144118 0.527614 -0.075646 
663 2.016050 0.000000 -0.135105 103.528463 0.129926 1.524529 -0.072048 
664 2.064897 0.000000 -0.180140 103.938815 0.041605 3.620898 -0.081639 
665 2.113744 0.000000 -0.135105 108.495932 0.165856 8.554033 -0.184457 
666 2.064897 0.000000 -0.090070 103.250442 0.188867 3.352383 -0.067193 
667 3.090685 0.000000 0.360279 99.926381 -0.051811 3.833695 0.000002 
668 3.481461 0.000000 0.360279 99.986373 -0.009267 3.398803 -0.000883 
669 3.090685 0.000000 0.720558 99.750822 -0.073787 6.203536 0.001128 
670 2.504521 0.000000 0.180140 100.802417 -0.067760 1.904732 -0.016476 
671 2.699909 0.000000 0.180140 100.215734 -0.063971 1.342054 -0.004500 
672 2.504521 0.000000 0.360279 99.791277 -0.078114 4.748678 0.001914 
673 2.211438 0.000000 0.090070 87.027579 0.035275 -15.736811 0.217855 
674 2.309132 0.000000 0.090070 122.382360 -0.013332 22.706099 -0.549301 
675 2.211438 0.000000 0.180140 92.515127 -0.011075 -3.021926 0.143182 
676 2.309132 0.000000 1.080837 99.488608 -0.046665 6.675994 0.005745 
677 2.699909 0.000000 1.080837 99.633051 -0.065080 6.697279 0.002840 
678 2.309132 0.000000 1.441116 99.694486 -0.003749 6.793588 0.001486 
679 2.113744 0.000000 0.540419 98.704141 0.006261 5.562745 0.022655 
680 1.918356 0.000000 0.540419 99.209956 0.063223 5.714291 0.012473 
681 2.309132 0.000000 0.540419 99.102248 -0.080918 5.817429 0.014490 
682 2.113744 0.000000 0.720558 99.456590 -0.011891 6.176236 0.007024 
683 2.016050 0.000000 0.270209 101.018232 0.051038 2.886932 -0.021302 
684 1.918356 0.000000 0.270209 105.321360 0.344163 1.375592 -0.109460 
685 2.113744 0.000000 0.270209 99.953011 -0.034663 1.189232 0.000798 
686 2.016050 0.000000 0.360279 100.197071 0.070778 4.143119 -0.005662 
687 2.064897 0.000000 0.135105 104.742467 0.111237 0.592958 -0.097135 
688 2.016050 0.000000 0.135105 104.458134 0.074571 1.412351 -0.091350 
689 2.064897 0.000000 0.090070 103.807457 0.115303 -2.137654 -0.078057 
690 2.113744 0.000000 0.135105 106.790725 0.125792 -6.989399 -0.145313 
691 2.064897 0.000000 0.180140 103.297440 0.041215 -0.342751 -0.067048 
692 2.211438 0.000000 -0.270209 95.921993 -0.021269 5.597155 0.076764 
693 2.211438 0.000000 -0.360279 98.291877 0.007284 5.636058 0.030694 
694 2.309132 0.000000 -0.270209 97.655235 0.086669 2.598441 0.045670 
695 2.162591 0.000000 -0.135105 100.499117 0.113330 11.642677 -0.023564 
696 2.162591 0.000000 -0.180140 99.011431 0.083676 8.347747 0.012704 
697 2.211438 0.000000 -0.135105 90.760071 -0.043138 10.706428 0.164798 
698 2.162591 0.000000 -0.090070 101.993267 -0.036621 16.239067 -0.066634 
699 2.064897 0.000000 -0.045035 103.620606 0.147179 0.472585 -0.073748 
700 2.016050 0.000000 -0.045035 103.891433 0.130761 2.339638 -0.079892 
701 2.113744 0.000000 -0.045035 93.184824 -0.147543 4.214116 0.129881 
702 2.064897 0.000000 0.000000 82.347457 -0.005084 -0.497354 0.321865 
703 2.089321 0.000000 -0.112587 109.047176 0.186044 5.854980 -0.192560 
704 2.064897 0.000000 -0.112587 104.466087 0.202444 4.583775 -0.093422 
705 2.089321 0.000000 -0.135105 103.376569 0.178938 0.171364 -0.068678 
706 2.113744 0.000000 -0.112587 111.245191 0.110044 11.534277 -0.250854 
707 2.089321 0.000000 -0.090070 108.726230 0.184594 5.562335 -0.185237 
708 2.064897 0.000000 0.045035 104.700036 0.097660 0.523258 -0.096238 
709 2.016050 0.000000 0.045035 104.571228 0.051694 2.344847 -0.094064 
710 2.113744 0.000000 0.045035 94.537755 -0.145810 -5.073004 0.103686 
711 2.211438 0.000000 0.270209 95.313043 -0.189742 1.733637 0.091238 
712 2.309132 0.000000 0.270209 97.345021 -0.111871 4.864032 0.050028 
713 2.211438 0.000000 0.360279 98.211173 -0.106746 3.900199 0.033934 
714 2.162591 0.000000 0.135105 99.475554 0.028974 -9.945531 0.000570 
715 2.162591 0.000000 0.090070 100.410256 -0.108671 -15.917343 -0.033559 
716 2.211438 0.000000 0.135105 89.804586 -0.103767 -8.720625 0.185908 
717 2.162591 0.000000 0.180140 98.195842 0.092358 -4.690528 0.033557 
718 2.089321 0.000000 0.112587 107.329910 0.158326 -5.508183 -0.155007 
719 2.064897 0.000000 0.112587 104.274536 0.158592 -3.872799 -0.088820 
720 2.089321 0.000000 0.090070 107.179258 0.155040 -5.174359 -0.151419 
721 2.113744 0.000000 0.112587 108.905688 0.029965 -11.210177 -0.198612 
722 2.089321 0.000000 0.135105 104.544839 0.123627 0.196393 -0.092968 
723 2.162591 0.000000 -0.045035 137.112717 -0.141332 9.434438 -0.888893 
724 2.211438 0.000000 -0.045035 214.124571 0.002481 15.351484 -3.608500 
725 2.162591 0.000000 0.000000 139.853805 -0.208173 -0.348884 -0.955925 
726 2.138168 0.000000 -0.112587 106.730806 0.021502 15.820873 -0.164177 
727 2.138168 0.000000 -0.135105 104.386473 0.180867 10.945639 -0.101638 
728 2.162591 0.000000 -0.112587 101.253811 -0.003739 14.660152 -0.046725 
729 2.138168 0.000000 -0.090070 106.520804 0.003591 15.790234 -0.159601 
730 2.089321 0.000000 -0.067552 103.376098 0.178891 0.172491 -0.068668 
731 2.064897 0.000000 -0.067552 103.352449 0.134286 1.427764 -0.068379 
732 2.113744 0.000000 -0.067552 89.771786 -0.026885 6.408023 0.189996 
733 2.089321 0.000000 -0.045035 82.877697 0.009712 1.601897 0.312872 
734 2.101533 0.000000 -0.101329 111.973876 0.141798 8.448380 -0.260954 
735 2.089321 0.000000 -0.101329 109.810903 0.181848 6.154591 -0.209635 
736 2.101533 0.000000 -0.112587 112.335842 0.141929 7.769324 -0.267972 
737 2.113744 0.000000 -0.101329 111.104687 0.107278 12.047427 -0.248940 
738 2.101533 0.000000 -0.090070 112.307941 0.136319 8.377393 -0.268327 
739 2.162591 0.000000 0.045035 137.572009 -0.085705 -10.044441 -0.902696 
740 2.211438 0.000000 0.045035 214.345383 0.040839 -15.678744 -3.618977 
741 2.089321 0.000000 0.067552 104.544760 0.123616 0.197675 -0.092966 
742 2.064897 0.000000 0.067552 104.415547 -0.012002 1.463351 -0.090475 
743 2.089321 0.000000 0.045035 84.766426 0.020423 -2.620540 0.280779 
744 2.113744 0.000000 0.067552 91.880457 -0.087648 -7.160441 0.150670 
745 2.138168 0.000000 0.112587 104.876939 -0.100143 -15.470955 -0.123853 
746 2.138168 0.000000 0.090070 104.716579 -0.101735 -15.448148 -0.120422 
747 2.162591 0.000000 0.112587 99.893359 -0.129056 -13.985118 -0.017428 
748 2.138168 0.000000 0.135105 103.108011 0.118461 -9.274861 -0.071730 
749 2.101533 0.000000 0.101329 109.535775 0.088942 -8.174647 -0.206492 
750 2.089321 0.000000 0.101329 107.871723 0.152852 -5.839091 -0.167043 
751 2.101533 0.000000 0.090070 109.841016 0.089712 -8.104773 -0.213074 
752 2.113744 0.000000 0.101329 108.778119 0.026866 -11.713037 -0.196988 
753 2.101533 0.000000 0.112587 109.903502 0.096257 -7.506127 -0.213513 
754 2.138168 0.000000 -0.067552 109.355701 -0.155027 10.683037 -0.207282 
755 2.162591 0.000000 -0.067552 134.313952 -0.119342 14.143405 -0.824029 
756 2.138168 0.000000 -0.045035 111.632344 -0.173621 7.091265 -0.251210 
757 2.125956 0.000000 -0.101329 107.659140 0.087717 15.609688 -0.183416 
758 2.125956 0.000000 -0.112587 108.582120 0.083697 14.915357 -0.201255 
759 2.138168 0.000000 -0.101329 106.593172 0.008105 15.800323 -0.161175 
760 2.125956 0.000000 -0.090070 108.495604 0.081522 14.972238 -0.199547 
761 2.138168 0.000000 0.067552 110.512243 -0.170897 -11.309192 -0.234088 
762 2.138168 0.000000 0.045035 112.486854 -0.186936 -7.807977 -0.271429 
763 2.162591 0.000000 0.067552 135.142538 -0.180452 -14.720676 -0.848024 
764 2.125956 0.000000 0.101329 105.675185 -0.070220 -15.245231 -0.139967 
765 2.125956 0.000000 0.090070 106.433977 -0.046590 -14.610173 -0.154165 
766 2.138168 0.000000 0.101329 104.769665 -0.102174 -15.455248 -0.121556 
767 2.125956 0.000000 0.112587 106.511039 -0.044073 -14.553146 -0.155640 
768 2.406827 0.000000 -0.090070 104.585543 -0.097623 -0.070589 -0.093815 
769 2.406827 0.000000 -0.180140 101.695313 0.023147 1.210014 -0.034340 
770 2.504521 0.000000 -0.090070 101.247609 -0.021639 1.553663 -0.025349 
771 2.406827 0.000000 0.000000 106.682787 -0.146330 1.164660 -0.138259 
772 2.260285 0.000000 -0.135105 80.455494 -0.052771 -1.251602 0.352534 
773 2.260285 0.000000 -0.180140 90.459311 -0.128993 0.968969 0.181616 
774 2.309132 0.000000 -0.135105 101.591396 -0.130503 -9.369466 -0.040862 
775 2.260285 0.000000 -0.090070 60.954307 0.165432 10.101608 0.618250 
776 2.187015 0.000000 -0.112587 97.560724 -0.059790 15.130366 0.025297 
777 2.187015 0.000000 -0.135105 96.983555 0.018892 11.717550 0.045689 
778 2.211438 0.000000 -0.112587 87.492952 -0.063972 15.601592 0.210157 
779 2.187015 0.000000 -0.090070 93.377748 -0.054317 17.089337 0.098855 
780 2.150380 0.000000 -0.101329 105.760152 -0.031205 15.679347 -0.143105 
781 2.150380 0.000000 -0.112587 106.168163 -0.025128 15.739168 -0.151940 
782 2.162591 0.000000 -0.101329 102.493391 -0.038913 15.997544 -0.076082 
783 2.150380 0.000000 -0.090070 105.687841 -0.031494 15.668423 -0.141542 
784 2.406827 0.000000 0.090070 104.580827 -0.225891 2.665612 -0.094431 
785 2.504521 0.000000 0.090070 101.316814 -0.039269 1.166799 -0.026646 
786 2.406827 0.000000 0.180140 101.693673 -0.028972 3.250452 -0.035217 
787 2.260285 0.000000 0.135105 79.363808 0.012717 3.837998 0.368666 
788 2.260285 0.000000 0.090070 58.757792 -0.133169 -9.687524 0.645366 
789 2.309132 0.000000 0.135105 101.247323 -0.109146 12.448577 -0.040600 
790 2.260285 0.000000 0.180140 89.834121 -0.184604 3.121163 0.192005 
791 2.187015 0.000000 0.112587 96.259669 -0.111130 -14.310064 0.052929 
792 2.187015 0.000000 0.090070 91.780177 -0.057473 -16.739641 0.129618 
793 2.211438 0.000000 0.112587 86.239846 -0.074012 -14.609255 0.234925 
794 2.187015 0.000000 0.135105 96.099320 -0.035822 -9.916229 0.066659 
795 2.150380 0.000000 0.101329 104.087661 -0.103541 -15.358000 -0.107012 
796 2.150380 0.000000 0.090070 104.018980 -0.103963 -15.347683 -0.105551 
797 2.162591 0.000000 0.101329 100.922660 -0.109659 -15.682035 -0.043132 
798 2.150380 0.000000 0.112587 104.449076 -0.103600 -15.410470 -0.114710 
799 2.260285 0.000000 -0.045035 311.007387 0.133652 6.421147 -8.676684 
800 2.309132 0.000000 -0.045035 160.850304 -0.001938 -16.359134 -1.614044 
801 2.260285 0.000000 0.000000 285.195422 0.020967 0.445137 -7.133663 
802 2.187015 0.000000 -0.067552 165.456905 -0.079551 18.528412 -1.771930 
803 2.211438 0.000000 -0.067552 213.127119 -0.011436 25.809733 -3.608931 
804 2.187015 0.000000 -0.045035 170.072384 -0.121331 12.506372 -1.908104 
805 2.174803 0.000000 -0.101329 97.402324 -0.038058 16.798636 0.023059 
806 2.174803 0.000000 -0.112587 99.925698 -0.004861 14.471355 -0.019457 
807 2.187015 0.000000 -0.101329 93.258181 -0.049569 17.067518 0.101161 
808 2.174803 0.000000 -0.090070 96.867584 -0.037260 16.864484 0.033226 
809 2.260285 0.000000 0.045035 312.954479 0.016783 -5.702471 -8.797302 
810 2.309132 0.000000 0.045035 161.000955 0.018590 18.926222 -1.627951 
811 2.187015 0.000000 0.067552 165.743115 0.015927 -18.998224 -1.783171 
812 2.187015 0.000000 0.045035 170.171036 0.010417 -13.010272 -1.912745 
813 2.211438 0.000000 0.067552 213.464689 0.045578 -26.212106 -3.625425 
814 2.174803 0.000000 0.101329 95.849422 -0.103599 -16.466496 0.054173 
815 2.174803 0.000000 0.090070 95.314413 -0.103462 -16.530560 0.064189 
816 2.187015 0.000000 0.101329 91.674714 -0.068462 -16.720888 0.131615 
817 2.174803 0.000000 0.112587 98.678818 -0.102808 -13.685074 0.007520 
818 2.235862 0.000000 -0.067552 260.418748 0.083648 24.259540 -5.840646 
819 2.235862 0.000000 -0.090070 66.933870 0.079572 11.089838 0.539687 
820 2.260285 0.000000 -0.067552 59.033286 0.239800 9.784195 0.641928 
821 2.235862 0.000000 -0.045035 260.190431 0.077398 15.011426 -5.792441 
822 2.235862 0.000000 -0.112587 79.503080 -0.045724 9.562161 0.358782 
823 2.235862 0.000000 -0.135105 84.835450 -0.040342 6.588108 0.275954 
824 2.260285 0.000000 -0.112587 65.966367 -0.040056 -0.680872 0.564797 
825 2.223650 0.000000 -0.078811 77.568267 0.015646 13.415292 0.380319 
826 2.211438 0.000000 -0.078811 88.043552 -0.058676 15.931392 0.199452 
827 2.223650 0.000000 -0.090070 77.571961 0.018395 13.298502 0.380574 
828 2.235862 0.000000 -0.078811 66.679263 0.080968 11.047789 0.543182 
829 2.223650 0.000000 -0.067552 241.408065 0.025400 21.013481 -4.871942 
830 2.235862 0.000000 0.067552 261.401272 0.021314 -24.444744 -5.892817 
831 2.235862 0.000000 0.045035 260.777308 0.022658 -14.967509 -5.822883 
832 2.260285 0.000000 0.067552 56.847716 -0.213272 -9.371035 0.668048 
833 2.235862 0.000000 0.090070 64.781579 -0.062229 -10.681497 0.568925 
834 2.235862 0.000000 0.112587 78.001815 -0.017234 -8.182177 0.384877 
835 2.260285 0.000000 0.112587 64.111833 -0.002861 2.559593 0.588312 
836 2.235862 0.000000 0.135105 83.847364 -0.034997 -4.371290 0.295051 
837 2.223650 0.000000 0.078811 75.566201 -0.020049 -13.016136 0.412033 
838 2.211438 0.000000 0.078811 86.225853 0.027850 -15.546049 0.232342 
839 2.223650 0.000000 0.067552 241.913982 0.024539 -21.191415 -4.897145 
840 2.235862 0.000000 0.078811 64.523598 -0.062761 -10.639013 0.572351 
841 2.223650 0.000000 0.090070 75.567030 -0.023577 -12.900998 0.412319 
842 2.357979 0.000000 -0.045035 116.151259 -0.000818 -1.412760 -0.349311 
843 2.357979 0.000000 -0.090070 110.661822 -0.127046 -2.740013 -0.225356 
844 2.406827 0.000000 -0.045035 106.222726 -0.127946 0.568177 -0.128361 
845 2.357979 0.000000 0.000000 118.128824 -0.006375 1.182171 -0.395582 
846 2.284709 0.000000 -0.067552 219.731479 -0.001188 -74.138289 -4.377841 
847 2.284709 0.000000 -0.090070 99.045240 0.019935 -58.412470 -0.322198 
848 2.309132 0.000000 -0.067552 142.526261 0.046902 -21.548157 -1.077806 
849 2.284709 0.000000 -0.045035 250.224478 0.013573 -32.155781 -5.364628 
850 2.248074 0.000000 -0.078811 62.521980 0.126947 10.360920 0.598364 
851 2.248074 0.000000 -0.090070 62.986505 0.119663 10.437696 0.592374 
852 2.260285 0.000000 -0.078811 59.473347 0.216049 9.856688 0.636572 
853 2.248074 0.000000 -0.067552 61.763191 0.140781 10.235479 0.608052 
854 2.357979 0.000000 0.045035 116.100853 -0.031300 3.883771 -0.349449 
855 2.406827 0.000000 0.045035 106.194355 -0.244696 1.915623 -0.128097 
856 2.357979 0.000000 0.090070 110.658843 -0.097530 5.290918 -0.227338 
857 2.284709 0.000000 0.067552 221.117570 0.046729 77.795770 -4.494516 
858 2.284709 0.000000 0.045035 251.749396 0.067721 34.660124 -5.457909 
859 2.309132 0.000000 0.067552 142.450453 0.010063 24.252551 -1.088032 
860 2.284709 0.000000 0.090070 97.633532 0.038448 61.841933 -0.335673 
861 2.248074 0.000000 0.078811 60.324152 -0.094395 -9.946598 0.626205 
862 2.248074 0.000000 0.067552 59.561638 -0.106577 -9.820667 0.635595 
863 2.260285 0.000000 0.078811 57.285704 -0.187729 -9.443658 0.662913 
864 2.248074 0.000000 0.090070 60.792035 -0.088566 -10.023824 0.620384 
865 -8.241827 0.000000 -8.646699 99.756122 -0.000021 6.975604 0.000006 
866 -11.368037 0.000000 -8.646699 99.756266 -0.000008 6.975639 0.000003 
867 -8.241827 0.000000 -11.528932 99.756132 -0.000009 6.975580 0.000006 
868 10.515434 0.000000 -8.646699 99.756416 0.000286 6.971679 0.000005 
869 10.515434 0.000000 -11.528932 99.756303 0.000204 6.973381 0.000005 
870 13.641644 0.000000 -8.646699 99.756533 0.000310 6.971820 0.000003 
871 -8.241827 0.000000 8.646699 99.756653 -0.000056 6.975646 -0.000005 
872 -11.368037 0.000000 8.646699 99.756524 -0.000031 6.975656 -0.000002 
873 -8.241827 0.000000 11.528932 99.756672 -0.000052 6.975614 -0.000005 
874 -3.552511 0.000000 -4.323349 99.754888 -0.004156 6.974862 0.000031 
875 -5.115617 0.000000 -4.323349 99.755659 -0.001843 6.975265 0.000015 
876 -3.552511 0.000000 -5.764466 99.755218 -0.004399 6.974789 0.000025 
877 10.515434 0.000000 8.646699 99.756945 -0.000384 6.970303 -0.000003 
878 13.641644 0.000000 8.646699 99.756880 -0.000388 6.969980 -0.000002 
879 10.515434 0.000000 11.528932 99.756798 -0.000277 6.972782 -0.000004 
880 5.826119 0.000000 -4.323349 99.755256 -0.009425 6.959096 0.000046 
881 5.826119 0.000000 -5.764466 99.756743 -0.004781 6.967350 0.000005 
882 7.389224 0.000000 -4.323349 99.757141 -0.002275 6.960886 0.000006 
883 -3.552511 0.000000 4.323349 99.756868 0.005753 6.975565 -0.000009 
884 -5.115617 0.000000 4.323349 99.756526 0.002982 6.975550 -0.000002 
885 -3.552511 0.000000 5.764466 99.757063 0.005715 6.975379 -0.000013 
886 -1.207854 0.000000 -2.161675 99.748576 0.027590 6.964040 0.000172 
887 -1.989406 0.000000 -2.161675 99.751206 0.012378 6.971434 0.000110 
888 -1.207854 0.000000 -2.882233 99.750769 0.027568 6.967749 0.000123 
889 5.826119 0.000000 4.323349 99.758804 0.003796 6.953398 -0.000017 
890 7.389224 0.000000 4.323349 99.757546 0.000292 6.953683 0.000008 
891 5.826119 0.000000 5.764466 99.756713 0.002511 6.964672 0.000009 
892 3.481461 0.000000 -2.161675 99.767608 0.027185 6.926079 -0.000155 
893 3.481461 0.000000 -2.882233 99.762988 0.002760 6.948006 -0.000093 
894 4.263014 0.000000 -2.161675 99.760248 -0.006798 6.920410 0.000000 
895 -1.207854 0.000000 2.161675 99.751566 -0.033773 6.973495 0.000099 
896 -1.989406 0.000000 2.161675 99.753973 -0.014988 6.975067 0.000049 
897 -1.207854 0.000000 2.882233 99.756352 -0.029707 6.975162 0.000002 
898 -0.817078 0.000000 -1.080837 99.729906 0.006923 6.952729 0.000561 
899 -1.207854 0.000000 -1.080837 99.744427 0.012953 6.955103 0.000268 
900 -0.817078 0.000000 -1.441116 99.743306 -0.007975 6.947115 0.000301 
901 3.481461 0.000000 2.161675 99.742422 -0.021606 6.901091 0.000382 
902 4.263014 0.000000 2.161675 99.755520 0.010692 6.892644 0.000133 
903 3.481461 0.000000 2.882233 99.748453 -0.000245 6.934507 0.000216 
904 -0.230913 0.000000 -0.540419 99.565100 -0.017581 7.034946 0.003730 
905 -0.426301 0.000000 -0.540419 99.751077 0.088465 6.873072 0.000248 
906 -0.230913 0.000000 -0.720558 99.572003 -0.020898 6.962579 0.003694 
907 0.941416 0.000000 -0.540419 99.581343 0.022811 6.500214 0.004130 
908 0.941416 0.000000 -0.720558 99.727116 0.025025 6.679370 0.000989 
909 -0.817078 0.000000 1.080837 99.730053 -0.012138 6.971426 0.000532 
910 -1.207854 0.000000 1.080837 99.742852 -0.036196 6.970007 0.000278 
911 -0.817078 0.000000 1.441116 99.737289 -0.066464 6.970731 0.000388 
912 -0.230913 0.000000 0.540419 99.679573 0.004048 6.845990 0.001712 
913 -0.426301 0.000000 0.540419 99.658972 0.112557 6.837135 0.002133 
914 -0.230913 0.000000 0.720558 99.510003 -0.076830 6.805537 0.005144 
915 -0.133219 0.000000 -0.270209 100.032377 -0.071016 7.580469 -0.006394 
916 -0.230913 0.000000 -0.270209 99.956708 0.173512 7.297878 -0.004463 
917 -0.133219 0.000000 -0.360279 99.294692 0.116465 7.355016 0.008645 
918 0.941416 0.000000 0.540419 99.782331 -0.030195 6.524121 0.000092 
919 0.941416 0.000000 0.720558 99.531555 -0.016441 6.784044 0.004745 
920 -0.133219 0.000000 0.270209 100.319579 -0.092762 6.227769 -0.010281 
921 -0.230913 0.000000 0.270209 100.098704 0.132729 6.590752 -0.006321 
922 -0.133219 0.000000 0.360279 99.582280 0.060701 6.451332 0.004175 
923 0.037745 0.000000 -0.112587 79.222383 -0.041908 -2.420681 0.371795 
924 0.013322 0.000000 -0.112587 69.018370 -0.054644 8.736611 0.516013 
925 0.037745 0.000000 -0.135105 85.300028 0.041501 1.496292 0.272166 
926 0.648333 0.000000 -0.270209 104.378095 -0.046305 1.853119 -0.089822 
927 0.648333 0.000000 -0.360279 99.446165 -0.061026 6.439340 0.006899 
928 0.746027 0.000000 -0.270209 106.288064 0.028388 2.760141 -0.130477 
929 0.648333 0.000000 0.270209 104.587721 -0.064072 1.860111 -0.094206 
930 0.746027 0.000000 0.270209 106.725268 0.010162 2.761626 -0.139791 
931 0.648333 0.000000 0.360279 99.814781 -0.107900 5.971203 0.000134 
932 0.037745 0.000000 0.112587 83.672020 -0.177802 12.388912 0.284548 
933 0.013322 0.000000 0.112587 74.216534 -0.163825 2.861157 0.448369 
934 0.037745 0.000000 0.135105 88.847176 -0.121055 9.820570 0.200972 
935 0.098804 0.000000 -0.078811 92.777696 0.162561 -15.231353 0.116028 
936 0.098804 0.000000 -0.090070 92.230652 0.277619 -15.298953 0.125937 
937 0.098804 0.000000 -0.067552 92.804461 0.155329 -15.211648 0.115591 
938 0.098804 0.000000 0.078811 97.584799 0.248303 16.492668 0.020514 
939 0.098804 0.000000 0.067552 97.615645 0.249490 16.503628 0.019875 
940 0.098804 0.000000 0.090070 96.947494 0.224474 16.348186 0.033387 
941 0.233134 0.000000 -0.067552 51.443682 -0.021264 -4.179114 0.733608 
942 0.233134 0.000000 -0.045035 52.514507 -0.098694 -3.281310 0.723145 
943 0.233134 0.000000 0.067552 51.955541 -0.120857 4.436544 0.728092 
944 0.233134 0.000000 0.045035 52.573296 -0.123229 3.326601 0.722497 
945 0.501792 0.000000 -0.045035 101.378985 -0.034051 5.012241 -0.030282 
946 0.550639 0.000000 -0.045035 104.467066 -0.031867 6.336539 -0.095352 
947 0.501792 0.000000 0.000000 104.486655 -0.032084 6.558717 -0.096048 
948 0.501792 0.000000 0.045035 101.458667 -0.033729 5.010164 -0.031896 
949 0.550639 0.000000 0.045035 104.506057 -0.034468 6.340738 -0.096172 
950 0.428522 0.000000 -0.067552 97.618234 -0.040516 2.127691 0.046615 
951 0.452945 0.000000 -0.067552 98.050668 -0.034569 3.651642 0.037273 
952 0.428522 0.000000 -0.045035 98.114965 -0.044396 1.372295 0.037157 
953 0.367463 0.000000 -0.101329 105.587282 0.006569 -3.177577 -0.115877 
954 0.367463 0.000000 -0.112587 105.600034 -0.001170 -2.642812 -0.115835 
955 0.367463 0.000000 -0.090070 105.985641 0.007314 -2.907043 -0.124141 
956 0.428522 0.000000 0.067552 97.821276 -0.041698 2.123250 0.042649 
957 0.428522 0.000000 0.045035 98.322197 -0.045361 1.371095 0.033086 
958 0.452945 0.000000 0.067552 98.241358 -0.037155 3.650395 0.033531 
959 0.367463 0.000000 0.101329 106.449209 0.018825 3.471154 -0.134348 
960 0.367463 0.000000 0.090070 106.846075 0.020859 3.196720 -0.142630 
961 0.367463 0.000000 0.112587 106.348602 0.020467 2.926047 -0.131859 
962 1.722968 0.000000 -0.540419 99.985821 0.062693 6.243488 -0.003615 
963 1.722968 0.000000 -0.720558 99.949609 0.014880 6.507834 -0.003228 
964 1.722968 0.000000 0.540419 99.481839 0.090983 5.936746 0.006811 
965 1.722968 0.000000 0.720558 99.383120 -0.046218 6.293207 0.008339 
966 1.429886 0.000000 -0.270209 105.295847 0.107530 1.086120 -0.108841 
967 1.429886 0.000000 -0.360279 99.833617 -0.100764 5.575820 0.000215 
968 1.527580 0.000000 -0.270209 105.568421 0.065430 0.888158 -0.114548 
969 1.429886 0.000000 0.270209 104.116941 0.100854 1.023167 -0.084139 
970 1.527580 0.000000 0.270209 104.843953 0.107945 0.898971 -0.099307 
971 1.429886 0.000000 0.360279 99.216011 -0.091824 5.108434 0.013008 
972 3.090685 0.000000 -1.080837 99.769456 0.009927 6.760793 0.000035 
973 3.090685 0.000000 -1.441116 99.769072 0.029363 6.856037 -0.000087 
974 3.481461 0.000000 -1.080837 99.771353 0.017853 6.763764 -0.000007 
975 2.504521 0.000000 -0.540419 99.763528 0.021099 6.073253 0.001035 
976 2.504521 0.000000 -0.720558 99.747496 0.017628 6.477453 0.000848 
977 2.699909 0.000000 -0.540419 99.818964 0.017879 6.124517 -0.000134 
978 3.090685 0.000000 1.080837 99.736908 -0.015392 6.641610 0.000844 
979 3.481461 0.000000 1.080837 99.759738 -0.013362 6.617567 0.000420 
980 3.090685 0.000000 1.441116 99.732773 -0.028759 6.795080 0.000720 
981 2.504521 0.000000 0.540419 99.635509 -0.045287 5.862066 0.003840 
982 2.699909 0.000000 0.540419 99.727893 0.002391 5.752394 0.002126 
983 2.504521 0.000000 0.720558 99.465970 0.004209 6.391675 0.006567 
984 2.406827 0.000000 -0.270209 100.212069 -0.063763 3.320927 -0.005349 
985 2.406827 0.000000 -0.360279 99.553747 -0.186244 4.617785 0.006769 
986 2.504521 0.000000 -0.270209 100.219408 -0.204085 3.976588 -0.005978 
987 2.406827 0.000000 0.270209 100.186616 -0.081693 4.179802 -0.005484 
988 2.504521 0.000000 0.270209 100.205233 -0.078806 3.529693 -0.005355 
989 2.406827 0.000000 0.360279 99.344117 -0.045064 5.174846 0.010397 
990 2.357979 0.000000 -0.135105 104.956863 -0.153571 -2.349946 -0.102149 
991 2.357979 0.000000 -0.180140 101.714914 -0.023789 -0.594148 -0.034628 
992 2.406827 0.000000 -0.135105 103.034084 -0.018665 0.214458 -0.061607 
993 2.284709 0.000000 -0.112587 86.250544 -0.016099 -23.054357 0.202934 
994 2.284709 0.000000 -0.135105 89.622782 -0.110240 -10.582972 0.185575 
995 2.309132 0.000000 -0.112587 108.923817 -0.057406 -14.481836 -0.207412 
996 2.357979 0.000000 0.135105 104.827754 -0.326677 5.518960 -0.101942 
997 2.406827 0.000000 0.135105 103.013668 -0.172030 2.966925 -0.062065 
998 2.357979 0.000000 0.180140 101.530009 -0.220816 5.044226 -0.033384 
999 2.284709 0.000000 0.112587 84.952358 0.020248 25.888944 0.211286 
1000 2.309132 0.000000 0.112587 108.582083 0.024933 17.289866 -0.208901 
1001 2.284709 0.000000 0.135105 88.812140 -0.052653 13.609517 0.192718 
1 11 62 60 61 
2 62 10 24 60 
3 60 24 14 63 
4 61 60 63 6 
5 24 66 64 65 
6 66 23 40 64 
7 64 40 27 67 
8 65 64 67 14 
9 40 70 68 69 
10 69 68 71 27 
11 6 63 92 93 
12 63 14 36 92 
13 92 36 19 94 
14 93 92 94 20 
15 14 67 95 96 
16 67 27 52 95 
17 95 52 35 97 
18 96 95 97 36 
19 27 71 98 99 
20 99 98 100 52 
21 68 112 110 111 
22 112 56 80 110 
23 110 80 43 113 
24 111 110 113 71 
25 80 116 114 115 
26 115 114 117 43 
27 71 113 133 134 
28 113 43 102 133 
29 133 102 76 135 
30 134 133 135 98 
31 43 117 136 137 
32 137 136 138 102 
33 114 141 139 140 
34 141 106 129 139 
35 139 129 83 142 
36 140 139 142 117 
37 129 149 147 148 
38 147 150 132 151 
39 148 147 151 83 
40 117 142 152 153 
41 142 83 144 152 
42 152 144 125 154 
43 153 152 154 136 
44 83 151 155 156 
45 151 132 157 155 
46 156 155 158 144 
47 12 161 159 160 
48 161 7 162 159 
49 159 162 13 25 
50 160 159 25 10 
51 25 165 163 164 
52 165 13 166 163 
53 163 166 26 41 
54 164 163 41 23 
55 41 169 167 168 
56 169 26 170 167 
57 167 170 42 57 
58 168 167 57 39 
59 39 173 171 172 
60 173 57 174 171 
61 171 174 55 81 
62 172 171 81 56 
63 81 177 175 176 
64 177 55 178 175 
65 175 178 82 107 
66 176 175 107 79 
67 79 181 179 180 
68 181 107 182 179 
69 179 182 105 130 
70 180 179 130 106 
71 106 185 183 184 
72 185 130 186 183 
73 184 183 149 129 
74 195 197 109 198 
75 150 195 198 132 
76 149 201 199 200 
77 201 128 202 199 
78 199 202 150 203 
79 200 199 203 147 
80 132 198 210 157 
81 198 109 211 210 
82 19 38 213 214 
83 38 21 215 213 
84 213 215 9 216 
85 214 213 216 22 
86 35 54 217 218 
87 54 37 219 217 
88 217 219 21 220 
89 218 217 220 38 
90 51 78 221 222 
91 78 53 223 221 
92 221 223 37 224 
93 222 221 224 54 
94 76 104 225 226 
95 104 75 227 225 
96 225 227 78 228 
97 226 225 228 51 
98 101 127 229 230 
99 127 103 231 229 
100 229 231 75 232 
101 230 229 232 104 
102 125 146 233 234 
103 146 124 235 233 
104 233 235 127 236 
105 234 233 236 101 
106 144 158 237 238 
107 237 239 146 240 
108 238 237 240 125 
109 155 243 241 242 
110 243 157 244 241 
111 241 244 143 245 
112 242 241 245 158 
113 130 247 246 186 
114 247 105 248 246 
115 249 251 195 252 
116 202 249 252 150 
117 186 255 253 254 
118 255 246 256 253 
119 253 256 196 250 
120 254 253 250 128 
121 128 259 257 258 
122 259 250 260 257 
123 257 260 249 261 
124 258 257 261 202 
125 262 263 124 264 
126 239 262 264 146 
127 157 266 265 244 
128 266 210 267 265 
129 143 268 269 270 
130 268 212 271 269 
131 269 271 262 272 
132 270 269 272 239 
133 244 275 273 274 
134 275 265 276 273 
135 273 276 268 277 
136 274 273 277 143 
137 278 280 194 281 
138 197 278 281 109 
139 283 131 284 282 
140 282 284 197 285 
141 251 282 285 195 
142 107 287 286 182 
143 287 82 288 286 
144 286 288 108 192 
145 182 286 192 105 
146 105 290 289 248 
147 290 192 291 289 
148 246 293 292 256 
149 293 248 294 292 
150 292 294 131 283 
151 256 292 283 196 
152 196 297 295 296 
153 297 283 298 295 
154 295 298 282 299 
155 296 295 299 251 
156 109 281 300 211 
157 281 194 301 300 
158 210 304 303 267 
159 304 211 305 303 
160 303 305 145 306 
161 124 209 307 235 
162 209 126 308 307 
163 307 308 103 309 
164 235 307 309 127 
165 310 311 209 312 
166 263 310 312 124 
167 212 306 313 271 
168 306 145 314 313 
169 313 314 263 315 
170 271 313 315 262 
171 267 318 316 317 
172 318 303 319 316 
173 316 319 306 320 
174 317 316 320 212 
175 248 322 321 294 
176 322 289 323 321 
177 294 321 324 131 
178 192 330 329 291 
179 330 108 331 329 
180 289 334 333 323 
181 334 291 335 333 
182 333 335 191 336 
183 323 333 336 279 
184 131 324 337 284 
185 324 279 338 337 
186 337 338 278 339 
187 284 337 339 197 
188 321 342 340 341 
189 342 323 343 340 
190 340 343 279 344 
191 341 340 344 324 
192 145 346 345 314 
193 345 347 310 348 
194 314 345 348 263 
195 211 350 349 305 
196 350 300 351 349 
197 349 351 302 346 
198 305 349 346 145 
199 355 357 126 358 
200 311 355 358 209 
201 302 360 359 347 
202 360 207 361 359 
203 359 361 311 362 
204 347 359 362 310 
205 346 365 363 364 
206 365 302 366 363 
207 363 366 347 367 
208 364 363 367 345 
209 368 369 59 370 
210 280 368 370 194 
211 291 372 371 335 
212 372 329 373 371 
213 371 373 332 374 
214 191 374 375 376 
215 374 332 377 375 
216 375 377 368 378 
217 376 375 378 280 
218 335 381 379 380 
219 381 371 382 379 
220 379 382 374 383 
221 380 379 383 191 
222 194 370 384 301 
223 370 59 385 384 
224 387 356 388 386 
225 386 388 355 389 
226 361 386 389 311 
227 301 392 390 391 
228 392 384 393 390 
229 390 393 356 387 
230 391 390 387 207 
231 207 396 394 395 
232 396 387 397 394 
233 394 397 386 398 
234 395 394 398 361 
235 57 400 399 174 
236 400 42 401 399 
237 399 401 58 89 
238 174 399 89 55 
239 55 403 402 178 
240 403 89 404 402 
241 402 404 88 188 
242 178 402 188 82 
243 82 406 405 288 
244 406 188 407 405 
245 405 407 187 326 
246 288 405 326 108 
247 108 409 408 331 
248 409 326 410 408 
249 329 413 412 373 
250 413 331 414 412 
251 373 412 415 332 
252 75 123 416 227 
253 123 77 417 416 
254 416 417 53 418 
255 227 416 418 78 
256 103 206 419 231 
257 206 121 420 419 
258 419 420 123 421 
259 231 419 421 75 
260 126 354 422 308 
261 354 204 423 422 
262 422 423 206 424 
263 308 422 424 103 
264 425 427 354 428 
265 357 425 428 126 
266 356 430 429 388 
267 429 431 357 432 
268 388 429 432 355 
269 433 434 328 435 
270 369 433 435 59 
271 331 437 436 414 
272 437 408 438 436 
273 332 415 440 377 
274 415 193 441 440 
275 440 441 369 442 
276 377 440 442 368 
277 412 445 443 444 
278 445 414 446 443 
279 443 446 193 447 
280 444 443 447 415 
281 59 435 448 385 
282 435 328 449 448 
283 384 451 450 393 
284 451 385 452 450 
285 450 452 208 430 
286 393 450 430 356 
287 453 455 425 456 
288 431 453 456 357 
289 430 459 457 458 
290 459 208 460 457 
291 457 460 431 461 
292 458 457 461 429 
293 88 467 466 189 
294 467 90 468 466 
295 466 468 5 469 
296 189 466 469 91 
297 187 471 470 327 
298 471 189 472 470 
299 470 472 91 473 
300 327 470 473 190 
301 326 475 474 410 
302 475 187 476 474 
303 474 476 327 477 
304 410 474 477 325 
305 408 479 478 438 
306 479 410 480 478 
307 478 480 325 481 
308 438 478 481 411 
309 193 439 482 441 
310 439 411 483 482 
311 482 483 433 484 
312 441 482 484 369 
313 436 487 485 486 
314 487 438 488 485 
315 485 488 411 489 
316 486 485 489 439 
317 385 491 490 452 
318 491 448 492 490 
319 490 492 426 454 
320 452 490 454 208 
321 91 469 496 205 
322 469 5 497 496 
323 496 497 122 498 
324 205 496 498 121 
325 190 473 499 353 
326 473 91 500 499 
327 499 500 205 501 
328 353 499 501 204 
329 352 503 502 427 
330 503 353 504 502 
331 502 504 204 505 
332 427 502 505 354 
333 426 507 506 455 
334 507 352 508 506 
335 506 508 427 509 
336 455 506 509 425 
337 454 512 510 511 
338 512 426 513 510 
339 510 513 455 514 
340 511 510 514 453 
341 468 524 522 523 
342 522 525 518 526 
343 523 522 526 5 
344 5 526 527 528 
345 526 518 529 527 
346 528 527 530 497 
347 7 532 531 162 
348 532 16 533 531 
349 531 533 15 32 
350 162 531 32 13 
351 13 535 534 166 
352 535 32 536 534 
353 534 536 31 48 
354 166 534 48 26 
355 26 538 537 170 
356 538 48 539 537 
357 537 539 47 85 
358 170 537 85 42 
359 42 541 540 401 
360 541 85 542 540 
361 540 542 84 463 
362 401 540 463 58 
363 58 545 543 544 
364 545 463 546 543 
365 543 546 462 516 
366 544 543 516 90 
367 90 549 547 548 
368 549 516 550 547 
369 547 550 515 524 
370 548 547 524 468 
371 15 552 551 33 
372 552 17 553 551 
373 551 553 8 554 
374 33 551 554 18 
375 31 556 555 49 
376 556 33 557 555 
377 555 557 18 558 
378 49 555 558 34 
379 560 49 561 559 
380 559 561 34 562 
381 462 568 567 517 
382 568 464 569 567 
383 567 569 87 570 
384 517 567 570 465 
385 515 572 571 525 
386 572 517 573 571 
387 571 573 465 574 
388 525 571 574 518 
389 524 577 575 576 
390 577 515 578 575 
391 575 578 525 579 
392 576 575 579 522 
393 18 554 580 45 
394 554 8 581 580 
395 580 581 29 582 
396 45 580 582 28 
397 34 558 583 73 
398 558 18 584 583 
399 583 584 45 585 
400 73 583 585 44 
401 562 34 587 586 
402 586 587 73 588 
403 465 570 592 520 
404 570 87 593 592 
405 592 593 494 594 
406 520 592 594 493 
407 518 574 595 529 
408 574 465 596 595 
409 595 596 520 597 
410 529 595 597 519 
411 21 46 598 215 
412 46 28 599 598 
413 598 599 30 600 
414 215 598 600 9 
415 37 74 601 219 
416 74 44 602 601 
417 601 602 46 603 
418 219 601 603 21 
419 53 120 604 223 
420 120 72 605 604 
421 604 605 74 606 
422 223 604 606 37 
423 77 495 607 417 
424 495 118 608 607 
425 607 608 120 609 
426 417 607 609 53 
427 122 521 610 611 
428 521 493 612 610 
429 610 612 495 613 
430 611 610 613 77 
431 497 530 614 615 
432 530 519 616 614 
433 614 616 521 617 
434 615 614 617 122 
435 527 620 618 619 
436 620 529 621 618 
437 618 621 519 622 
438 619 618 622 530 
439 569 632 630 631 
440 631 630 634 87 
441 87 634 635 636 
442 636 635 638 593 
443 85 640 639 542 
444 640 47 641 639 
445 639 641 86 564 
446 542 639 564 84 
447 84 644 642 643 
448 644 564 645 642 
449 642 645 563 624 
450 643 642 624 464 
451 464 648 646 647 
452 648 624 649 646 
453 646 649 623 632 
454 647 646 632 569 
455 86 651 650 565 
456 651 559 652 650 
457 650 652 562 653 
458 565 650 653 50 
459 655 565 656 654 
460 654 656 50 657 
461 632 664 662 663 
462 664 623 665 662 
463 663 662 666 630 
464 50 653 667 590 
465 653 562 668 667 
466 667 668 586 669 
467 590 667 669 119 
468 657 50 671 670 
469 670 671 590 672 
470 118 591 676 608 
471 591 119 677 676 
472 676 677 72 678 
473 608 676 678 120 
474 494 629 679 680 
475 629 589 681 679 
476 679 681 591 682 
477 680 679 682 118 
478 593 638 683 684 
479 638 627 685 683 
480 683 685 629 686 
481 684 683 686 494 
482 635 689 687 688 
483 687 690 627 691 
484 688 687 691 638 
485 624 693 692 649 
486 693 563 694 692 
487 692 694 625 659 
488 649 692 659 623 
489 623 696 695 665 
490 696 659 697 695 
491 630 666 699 700 
492 699 701 626 702 
493 700 699 702 634 
494 662 705 703 704 
495 705 665 706 703 
496 704 703 707 666 
497 634 702 708 709 
498 702 626 710 708 
499 709 708 689 635 
500 627 675 711 685 
501 675 628 712 711 
502 711 712 589 713 
503 685 711 713 629 
504 714 716 675 717 
505 690 714 717 627 
506 689 720 718 719 
507 718 721 690 722 
508 719 718 722 687 
509 723 724 661 725 
510 701 723 725 626 
511 665 727 726 706 
512 727 695 728 726 
513 666 707 730 731 
514 707 633 732 730 
515 730 732 701 733 
516 731 730 733 699 
517 703 736 734 735 
518 736 706 737 734 
519 734 737 633 738 
520 735 734 738 707 
521 626 725 739 710 
522 725 661 740 739 
523 708 743 741 742 
524 743 710 744 741 
525 741 744 637 720 
526 742 741 720 689 
527 745 747 714 748 
528 721 745 748 690 
529 720 751 749 750 
530 751 637 752 749 
531 749 752 721 753 
532 750 749 753 718 
533 633 729 754 732 
534 729 698 755 754 
535 754 755 723 756 
536 732 754 756 701 
537 706 758 757 737 
538 758 726 759 757 
539 757 759 729 760 
540 737 757 760 633 
541 710 762 761 744 
542 762 739 763 761 
543 761 763 715 746 
544 744 761 746 637 
545 637 765 764 752 
546 765 746 766 764 
547 764 766 745 767 
548 752 764 767 721 
549 769 654 770 768 
550 768 770 657 771 
551 659 773 772 697 
552 773 625 774 772 
553 695 777 776 728 
554 777 697 778 776 
555 776 778 658 779 
556 726 781 780 759 
557 781 728 782 780 
558 780 782 698 783 
559 759 780 783 729 
560 771 657 785 784 
561 784 785 670 786 
562 787 789 628 790 
563 716 787 790 675 
564 792 673 793 791 
565 791 793 716 794 
566 747 791 794 714 
567 746 796 795 766 
568 796 715 797 795 
569 795 797 747 798 
570 766 795 798 745 
571 799 800 566 801 
572 724 799 801 661 
573 698 779 802 755 
574 779 658 803 802 
575 802 803 724 804 
576 755 802 804 723 
577 728 806 805 782 
578 806 776 807 805 
579 805 807 779 808 
580 782 805 808 698 
581 661 801 809 740 
582 801 566 810 809 
583 739 812 811 763 
584 812 740 813 811 
585 811 813 673 792 
586 763 811 792 715 
587 715 815 814 797 
588 815 792 816 814 
589 814 816 791 817 
590 797 814 817 747 
591 818 820 799 821 
592 803 818 821 724 
593 697 823 822 778 
594 823 772 824 822 
595 822 824 775 819 
596 778 822 819 658 
597 658 827 825 826 
598 827 819 828 825 
599 825 828 818 829 
600 826 825 829 803 
601 740 831 830 813 
602 831 809 832 830 
603 673 833 834 793 
604 833 788 835 834 
605 834 835 787 836 
606 793 834 836 716 
607 813 839 837 838 
608 839 830 840 837 
609 837 840 833 841 
610 838 837 841 673 
611 660 843 842 800 
612 843 768 844 842 
613 842 844 771 845 
614 800 842 845 566 
615 775 847 846 820 
616 847 660 848 846 
617 846 848 800 849 
618 820 846 849 799 
619 819 851 850 828 
620 851 775 852 850 
621 850 852 820 853 
622 828 850 853 818 
623 566 845 854 810 
624 845 771 855 854 
625 854 855 784 856 
626 810 854 856 674 
627 809 858 857 832 
628 858 810 859 857 
629 857 859 674 860 
630 832 857 860 788 
631 830 862 861 840 
632 862 832 863 861 
633 861 863 788 864 
634 840 861 864 833 
635 1 867 865 866 
636 867 12 160 865 
637 865 160 10 62 
638 866 865 62 11 
639 16 869 868 533 
640 869 2 870 868 
641 868 870 17 552 
642 533 868 552 15 
643 20 94 871 872 
644 94 19 214 871 
645 871 214 22 873 
646 872 871 873 4 
647 10 876 874 875 
648 876 25 164 874 
649 874 164 23 66 
650 875 874 66 24 
651 28 582 877 599 
652 582 29 878 877 
653 877 878 3 879 
654 599 877 879 30 
655 32 881 880 536 
656 881 15 882 880 
657 880 882 33 556 
658 536 880 556 31 
659 36 97 883 884 
660 97 35 218 883 
661 883 218 38 885 
662 884 883 885 19 
663 23 888 886 887 
664 888 41 168 886 
665 886 168 39 70 
666 887 886 70 40 
667 44 585 889 602 
668 585 45 890 889 
669 889 890 28 891 
670 602 889 891 46 
671 48 893 892 539 
672 893 31 894 892 
673 892 894 49 560 
674 539 892 560 47 
675 52 100 895 896 
676 100 51 222 895 
677 895 222 54 897 
678 896 895 897 35 
679 70 900 898 899 
680 900 39 172 898 
681 898 172 56 112 
682 899 898 112 68 
683 72 588 901 605 
684 588 73 902 901 
685 901 902 44 903 
686 605 901 903 74 
687 56 906 904 905 
688 906 81 176 904 
689 904 176 79 116 
690 905 904 116 80 
691 89 908 907 404 
692 908 58 544 907 
693 907 544 90 467 
694 404 907 467 88 
695 98 135 909 910 
696 135 76 226 909 
697 909 226 51 911 
698 910 909 911 100 
699 102 138 912 913 
700 138 101 230 912 
701 912 230 104 914 
702 913 912 914 76 
703 116 917 915 916 
704 917 79 180 915 
705 915 180 106 141 
706 916 915 141 114 
707 121 498 918 420 
708 498 122 611 918 
709 918 611 77 919 
710 420 918 919 123 
711 136 154 920 921 
712 154 125 234 920 
713 920 234 101 922 
714 921 920 922 138 
715 183 925 923 924 
716 925 186 254 923 
717 923 254 128 201 
718 924 923 201 149 
719 188 927 926 407 
720 927 88 928 926 
721 926 928 189 471 
722 407 926 471 187 
723 204 501 929 423 
724 501 205 930 929 
725 929 930 121 931 
726 423 929 931 206 
727 158 245 932 933 
728 245 143 270 932 
729 932 270 239 934 
730 933 932 934 237 
731 250 936 935 260 
732 936 196 296 935 
733 935 296 251 937 
734 260 935 937 249 
735 265 939 938 276 
736 939 267 317 938 
737 938 317 212 940 
738 276 938 940 268 
739 279 336 941 338 
740 336 191 376 941 
741 941 376 280 942 
742 338 941 942 278 
743 300 944 943 351 
744 944 301 391 943 
745 943 391 207 360 
746 351 943 360 302 
747 325 477 945 434 
748 477 327 946 945 
749 945 946 190 947 
750 434 945 947 328 
751 328 947 948 449 
752 947 190 949 948 
753 948 949 353 503 
754 449 948 503 352 
755 411 481 950 483 
756 481 325 951 950 
757 950 951 434 952 
758 483 950 952 433 
759 414 954 953 446 
760 954 436 486 953 
761 953 486 439 955 
762 446 953 955 193 
763 448 957 956 492 
764 957 449 958 956 
765 956 958 352 507 
766 492 956 507 426 
767 208 960 959 460 
768 960 454 511 959 
769 959 511 453 961 
770 460 959 961 431 
771 463 963 962 546 
772 963 84 643 962 
773 962 643 464 568 
774 546 962 568 462 
775 493 594 964 612 
776 594 494 680 964 
777 964 680 118 965 
778 612 964 965 495 
779 516 967 966 550 
780 967 462 968 966 
781 966 968 517 572 
782 550 966 572 515 
783 519 597 969 616 
784 597 520 970 969 
785 969 970 493 971 
786 616 969 971 521 
787 47 973 972 641 
788 973 560 974 972 
789 972 974 559 651 
790 641 972 651 86 
791 564 976 975 645 
792 976 86 977 975 
793 975 977 565 655 
794 645 975 655 563 
795 119 669 978 677 
796 669 586 979 978 
797 978 979 588 980 
798 677 978 980 72 
799 589 672 981 681 
800 672 590 982 981 
801 981 982 119 983 
802 681 981 983 591 
803 563 985 984 694 
804 985 655 986 984 
805 984 986 654 769 
806 694 984 769 625 
807 628 786 987 712 
808 786 670 988 987 
809 987 988 672 989 
810 712 987 989 589 
811 625 991 990 774 
812 991 769 992 990 
813 990 992 768 843 
814 774 990 843 660 
815 772 994 993 824 
816 994 774 995 993 
817 993 995 660 847 
818 824 993 847 775 
819 674 856 996 789 
820 856 784 997 996 
821 996 997 786 998 
822 789 996 998 628 
823 788 860 999 835 
824 860 674 1000 999 
825 999 1000 789 1001 
826 835 999 1001 787 
