2 0.000000 100.000000 211.018442
1001 826 
1 -11.368037 0.000000 -11.528932 99.756256 -0.000001 6.975626 0.000003 
2 13.641644 0.000000 -11.528932 99.756413 0.000248 6.973416 0.000003 
3 13.641644 0.000000 11.528932 99.756716 -0.000312 6.972634 -0.000002 
4 -11.368037 0.000000 11.528932 99.756546 -0.000033 6.975641 -0.000003 
5 1.136804 0.000000 0.000000 104.991228 0.033125 6.257868 -0.106232 
6 -11.368037 0.000000 0.000000 99.756381 -0.000025 6.975676 0.000000 
7 1.136804 0.000000 -11.528932 99.755428 -0.000017 6.974353 0.000021 
8 13.641644 0.000000 0.000000 99.790317 0.005733 6.490071 -0.000023 
9 1.136804 0.000000 11.528932 99.757740 -0.000259 6.974223 -0.000025 
10 -5.115617 0.000000 -5.764466 99.755446 -0.003670 6.975579 0.000019 
11 -11.368037 0.000000 -5.764466 99.756289 -0.000013 6.975654 0.000002 
12 -5.115617 0.000000 -11.528932 99.755896 -0.000019 6.975441 0.000010 
13 1.136804 0.000000 -5.764466 99.751229 -0.035502 6.970126 0.000111 
14 -5.115617 0.000000 0.000000 99.755857 0.000687 6.975524 0.000011 
15 7.389224 0.000000 -5.764466 99.756770 -0.002540 6.967219 0.000004 
16 7.389224 0.000000 -11.528932 99.756082 0.000175 6.973429 0.000010 
17 13.641644 0.000000 -5.764466 99.756841 0.000516 6.967715 0.000002 
18 7.389224 0.000000 0.000000 99.895972 0.012537 4.970173 -0.000391 
19 -5.115617 0.000000 5.764466 99.756982 0.002605 6.975857 -0.000012 
20 -11.368037 0.000000 5.764466 99.756487 -0.000031 6.975669 -0.000002 
21 1.136804 0.000000 5.764466 99.765052 0.035682 6.969572 -0.000164 
22 -5.115617 0.000000 11.528932 99.756952 -0.000097 6.975506 -0.000011 
23 -1.989406 0.000000 -2.882233 99.755298 -0.004809 6.970314 0.000030 
24 -5.115617 0.000000 -2.882233 99.755628 -0.001211 6.975343 0.000016 
25 -1.989406 0.000000 -5.764466 99.754482 -0.009114 6.973831 0.000041 
26 1.136804 0.000000 -2.882233 99.785038 0.131353 6.945223 -0.000531 
27 -1.989406 0.000000 0.000000 99.749403 -0.003124 6.971415 0.000146 
28 7.389224 0.000000 5.764466 99.756939 0.000883 6.964035 0.000006 
29 13.641644 0.000000 5.764466 99.757446 -0.000674 6.961404 -0.000001 
30 7.389224 0.000000 11.528932 99.756991 -0.000300 6.972986 -0.000008 
31 4.263014 0.000000 -2.882233 99.759500 -0.010093 6.944781 -0.000019 
32 4.263014 0.000000 -5.764466 99.756873 -0.008974 6.967819 0.000002 
33 7.389224 0.000000 -2.882233 99.758207 -0.001499 6.944339 0.000008 
34 4.263014 0.000000 0.000000 100.086048 0.002530 2.179860 -0.002197 
35 -1.989406 0.000000 2.882233 99.754001 0.011551 6.974849 0.000049 
36 -5.115617 0.000000 2.882233 99.756333 0.002470 6.975582 0.000002 
37 1.136804 0.000000 2.882233 99.750725 -0.123756 6.939160 0.000163 
38 -1.989406 0.000000 5.764466 99.758143 0.010748 6.974993 -0.000034 
39 -0.426301 0.000000 -1.441116 99.729595 0.026612 6.931501 0.000596 
40 -1.989406 0.000000 -1.441116 99.750343 0.007588 6.970617 0.000128 
41 -0.426301 0.000000 -2.882233 99.755317 0.059569 6.957640 0.000046 
42 1.136804 0.000000 -1.441116 99.766720 0.016557 6.884168 -0.000079 
43 -0.426301 0.000000 0.000000 99.890355 -0.082400 6.996657 -0.002704 
44 4.263014 0.000000 2.882233 99.753068 0.011760 6.931295 0.000128 
45 7.389224 0.000000 2.882233 99.759779 -0.000894 6.920296 0.000010 
46 4.263014 0.000000 5.764466 99.756552 0.006119 6.965331 0.000011 
47 2.699909 0.000000 -1.441116 99.782064 -0.021436 6.868843 -0.000364 
48 2.699909 0.000000 -2.882233 99.778011 0.051788 6.951197 -0.000397 
49 4.263014 0.000000 -1.441116 99.764699 0.004320 6.855884 0.000000 
50 2.699909 0.000000 0.000000 100.226335 -0.039237 1.418974 -0.004733 
51 -0.426301 0.000000 1.441116 99.727401 -0.015424 6.980532 0.000572 
52 -1.989406 0.000000 1.441116 99.752266 -0.012334 6.974800 0.000084 
53 1.136804 0.000000 1.441116 99.795872 0.068932 6.857108 -0.000624 
54 -0.426301 0.000000 2.882233 99.758569 -0.061971 6.971307 -0.000038 
55 0.355251 0.000000 -0.720558 100.134876 0.020015 6.568537 -0.007014 
56 -0.426301 0.000000 -0.720558 99.751786 0.072246 6.863008 0.000248 
57 0.355251 0.000000 -1.441116 99.830534 -0.022690 6.897038 -0.001371 
58 1.136804 0.000000 -0.720558 99.993294 -0.151922 6.656397 -0.004299 
59 0.355251 0.000000 0.000000 22.906447 -0.003998 0.069607 0.947529 
60 -8.241827 0.000000 -2.882233 99.756127 -0.000971 6.975735 0.000005 
61 -11.368037 0.000000 -2.882233 99.756329 -0.000019 6.975668 0.000001 
62 -8.241827 0.000000 -5.764466 99.756143 -0.000033 6.975640 0.000005 
63 -8.241827 0.000000 0.000000 99.756265 -0.000338 6.975778 0.000003 
64 -3.552511 0.000000 -1.441116 99.754151 -0.002551 6.976699 0.000044 
65 -5.115617 0.000000 -1.441116 99.755693 -0.000333 6.975437 0.000014 
66 -3.552511 0.000000 -2.882233 99.754816 -0.004652 6.974612 0.000033 
67 -3.552511 0.000000 0.000000 99.754930 0.000905 6.977071 0.000027 
68 -1.207854 0.000000 -0.720558 99.741028 -0.007586 6.958419 0.000331 
69 -1.989406 0.000000 -0.720558 99.749548 0.003285 6.970508 0.000144 
70 -1.207854 0.000000 -1.441116 99.744064 0.018469 6.961094 0.000266 
71 -1.207854 0.000000 0.000000 99.737215 -0.007949 6.966053 0.000396 
72 2.699909 0.000000 1.441116 99.710561 -0.021944 6.791037 0.001169 
73 4.263014 0.000000 1.441116 99.761826 -0.000767 6.770070 0.000174 
74 2.699909 0.000000 2.882233 99.736969 -0.044228 6.935483 0.000443 
75 0.355251 0.000000 0.720558 99.917224 0.012329 6.966098 -0.003198 
76 -0.426301 0.000000 0.720558 99.637103 0.074203 6.872149 0.002522 
77 1.136804 0.000000 0.720558 99.579001 -0.050584 6.604686 0.004040 
78 0.355251 0.000000 1.441116 99.782665 0.068677 6.973332 -0.000521 
79 -0.035525 0.000000 -0.360279 98.230840 0.109838 7.197578 0.029888 
80 -0.426301 0.000000 -0.360279 99.781446 -0.035073 6.985202 -0.000513 
81 -0.035525 0.000000 -0.720558 99.428199 -0.013604 6.810183 0.006765 
82 0.355251 0.000000 -0.360279 100.632225 0.097662 5.871747 -0.016133 
83 -0.035525 0.000000 0.000000 203.870364 -0.085645 7.414842 -3.161811 
84 1.918356 0.000000 -0.720558 100.050956 0.012262 6.535034 -0.005290 
85 1.918356 0.000000 -1.441116 99.841882 0.011580 6.864764 -0.001553 
86 2.699909 0.000000 -0.720558 99.871486 0.025615 6.563354 -0.001739 
87 1.918356 0.000000 0.000000 104.626062 0.390230 2.936008 -0.095539 
88 0.746027 0.000000 -0.360279 99.426881 -0.137615 6.423415 0.007302 
89 0.746027 0.000000 -0.720558 99.745901 0.063611 6.857213 0.000373 
90 1.136804 0.000000 -0.360279 99.218060 0.109394 5.466256 0.012588 
91 0.746027 0.000000 0.000000 105.583290 -0.007620 6.645339 -0.119199 
92 -8.241827 0.000000 2.882233 99.756436 0.000330 6.975783 -0.000001 
93 -11.368037 0.000000 2.882233 99.756437 -0.000029 6.975676 -0.000001 
94 -8.241827 0.000000 5.764466 99.756589 -0.000062 6.975682 -0.000004 
95 -3.552511 0.000000 1.441116 99.756026 0.004309 6.977169 0.000005 
96 -5.115617 0.000000 1.441116 99.756089 0.001676 6.975576 0.000006 
97 -3.552511 0.000000 2.882233 99.756477 0.005057 6.975804 -0.000002 
98 -1.207854 0.000000 0.720558 99.737823 -0.031434 6.962846 0.000388 
99 -1.989406 0.000000 0.720558 99.750173 -0.009171 6.972348 0.000129 
100 -1.207854 0.000000 1.441116 99.746743 -0.033184 6.973034 0.000196 
101 -0.035525 0.000000 0.360279 98.700367 -0.118450 6.426009 0.021693 
102 -0.426301 0.000000 0.360279 99.719481 -0.049839 6.769406 0.001020 
103 0.355251 0.000000 0.360279 101.944903 0.069508 7.006395 -0.044186 
104 -0.035525 0.000000 0.720558 99.284365 -0.033346 6.820826 0.009609 
105 0.159863 0.000000 -0.180140 97.968017 -0.099688 -0.582263 0.040192 
106 -0.035525 0.000000 -0.180140 96.038382 0.405522 12.046754 0.063134 
107 0.159863 0.000000 -0.360279 98.709943 0.155226 5.172191 0.022957 
108 0.355251 0.000000 -0.180140 102.682032 0.190447 3.579366 -0.055645 
109 0.159863 0.000000 0.000000 103.119730 0.329512 0.282003 -0.063387 
110 -0.817078 0.000000 -0.360279 99.748238 0.045549 6.904108 0.000262 
111 -1.207854 0.000000 -0.360279 99.737630 -0.007282 6.964478 0.000390 
112 -0.817078 0.000000 -0.720558 99.724980 -0.016859 6.957223 0.000653 
113 -0.817078 0.000000 0.000000 99.735868 0.044708 6.906457 0.000506 
114 -0.230913 0.000000 -0.180140 100.487889 0.006023 7.103654 -0.014828 
115 -0.426301 0.000000 -0.180140 99.856136 -0.094836 6.989555 -0.002011 
116 -0.230913 0.000000 -0.360279 99.588890 0.039008 7.295191 0.002883 
117 -0.230913 0.000000 0.000000 100.966110 -0.019801 6.945006 -0.024239 
118 1.918356 0.000000 0.720558 99.356240 0.003574 6.181667 0.009012 
119 2.699909 0.000000 0.720558 99.645122 0.002444 6.331330 0.003076 
120 1.918356 0.000000 1.441116 99.712955 -0.003339 6.798067 0.001111 
121 0.746027 0.000000 0.360279 99.497756 -0.069585 6.195075 0.006181 
122 1.136804 0.000000 0.360279 100.129100 0.140907 5.754227 -0.005897 
123 0.746027 0.000000 0.720558 99.299414 -0.045114 6.845515 0.009276 
124 0.159863 0.000000 0.180140 100.028764 -0.103823 11.492399 -0.013784 
125 -0.035525 0.000000 0.180140 97.596720 0.173903 1.803317 0.047160 
126 0.355251 0.000000 0.180140 104.199640 0.116300 5.654605 -0.088955 
127 0.159863 0.000000 0.360279 99.593038 -0.145880 8.031820 0.001670 
128 0.062169 0.000000 -0.090070 80.770749 0.000701 -9.058048 0.339404 
129 -0.035525 0.000000 -0.090070 114.259167 0.137120 29.913510 -0.394999 
130 0.062169 0.000000 -0.180140 92.066397 0.073101 2.233745 0.151878 
131 0.159863 0.000000 -0.090070 101.501645 0.378116 -13.571235 -0.048691 
132 0.062169 0.000000 0.000000 277.349736 -0.083829 0.455706 -6.692309 
133 -0.817078 0.000000 0.360279 99.717419 0.056170 6.907348 0.000872 
134 -1.207854 0.000000 0.360279 99.737538 -0.008252 6.967647 0.000388 
135 -0.817078 0.000000 0.720558 99.705974 0.046128 6.917758 0.001086 
136 -0.230913 0.000000 0.180140 100.583622 -0.006465 6.770041 -0.016290 
137 -0.426301 0.000000 0.180140 99.864556 -0.028702 6.939322 -0.002108 
138 -0.230913 0.000000 0.360279 99.728487 -0.012217 6.575350 0.001099 
139 -0.133219 0.000000 -0.090070 104.136517 0.079965 8.642855 -0.091912 
140 -0.230913 0.000000 -0.090070 100.763609 -0.028702 7.156977 -0.020453 
141 -0.133219 0.000000 -0.180140 100.852513 -0.181834 8.846734 -0.024953 
142 -0.133219 0.000000 0.000000 106.104441 0.151712 7.198193 -0.130999 
143 0.062169 0.000000 0.090070 85.607817 0.030636 15.325697 0.243642 
144 -0.035525 0.000000 0.090070 116.378734 0.057311 -15.140524 -0.377325 
145 0.159863 0.000000 0.090070 105.377309 0.318831 14.355815 -0.131057 
146 0.062169 0.000000 0.180140 94.427242 -0.142051 9.870632 0.098605 
147 0.013322 0.000000 -0.045035 71.000285 0.259335 -13.838139 0.476740 
148 -0.035525 0.000000 -0.045035 169.911772 -0.063896 35.967636 -2.016369 
149 0.013322 0.000000 -0.090070 44.799787 -0.089650 3.834076 0.797827 
150 0.062169 0.000000 -0.045035 271.326053 -0.076303 -20.219657 -6.402667 
151 0.013322 0.000000 0.000000 453.890373 -0.024936 2.973323 -19.602531 
152 -0.133219 0.000000 0.090070 104.435035 0.018401 5.552635 -0.093751 
153 -0.230913 0.000000 0.090070 100.818823 -0.021881 6.723318 -0.020964 
154 -0.133219 0.000000 0.180140 101.182745 -0.153924 5.121869 -0.026421 
155 0.013322 0.000000 0.045035 78.872790 -0.367427 15.627148 0.353474 
156 -0.035525 0.000000 0.045035 170.321544 -0.094732 -20.676966 -1.943697 
157 0.062169 0.000000 0.045035 270.386881 -0.058347 20.975257 -6.354903 
158 0.013322 0.000000 0.090070 52.913190 -0.203139 5.881539 0.716556 
159 -1.989406 0.000000 -8.646699 99.754847 -0.008029 6.974774 0.000032 
160 -5.115617 0.000000 -8.646699 99.755774 -0.000053 6.975456 0.000013 
161 -1.989406 0.000000 -11.528932 99.755560 -0.000038 6.975057 0.000018 
162 1.136804 0.000000 -8.646699 99.754817 -0.011467 6.973206 0.000035 
163 -0.426301 0.000000 -4.323349 99.756288 -0.041612 6.967406 0.000014 
164 -1.989406 0.000000 -4.323349 99.751338 -0.015683 6.975102 0.000102 
165 -0.426301 0.000000 -5.764466 99.754404 -0.017286 6.971760 0.000045 
166 1.136804 0.000000 -4.323349 99.755248 -0.060113 6.966152 0.000036 
167 0.355251 0.000000 -2.161675 99.811233 0.008034 6.929905 -0.001031 
168 -0.426301 0.000000 -2.161675 99.750498 0.062862 6.945155 0.000160 
169 0.355251 0.000000 -2.882233 99.772653 0.107409 6.947196 -0.000286 
170 1.136804 0.000000 -2.161675 99.824576 0.038469 6.936095 -0.001306 
171 -0.035525 0.000000 -1.080837 99.877781 0.032877 6.764660 -0.002133 
172 -0.426301 0.000000 -1.080837 99.784971 0.025841 6.872301 -0.000427 
173 -0.035525 0.000000 -1.441116 99.750174 0.008520 6.899204 0.000230 
174 0.355251 0.000000 -1.080837 100.250528 -0.055095 6.803805 -0.009646 
175 0.159863 0.000000 -0.540419 99.402122 -0.001265 6.201455 0.008076 
176 -0.035525 0.000000 -0.540419 99.251563 0.047517 6.743876 0.010365 
177 0.159863 0.000000 -0.720558 99.607672 0.022970 6.547576 0.003544 
178 0.355251 0.000000 -0.540419 100.035791 -0.048471 6.483267 -0.004919 
179 0.062169 0.000000 -0.270209 94.378546 0.267314 5.128415 0.106632 
180 -0.035525 0.000000 -0.270209 96.480377 0.084567 8.570377 0.061808 
181 0.062169 0.000000 -0.360279 97.413257 0.155941 6.139906 0.047293 
182 0.159863 0.000000 -0.270209 98.195148 0.318270 3.129529 0.034782 
183 0.013322 0.000000 -0.135105 81.985492 0.045602 8.545141 0.320536 
184 -0.035525 0.000000 -0.135105 99.402425 0.270263 16.786828 -0.016271 
185 0.013322 0.000000 -0.180140 90.152226 0.379898 7.911887 0.180983 
186 0.062169 0.000000 -0.135105 89.976653 0.035640 -1.875471 0.190068 
187 0.550639 0.000000 -0.180140 104.388259 -0.029264 5.047774 -0.092239 
188 0.550639 0.000000 -0.360279 99.672303 -0.041557 6.787826 0.001936 
189 0.746027 0.000000 -0.180140 105.583703 -0.000503 5.157273 -0.117452 
190 0.550639 0.000000 0.000000 104.486766 -0.029573 6.558711 -0.096050 
191 0.257557 0.000000 -0.090070 103.506849 -0.008938 -10.224949 -0.081822 
192 0.257557 0.000000 -0.180140 100.936324 0.223897 0.982269 -0.018916 
193 0.355251 0.000000 -0.090070 105.750972 0.038048 -4.330941 -0.120203 
194 0.257557 0.000000 0.000000 43.722465 -0.112601 0.028899 0.808833 
195 0.111016 0.000000 -0.045035 160.766984 -0.027798 -13.343192 -1.602406 
196 0.111016 0.000000 -0.090070 91.730704 0.349388 -15.009259 0.136008 
197 0.159863 0.000000 -0.045035 101.858844 0.356982 -7.072238 -0.042537 
198 0.111016 0.000000 0.000000 165.417580 -0.024735 0.143326 -1.736300 
199 0.037745 0.000000 -0.067552 63.810210 0.235612 -12.268710 0.577768 
200 0.013322 0.000000 -0.067552 70.943334 0.270177 -13.463701 0.478570 
201 0.037745 0.000000 -0.090070 75.923468 -0.060427 -9.229989 0.415043 
202 0.062169 0.000000 -0.067552 71.061354 0.224340 -13.475742 0.476864 
203 0.037745 0.000000 -0.045035 63.982692 0.220289 -12.455026 0.575104 
204 0.550639 0.000000 0.180140 104.585668 -0.043398 5.075366 -0.096392 
205 0.746027 0.000000 0.180140 105.892877 -0.015479 5.188915 -0.124023 
206 0.550639 0.000000 0.360279 100.015784 -0.035144 5.769396 -0.003644 
207 0.257557 0.000000 0.090070 106.111298 -0.080969 10.738366 -0.137493 
208 0.355251 0.000000 0.090070 106.939539 0.029069 4.648578 -0.145768 
209 0.257557 0.000000 0.180140 102.462182 0.091096 8.701224 -0.057422 
210 0.111016 0.000000 0.045035 160.702223 -0.076187 13.671731 -1.601213 
211 0.159863 0.000000 0.045035 102.012724 0.221095 7.487710 -0.046271 
212 0.111016 0.000000 0.090070 96.399360 0.221567 16.305466 0.044125 
213 -1.989406 0.000000 8.646699 99.758279 0.007094 6.975182 -0.000037 
214 -5.115617 0.000000 8.646699 99.757016 -0.000122 6.975567 -0.000012 
215 1.136804 0.000000 8.646699 99.759180 0.011261 6.972986 -0.000052 
216 -1.989406 0.000000 11.528932 99.757454 -0.000174 6.975112 -0.000020 
217 -0.426301 0.000000 4.323349 99.763804 0.036996 6.973905 -0.000145 
218 -1.989406 0.000000 4.323349 99.760057 0.017585 6.977083 -0.000075 
219 1.136804 0.000000 4.323349 99.766095 0.058168 6.963842 -0.000177 
220 -0.426301 0.000000 5.764466 99.760416 0.018828 6.973190 -0.000077 
221 0.355251 0.000000 2.161675 99.796277 -0.205339 6.956977 -0.000774 
222 -0.426301 0.000000 2.161675 99.752537 -0.079304 6.971038 0.000083 
223 1.136804 0.000000 2.161675 99.800379 -0.026998 6.919265 -0.000799 
224 0.355251 0.000000 2.882233 99.767004 -0.108211 6.960147 -0.000191 
225 -0.035525 0.000000 1.080837 99.501371 0.138201 6.930644 0.005142 
226 -0.426301 0.000000 1.080837 99.650386 0.081854 6.922772 0.002187 
227 0.355251 0.000000 1.080837 99.514793 0.125081 6.961619 0.004833 
228 -0.035525 0.000000 1.441116 99.745745 -0.000443 7.006295 0.000170 
229 0.159863 0.000000 0.540419 99.641397 0.002210 7.263187 0.001884 
230 -0.035525 0.000000 0.540419 99.311304 0.037342 6.914520 0.008945 
231 0.355251 0.000000 0.540419 100.105744 -0.067551 6.839231 -0.006794 
232 0.159863 0.000000 0.720558 99.684602 0.021400 7.087019 0.001275 
233 0.062169 0.000000 0.270209 95.574460 -0.051788 8.042614 0.080084 
234 -0.035525 0.000000 0.270209 97.285262 -0.001767 5.187923 0.050866 
235 0.159863 0.000000 0.270209 99.391347 0.051376 9.462466 0.003182 
236 0.062169 0.000000 0.360279 98.128023 -0.084944 7.326841 0.031720 
237 0.013322 0.000000 0.135105 85.701129 -0.047768 3.843797 0.264054 
238 -0.035525 0.000000 0.135105 101.383607 0.165446 -2.702739 -0.028597 
239 0.062169 0.000000 0.135105 93.245993 -0.094255 12.459819 0.114993 
240 0.013322 0.000000 0.180140 92.497203 0.105918 5.141231 0.141782 
241 0.037745 0.000000 0.067552 71.472232 -0.195436 14.220870 0.468945 
242 0.013322 0.000000 0.067552 78.767314 -0.361703 15.687483 0.354948 
243 0.037745 0.000000 0.045035 71.808958 -0.195728 14.244884 0.464052 
244 0.062169 0.000000 0.067552 77.701467 -0.089695 15.162326 0.373258 
245 0.037745 0.000000 0.090070 81.417133 -0.057347 16.684115 0.309289 
246 0.111016 0.000000 -0.135105 96.868757 -0.073657 -3.806207 0.060195 
247 0.111016 0.000000 -0.180140 95.926374 -0.151110 0.030296 0.079811 
248 0.159863 0.000000 -0.135105 99.196104 -0.006995 -3.817025 0.014556 
249 0.086592 0.000000 -0.067552 93.091840 0.040227 -15.270087 0.110073 
250 0.086592 0.000000 -0.090070 93.777892 0.011885 -15.562090 0.096353 
251 0.111016 0.000000 -0.067552 91.924835 0.314530 -14.987334 0.132511 
252 0.086592 0.000000 -0.045035 209.668154 -0.056332 -19.338690 -3.433472 
253 0.086592 0.000000 -0.112587 92.650086 0.075925 -8.028476 0.135150 
254 0.062169 0.000000 -0.112587 86.391056 0.055095 -5.586082 0.250538 
255 0.086592 0.000000 -0.135105 93.840613 0.029050 -3.581740 0.118111 
256 0.111016 0.000000 -0.112587 97.173779 0.206119 -7.537250 0.050040 
257 0.074381 0.000000 -0.078811 89.098986 0.032802 -15.108975 0.183309 
258 0.062169 0.000000 -0.078811 72.961563 0.203291 -13.735843 0.448790 
259 0.074381 0.000000 -0.090070 79.653291 0.060689 -15.452890 0.341656 
260 0.086592 0.000000 -0.078811 93.137819 0.056694 -15.316449 0.109075 
261 0.074381 0.000000 -0.067552 85.201702 0.073901 -14.793032 0.252183 
262 0.111016 0.000000 0.135105 99.760616 -0.011199 13.315760 -0.012949 
263 0.159863 0.000000 0.135105 101.736065 -0.106661 12.297492 -0.050147 
264 0.111016 0.000000 0.180140 98.105078 -0.230555 11.335218 0.024685 
265 0.086592 0.000000 0.067552 98.087804 0.274993 16.573015 0.010404 
266 0.086592 0.000000 0.045035 209.296814 -0.052029 19.586340 -3.418878 
267 0.111016 0.000000 0.067552 96.608358 0.227921 16.353794 0.039933 
268 0.086592 0.000000 0.090070 98.759310 0.305087 16.649021 -0.003068 
269 0.086592 0.000000 0.112587 96.287053 0.052810 16.162382 0.046758 
270 0.062169 0.000000 0.112587 90.382928 -0.047387 14.599117 0.161779 
271 0.111016 0.000000 0.112587 100.557428 0.230734 14.993823 -0.033666 
272 0.086592 0.000000 0.135105 96.903060 0.022162 13.559755 0.042593 
273 0.074381 0.000000 0.078811 94.525925 0.172676 16.299106 0.079916 
274 0.062169 0.000000 0.078811 79.499560 -0.065085 15.245872 0.344738 
275 0.074381 0.000000 0.067552 90.898009 0.114030 16.061383 0.147957 
276 0.086592 0.000000 0.078811 98.106732 0.277058 16.568423 0.010048 
277 0.074381 0.000000 0.090070 84.487773 0.059066 20.829168 0.242796 
278 0.208710 0.000000 -0.045035 63.658756 -0.092592 -4.205727 0.592987 
279 0.208710 0.000000 -0.090070 100.668379 0.137059 -12.582535 -0.029246 
280 0.257557 0.000000 -0.045035 43.258010 -0.075852 -3.149776 0.811882 
281 0.208710 0.000000 0.000000 65.196608 -0.048790 0.053042 0.574940 
282 0.135439 0.000000 -0.067552 91.917991 0.505862 -15.242074 0.131851 
283 0.135439 0.000000 -0.090070 93.921033 0.490033 -15.118997 0.095002 
284 0.159863 0.000000 -0.067552 100.507767 0.254060 -10.496533 -0.021205 
285 0.135439 0.000000 -0.045035 127.433620 0.240783 -9.678921 -0.633307 
286 0.257557 0.000000 -0.270209 100.628946 0.190032 4.027907 -0.014244 
287 0.257557 0.000000 -0.360279 100.256568 0.152320 5.221932 -0.007867 
288 0.355251 0.000000 -0.270209 101.399560 0.179019 5.436473 -0.031146 
289 0.208710 0.000000 -0.135105 101.145825 0.207527 -3.705184 -0.024425 
290 0.208710 0.000000 -0.180140 99.580689 0.310649 -0.322591 0.008349 
291 0.257557 0.000000 -0.135105 101.210297 0.352246 -2.727767 -0.025109 
292 0.135439 0.000000 -0.112587 98.360260 0.216634 -6.973096 0.027659 
293 0.135439 0.000000 -0.135105 98.376608 -0.028099 -3.712917 0.030826 
294 0.159863 0.000000 -0.112587 99.373141 0.178767 -6.921658 0.007704 
295 0.123228 0.000000 -0.078811 91.399770 0.457257 -15.034126 0.141985 
296 0.111016 0.000000 -0.078811 91.850451 0.336035 -15.080925 0.133595 
297 0.123228 0.000000 -0.090070 91.699571 0.446173 -15.207400 0.135972 
298 0.135439 0.000000 -0.078811 93.759584 0.491733 -15.148768 0.097941 
299 0.123228 0.000000 -0.067552 91.468066 0.409085 -15.170014 0.140330 
300 0.208710 0.000000 0.045035 63.865630 -0.126665 4.531700 0.590063 
301 0.257557 0.000000 0.045035 43.405537 -0.126091 3.176020 0.810586 
302 0.208710 0.000000 0.090070 104.264828 0.000306 13.300389 -0.104805 
303 0.135439 0.000000 0.067552 96.446532 0.226835 16.265187 0.043346 
304 0.135439 0.000000 0.045035 127.092484 0.064613 10.102721 -0.625457 
305 0.159863 0.000000 0.067552 100.822991 0.215062 10.836428 -0.028275 
306 0.135439 0.000000 0.090070 98.312265 0.282784 16.104263 0.007527 
307 0.257557 0.000000 0.270209 101.759036 0.075273 8.107837 -0.042064 
308 0.355251 0.000000 0.270209 102.316107 -0.017094 6.340874 -0.050879 
309 0.257557 0.000000 0.360279 101.332082 -0.075571 7.873803 -0.033019 
310 0.208710 0.000000 0.135105 103.657263 0.043694 11.081315 -0.086763 
311 0.257557 0.000000 0.135105 103.450312 0.102805 9.430952 -0.079092 
312 0.208710 0.000000 0.180140 101.248388 0.152527 10.495446 -0.036141 
313 0.135439 0.000000 0.112587 101.685004 0.195590 13.739614 -0.052866 
314 0.159863 0.000000 0.112587 102.375313 0.003631 12.953991 -0.064851 
315 0.135439 0.000000 0.135105 101.151609 -0.038402 12.700420 -0.039295 
316 0.123228 0.000000 0.078811 95.998030 0.211382 16.221282 0.052120 
317 0.111016 0.000000 0.078811 96.530715 0.225514 16.315160 0.041559 
318 0.123228 0.000000 0.067552 96.120359 0.213014 16.209128 0.049810 
319 0.135439 0.000000 0.078811 98.162489 0.278627 16.138161 0.010361 
320 0.123228 0.000000 0.090070 96.300621 0.220198 16.239969 0.046241 
321 0.184287 0.000000 -0.112587 100.398720 0.115539 -7.626114 -0.013807 
322 0.184287 0.000000 -0.135105 99.590789 0.130468 -4.224999 0.006381 
323 0.208710 0.000000 -0.112587 104.458740 0.171593 -7.403098 -0.096646 
324 0.184287 0.000000 -0.090070 100.253875 0.297410 -13.260289 -0.022676 
325 0.452945 0.000000 -0.090070 97.260508 -0.031621 2.825624 0.053241 
326 0.452945 0.000000 -0.180140 99.505312 -0.041001 1.166024 0.009733 
327 0.550639 0.000000 -0.090070 103.115352 -0.028225 5.581657 -0.066393 
328 0.452945 0.000000 0.000000 104.486766 -0.029573 6.558713 -0.096050 
329 0.306404 0.000000 -0.135105 102.368054 0.129003 -0.065347 -0.047924 
330 0.306404 0.000000 -0.180140 101.889278 0.403186 2.162412 -0.038626 
331 0.355251 0.000000 -0.135105 107.201831 0.132577 0.375010 -0.149239 
332 0.306404 0.000000 -0.090070 105.347062 0.038836 -6.412500 -0.113913 
333 0.233134 0.000000 -0.112587 104.463680 -0.030684 -10.316883 -0.101910 
334 0.233134 0.000000 -0.135105 100.894856 0.209297 -2.581282 -0.018648 
335 0.257557 0.000000 -0.112587 103.475746 -0.006463 -10.221792 -0.081172 
336 0.233134 0.000000 -0.090070 104.188501 -0.031240 -10.290716 -0.096114 
337 0.184287 0.000000 -0.067552 79.843912 0.228505 -9.146448 0.354124 
338 0.208710 0.000000 -0.067552 60.276398 0.017521 -7.074831 0.631670 
339 0.184287 0.000000 -0.045035 81.007960 0.176983 -5.795935 0.340409 
340 0.196498 0.000000 -0.101329 99.783239 0.249972 -13.345185 -0.013485 
341 0.184287 0.000000 -0.101329 100.101326 0.290488 -13.388777 -0.019962 
342 0.196498 0.000000 -0.112587 100.912060 0.141357 -7.542538 -0.024015 
343 0.208710 0.000000 -0.101329 101.268502 0.117781 -12.121980 -0.040227 
344 0.196498 0.000000 -0.090070 99.754584 0.257749 -13.341773 -0.012905 
345 0.184287 0.000000 0.112587 103.412078 -0.037590 12.994247 -0.086291 
346 0.184287 0.000000 0.090070 104.133260 0.146903 14.236551 -0.104644 
347 0.208710 0.000000 0.112587 107.481160 -0.006949 12.073607 -0.169797 
348 0.184287 0.000000 0.135105 102.006625 0.032554 12.067278 -0.055097 
349 0.184287 0.000000 0.067552 80.351350 0.194078 9.527397 0.345285 
350 0.184287 0.000000 0.045035 81.242970 0.207352 6.184006 0.336129 
351 0.208710 0.000000 0.067552 60.513197 -0.041665 7.362378 0.628395 
352 0.452945 0.000000 0.090070 97.457472 -0.034404 2.821660 0.049408 
353 0.550639 0.000000 0.090070 103.226398 -0.034687 5.587679 -0.068691 
354 0.452945 0.000000 0.180140 99.712973 -0.048128 1.168768 0.005595 
355 0.306404 0.000000 0.135105 104.472861 0.012697 6.285475 -0.095409 
356 0.306404 0.000000 0.090070 107.075257 0.014088 6.781139 -0.151109 
357 0.355251 0.000000 0.135105 108.286506 0.051702 5.106382 -0.175205 
358 0.306404 0.000000 0.180140 103.241658 0.113049 7.183179 -0.071045 
359 0.233134 0.000000 0.112587 107.320722 -0.045698 10.858425 -0.163564 
360 0.233134 0.000000 0.090070 107.021418 -0.058956 10.829121 -0.157086 
361 0.257557 0.000000 0.112587 106.078656 -0.078977 10.735082 -0.136793 
362 0.233134 0.000000 0.135105 103.203896 -0.055534 9.567027 -0.074258 
363 0.196498 0.000000 0.101329 103.633726 0.055945 14.124581 -0.093946 
364 0.184287 0.000000 0.101329 103.993751 0.122720 14.173839 -0.101561 
365 0.196498 0.000000 0.090070 103.617825 0.055469 14.123042 -0.093612 
366 0.208710 0.000000 0.101329 104.776996 -0.002421 12.811818 -0.114236 
367 0.196498 0.000000 0.112587 103.939530 0.091756 12.528860 -0.096041 
368 0.306404 0.000000 -0.045035 30.122568 0.044572 -1.116585 0.909138 
369 0.355251 0.000000 -0.045035 21.878745 0.009110 -0.716920 0.952081 
370 0.306404 0.000000 0.000000 30.301123 0.022475 0.058854 0.908184 
371 0.281981 0.000000 -0.112587 103.960036 0.053507 -8.349490 -0.087741 
372 0.281981 0.000000 -0.135105 103.860604 0.150237 -1.619645 -0.078967 
373 0.306404 0.000000 -0.112587 105.458050 0.033428 -6.420172 -0.116262 
374 0.281981 0.000000 -0.090070 103.797123 0.049805 -8.674604 -0.084909 
375 0.281981 0.000000 -0.067552 32.260881 0.077662 -3.583167 0.894639 
376 0.257557 0.000000 -0.067552 43.027120 -0.045293 -5.176514 0.812187 
377 0.306404 0.000000 -0.067552 30.027430 0.037196 -1.487514 0.909614 
378 0.281981 0.000000 -0.045035 34.441871 0.001028 -2.278308 0.880857 
379 0.269769 0.000000 -0.101329 103.258027 0.025980 -9.969427 -0.076161 
380 0.257557 0.000000 -0.101329 103.504068 -0.008717 -10.224667 -0.081764 
381 0.269769 0.000000 -0.112587 103.089149 0.039662 -10.182709 -0.073106 
382 0.281981 0.000000 -0.101329 103.453468 0.061945 -9.475952 -0.079242 
383 0.269769 0.000000 -0.090070 103.222987 0.022763 -10.196230 -0.075895 
384 0.306404 0.000000 0.045035 30.038449 0.028465 1.147340 0.909637 
385 0.355251 0.000000 0.045035 21.858781 -0.016056 0.854757 0.952146 
386 0.281981 0.000000 0.112587 106.119210 0.053981 8.789422 -0.133854 
387 0.281981 0.000000 0.090070 106.028357 0.038679 9.126884 -0.132531 
388 0.306404 0.000000 0.112587 107.161729 -0.001207 6.786524 -0.152969 
389 0.281981 0.000000 0.135105 105.951628 -0.054859 8.080035 -0.129104 
390 0.281981 0.000000 0.067552 32.229679 0.071530 3.680433 0.894770 
391 0.257557 0.000000 0.067552 43.229209 -0.116382 5.233700 0.810383 
392 0.281981 0.000000 0.045035 34.439702 0.023273 2.384367 0.880822 
393 0.306404 0.000000 0.067552 29.955921 -0.007191 1.520081 0.910033 
394 0.269769 0.000000 0.101329 105.781649 -0.030447 10.471175 -0.129940 
395 0.257557 0.000000 0.101329 106.108379 -0.080791 10.738073 -0.137430 
396 0.269769 0.000000 0.090070 105.784268 -0.035155 10.705111 -0.130491 
397 0.281981 0.000000 0.101329 105.780530 0.079101 9.948866 -0.128851 
398 0.269769 0.000000 0.112587 105.623837 -0.007632 10.688727 -0.127064 
399 0.746027 0.000000 -1.080837 100.054222 -0.146234 6.971942 -0.005948 
400 0.746027 0.000000 -1.441116 99.788952 -0.004758 6.920275 -0.000573 
401 1.136804 0.000000 -1.080837 99.876689 -0.077614 6.861024 -0.002243 
402 0.550639 0.000000 -0.540419 99.687924 -0.199372 6.790237 0.001617 
403 0.550639 0.000000 -0.720558 100.100558 0.016424 6.829016 -0.006676 
404 0.746027 0.000000 -0.540419 99.837865 -0.032993 6.832131 -0.001428 
405 0.452945 0.000000 -0.270209 100.340679 -0.026435 6.606191 -0.011189 
406 0.452945 0.000000 -0.360279 100.229507 0.036056 6.614117 -0.008970 
407 0.550639 0.000000 -0.270209 104.378217 -0.041021 1.859925 -0.089827 
408 0.404098 0.000000 -0.135105 94.673669 -0.041044 0.454779 0.103669 
409 0.404098 0.000000 -0.180140 103.335059 0.025268 5.791517 -0.071168 
410 0.452945 0.000000 -0.135105 97.672076 -0.034117 2.219993 0.045524 
411 0.404098 0.000000 -0.090070 98.776103 -0.028471 -1.089909 0.024209 
412 0.330828 0.000000 -0.112587 105.259511 0.044337 -6.410626 -0.112066 
413 0.330828 0.000000 -0.135105 102.486271 0.085864 -0.922524 -0.050429 
414 0.355251 0.000000 -0.112587 105.701727 0.043222 -4.585923 -0.119389 
415 0.330828 0.000000 -0.090070 105.256818 0.043155 -6.410451 -0.112009 
416 0.746027 0.000000 1.080837 99.606153 -0.001436 6.916604 0.003077 
417 1.136804 0.000000 1.080837 99.715230 -0.030579 6.824810 0.001029 
418 0.746027 0.000000 1.441116 99.784311 0.125223 6.910311 -0.000468 
419 0.550639 0.000000 0.540419 99.499132 -0.048469 6.530632 0.005727 
420 0.746027 0.000000 0.540419 99.645014 -0.062515 6.535030 0.002816 
421 0.550639 0.000000 0.720558 99.863664 0.024269 6.784402 -0.001878 
422 0.452945 0.000000 0.270209 100.972110 -0.088404 4.941619 -0.021979 
423 0.550639 0.000000 0.270209 104.587879 -0.060696 1.866948 -0.094211 
424 0.452945 0.000000 0.360279 101.335234 0.059297 5.905292 -0.030371 
425 0.404098 0.000000 0.135105 94.879245 -0.035805 0.453158 0.099772 
426 0.404098 0.000000 0.090070 99.158741 0.019247 1.907036 0.016391 
427 0.452945 0.000000 0.135105 97.876766 -0.036430 2.219407 0.041521 
428 0.404098 0.000000 0.180140 104.652784 -0.023483 3.201199 -0.096245 
429 0.330828 0.000000 0.112587 106.949631 -0.019320 6.773719 -0.148411 
430 0.330828 0.000000 0.090070 106.947305 -0.020146 6.773577 -0.148361 
431 0.355251 0.000000 0.112587 106.951670 0.026277 4.909034 -0.146276 
432 0.330828 0.000000 0.135105 104.344496 0.060220 6.869549 -0.093497 
433 0.404098 0.000000 -0.045035 22.898787 0.015061 1.295110 0.947397 
434 0.452945 0.000000 -0.045035 98.839706 -0.026529 4.442182 0.021098 
435 0.404098 0.000000 0.000000 24.744991 0.003860 0.012751 0.938769 
436 0.379675 0.000000 -0.112587 104.772952 -0.006270 -2.105297 -0.098180 
437 0.379675 0.000000 -0.135105 105.362783 0.071105 2.524718 -0.110770 
438 0.404098 0.000000 -0.112587 97.400141 -0.025937 -1.545330 0.051082 
439 0.379675 0.000000 -0.090070 104.254973 -0.012744 -2.094407 -0.087349 
440 0.330828 0.000000 -0.067552 26.317272 -0.030130 -2.558069 0.930086 
441 0.355251 0.000000 -0.067552 19.630227 0.013608 -1.373080 0.961277 
442 0.330828 0.000000 -0.045035 26.125400 -0.039292 -1.484574 0.931526 
443 0.343039 0.000000 -0.101329 105.403805 0.060910 -6.036606 -0.114641 
444 0.330828 0.000000 -0.101329 105.257725 0.043553 -6.410510 -0.112029 
445 0.343039 0.000000 -0.112587 105.423419 0.056729 -5.930636 -0.114927 
446 0.355251 0.000000 -0.101329 105.705846 0.041270 -4.637205 -0.119523 
447 0.343039 0.000000 -0.090070 105.305235 0.060298 -6.412839 -0.113032 
448 0.404098 0.000000 0.045035 22.862091 -0.008806 -1.270449 0.947571 
449 0.452945 0.000000 0.045035 99.020039 -0.031737 4.442457 0.017530 
450 0.330828 0.000000 0.067552 26.205769 -0.061520 2.641916 0.930627 
451 0.330828 0.000000 0.045035 26.135431 -0.070686 1.632830 0.931427 
452 0.355251 0.000000 0.067552 19.591017 -0.022169 1.506798 0.961392 
453 0.379675 0.000000 0.112587 105.336534 0.030424 2.376463 -0.110143 
454 0.379675 0.000000 0.090070 104.764661 0.031637 2.363887 -0.098122 
455 0.404098 0.000000 0.112587 97.759276 0.019478 2.059891 0.043888 
456 0.379675 0.000000 0.135105 106.250687 -0.105983 2.737303 -0.129671 
457 0.343039 0.000000 0.101329 106.974214 0.009779 6.389472 -0.148431 
458 0.330828 0.000000 0.101329 106.948088 -0.019868 6.773625 -0.148378 
459 0.343039 0.000000 0.090070 106.939012 0.002142 6.772971 -0.148183 
460 0.355251 0.000000 0.101329 106.964219 0.030735 4.960572 -0.146595 
461 0.343039 0.000000 0.112587 106.966787 0.011014 6.281060 -0.148135 
462 1.527580 0.000000 -0.360279 100.014076 -0.085022 5.491384 -0.003298 
463 1.527580 0.000000 -0.720558 100.135929 0.137334 6.505337 -0.006954 
464 1.918356 0.000000 -0.360279 99.480649 0.081908 5.756753 0.007045 
465 1.527580 0.000000 0.000000 104.674108 0.068194 2.899829 -0.096508 
466 0.941416 0.000000 -0.180140 105.350552 0.036408 4.955115 -0.112329 
467 0.941416 0.000000 -0.360279 99.290258 -0.018606 6.269204 0.010214 
468 1.136804 0.000000 -0.180140 103.849034 0.056180 3.936510 -0.080012 
469 0.941416 0.000000 0.000000 105.870451 0.022327 6.212251 -0.124714 
470 0.648333 0.000000 -0.090070 104.832841 -0.021211 5.636113 -0.102169 
471 0.648333 0.000000 -0.180140 104.940715 -0.013843 4.549427 -0.103325 
472 0.746027 0.000000 -0.090070 105.716830 0.000882 6.497517 -0.121827 
473 0.648333 0.000000 0.000000 105.170694 -0.015881 6.612744 -0.110460 
474 0.501792 0.000000 -0.135105 99.178691 -0.030945 3.343641 0.015241 
475 0.501792 0.000000 -0.180140 101.100228 -0.036932 2.584996 -0.022794 
476 0.550639 0.000000 -0.135105 104.401218 -0.026589 5.865217 -0.093402 
477 0.501792 0.000000 -0.090070 99.160276 -0.027190 4.479148 0.014718 
478 0.428522 0.000000 -0.112587 91.994799 -0.029287 -0.580463 0.153662 
479 0.428522 0.000000 -0.135105 97.595770 -0.037728 1.263574 0.047347 
480 0.452945 0.000000 -0.112587 97.324023 -0.033986 2.272531 0.052287 
481 0.428522 0.000000 -0.090070 94.217728 -0.031346 0.217783 0.112297 
482 0.379675 0.000000 -0.067552 21.000785 0.022420 0.468193 0.955875 
483 0.404098 0.000000 -0.067552 94.684053 -0.035719 1.060838 0.103380 
484 0.379675 0.000000 -0.045035 21.473315 -0.013742 0.191696 0.953886 
485 0.391886 0.000000 -0.101329 101.599911 -0.023565 -1.862742 -0.032601 
486 0.379675 0.000000 -0.101329 104.794694 -0.006246 -2.105760 -0.098636 
487 0.391886 0.000000 -0.112587 101.485699 -0.023522 -1.834146 -0.030271 
488 0.404098 0.000000 -0.101329 97.482773 -0.025865 -1.567176 0.049465 
489 0.391886 0.000000 -0.090070 101.808791 -0.022669 -1.599643 -0.036759 
490 0.379675 0.000000 0.067552 21.004785 -0.001223 -0.386099 0.955865 
491 0.379675 0.000000 0.045035 21.476327 -0.034452 -0.141287 0.953875 
492 0.404098 0.000000 0.067552 94.889838 -0.029656 1.055024 0.099480 
493 1.527580 0.000000 0.360279 99.373101 0.061007 5.209431 0.009784 
494 1.918356 0.000000 0.360279 99.726131 0.147463 4.493615 0.003448 
495 1.527580 0.000000 0.720558 99.415501 -0.033658 6.376757 0.007589 
496 0.941416 0.000000 0.180140 106.667205 0.018786 4.980449 -0.140270 
497 1.136804 0.000000 0.180140 106.765836 0.035545 3.992050 -0.141488 
498 0.941416 0.000000 0.360279 99.908287 -0.085110 6.243703 -0.002066 
499 0.648333 0.000000 0.090070 104.975648 -0.029923 5.650972 -0.105182 
500 0.746027 0.000000 0.090070 105.840577 -0.005846 6.508533 -0.124459 
501 0.648333 0.000000 0.180140 105.207347 -0.029270 4.571258 -0.108948 
502 0.501792 0.000000 0.135105 99.376726 -0.035473 3.351718 0.011303 
503 0.501792 0.000000 0.090070 99.325131 -0.031171 4.476094 0.011448 
504 0.550639 0.000000 0.135105 104.568905 -0.038951 5.884431 -0.096928 
505 0.501792 0.000000 0.180140 101.311423 -0.045441 2.597087 -0.027075 
506 0.428522 0.000000 0.112587 92.261372 -0.032278 1.690764 0.148498 
507 0.428522 0.000000 0.090070 94.462711 -0.030051 1.770603 0.107366 
508 0.452945 0.000000 0.112587 97.527163 -0.035167 2.274083 0.048328 
509 0.428522 0.000000 0.135105 97.802766 -0.039441 1.262027 0.043302 
510 0.391886 0.000000 0.101329 102.079405 0.034350 2.179576 -0.042496 
511 0.379675 0.000000 0.101329 105.354763 0.030116 2.376854 -0.110528 
512 0.391886 0.000000 0.090070 102.273766 0.023950 1.990418 -0.046389 
513 0.404098 0.000000 0.101329 97.844373 0.020221 2.070293 0.042219 
514 0.391886 0.000000 0.112587 101.958345 0.033066 2.158060 -0.040016 
515 1.332192 0.000000 -0.180140 105.164484 0.070213 2.388376 -0.106528 
516 1.332192 0.000000 -0.360279 100.099675 -0.116503 5.630493 -0.005166 
517 1.527580 0.000000 -0.180140 105.375030 0.039655 2.454290 -0.110992 
518 1.332192 0.000000 0.000000 104.050178 0.059936 3.139793 -0.083630 
519 1.332192 0.000000 0.180140 104.104602 0.084362 1.963882 -0.084163 
520 1.527580 0.000000 0.180140 104.709035 0.119414 2.043552 -0.096817 
521 1.332192 0.000000 0.360279 99.843612 -0.100705 5.031949 0.000592 
522 1.234498 0.000000 -0.090070 98.333519 0.034489 1.147171 0.032920 
523 1.136804 0.000000 -0.090070 102.386158 0.037218 4.399845 -0.050229 
524 1.234498 0.000000 -0.180140 101.825230 0.071583 0.663885 -0.036882 
525 1.332192 0.000000 -0.090070 101.359296 0.051946 1.716370 -0.027666 
526 1.234498 0.000000 0.000000 57.436043 0.014625 0.377405 0.670096 
527 1.234498 0.000000 0.090070 99.234174 0.028970 1.112158 0.015134 
528 1.136804 0.000000 0.090070 103.658204 0.026717 4.400611 -0.076439 
529 1.332192 0.000000 0.090070 101.020452 0.045376 1.645539 -0.020784 
530 1.234498 0.000000 0.180140 103.542958 0.043473 0.660815 -0.072158 
531 4.263014 0.000000 -8.646699 99.755609 -0.006264 6.972068 0.000021 
532 4.263014 0.000000 -11.528932 99.755715 0.000081 6.973709 0.000016 
533 7.389224 0.000000 -8.646699 99.756138 -0.002227 6.971698 0.000011 
534 2.699909 0.000000 -4.323349 99.757871 -0.035312 6.962929 -0.000012 
535 2.699909 0.000000 -5.764466 99.752911 -0.028109 6.967901 0.000080 
536 4.263014 0.000000 -4.323349 99.760223 -0.019041 6.963257 -0.000059 
537 1.918356 0.000000 -2.161675 99.817208 0.154707 6.925703 -0.001146 
538 1.918356 0.000000 -2.882233 99.789333 0.094279 6.948800 -0.000621 
539 2.699909 0.000000 -2.161675 99.786146 0.058052 6.932888 -0.000534 
540 1.527580 0.000000 -1.080837 99.841030 0.014829 6.750148 -0.001380 
541 1.527580 0.000000 -1.441116 99.806063 -0.007060 6.851391 -0.000819 
542 1.918356 0.000000 -1.080837 100.067372 0.059572 6.745756 -0.005899 
543 1.332192 0.000000 -0.540419 99.910524 0.070446 6.254012 -0.002123 
544 1.136804 0.000000 -0.540419 99.717360 0.029789 6.207066 0.001792 
545 1.332192 0.000000 -0.720558 100.204827 -0.002607 6.572714 -0.008421 
546 1.527580 0.000000 -0.540419 100.204759 -0.018031 6.413501 -0.008213 
547 1.234498 0.000000 -0.270209 100.217318 0.018796 4.484487 -0.006362 
548 1.136804 0.000000 -0.270209 104.232976 0.090437 0.941634 -0.086541 
549 1.234498 0.000000 -0.360279 99.896041 0.108649 5.514187 -0.000964 
550 1.332192 0.000000 -0.270209 105.324237 0.112725 0.647665 -0.109363 
551 10.515434 0.000000 -2.882233 99.758130 0.000716 6.947478 0.000005 
552 10.515434 0.000000 -5.764466 99.756718 -0.000261 6.967231 0.000005 
553 13.641644 0.000000 -2.882233 99.758067 0.000983 6.950640 0.000002 
554 10.515434 0.000000 0.000000 99.817670 0.008691 6.097035 -0.000074 
555 5.826119 0.000000 -1.441116 99.762960 -0.000680 6.862239 0.000026 
556 5.826119 0.000000 -2.882233 99.759006 -0.007016 6.944480 -0.000009 
557 7.389224 0.000000 -1.441116 99.762591 -0.001631 6.873277 0.000018 
558 5.826119 0.000000 0.000000 99.988101 0.014487 3.639646 -0.001087 
559 3.481461 0.000000 -0.720558 99.780398 0.009343 6.521507 0.000134 
560 3.481461 0.000000 -1.441116 99.768654 0.023116 6.857143 -0.000081 
561 4.263014 0.000000 -0.720558 99.782314 0.011721 6.568044 0.000035 
562 3.481461 0.000000 0.000000 100.104514 0.000097 1.759981 -0.002401 
563 2.309132 0.000000 -0.360279 98.631492 -0.184038 4.664439 0.025004 
564 2.309132 0.000000 -0.720558 99.709287 0.020670 6.570113 0.001489 
565 2.699909 0.000000 -0.360279 99.899434 0.022392 5.311156 -0.000811 
566 2.309132 0.000000 0.000000 174.207147 0.007609 1.156670 -2.034947 
567 1.722968 0.000000 -0.180140 105.306289 0.020772 2.255369 -0.109450 
568 1.722968 0.000000 -0.360279 99.813543 0.210398 5.647610 0.000532 
569 1.918356 0.000000 -0.180140 104.784109 0.046076 2.346627 -0.098522 
570 1.722968 0.000000 0.000000 105.201346 0.112857 2.650952 -0.107436 
571 1.429886 0.000000 -0.090070 104.744175 0.070230 2.223300 -0.097629 
572 1.429886 0.000000 -0.180140 105.095554 0.062054 2.237509 -0.105009 
573 1.527580 0.000000 -0.090070 105.043414 0.060993 2.315117 -0.103948 
574 1.429886 0.000000 0.000000 104.049440 0.059924 3.140493 -0.083615 
575 1.283345 0.000000 -0.135105 99.916927 0.041366 1.273529 0.001498 
576 1.234498 0.000000 -0.135105 98.779647 0.039284 1.041782 0.024149 
577 1.283345 0.000000 -0.180140 101.786982 0.063404 0.988130 -0.036157 
578 1.332192 0.000000 -0.135105 101.681848 0.047830 2.047236 -0.034339 
579 1.283345 0.000000 -0.090070 99.242432 0.035241 1.348066 0.014912 
580 10.515434 0.000000 2.882233 99.761029 -0.000540 6.908464 0.000001 
581 13.641644 0.000000 2.882233 99.762158 -0.001484 6.893413 -0.000001 
582 10.515434 0.000000 5.764466 99.757347 0.000581 6.962593 -0.000001 
583 5.826119 0.000000 1.441116 99.772628 0.000827 6.720550 0.000026 
584 7.389224 0.000000 1.441116 99.777896 -0.003357 6.663692 -0.000003 
585 5.826119 0.000000 2.882233 99.757535 0.003254 6.926740 0.000045 
586 3.481461 0.000000 0.720558 99.796194 -0.009216 6.089214 0.000364 
587 4.263014 0.000000 0.720558 99.822416 -0.006915 5.914316 0.000051 
588 3.481461 0.000000 1.441116 99.745785 -0.019538 6.792089 0.000465 
589 2.309132 0.000000 0.360279 98.338873 -0.124910 5.096040 0.030348 
590 2.699909 0.000000 0.360279 99.963782 0.002727 4.206774 -0.001045 
591 2.309132 0.000000 0.720558 99.237042 -0.002028 6.318014 0.011209 
592 1.722968 0.000000 0.180140 105.282323 0.178710 2.098988 -0.108881 
593 1.918356 0.000000 0.180140 104.884241 0.601080 2.257102 -0.100616 
594 1.722968 0.000000 0.360279 99.437408 0.128257 4.916128 0.008802 
595 1.429886 0.000000 0.090070 104.159632 0.083936 2.118651 -0.085372 
596 1.527580 0.000000 0.090070 104.608496 0.063541 2.243891 -0.094798 
597 1.429886 0.000000 0.180140 104.138179 0.071590 1.902679 -0.084839 
598 4.263014 0.000000 8.646699 99.757763 0.006810 6.971165 -0.000021 
599 7.389224 0.000000 8.646699 99.757058 0.002687 6.970618 -0.000006 
600 4.263014 0.000000 11.528932 99.757379 -0.000293 6.973392 -0.000016 
601 2.699909 0.000000 4.323349 99.758127 0.035829 6.957096 -0.000009 
602 4.263014 0.000000 4.323349 99.753117 0.014675 6.958028 0.000090 
603 2.699909 0.000000 5.764466 99.763608 0.024426 6.965171 -0.000129 
604 1.918356 0.000000 2.161675 99.742376 -0.099115 6.891656 0.000395 
605 2.699909 0.000000 2.161675 99.722585 -0.050005 6.902922 0.000775 
606 1.918356 0.000000 2.882233 99.737334 -0.084369 6.933765 0.000438 
607 1.527580 0.000000 1.080837 99.643186 0.096915 6.651471 0.002698 
608 1.918356 0.000000 1.080837 99.526566 0.037941 6.621124 0.005062 
609 1.527580 0.000000 1.441116 99.746103 0.023368 6.814103 0.000428 
610 1.332192 0.000000 0.540419 99.374897 -0.005314 6.076351 0.008771 
611 1.136804 0.000000 0.540419 99.667110 0.026864 6.362936 0.002598 
612 1.527580 0.000000 0.540419 99.315125 -0.032414 6.001620 0.010049 
613 1.332192 0.000000 0.720558 99.489898 0.017233 6.457855 0.006006 
614 1.234498 0.000000 0.270209 100.924087 0.012937 4.579335 -0.020664 
615 1.136804 0.000000 0.270209 106.391830 0.051548 0.937967 -0.132010 
616 1.332192 0.000000 0.270209 104.108986 0.082635 0.624922 -0.083908 
617 1.234498 0.000000 0.360279 100.404551 0.101614 5.427563 -0.011054 
618 1.283345 0.000000 0.135105 99.705400 0.044039 1.102489 0.005762 
619 1.234498 0.000000 0.135105 99.730989 0.030141 1.014878 0.005270 
620 1.283345 0.000000 0.090070 99.173066 0.037723 1.181628 0.016331 
621 1.332192 0.000000 0.135105 101.186274 0.051666 1.793461 -0.024188 
622 1.283345 0.000000 0.180140 101.219953 0.063875 0.898453 -0.024629 
623 2.113744 0.000000 -0.180140 103.529153 0.113314 6.822629 -0.076485 
624 2.113744 0.000000 -0.360279 99.776006 0.015214 6.012702 0.000860 
625 2.309132 0.000000 -0.180140 97.931811 -0.177860 -2.565351 0.040275 
626 2.113744 0.000000 0.000000 96.106821 -0.130101 -0.443362 0.076327 
627 2.113744 0.000000 0.180140 102.560911 0.118346 -3.285176 -0.052955 
628 2.309132 0.000000 0.180140 97.623013 -0.245250 6.888273 0.042224 
629 2.113744 0.000000 0.360279 99.565477 -0.066676 3.518237 0.007433 
630 2.016050 0.000000 -0.090070 103.581845 0.117365 1.548146 -0.073161 
631 1.918356 0.000000 -0.090070 104.717962 0.116173 2.473418 -0.097198 
632 2.016050 0.000000 -0.180140 104.068231 0.112430 0.703692 -0.083070 
633 2.113744 0.000000 -0.090070 111.164705 0.095167 11.671004 -0.249381 
634 2.016050 0.000000 0.000000 104.905601 0.170829 2.690484 -0.101245 
635 2.016050 0.000000 0.090070 104.492614 0.044807 1.426613 -0.092074 
636 1.918356 0.000000 0.090070 104.825683 0.483310 2.554531 -0.099518 
637 2.113744 0.000000 0.090070 108.832377 0.010740 -11.344822 -0.197319 
638 2.016050 0.000000 0.180140 104.942597 0.223666 0.809535 -0.101365 
639 2.309132 0.000000 -1.080837 99.976853 -0.025999 6.841438 -0.004218 
640 2.309132 0.000000 -1.441116 99.818205 -0.041582 6.878924 -0.001100 
641 2.699909 0.000000 -1.080837 99.773637 0.002681 6.781196 -0.000076 
642 2.113744 0.000000 -0.540419 99.346583 0.069613 6.369489 0.008968 
643 1.918356 0.000000 -0.540419 99.833396 0.160748 6.223937 -0.000547 
644 2.113744 0.000000 -0.720558 99.942020 0.019959 6.658392 -0.003274 
645 2.309132 0.000000 -0.540419 99.569919 -0.001498 6.228327 0.004704 
646 2.016050 0.000000 -0.270209 100.416305 0.065646 4.595354 -0.010456 
647 1.918356 0.000000 -0.270209 104.728519 0.061164 1.194680 -0.096949 
648 2.016050 0.000000 -0.360279 100.007811 0.074556 5.606297 -0.003300 
649 2.113744 0.000000 -0.270209 100.147632 0.016882 5.943502 -0.006487 
650 3.090685 0.000000 -0.360279 99.850348 -0.032472 5.493603 -0.000027 
651 3.090685 0.000000 -0.720558 99.806212 -0.030576 6.537029 -0.000401 
652 3.481461 0.000000 -0.360279 99.839818 0.012259 5.603113 0.000062 
653 3.090685 0.000000 0.000000 100.110350 0.004655 1.606376 -0.002466 
654 2.504521 0.000000 -0.180140 100.682349 -0.086710 2.509038 -0.014324 
655 2.504521 0.000000 -0.360279 99.887246 -0.037548 5.023415 -0.000270 
656 2.699909 0.000000 -0.180140 100.077500 -0.021993 3.161011 -0.002550 
657 2.504521 0.000000 0.000000 101.490949 -0.008434 1.269212 -0.030202 
658 2.211438 0.000000 -0.090070 88.830084 -0.082138 16.120591 0.184934 
659 2.211438 0.000000 -0.180140 93.233575 0.013599 6.833659 0.126080 
660 2.309132 0.000000 -0.090070 122.705408 0.002968 -19.979323 -0.545579 
661 2.211438 0.000000 0.000000 214.682536 0.039939 -0.145530 -3.608861 
662 2.064897 0.000000 -0.135105 103.712357 0.131628 0.527618 -0.075655 
663 2.016050 0.000000 -0.135105 103.528786 0.118109 1.524543 -0.072055 
664 2.064897 0.000000 -0.180140 103.938762 0.041096 3.621031 -0.081638 
665 2.113744 0.000000 -0.135105 108.495804 0.164101 8.554142 -0.184454 
666 2.064897 0.000000 -0.090070 103.250860 0.176011 3.352400 -0.067201 
667 3.090685 0.000000 0.360279 99.926408 -0.055352 3.833651 0.000001 
668 3.481461 0.000000 0.360279 99.986379 -0.013050 3.398750 -0.000883 
669 3.090685 0.000000 0.720558 99.750830 -0.075014 6.203527 0.001128 
670 2.504521 0.000000 0.180140 100.802462 -0.067454 1.904762 -0.016477 
671 2.699909 0.000000 0.180140 100.215775 -0.063369 1.342081 -0.004501 
672 2.504521 0.000000 0.360279 99.791289 -0.080636 4.748710 0.001914 
673 2.211438 0.000000 0.090070 87.027305 0.018739 -15.736762 0.217860 
674 2.309132 0.000000 0.090070 122.383123 -0.009818 22.706733 -0.549322 
675 2.211438 0.000000 0.180140 92.514986 -0.012758 -3.021901 0.143185 
676 2.309132 0.000000 1.080837 99.488581 -0.047106 6.675998 0.005745 
677 2.699909 0.000000 1.080837 99.633045 -0.065602 6.697284 0.002840 
678 2.309132 0.000000 1.441116 99.694478 -0.004011 6.793588 0.001486 
679 2.113744 0.000000 0.540419 98.704073 0.005068 5.562745 0.022656 
680 1.918356 0.000000 0.540419 99.209904 0.062346 5.714265 0.012474 
681 2.309132 0.000000 0.540419 99.102217 -0.082319 5.817455 0.014490 
682 2.113744 0.000000 0.720558 99.456523 -0.012630 6.176232 0.007025 
683 2.016050 0.000000 0.270209 101.018296 0.048979 2.886899 -0.021303 
684 1.918356 0.000000 0.270209 105.321937 0.327291 1.375291 -0.109471 
685 2.113744 0.000000 0.270209 99.952989 -0.037207 1.189221 0.000798 
686 2.016050 0.000000 0.360279 100.197081 0.069001 4.143110 -0.005663 
687 2.064897 0.000000 0.135105 104.742982 0.095739 0.592976 -0.097145 
688 2.016050 0.000000 0.135105 104.458776 0.058923 1.412602 -0.091363 
689 2.064897 0.000000 0.090070 103.808018 0.099314 -2.137433 -0.078068 
690 2.113744 0.000000 0.135105 106.790658 0.123020 -6.989451 -0.145311 
691 2.064897 0.000000 0.180140 103.297448 0.039569 -0.342809 -0.067048 
692 2.211438 0.000000 -0.270209 95.921871 -0.021699 5.597130 0.076767 
693 2.211438 0.000000 -0.360279 98.291838 0.007053 5.636048 0.030695 
694 2.309132 0.000000 -0.270209 97.655204 0.086717 2.598360 0.045670 
695 2.162591 0.000000 -0.135105 100.499009 0.112208 11.642772 -0.023562 
696 2.162591 0.000000 -0.180140 99.011330 0.083144 8.347811 0.012706 
697 2.211438 0.000000 -0.135105 90.759885 -0.043386 10.706496 0.164801 
698 2.162591 0.000000 -0.090070 101.993168 -0.051167 16.239049 -0.066632 
699 2.064897 0.000000 -0.045035 103.621072 0.134700 0.472589 -0.073757 
700 2.016050 0.000000 -0.045035 103.891736 0.121263 2.339543 -0.079898 
701 2.113744 0.000000 -0.045035 93.187411 -0.135012 4.214198 0.129833 
702 2.064897 0.000000 0.000000 82.349438 0.007246 -0.497359 0.321832 
703 2.089321 0.000000 -0.112587 109.047331 0.172426 5.854985 -0.192563 
704 2.064897 0.000000 -0.112587 104.466443 0.189359 4.583791 -0.093428 
705 2.089321 0.000000 -0.135105 103.377110 0.166575 0.171366 -0.068688 
706 2.113744 0.000000 -0.112587 111.245111 0.095644 11.534267 -0.250852 
707 2.089321 0.000000 -0.090070 108.726405 0.171059 5.562340 -0.185240 
708 2.064897 0.000000 0.045035 104.700566 0.082248 0.523299 -0.096249 
709 2.016050 0.000000 0.045035 104.571761 0.039183 2.345094 -0.094075 
710 2.113744 0.000000 0.045035 94.540310 -0.133024 -5.073109 0.103638 
711 2.211438 0.000000 0.270209 95.312950 -0.192367 1.733658 0.091240 
712 2.309132 0.000000 0.270209 97.344989 -0.114312 4.864121 0.050028 
713 2.211438 0.000000 0.360279 98.211137 -0.109010 3.900222 0.033935 
714 2.162591 0.000000 0.135105 99.475468 0.026850 -9.945600 0.000572 
715 2.162591 0.000000 0.090070 100.410147 -0.125780 -15.917326 -0.033557 
716 2.211438 0.000000 0.135105 89.804406 -0.104831 -8.720666 0.185911 
717 2.162591 0.000000 0.180140 98.195783 0.090223 -4.690551 0.033558 
718 2.089321 0.000000 0.112587 107.330067 0.142088 -5.508179 -0.155010 
719 2.064897 0.000000 0.112587 104.274973 0.142727 -3.872693 -0.088829 
720 2.089321 0.000000 0.090070 107.179441 0.138874 -5.174353 -0.151423 
721 2.113744 0.000000 0.112587 108.905624 0.012760 -11.210169 -0.198610 
722 2.089321 0.000000 0.135105 104.545437 0.109020 0.196398 -0.092980 
723 2.162591 0.000000 -0.045035 137.116030 -0.128966 9.434594 -0.888983 
724 2.211438 0.000000 -0.045035 214.129184 0.014503 15.351757 -3.608698 
725 2.162591 0.000000 0.000000 139.857145 -0.195628 -0.348929 -0.956018 
726 2.138168 0.000000 -0.112587 106.730726 0.007008 15.820861 -0.164175 
727 2.138168 0.000000 -0.135105 104.386410 0.179368 10.945743 -0.101636 
728 2.162591 0.000000 -0.112587 101.253620 -0.006240 14.660330 -0.046722 
729 2.138168 0.000000 -0.090070 106.520730 -0.010919 15.790222 -0.159600 
730 2.089321 0.000000 -0.067552 103.376639 0.166531 0.172494 -0.068679 
731 2.064897 0.000000 -0.067552 103.352783 0.121562 1.427775 -0.068385 
732 2.113744 0.000000 -0.067552 89.774374 -0.014324 6.408157 0.189950 
733 2.089321 0.000000 -0.045035 82.880043 0.022272 1.601983 0.312833 
734 2.101533 0.000000 -0.101329 111.973859 0.127579 8.448377 -0.260954 
735 2.089321 0.000000 -0.101329 109.811023 0.168104 6.154596 -0.209637 
736 2.101533 0.000000 -0.112587 112.335828 0.127719 7.769321 -0.267972 
737 2.113744 0.000000 -0.101329 111.104602 0.092868 12.047416 -0.248938 
738 2.101533 0.000000 -0.090070 112.307907 0.122055 8.377389 -0.268326 
739 2.162591 0.000000 0.045035 137.575330 -0.073021 -10.044635 -0.902787 
740 2.211438 0.000000 0.045035 214.350008 0.053204 -15.679026 -3.619176 
741 2.089321 0.000000 0.067552 104.545358 0.109010 0.197680 -0.092978 
742 2.064897 0.000000 0.067552 104.416193 -0.029205 1.463934 -0.090489 
743 2.089321 0.000000 0.045035 84.768736 0.033179 -2.620632 0.280739 
744 2.113744 0.000000 0.067552 91.883015 -0.074796 -7.160571 0.150623 
745 2.138168 0.000000 0.112587 104.876871 -0.117375 -15.470945 -0.123852 
746 2.138168 0.000000 0.090070 104.716512 -0.118958 -15.448138 -0.120421 
747 2.162591 0.000000 0.112587 99.893158 -0.132344 -13.985285 -0.017425 
748 2.138168 0.000000 0.135105 103.107998 0.115927 -9.274931 -0.071730 
749 2.101533 0.000000 0.101329 109.535761 0.071990 -8.174644 -0.206491 
750 2.089321 0.000000 0.101329 107.871842 0.136476 -5.839090 -0.167045 
751 2.101533 0.000000 0.090070 109.840989 0.072694 -8.104770 -0.213074 
752 2.113744 0.000000 0.101329 108.778053 0.009646 -11.713029 -0.196986 
753 2.101533 0.000000 0.112587 109.903494 0.079315 -7.506125 -0.213513 
754 2.138168 0.000000 -0.067552 109.358537 -0.142611 10.683244 -0.207344 
755 2.162591 0.000000 -0.067552 134.317277 -0.107022 14.143680 -0.824119 
756 2.138168 0.000000 -0.045035 111.635230 -0.161187 7.091377 -0.251274 
757 2.125956 0.000000 -0.101329 107.659043 0.073265 15.609673 -0.183414 
758 2.125956 0.000000 -0.112587 108.582025 0.069245 14.915343 -0.201253 
759 2.138168 0.000000 -0.101329 106.593096 -0.006401 15.800311 -0.161174 
760 2.125956 0.000000 -0.090070 108.495509 0.067068 14.972224 -0.199545 
761 2.138168 0.000000 0.067552 110.515049 -0.158167 -11.309397 -0.234150 
762 2.138168 0.000000 0.045035 112.489715 -0.174219 -7.808138 -0.271493 
763 2.162591 0.000000 0.067552 135.145873 -0.167746 -14.720948 -0.848114 
764 2.125956 0.000000 0.101329 105.675108 -0.087459 -15.245221 -0.139965 
765 2.125956 0.000000 0.090070 106.433902 -0.063836 -14.610163 -0.154164 
766 2.138168 0.000000 0.101329 104.769598 -0.119401 -15.455239 -0.121555 
767 2.125956 0.000000 0.112587 106.510963 -0.061320 -14.553136 -0.155638 
768 2.406827 0.000000 -0.090070 104.585724 -0.093905 -0.070658 -0.093819 
769 2.406827 0.000000 -0.180140 101.695398 0.024624 1.209946 -0.034342 
770 2.504521 0.000000 -0.090070 101.247672 -0.017739 1.553639 -0.025351 
771 2.406827 0.000000 0.000000 106.683030 -0.141611 1.164662 -0.138265 
772 2.260285 0.000000 -0.135105 80.455126 -0.051901 -1.251810 0.352540 
773 2.260285 0.000000 -0.180140 90.459147 -0.128600 0.968837 0.181619 
774 2.309132 0.000000 -0.135105 101.591566 -0.128576 -9.369831 -0.040866 
775 2.260285 0.000000 -0.090070 60.953382 0.151613 10.101455 0.618262 
776 2.187015 0.000000 -0.112587 97.560631 -0.061505 15.130465 0.025299 
777 2.187015 0.000000 -0.135105 96.983470 0.018183 11.717626 0.045690 
778 2.211438 0.000000 -0.112587 87.492661 -0.064982 15.601747 0.210162 
779 2.187015 0.000000 -0.090070 93.377552 -0.068804 17.089300 0.098858 
780 2.150380 0.000000 -0.101329 105.760087 -0.045751 15.679336 -0.143104 
781 2.150380 0.000000 -0.112587 106.168097 -0.039664 15.739158 -0.151939 
782 2.162591 0.000000 -0.101329 102.493299 -0.053464 15.997528 -0.076080 
783 2.150380 0.000000 -0.090070 105.687776 -0.046039 15.668412 -0.141541 
784 2.406827 0.000000 0.090070 104.581003 -0.221615 2.665688 -0.094434 
785 2.504521 0.000000 0.090070 101.316872 -0.034647 1.166820 -0.026647 
786 2.406827 0.000000 0.180140 101.693756 -0.028896 3.250531 -0.035219 
787 2.260285 0.000000 0.135105 79.363428 0.013010 3.838219 0.368671 
788 2.260285 0.000000 0.090070 58.756827 -0.148709 -9.687365 0.645377 
789 2.309132 0.000000 0.135105 101.247482 -0.107566 12.448947 -0.040604 
790 2.260285 0.000000 0.180140 89.833953 -0.185683 3.121315 0.192008 
791 2.187015 0.000000 0.112587 96.259591 -0.113520 -14.310116 0.052930 
792 2.187015 0.000000 0.090070 91.779976 -0.074298 -16.739605 0.129622 
793 2.211438 0.000000 0.112587 86.239558 -0.075538 -14.609401 0.234930 
794 2.187015 0.000000 0.135105 96.099225 -0.037432 -9.916279 0.066661 
795 2.150380 0.000000 0.101329 104.087592 -0.120732 -15.357990 -0.107011 
796 2.150380 0.000000 0.090070 104.018911 -0.121153 -15.347673 -0.105550 
797 2.162591 0.000000 0.101329 100.922558 -0.126776 -15.682020 -0.043130 
798 2.150380 0.000000 0.112587 104.449010 -0.120807 -15.410461 -0.114709 
799 2.260285 0.000000 -0.045035 311.013566 0.142586 6.421151 -8.677069 
800 2.309132 0.000000 -0.045035 160.852103 0.002197 -16.359634 -1.614104 
801 2.260285 0.000000 0.000000 285.200959 0.029902 0.445139 -7.133979 
802 2.187015 0.000000 -0.067552 165.460614 -0.067325 18.528709 -1.772053 
803 2.211438 0.000000 -0.067552 213.131719 0.000671 25.810245 -3.609130 
804 2.187015 0.000000 -0.045035 170.076199 -0.109085 12.506566 -1.908234 
805 2.174803 0.000000 -0.101329 97.402175 -0.052578 16.798608 0.023062 
806 2.174803 0.000000 -0.112587 99.925572 -0.006953 14.471407 -0.019454 
807 2.187015 0.000000 -0.101329 93.257982 -0.064053 17.067480 0.101165 
808 2.174803 0.000000 -0.090070 96.867428 -0.051775 16.864455 0.033229 
809 2.260285 0.000000 0.045035 312.960693 0.026049 -5.702466 -8.797691 
810 2.309132 0.000000 0.045035 161.002756 0.022922 18.926740 -1.628011 
811 2.187015 0.000000 0.067552 165.746832 0.028589 -18.998500 -1.783296 
812 2.187015 0.000000 0.045035 170.174868 0.023032 -13.010491 -1.912876 
813 2.211438 0.000000 0.067552 213.469301 0.058093 -26.212611 -3.625625 
814 2.174803 0.000000 0.101329 95.849264 -0.120586 -16.466469 0.054176 
815 2.174803 0.000000 0.090070 95.314249 -0.120434 -16.530532 0.064192 
816 2.187015 0.000000 0.101329 91.674512 -0.085293 -16.720852 0.131619 
817 2.174803 0.000000 0.112587 98.678687 -0.105637 -13.685074 0.007522 
818 2.235862 0.000000 -0.067552 260.424153 0.095146 24.259931 -5.840929 
819 2.235862 0.000000 -0.090070 66.933138 0.065648 11.089716 0.539697 
820 2.260285 0.000000 -0.067552 59.032302 0.225961 9.784032 0.641941 
821 2.235862 0.000000 -0.045035 260.195794 0.088614 15.011652 -5.792721 
822 2.235862 0.000000 -0.112587 79.502648 -0.045903 9.562154 0.358789 
823 2.235862 0.000000 -0.135105 84.835141 -0.040083 6.588073 0.275959 
824 2.260285 0.000000 -0.112587 65.965670 -0.039231 -0.681099 0.564806 
825 2.223650 0.000000 -0.078811 77.567787 0.001471 13.415211 0.380327 
826 2.211438 0.000000 -0.078811 88.043283 -0.073075 15.931344 0.199457 
827 2.223650 0.000000 -0.090070 77.571487 0.004222 13.298422 0.380582 
828 2.235862 0.000000 -0.078811 66.678523 0.067051 11.047666 0.543192 
829 2.223650 0.000000 -0.067552 241.413252 0.037285 21.013790 -4.872194 
830 2.235862 0.000000 0.067552 261.406730 0.033272 -24.445146 -5.893104 
831 2.235862 0.000000 0.045035 260.782706 0.034237 -14.967747 -5.823165 
832 2.260285 0.000000 0.067552 56.846693 -0.228806 -9.370866 0.668059 
833 2.235862 0.000000 0.090070 64.780810 -0.078025 -10.681370 0.568935 
834 2.235862 0.000000 0.112587 78.001374 -0.017770 -8.182184 0.384884 
835 2.260285 0.000000 0.112587 64.111114 -0.002235 2.559828 0.588321 
836 2.235862 0.000000 0.135105 83.847054 -0.035438 -4.371242 0.295056 
837 2.223650 0.000000 0.078811 75.565689 -0.036216 -13.016050 0.412041 
838 2.211438 0.000000 0.078811 86.225564 0.011339 -15.545998 0.232347 
839 2.223650 0.000000 0.067552 241.919190 0.036853 -21.191733 -4.897399 
840 2.235862 0.000000 0.078811 64.522822 -0.078546 -10.638885 0.572361 
841 2.223650 0.000000 0.090070 75.566523 -0.039742 -12.900913 0.412327 
842 2.357979 0.000000 -0.045035 116.151791 0.003409 -1.412854 -0.349323 
843 2.357979 0.000000 -0.090070 110.662204 -0.123500 -2.740156 -0.225365 
844 2.406827 0.000000 -0.045035 106.222957 -0.123542 0.568140 -0.128365 
845 2.357979 0.000000 0.000000 118.129408 -0.001848 1.182166 -0.395595 
846 2.284709 0.000000 -0.067552 219.734883 0.002941 -74.140346 -4.378021 
847 2.284709 0.000000 -0.090070 99.045472 0.022632 -58.414128 -0.322222 
848 2.309132 0.000000 -0.067552 142.527564 0.050649 -21.548811 -1.077846 
849 2.284709 0.000000 -0.045035 250.228735 0.018770 -32.156714 -5.364847 
850 2.248074 0.000000 -0.078811 62.521112 0.113126 10.360776 0.598375 
851 2.248074 0.000000 -0.090070 62.985651 0.105833 10.437555 0.592385 
852 2.260285 0.000000 -0.078811 59.472371 0.202215 9.856526 0.636585 
853 2.248074 0.000000 -0.067552 61.762297 0.126971 10.235331 0.608064 
854 2.357979 0.000000 0.045035 116.101380 -0.026780 3.883867 -0.349462 
855 2.406827 0.000000 0.045035 106.194583 -0.239942 1.915666 -0.128102 
856 2.357979 0.000000 0.090070 110.659216 -0.093525 5.291066 -0.227347 
857 2.284709 0.000000 0.067552 221.120990 0.051097 77.797854 -4.494700 
858 2.284709 0.000000 0.045035 251.753671 0.073117 34.661077 -5.458131 
859 2.309132 0.000000 0.067552 142.451754 0.014102 24.253222 -1.088072 
860 2.284709 0.000000 0.090070 97.633751 0.041331 61.843611 -0.335698 
861 2.248074 0.000000 0.078811 60.323244 -0.109980 -9.946448 0.626216 
862 2.248074 0.000000 0.067552 59.560704 -0.122128 -9.820512 0.635607 
863 2.260285 0.000000 0.078811 57.284687 -0.203256 -9.443490 0.662924 
864 2.248074 0.000000 0.090070 60.791143 -0.104173 -10.023677 0.620395 
865 -8.241827 0.000000 -8.646699 99.756122 -0.000019 6.975604 0.000006 
866 -11.368037 0.000000 -8.646699 99.756266 -0.000007 6.975639 0.000003 
867 -8.241827 0.000000 -11.528932 99.756132 -0.000006 6.975580 0.000006 
868 10.515434 0.000000 -8.646699 99.756416 0.000316 6.971678 0.000005 
869 10.515434 0.000000 -11.528932 99.756303 0.000225 6.973381 0.000005 
870 13.641644 0.000000 -8.646699 99.756533 0.000340 6.971820 0.000003 
871 -8.241827 0.000000 8.646699 99.756653 -0.000059 6.975646 -0.000005 
872 -11.368037 0.000000 8.646699 99.756524 -0.000032 6.975656 -0.000002 
873 -8.241827 0.000000 11.528932 99.756672 -0.000054 6.975614 -0.000005 
874 -3.552511 0.000000 -4.323349 99.754888 -0.004154 6.974862 0.000031 
875 -5.115617 0.000000 -4.323349 99.755659 -0.001842 6.975266 0.000015 
876 -3.552511 0.000000 -5.764466 99.755218 -0.004396 6.974789 0.000025 
877 10.515434 0.000000 8.646699 99.756945 -0.000425 6.970303 -0.000003 
878 13.641644 0.000000 8.646699 99.756880 -0.000431 6.969980 -0.000002 
879 10.515434 0.000000 11.528932 99.756798 -0.000305 6.972782 -0.000004 
880 5.826119 0.000000 -4.323349 99.755256 -0.009370 6.959095 0.000046 
881 5.826119 0.000000 -5.764466 99.756743 -0.004740 6.967349 0.000005 
882 7.389224 0.000000 -4.323349 99.757141 -0.002220 6.960886 0.000006 
883 -3.552511 0.000000 4.323349 99.756868 0.005749 6.975565 -0.000009 
884 -5.115617 0.000000 4.323349 99.756526 0.002979 6.975550 -0.000002 
885 -3.552511 0.000000 5.764466 99.757063 0.005710 6.975380 -0.000013 
886 -1.207854 0.000000 -2.161675 99.748576 0.027589 6.964040 0.000172 
887 -1.989406 0.000000 -2.161675 99.751206 0.012378 6.971434 0.000110 
888 -1.207854 0.000000 -2.882233 99.750769 0.027570 6.967749 0.000123 
889 5.826119 0.000000 4.323349 99.758804 0.003710 6.953398 -0.000017 
890 7.389224 0.000000 4.323349 99.757546 0.000201 6.953682 0.000008 
891 5.826119 0.000000 5.764466 99.756713 0.002454 6.964672 0.000009 
892 3.481461 0.000000 -2.161675 99.767608 0.027282 6.926078 -0.000155 
893 3.481461 0.000000 -2.882233 99.762989 0.002832 6.948006 -0.000093 
894 4.263014 0.000000 -2.161675 99.760249 -0.006699 6.920409 0.000000 
895 -1.207854 0.000000 2.161675 99.751566 -0.033781 6.973495 0.000099 
896 -1.989406 0.000000 2.161675 99.753973 -0.014995 6.975067 0.000049 
897 -1.207854 0.000000 2.882233 99.756352 -0.029717 6.975162 0.000002 
898 -0.817078 0.000000 -1.080837 99.729906 0.006917 6.952729 0.000561 
899 -1.207854 0.000000 -1.080837 99.744427 0.012948 6.955103 0.000268 
900 -0.817078 0.000000 -1.441116 99.743306 -0.007977 6.947115 0.000301 
901 3.481461 0.000000 2.161675 99.742423 -0.021794 6.901089 0.000382 
902 4.263014 0.000000 2.161675 99.755520 0.010482 6.892642 0.000133 
903 3.481461 0.000000 2.882233 99.748453 -0.000366 6.934506 0.000216 
904 -0.230913 0.000000 -0.540419 99.565102 -0.017578 7.034940 0.003730 
905 -0.426301 0.000000 -0.540419 99.751079 0.088454 6.873066 0.000248 
906 -0.230913 0.000000 -0.720558 99.572006 -0.020886 6.962575 0.003694 
907 0.941416 0.000000 -0.540419 99.581353 0.022807 6.500207 0.004130 
908 0.941416 0.000000 -0.720558 99.727126 0.025035 6.679366 0.000989 
909 -0.817078 0.000000 1.080837 99.730053 -0.012154 6.971427 0.000532 
910 -1.207854 0.000000 1.080837 99.742851 -0.036206 6.970007 0.000278 
911 -0.817078 0.000000 1.441116 99.737289 -0.066478 6.970731 0.000388 
912 -0.230913 0.000000 0.540419 99.679566 0.004055 6.845984 0.001712 
913 -0.426301 0.000000 0.540419 99.658968 0.112548 6.837130 0.002133 
914 -0.230913 0.000000 0.720558 99.509998 -0.076833 6.805532 0.005144 
915 -0.133219 0.000000 -0.270209 100.032373 -0.070948 7.580451 -0.006394 
916 -0.230913 0.000000 -0.270209 99.956706 0.173542 7.297866 -0.004463 
917 -0.133219 0.000000 -0.360279 99.294696 0.116526 7.355002 0.008645 
918 0.941416 0.000000 0.540419 99.782316 -0.030251 6.524122 0.000092 
919 0.941416 0.000000 0.720558 99.531541 -0.016493 6.784046 0.004745 
920 -0.133219 0.000000 0.270209 100.319567 -0.092687 6.227772 -0.010281 
921 -0.230913 0.000000 0.270209 100.098696 0.132757 6.590746 -0.006320 
922 -0.133219 0.000000 0.360279 99.582275 0.060771 6.451332 0.004175 
923 0.037745 0.000000 -0.112587 79.222434 -0.039754 -2.420684 0.371794 
924 0.013322 0.000000 -0.112587 69.018465 -0.053071 8.736566 0.516012 
925 0.037745 0.000000 -0.135105 85.300061 0.042976 1.496281 0.272166 
926 0.648333 0.000000 -0.270209 104.378202 -0.041043 1.853117 -0.089824 
927 0.648333 0.000000 -0.360279 99.446170 -0.060835 6.439336 0.006899 
928 0.746027 0.000000 -0.270209 106.288193 0.030455 2.760139 -0.130480 
929 0.648333 0.000000 0.270209 104.587837 -0.060741 1.860110 -0.094208 
930 0.746027 0.000000 0.270209 106.725407 0.010487 2.761624 -0.139794 
931 0.648333 0.000000 0.360279 99.814779 -0.107726 5.971198 0.000134 
932 0.037745 0.000000 0.112587 83.672075 -0.175641 12.388917 0.284547 
933 0.013322 0.000000 0.112587 74.216632 -0.162252 2.861204 0.448368 
934 0.037745 0.000000 0.135105 88.847213 -0.119584 9.820582 0.200971 
935 0.098804 0.000000 -0.078811 92.777716 0.177624 -15.231356 0.116027 
936 0.098804 0.000000 -0.090070 92.230675 0.292727 -15.298957 0.125936 
937 0.098804 0.000000 -0.067552 92.804481 0.170379 -15.211652 0.115590 
938 0.098804 0.000000 0.078811 97.584826 0.261855 16.492673 0.020513 
939 0.098804 0.000000 0.067552 97.615671 0.263031 16.503633 0.019874 
940 0.098804 0.000000 0.090070 96.947524 0.238043 16.348191 0.033386 
941 0.233134 0.000000 -0.067552 51.443222 -0.027914 -4.179088 0.733613 
942 0.233134 0.000000 -0.045035 52.514035 -0.105349 -3.281296 0.723150 
943 0.233134 0.000000 0.067552 51.955076 -0.127499 4.436524 0.728097 
944 0.233134 0.000000 0.045035 52.572821 -0.129885 3.326587 0.722502 
945 0.501792 0.000000 -0.045035 101.379071 -0.029915 5.012238 -0.030284 
946 0.550639 0.000000 -0.045035 104.467176 -0.029115 6.336535 -0.095354 
947 0.501792 0.000000 0.000000 104.486766 -0.029573 6.558712 -0.096050 
948 0.501792 0.000000 0.045035 101.458761 -0.030349 5.010161 -0.031898 
949 0.550639 0.000000 0.045035 104.506168 -0.032033 6.340733 -0.096175 
950 0.428522 0.000000 -0.067552 97.618290 -0.033898 2.127689 0.046614 
951 0.452945 0.000000 -0.067552 98.050728 -0.028801 3.651640 0.037272 
952 0.428522 0.000000 -0.045035 98.115024 -0.037474 1.372293 0.037156 
953 0.367463 0.000000 -0.101329 105.587282 0.017505 -3.177577 -0.115877 
954 0.367463 0.000000 -0.112587 105.600034 0.009693 -2.642812 -0.115835 
955 0.367463 0.000000 -0.090070 105.985644 0.018271 -2.907043 -0.124141 
956 0.428522 0.000000 0.067552 97.821351 -0.037000 2.123249 0.042647 
957 0.428522 0.000000 0.045035 98.322274 -0.040430 1.371094 0.033085 
958 0.452945 0.000000 0.067552 98.241434 -0.033127 3.650392 0.033529 
959 0.367463 0.000000 0.101329 106.449218 0.027661 3.471154 -0.134349 
960 0.367463 0.000000 0.090070 106.846084 0.029715 3.196720 -0.142631 
961 0.367463 0.000000 0.112587 106.348612 0.029229 2.926048 -0.131859 
962 1.722968 0.000000 -0.540419 99.985837 0.062589 6.243494 -0.003615 
963 1.722968 0.000000 -0.720558 99.949632 0.014881 6.507831 -0.003228 
964 1.722968 0.000000 0.540419 99.481811 0.090343 5.936719 0.006812 
965 1.722968 0.000000 0.720558 99.383104 -0.046648 6.293195 0.008339 
966 1.429886 0.000000 -0.270209 105.295977 0.100185 1.086118 -0.108843 
967 1.429886 0.000000 -0.360279 99.833626 -0.101057 5.575820 0.000215 
968 1.527580 0.000000 -0.270209 105.568545 0.056352 0.888159 -0.114551 
969 1.429886 0.000000 0.270209 104.117081 0.091230 1.023114 -0.084142 
970 1.527580 0.000000 0.270209 104.844129 0.096044 0.898853 -0.099311 
971 1.429886 0.000000 0.360279 99.216002 -0.092469 5.108428 0.013008 
972 3.090685 0.000000 -1.080837 99.769454 0.010096 6.760792 0.000035 
973 3.090685 0.000000 -1.441116 99.769071 0.029492 6.856036 -0.000087 
974 3.481461 0.000000 -1.080837 99.771352 0.018030 6.763761 -0.000007 
975 2.504521 0.000000 -0.540419 99.763549 0.021260 6.073261 0.001035 
976 2.504521 0.000000 -0.720558 99.747510 0.017766 6.477458 0.000848 
977 2.699909 0.000000 -0.540419 99.818972 0.018130 6.124528 -0.000134 
978 3.090685 0.000000 1.080837 99.736912 -0.015963 6.641606 0.000844 
979 3.481461 0.000000 1.080837 99.759740 -0.013975 6.617560 0.000420 
980 3.090685 0.000000 1.441116 99.732774 -0.029102 6.795079 0.000720 
981 2.504521 0.000000 0.540419 99.635509 -0.046855 5.862084 0.003840 
982 2.699909 0.000000 0.540419 99.727902 0.000628 5.752405 0.002126 
983 2.504521 0.000000 0.720558 99.465954 0.003237 6.391691 0.006567 
984 2.406827 0.000000 -0.270209 100.212107 -0.063339 3.320887 -0.005350 
985 2.406827 0.000000 -0.360279 99.553763 -0.186101 4.617764 0.006769 
986 2.504521 0.000000 -0.270209 100.219442 -0.203441 3.976578 -0.005979 
987 2.406827 0.000000 0.270209 100.186654 -0.084024 4.179848 -0.005484 
988 2.504521 0.000000 0.270209 100.205260 -0.081240 3.529725 -0.005356 
989 2.406827 0.000000 0.360279 99.344119 -0.047429 5.174885 0.010396 
990 2.357979 0.000000 -0.135105 104.957076 -0.151256 -2.350098 -0.102153 
991 2.357979 0.000000 -0.180140 101.715017 -0.022542 -0.594276 -0.034630 
992 2.406827 0.000000 -0.135105 103.034212 -0.016128 0.214380 -0.061610 
993 2.284709 0.000000 -0.112587 86.250379 -0.014101 -23.055098 0.202933 
994 2.284709 0.000000 -0.135105 89.622662 -0.108740 -10.583388 0.185576 
995 2.309132 0.000000 -0.112587 108.924203 -0.054852 -14.482325 -0.207422 
996 2.357979 0.000000 0.135105 104.827962 -0.324577 5.519113 -0.101947 
997 2.406827 0.000000 0.135105 103.013794 -0.169633 2.967009 -0.062067 
998 2.357979 0.000000 0.180140 101.530110 -0.220959 5.044362 -0.033386 
999 2.284709 0.000000 0.112587 84.952181 0.022204 25.889701 0.211285 
1000 2.309132 0.000000 0.112587 108.582463 0.027573 17.290360 -0.208911 
1001 2.284709 0.000000 0.135105 88.812011 -0.051590 13.609948 0.192719 
1 11 62 60 61 
2 62 10 24 60 
3 60 24 14 63 
4 61 60 63 6 
5 24 66 64 65 
6 66 23 40 64 
7 64 40 27 67 
8 65 64 67 14 
9 40 70 68 69 
10 69 68 71 27 
11 6 63 92 93 
12 63 14 36 92 
13 92 36 19 94 
14 93 92 94 20 
15 14 67 95 96 
16 67 27 52 95 
17 95 52 35 97 
18 96 95 97 36 
19 27 71 98 99 
20 99 98 100 52 
21 68 112 110 111 
22 112 56 80 110 
23 110 80 43 113 
24 111 110 113 71 
25 80 116 114 115 
26 115 114 117 43 
27 71 113 133 134 
28 113 43 102 133 
29 133 102 76 135 
30 134 133 135 98 
31 43 117 136 137 
32 137 136 138 102 
33 114 141 139 140 
34 141 106 129 139 
35 139 129 83 142 
36 140 139 142 117 
37 129 149 147 148 
38 147 150 132 151 
39 148 147 151 83 
40 117 142 152 153 
41 142 83 144 152 
42 152 144 125 154 
43 153 152 154 136 
44 83 151 155 156 
45 151 132 157 155 
46 156 155 158 144 
47 12 161 159 160 
48 161 7 162 159 
49 159 162 13 25 
50 160 159 25 10 
51 25 165 163 164 
52 165 13 166 163 
53 163 166 26 41 
54 164 163 41 23 
55 41 169 167 168 
56 169 26 170 167 
57 167 170 42 57 
58 168 167 57 39 
59 39 173 171 172 
60 173 57 174 171 
61 171 174 55 81 
62 172 171 81 56 
63 81 177 175 176 
64 177 55 178 175 
65 175 178 82 107 
66 176 175 107 79 
67 79 181 179 180 
68 181 107 182 179 
69 179 182 105 130 
70 180 179 130 106 
71 106 185 183 184 
72 185 130 186 183 
73 184 183 149 129 
74 195 197 109 198 
75 150 195 198 132 
76 149 201 199 200 
77 201 128 202 199 
78 199 202 150 203 
79 200 199 203 147 
80 132 198 210 157 
81 198 109 211 210 
82 19 38 213 214 
83 38 21 215 213 
84 213 215 9 216 
85 214 213 216 22 
86 35 54 217 218 
87 54 37 219 217 
88 217 219 21 220 
89 218 217 220 38 
90 51 78 221 222 
91 78 53 223 221 
92 221 223 37 224 
93 222 221 224 54 
94 76 104 225 226 
95 104 75 227 225 
96 225 227 78 228 
97 226 225 228 51 
98 101 127 229 230 
99 127 103 231 229 
100 229 231 75 232 
101 230 229 232 104 
102 125 146 233 234 
103 146 124 235 233 
104 233 235 127 236 
105 234 233 236 101 
106 144 158 237 238 
107 237 239 146 240 
108 238 237 240 125 
109 155 243 241 242 
110 243 157 244 241 
111 241 244 143 245 
112 242 241 245 158 
113 130 247 246 186 
114 247 105 248 246 
115 249 251 195 252 
116 202 249 252 150 
117 186 255 253 254 
118 255 246 256 253 
119 253 256 196 250 
120 254 253 250 128 
121 128 259 257 258 
122 259 250 260 257 
123 257 260 249 261 
124 258 257 261 202 
125 262 263 124 264 
126 239 262 264 146 
127 157 266 265 244 
128 266 210 267 265 
129 143 268 269 270 
130 268 212 271 269 
131 269 271 262 272 
132 270 269 272 239 
133 244 275 273 274 
134 275 265 276 273 
135 273 276 268 277 
136 274 273 277 143 
137 278 280 194 281 
138 197 278 281 109 
139 283 131 284 282 
140 282 284 197 285 
141 251 282 285 195 
142 107 287 286 182 
143 287 82 288 286 
144 286 288 108 192 
145 182 286 192 105 
146 105 290 289 248 
147 290 192 291 289 
148 246 293 292 256 
149 293 248 294 292 
150 292 294 131 283 
151 256 292 283 196 
152 196 297 295 296 
153 297 283 298 295 
154 295 298 282 299 
155 296 295 299 251 
156 109 281 300 211 
157 281 194 301 300 
158 210 304 303 267 
159 304 211 305 303 
160 303 305 145 306 
161 124 209 307 235 
162 209 126 308 307 
163 307 308 103 309 
164 235 307 309 127 
165 310 311 209 312 
166 263 310 312 124 
167 212 306 313 271 
168 306 145 314 313 
169 313 314 263 315 
170 271 313 315 262 
171 267 318 316 317 
172 318 303 319 316 
173 316 319 306 320 
174 317 316 320 212 
175 248 322 321 294 
176 322 289 323 321 
177 294 321 324 131 
178 192 330 329 291 
179 330 108 331 329 
180 289 334 333 323 
181 334 291 335 333 
182 333 335 191 336 
183 323 333 336 279 
184 131 324 337 284 
185 324 279 338 337 
186 337 338 278 339 
187 284 337 339 197 
188 321 342 340 341 
189 342 323 343 340 
190 340 343 279 344 
191 341 340 344 324 
192 145 346 345 314 
193 345 347 310 348 
194 314 345 348 263 
195 211 350 349 305 
196 350 300 351 349 
197 349 351 302 346 
198 305 349 346 145 
199 355 357 126 358 
200 311 355 358 209 
201 302 360 359 347 
202 360 207 361 359 
203 359 361 311 362 
204 347 359 362 310 
205 346 365 363 364 
206 365 302 366 363 
207 363 366 347 367 
208 364 363 367 345 
209 368 369 59 370 
210 280 368 370 194 
211 291 372 371 335 
212 372 329 373 371 
213 371 373 332 374 
214 191 374 375 376 
215 374 332 377 375 
216 375 377 368 378 
217 376 375 378 280 
218 335 381 379 380 
219 381 371 382 379 
220 379 382 374 383 
221 380 379 383 191 
222 194 370 384 301 
223 370 59 385 384 
224 387 356 388 386 
225 386 388 355 389 
226 361 386 389 311 
227 301 392 390 391 
228 392 384 393 390 
229 390 393 356 387 
230 391 390 387 207 
231 207 396 394 395 
232 396 387 397 394 
233 394 397 386 398 
234 395 394 398 361 
235 57 400 399 174 
236 400 42 401 399 
237 399 401 58 89 
238 174 399 89 55 
239 55 403 402 178 
240 403 89 404 402 
241 402 404 88 188 
242 178 402 188 82 
243 82 406 405 288 
244 406 188 407 405 
245 405 407 187 326 
246 288 405 326 108 
247 108 409 408 331 
248 409 326 410 408 
249 329 413 412 373 
250 413 331 414 412 
251 373 412 415 332 
252 75 123 416 227 
253 123 77 417 416 
254 416 417 53 418 
255 227 416 418 78 
256 103 206 419 231 
257 206 121 420 419 
258 419 420 123 421 
259 231 419 421 75 
260 126 354 422 308 
261 354 204 423 422 
262 422 423 206 424 
263 308 422 424 103 
264 425 427 354 428 
265 357 425 428 126 
266 356 430 429 388 
267 429 431 357 432 
268 388 429 432 355 
269 433 434 328 435 
270 369 433 435 59 
271 331 437 436 414 
272 437 408 438 436 
273 332 415 440 377 
274 415 193 441 440 
275 440 441 369 442 
276 377 440 442 368 
277 412 445 443 444 
278 445 414 446 443 
279 443 446 193 447 
280 444 443 447 415 
281 59 435 448 385 
282 435 328 449 448 
283 384 451 450 393 
284 451 385 452 450 
285 450 452 208 430 
286 393 450 430 356 
287 453 455 425 456 
288 431 453 456 357 
289 430 459 457 458 
290 459 208 460 457 
291 457 460 431 461 
292 458 457 461 429 
293 88 467 466 189 
294 467 90 468 466 
295 466 468 5 469 
296 189 466 469 91 
297 187 471 470 327 
298 471 189 472 470 
299 470 472 91 473 
300 327 470 473 190 
301 326 475 474 410 
302 475 187 476 474 
303 474 476 327 477 
304 410 474 477 325 
305 408 479 478 438 
306 479 410 480 478 
307 478 480 325 481 
308 438 478 481 411 
309 193 439 482 441 
310 439 411 483 482 
311 482 483 433 484 
312 441 482 484 369 
313 436 487 485 486 
314 487 438 488 485 
315 485 488 411 489 
316 486 485 489 439 
317 385 491 490 452 
318 491 448 492 490 
319 490 492 426 454 
320 452 490 454 208 
321 91 469 496 205 
322 469 5 497 496 
323 496 497 122 498 
324 205 496 498 121 
325 190 473 499 353 
326 473 91 500 499 
327 499 500 205 501 
328 353 499 501 204 
329 352 503 502 427 
330 503 353 504 502 
331 502 504 204 505 
332 427 502 505 354 
333 426 507 506 455 
334 507 352 508 506 
335 506 508 427 509 
336 455 506 509 425 
337 454 512 510 511 
338 512 426 513 510 
339 510 513 455 514 
340 511 510 514 453 
341 468 524 522 523 
342 522 525 518 526 
343 523 522 526 5 
344 5 526 527 528 
345 526 518 529 527 
346 528 527 530 497 
347 7 532 531 162 
348 532 16 533 531 
349 531 533 15 32 
350 162 531 32 13 
351 13 535 534 166 
352 535 32 536 534 
353 534 536 31 48 
354 166 534 48 26 
355 26 538 537 170 
356 538 48 539 537 
357 537 539 47 85 
358 170 537 85 42 
359 42 541 540 401 
360 541 85 542 540 
361 540 542 84 463 
362 401 540 463 58 
363 58 545 543 544 
364 545 463 546 543 
365 543 546 462 516 
366 544 543 516 90 
367 90 549 547 548 
368 549 516 550 547 
369 547 550 515 524 
370 548 547 524 468 
371 15 552 551 33 
372 552 17 553 551 
373 551 553 8 554 
374 33 551 554 18 
375 31 556 555 49 
376 556 33 557 555 
377 555 557 18 558 
378 49 555 558 34 
379 560 49 561 559 
380 559 561 34 562 
381 462 568 567 517 
382 568 464 569 567 
383 567 569 87 570 
384 517 567 570 465 
385 515 572 571 525 
386 572 517 573 571 
387 571 573 465 574 
388 525 571 574 518 
389 524 577 575 576 
390 577 515 578 575 
391 575 578 525 579 
392 576 575 579 522 
393 18 554 580 45 
394 554 8 581 580 
395 580 581 29 582 
396 45 580 582 28 
397 34 558 583 73 
398 558 18 584 583 
399 583 584 45 585 
400 73 583 585 44 
401 562 34 587 586 
402 586 587 73 588 
403 465 570 592 520 
404 570 87 593 592 
405 592 593 494 594 
406 520 592 594 493 
407 518 574 595 529 
408 574 465 596 595 
409 595 596 520 597 
410 529 595 597 519 
411 21 46 598 215 
412 46 28 599 598 
413 598 599 30 600 
414 215 598 600 9 
415 37 74 601 219 
416 74 44 602 601 
417 601 602 46 603 
418 219 601 603 21 
419 53 120 604 223 
420 120 72 605 604 
421 604 605 74 606 
422 223 604 606 37 
423 77 495 607 417 
424 495 118 608 607 
425 607 608 120 609 
426 417 607 609 53 
427 122 521 610 611 
428 521 493 612 610 
429 610 612 495 613 
430 611 610 613 77 
431 497 530 614 615 
432 530 519 616 614 
433 614 616 521 617 
434 615 614 617 122 
435 527 620 618 619 
436 620 529 621 618 
437 618 621 519 622 
438 619 618 622 530 
439 569 632 630 631 
440 631 630 634 87 
441 87 634 635 636 
442 636 635 638 593 
443 85 640 639 542 
444 640 47 641 639 
445 639 641 86 564 
446 542 639 564 84 
447 84 644 642 643 
448 644 564 645 642 
449 642 645 563 624 
450 643 642 624 464 
451 464 648 646 647 
452 648 624 649 646 
453 646 649 623 632 
454 647 646 632 569 
455 86 651 650 565 
456 651 559 652 650 
457 650 652 562 653 
458 565 650 653 50 
459 655 565 656 654 
460 654 656 50 657 
461 632 664 662 663 
462 664 623 665 662 
463 663 662 666 630 
464 50 653 667 590 
465 653 562 668 667 
466 667 668 586 669 
467 590 667 669 119 
468 657 50 671 670 
469 670 671 590 672 
470 118 591 676 608 
471 591 119 677 676 
472 676 677 72 678 
473 608 676 678 120 
474 494 629 679 680 
475 629 589 681 679 
476 679 681 591 682 
477 680 679 682 118 
478 593 638 683 684 
479 638 627 685 683 
480 683 685 629 686 
481 684 683 686 494 
482 635 689 687 688 
483 687 690 627 691 
484 688 687 691 638 
485 624 693 692 649 
486 693 563 694 692 
487 692 694 625 659 
488 649 692 659 623 
489 623 696 695 665 
490 696 659 697 695 
491 630 666 699 700 
492 699 701 626 702 
493 700 699 702 634 
494 662 705 703 704 
495 705 665 706 703 
496 704 703 707 666 
497 634 702 708 709 
498 702 626 710 708 
499 709 708 689 635 
500 627 675 711 685 
501 675 628 712 711 
502 711 712 589 713 
503 685 711 713 629 
504 714 716 675 717 
505 690 714 717 627 
506 689 720 718 719 
507 718 721 690 722 
508 719 718 722 687 
509 723 724 661 725 
510 701 723 725 626 
511 665 727 726 706 
512 727 695 728 726 
513 666 707 730 731 
514 707 633 732 730 
515 730 732 701 733 
516 731 730 733 699 
517 703 736 734 735 
518 736 706 737 734 
519 734 737 633 738 
520 735 734 738 707 
521 626 725 739 710 
522 725 661 740 739 
523 708 743 741 742 
524 743 710 744 741 
525 741 744 637 720 
526 742 741 720 689 
527 745 747 714 748 
528 721 745 748 690 
529 720 751 749 750 
530 751 637 752 749 
531 749 752 721 753 
532 750 749 753 718 
533 633 729 754 732 
534 729 698 755 754 
535 754 755 723 756 
536 732 754 756 701 
537 706 758 757 737 
538 758 726 759 757 
539 757 759 729 760 
540 737 757 760 633 
541 710 762 761 744 
542 762 739 763 761 
543 761 763 715 746 
544 744 761 746 637 
545 637 765 764 752 
546 765 746 766 764 
547 764 766 745 767 
548 752 764 767 721 
549 769 654 770 768 
550 768 770 657 771 
551 659 773 772 697 
552 773 625 774 772 
553 695 777 776 728 
554 777 697 778 776 
555 776 778 658 779 
556 726 781 780 759 
557 781 728 782 780 
558 780 782 698 783 
559 759 780 783 729 
560 771 657 785 784 
561 784 785 670 786 
562 787 789 628 790 
563 716 787 790 675 
564 792 673 793 791 
565 791 793 716 794 
566 747 791 794 714 
567 746 796 795 766 
568 796 715 797 795 
569 795 797 747 798 
570 766 795 798 745 
571 799 800 566 801 
572 724 799 801 661 
573 698 779 802 755 
574 779 658 803 802 
575 802 803 724 804 
576 755 802 804 723 
577 728 806 805 782 
578 806 776 807 805 
579 805 807 779 808 
580 782 805 808 698 
581 661 801 809 740 
582 801 566 810 809 
583 739 812 811 763 
584 812 740 813 811 
585 811 813 673 792 
586 763 811 792 715 
587 715 815 814 797 
588 815 792 816 814 
589 814 816 791 817 
590 797 814 817 747 
591 818 820 799 821 
592 803 818 821 724 
593 697 823 822 778 
594 823 772 824 822 
595 822 824 775 819 
596 778 822 819 658 
597 658 827 825 826 
598 827 819 828 825 
599 825 828 818 829 
600 826 825 829 803 
601 740 831 830 813 
602 831 809 832 830 
603 673 833 834 793 
604 833 788 835 834 
605 834 835 787 836 
606 793 834 836 716 
607 813 839 837 838 
608 839 830 840 837 
609 837 840 833 841 
610 838 837 841 673 
611 660 843 842 800 
612 843 768 844 842 
613 842 844 771 845 
614 800 842 845 566 
615 775 847 846 820 
616 847 660 848 846 
617 846 848 800 849 
618 820 846 849 799 
619 819 851 850 828 
620 851 775 852 850 
621 850 852 820 853 
622 828 850 853 818 
623 566 845 854 810 
624 845 771 855 854 
625 854 855 784 856 
626 810 854 856 674 
627 809 858 857 832 
628 858 810 859 857 
629 857 859 674 860 
630 832 857 860 788 
631 830 862 861 840 
632 862 832 863 861 
633 861 863 788 864 
634 840 861 864 833 
635 1 867 865 866 
636 867 12 160 865 
637 865 160 10 62 
638 866 865 62 11 
639 16 869 868 533 
640 869 2 870 868 
641 868 870 17 552 
642 533 868 552 15 
643 20 94 871 872 
644 94 19 214 871 
645 871 214 22 873 
646 872 871 873 4 
647 10 876 874 875 
648 876 25 164 874 
649 874 164 23 66 
650 875 874 66 24 
651 28 582 877 599 
652 582 29 878 877 
653 877 878 3 879 
654 599 877 879 30 
655 32 881 880 536 
656 881 15 882 880 
657 880 882 33 556 
658 536 880 556 31 
659 36 97 883 884 
660 97 35 218 883 
661 883 218 38 885 
662 884 883 885 19 
663 23 888 886 887 
664 888 41 168 886 
665 886 168 39 70 
666 887 886 70 40 
667 44 585 889 602 
668 585 45 890 889 
669 889 890 28 891 
670 602 889 891 46 
671 48 893 892 539 
672 893 31 894 892 
673 892 894 49 560 
674 539 892 560 47 
675 52 100 895 896 
676 100 51 222 895 
677 895 222 54 897 
678 896 895 897 35 
679 70 900 898 899 
680 900 39 172 898 
681 898 172 56 112 
682 899 898 112 68 
683 72 588 901 605 
684 588 73 902 901 
685 901 902 44 903 
686 605 901 903 74 
687 56 906 904 905 
688 906 81 176 904 
689 904 176 79 116 
690 905 904 116 80 
691 89 908 907 404 
692 908 58 544 907 
693 907 544 90 467 
694 404 907 467 88 
695 98 135 909 910 
696 135 76 226 909 
697 909 226 51 911 
698 910 909 911 100 
699 102 138 912 913 
700 138 101 230 912 
701 912 230 104 914 
702 913 912 914 76 
703 116 917 915 916 
704 917 79 180 915 
705 915 180 106 141 
706 916 915 141 114 
707 121 498 918 420 
708 498 122 611 918 
709 918 611 77 919 
710 420 918 919 123 
711 136 154 920 921 
712 154 125 234 920 
713 920 234 101 922 
714 921 920 922 138 
715 183 925 923 924 
716 925 186 254 923 
717 923 254 128 201 
718 924 923 201 149 
719 188 927 926 407 
720 927 88 928 926 
721 926 928 189 471 
722 407 926 471 187 
723 204 501 929 423 
724 501 205 930 929 
725 929 930 121 931 
726 423 929 931 206 
727 158 245 932 933 
728 245 143 270 932 
729 932 270 239 934 
730 933 932 934 237 
731 250 936 935 260 
732 936 196 296 935 
733 935 296 251 937 
734 260 935 937 249 
735 265 939 938 276 
736 939 267 317 938 
737 938 317 212 940 
738 276 938 940 268 
739 279 336 941 338 
740 336 191 376 941 
741 941 376 280 942 
742 338 941 942 278 
743 300 944 943 351 
744 944 301 391 943 
745 943 391 207 360 
746 351 943 360 302 
747 325 477 945 434 
748 477 327 946 945 
749 945 946 190 947 
750 434 945 947 328 
751 328 947 948 449 
752 947 190 949 948 
753 948 949 353 503 
754 449 948 503 352 
755 411 481 950 483 
756 481 325 951 950 
757 950 951 434 952 
758 483 950 952 433 
759 414 954 953 446 
760 954 436 486 953 
761 953 486 439 955 
762 446 953 955 193 
763 448 957 956 492 
764 957 449 958 956 
765 956 958 352 507 
766 492 956 507 426 
767 208 960 959 460 
768 960 454 511 959 
769 959 511 453 961 
770 460 959 961 431 
771 463 963 962 546 
772 963 84 643 962 
773 962 643 464 568 
774 546 962 568 462 
775 493 594 964 612 
776 594 494 680 964 
777 964 680 118 965 
778 612 964 965 495 
779 516 967 966 550 
780 967 462 968 966 
781 966 968 517 572 
782 550 966 572 515 
783 519 597 969 616 
784 597 520 970 969 
785 969 970 493 971 
786 616 969 971 521 
787 47 973 972 641 
788 973 560 974 972 
789 972 974 559 651 
790 641 972 651 86 
791 564 976 975 645 
792 976 86 977 975 
793 975 977 565 655 
794 645 975 655 563 
795 119 669 978 677 
796 669 586 979 978 
797 978 979 588 980 
798 677 978 980 72 
799 589 672 981 681 
800 672 590 982 981 
801 981 982 119 983 
802 681 981 983 591 
803 563 985 984 694 
804 985 655 986 984 
805 984 986 654 769 
806 694 984 769 625 
807 628 786 987 712 
808 786 670 988 987 
809 987 988 672 989 
810 712 987 989 589 
811 625 991 990 774 
812 991 769 992 990 
813 990 992 768 843 
814 774 990 843 660 
815 772 994 993 824 
816 994 774 995 993 
817 993 995 660 847 
818 824 993 847 775 
819 674 856 996 789 
820 856 784 997 996 
821 996 997 786 998 
822 789 996 998 628 
823 788 860 999 835 
824 860 674 1000 999 
825 999 1000 789 1001 
826 835 999 1001 787 
