2 0.000000 100.000000 211.018442
1001 826 
1 -11.368037 0.000000 -11.528932 99.756254 -0.017466 6.975625 0.000003 
2 13.641644 0.000000 -11.528932 99.756412 -0.017402 6.973417 0.000003 
3 13.641644 0.000000 11.528932 99.756714 -0.017536 6.972637 -0.000002 
4 -11.368037 0.000000 11.528932 99.756544 -0.017473 6.975641 -0.000003 
5 1.136804 0.000000 0.000000 105.015422 0.016473 6.257575 -0.106740 
6 -11.368037 0.000000 0.000000 99.756379 -0.017477 6.975676 0.000000 
7 1.136804 0.000000 -11.528932 99.755427 -0.017564 6.974353 0.000021 
8 13.641644 0.000000 0.000000 99.790295 -0.012892 6.490367 -0.000023 
9 1.136804 0.000000 11.528932 99.757738 -0.017614 6.974223 -0.000025 
10 -5.115617 0.000000 -5.764466 99.755441 -0.021177 6.975582 0.000019 
11 -11.368037 0.000000 -5.764466 99.756288 -0.017473 6.975654 0.000002 
12 -5.115617 0.000000 -11.528932 99.755895 -0.017502 6.975441 0.000010 
13 1.136804 0.000000 -5.764466 99.751198 -0.053441 6.970129 0.000111 
14 -5.115617 0.000000 0.000000 99.755853 -0.016757 6.975525 0.000011 
15 7.389224 0.000000 -5.764466 99.756769 -0.020415 6.967230 0.000004 
16 7.389224 0.000000 -11.528932 99.756080 -0.017453 6.973431 0.000010 
17 13.641644 0.000000 -5.764466 99.756839 -0.017329 6.967722 0.000002 
18 7.389224 0.000000 0.000000 99.896001 -0.003394 4.969703 -0.000391 
19 -5.115617 0.000000 5.764466 99.756982 -0.014800 6.975861 -0.000012 
20 -11.368037 0.000000 5.764466 99.756485 -0.017476 6.975668 -0.000002 
21 1.136804 0.000000 5.764466 99.765095 0.018725 6.969578 -0.000165 
22 -5.115617 0.000000 11.528932 99.756950 -0.017518 6.975506 -0.000011 
23 -1.989406 0.000000 -2.882233 99.755270 -0.022306 6.970328 0.000030 
24 -5.115617 0.000000 -2.882233 99.755624 -0.018687 6.975343 0.000016 
25 -1.989406 0.000000 -5.764466 99.754479 -0.026714 6.973829 0.000041 
26 1.136804 0.000000 -2.882233 99.785317 0.114561 6.945142 -0.000536 
27 -1.989406 0.000000 0.000000 99.749385 -0.020563 6.971395 0.000146 
28 7.389224 0.000000 5.764466 99.756932 -0.016110 6.964047 0.000006 
29 13.641644 0.000000 5.764466 99.757443 -0.017621 6.961418 -0.000001 
30 7.389224 0.000000 11.528932 99.756989 -0.017562 6.972989 -0.000008 
31 4.263014 0.000000 -2.882233 99.759503 -0.028431 6.944839 -0.000019 
32 4.263014 0.000000 -5.764466 99.756882 -0.026851 6.967833 0.000001 
33 7.389224 0.000000 -2.882233 99.758203 -0.019765 6.944370 0.000008 
34 4.263014 0.000000 0.000000 100.086867 -0.013085 2.167459 -0.002208 
35 -1.989406 0.000000 2.882233 99.754007 -0.005669 6.974877 0.000049 
36 -5.115617 0.000000 2.882233 99.756329 -0.014942 6.975583 0.000002 
37 1.136804 0.000000 2.882233 99.750554 -0.141874 6.939121 0.000166 
38 -1.989406 0.000000 5.764466 99.758139 -0.006535 6.974996 -0.000034 
39 -0.426301 0.000000 -1.441116 99.729429 0.009080 6.931484 0.000600 
40 -1.989406 0.000000 -1.441116 99.750328 -0.009806 6.970601 0.000128 
41 -0.426301 0.000000 -2.882233 99.755323 0.042467 6.957576 0.000047 
42 1.136804 0.000000 -1.441116 99.767140 -0.001378 6.883837 -0.000087 
43 -0.426301 0.000000 0.000000 99.891699 -0.100232 6.996558 -0.002731 
44 4.263014 0.000000 2.882233 99.753024 -0.004742 6.931344 0.000129 
45 7.389224 0.000000 2.882233 99.759769 -0.017384 6.920355 0.000010 
46 4.263014 0.000000 5.764466 99.756538 -0.010912 6.965339 0.000012 
47 2.699909 0.000000 -1.441116 99.782177 -0.040465 6.869171 -0.000367 
48 2.699909 0.000000 -2.882233 99.778181 0.034084 6.951300 -0.000401 
49 4.263014 0.000000 -1.441116 99.764678 -0.014747 6.856029 0.000000 
50 2.699909 0.000000 0.000000 100.225198 -0.061371 1.425076 -0.004712 
51 -0.426301 0.000000 1.441116 99.727302 -0.032678 6.980575 0.000574 
52 -1.989406 0.000000 1.441116 99.752250 -0.029819 6.974798 0.000084 
53 1.136804 0.000000 1.441116 99.796234 0.052262 6.857087 -0.000631 
54 -0.426301 0.000000 2.882233 99.758520 -0.079737 6.971293 -0.000037 
55 0.355251 0.000000 -0.720558 100.134734 0.002146 6.567587 -0.007010 
56 -0.426301 0.000000 -0.720558 99.752220 0.055152 6.862735 0.000239 
57 0.355251 0.000000 -1.441116 99.830205 -0.040431 6.896866 -0.001364 
58 1.136804 0.000000 -0.720558 99.998309 -0.170893 6.655439 -0.004399 
59 0.355251 0.000000 0.000000 23.098537 -0.003651 0.070406 0.946645 
60 -8.241827 0.000000 -2.882233 99.756124 -0.018438 6.975737 0.000005 
61 -11.368037 0.000000 -2.882233 99.756327 -0.017475 6.975668 0.000001 
62 -8.241827 0.000000 -5.764466 99.756141 -0.017497 6.975640 0.000005 
63 -8.241827 0.000000 0.000000 99.756263 -0.017793 6.975780 0.000003 
64 -3.552511 0.000000 -1.441116 99.754139 -0.020032 6.976714 0.000044 
65 -5.115617 0.000000 -1.441116 99.755689 -0.017794 6.975437 0.000015 
66 -3.552511 0.000000 -2.882233 99.754812 -0.022167 6.974608 0.000033 
67 -3.552511 0.000000 0.000000 99.754923 -0.016531 6.977087 0.000028 
68 -1.207854 0.000000 -0.720558 99.741006 -0.025080 6.958385 0.000331 
69 -1.989406 0.000000 -0.720558 99.749532 -0.014123 6.970487 0.000144 
70 -1.207854 0.000000 -1.441116 99.744045 0.001156 6.961039 0.000267 
71 -1.207854 0.000000 0.000000 99.737189 -0.025395 6.966059 0.000397 
72 2.699909 0.000000 1.441116 99.710237 -0.038233 6.791062 0.001175 
73 4.263014 0.000000 1.441116 99.761745 -0.016507 6.770329 0.000176 
74 2.699909 0.000000 2.882233 99.736803 -0.061404 6.935522 0.000446 
75 0.355251 0.000000 0.720558 99.915734 -0.005560 6.966591 -0.003169 
76 -0.426301 0.000000 0.720558 99.636712 0.057306 6.871465 0.002531 
77 1.136804 0.000000 0.720558 99.576680 -0.068614 6.605111 0.004085 
78 0.355251 0.000000 1.441116 99.782734 0.051428 6.973590 -0.000523 
79 -0.035525 0.000000 -0.360279 98.229226 0.092254 7.201040 0.029916 
80 -0.426301 0.000000 -0.360279 99.782281 -0.052700 6.985365 -0.000530 
81 -0.035525 0.000000 -0.720558 99.427492 -0.031320 6.810488 0.006779 
82 0.355251 0.000000 -0.360279 100.629567 0.078578 5.869499 -0.016077 
83 -0.035525 0.000000 0.000000 204.208299 -0.104763 7.414461 -3.175601 
84 1.918356 0.000000 -0.720558 100.052574 -0.006572 6.535646 -0.005323 
85 1.918356 0.000000 -1.441116 99.842349 -0.006687 6.864882 -0.001562 
86 2.699909 0.000000 -0.720558 99.872091 0.005066 6.564597 -0.001753 
87 1.918356 0.000000 0.000000 104.669653 0.372914 2.922833 -0.096442 
88 0.746027 0.000000 -0.360279 99.426707 -0.157060 6.418912 0.007310 
89 0.746027 0.000000 -0.720558 99.746167 0.045716 6.855747 0.000370 
90 1.136804 0.000000 -0.360279 99.222757 0.090856 5.461206 0.012501 
91 0.746027 0.000000 0.000000 105.620465 -0.024570 6.647455 -0.119987 
92 -8.241827 0.000000 2.882233 99.756434 -0.017113 6.975785 -0.000001 
93 -11.368037 0.000000 2.882233 99.756435 -0.017477 6.975676 -0.000001 
94 -8.241827 0.000000 5.764466 99.756587 -0.017503 6.975682 -0.000004 
95 -3.552511 0.000000 1.441116 99.756023 -0.013085 6.977186 0.000005 
96 -5.115617 0.000000 1.441116 99.756086 -0.015750 6.975577 0.000006 
97 -3.552511 0.000000 2.882233 99.756472 -0.012318 6.975806 -0.000002 
98 -1.207854 0.000000 0.720558 99.737783 -0.049001 6.962793 0.000389 
99 -1.989406 0.000000 0.720558 99.750152 -0.026642 6.972329 0.000129 
100 -1.207854 0.000000 1.441116 99.746703 -0.050781 6.973007 0.000197 
101 -0.035525 0.000000 0.360279 98.698165 -0.136415 6.422013 0.021741 
102 -0.426301 0.000000 0.360279 99.719753 -0.067454 6.768235 0.001016 
103 0.355251 0.000000 0.360279 101.941182 0.050500 7.008184 -0.044112 
104 -0.035525 0.000000 0.720558 99.281885 -0.051003 6.819347 0.009660 
105 0.159863 0.000000 -0.180140 97.965362 -0.121343 -0.589576 0.040243 
106 -0.035525 0.000000 -0.180140 96.037525 0.387938 12.068078 0.063100 
107 0.159863 0.000000 -0.360279 98.706941 0.136769 5.171281 0.023018 
108 0.355251 0.000000 -0.180140 102.679082 0.167311 3.575897 -0.055581 
109 0.159863 0.000000 0.000000 103.491432 0.329675 0.282136 -0.071066 
110 -0.817078 0.000000 -0.360279 99.748414 0.028321 6.903833 0.000259 
111 -1.207854 0.000000 -0.360279 99.737599 -0.024750 6.964485 0.000391 
112 -0.817078 0.000000 -0.720558 99.724931 -0.034439 6.957266 0.000653 
113 -0.817078 0.000000 0.000000 99.735990 0.027554 6.906081 0.000504 
114 -0.230913 0.000000 -0.180140 100.492730 -0.011737 7.104392 -0.014926 
115 -0.426301 0.000000 -0.180140 99.857339 -0.112669 6.989628 -0.002036 
116 -0.230913 0.000000 -0.360279 99.590054 0.021258 7.296765 0.002858 
117 -0.230913 0.000000 0.000000 100.972634 -0.037726 6.944672 -0.024370 
118 1.918356 0.000000 0.720558 99.352151 -0.012816 6.181096 0.009094 
119 2.699909 0.000000 0.720558 99.643708 -0.012119 6.332925 0.003103 
120 1.918356 0.000000 1.441116 99.712639 -0.020068 6.797955 0.001118 
121 0.746027 0.000000 0.360279 99.495966 -0.088876 6.196442 0.006215 
122 1.136804 0.000000 0.360279 100.127433 0.123253 5.756144 -0.005865 
123 0.746027 0.000000 0.720558 99.295795 -0.063173 6.846863 0.009346 
124 0.159863 0.000000 0.180140 100.026210 -0.125593 11.499202 -0.013749 
125 -0.035525 0.000000 0.180140 97.595658 0.156283 1.781566 0.047189 
126 0.355251 0.000000 0.180140 104.195543 0.093184 5.658533 -0.088874 
127 0.159863 0.000000 0.360279 99.589489 -0.164150 8.032258 0.001739 
128 0.062169 0.000000 -0.090070 80.722626 -0.026046 -9.056791 0.340183 
129 -0.035525 0.000000 -0.090070 114.325826 0.118583 29.985701 -0.396955 
130 0.062169 0.000000 -0.180140 92.051541 0.053495 2.235059 0.152152 
131 0.159863 0.000000 -0.090070 101.506529 0.344731 -13.571874 -0.048789 
132 0.062169 0.000000 0.000000 278.129151 -0.084873 0.455831 -6.735604 
133 -0.817078 0.000000 0.360279 99.717412 0.039008 6.906953 0.000873 
134 -1.207854 0.000000 0.360279 99.737511 -0.025679 6.967651 0.000388 
135 -0.817078 0.000000 0.720558 99.705830 0.029013 6.917436 0.001090 
136 -0.230913 0.000000 0.180140 100.588222 -0.024232 6.768608 -0.016381 
137 -0.426301 0.000000 0.180140 99.865647 -0.046300 6.938964 -0.002130 
138 -0.230913 0.000000 0.360279 99.729399 -0.029943 6.573261 0.001084 
139 -0.133219 0.000000 -0.090070 104.156542 0.062051 8.648461 -0.092339 
140 -0.230913 0.000000 -0.090070 100.769556 -0.046575 7.157563 -0.020574 
141 -0.133219 0.000000 -0.180140 100.860813 -0.200427 8.853885 -0.025134 
142 -0.133219 0.000000 0.000000 106.130785 0.134155 7.198062 -0.131557 
143 0.062169 0.000000 0.090070 85.557943 0.003837 15.324248 0.244501 
144 -0.035525 0.000000 0.090070 116.445107 0.038748 -15.213289 -0.379091 
145 0.159863 0.000000 0.090070 105.381974 0.287883 14.356414 -0.131155 
146 0.062169 0.000000 0.180140 94.412471 -0.161673 9.869080 0.098886 
147 0.013322 0.000000 -0.045035 70.929198 0.229422 -13.824159 0.477789 
148 -0.035525 0.000000 -0.045035 170.146875 -0.083044 36.055217 -2.024994 
149 0.013322 0.000000 -0.090070 44.676887 -0.112626 3.854395 0.798911 
150 0.062169 0.000000 -0.045035 272.096705 -0.077346 -20.259001 -6.444705 
151 0.013322 0.000000 0.000000 455.051848 -0.032188 2.973336 -19.708103 
152 -0.133219 0.000000 0.090070 104.454969 0.000368 5.546550 -0.094160 
153 -0.230913 0.000000 0.090070 100.824629 -0.039792 6.722009 -0.021079 
154 -0.133219 0.000000 0.180140 101.190695 -0.172224 5.114193 -0.026574 
155 0.013322 0.000000 0.045035 78.800451 -0.397173 15.612907 0.354657 
156 -0.035525 0.000000 0.045035 170.556534 -0.113973 -20.765224 -1.952074 
157 0.062169 0.000000 0.045035 271.157436 -0.059437 21.014857 -6.396798 
158 0.013322 0.000000 0.090070 52.789703 -0.226460 5.860763 0.717885 
159 -1.989406 0.000000 -8.646699 99.754840 -0.025610 6.974775 0.000032 
160 -5.115617 0.000000 -8.646699 99.755773 -0.017533 6.975456 0.000013 
161 -1.989406 0.000000 -11.528932 99.755559 -0.017544 6.975056 0.000018 
162 1.136804 0.000000 -8.646699 99.754811 -0.029140 6.973207 0.000035 
163 -0.426301 0.000000 -4.323349 99.756304 -0.059554 6.967386 0.000013 
164 -1.989406 0.000000 -4.323349 99.751311 -0.033328 6.975116 0.000102 
165 -0.426301 0.000000 -5.764466 99.754405 -0.035008 6.971755 0.000045 
166 1.136804 0.000000 -4.323349 99.755197 -0.078331 6.966154 0.000037 
167 0.355251 0.000000 -2.161675 99.811399 -0.009803 6.929744 -0.001034 
168 -0.426301 0.000000 -2.161675 99.750486 0.045814 6.945044 0.000160 
169 0.355251 0.000000 -2.882233 99.772782 0.090568 6.947072 -0.000288 
170 1.136804 0.000000 -2.161675 99.825044 0.020752 6.935995 -0.001315 
171 -0.035525 0.000000 -1.080837 99.878488 0.015591 6.764158 -0.002147 
172 -0.426301 0.000000 -1.080837 99.785306 0.008618 6.872016 -0.000433 
173 -0.035525 0.000000 -1.441116 99.749812 -0.009190 6.899160 0.000238 
174 0.355251 0.000000 -1.080837 100.252254 -0.072956 6.803182 -0.009680 
175 0.159863 0.000000 -0.540419 99.399360 -0.019238 6.201363 0.008131 
176 -0.035525 0.000000 -0.540419 99.250962 0.029627 6.744716 0.010375 
177 0.159863 0.000000 -0.720558 99.606612 0.005094 6.547206 0.003566 
178 0.355251 0.000000 -0.540419 100.032573 -0.066314 6.481882 -0.004853 
179 0.062169 0.000000 -0.270209 94.363201 0.248301 5.131062 0.106920 
180 -0.035525 0.000000 -0.270209 96.475180 0.066367 8.578979 0.061894 
181 0.062169 0.000000 -0.360279 97.408742 0.137832 6.141199 0.047380 
182 0.159863 0.000000 -0.270209 98.186152 0.299104 3.126884 0.034961 
183 0.013322 0.000000 -0.135105 81.955047 0.025887 8.566060 0.320999 
184 -0.035525 0.000000 -0.135105 99.418960 0.252257 16.821240 -0.016715 
185 0.013322 0.000000 -0.180140 90.135359 0.361833 7.926046 0.181266 
186 0.062169 0.000000 -0.135105 89.963470 0.014372 -1.879108 0.190304 
187 0.550639 0.000000 -0.180140 104.426285 -0.050213 5.048029 -0.093033 
188 0.550639 0.000000 -0.360279 99.671444 -0.060578 6.783495 0.001958 
189 0.746027 0.000000 -0.180140 105.621462 -0.021070 5.157858 -0.118250 
190 0.550639 0.000000 0.000000 104.524542 -0.046624 6.560518 -0.096842 
191 0.257557 0.000000 -0.090070 103.507732 -0.042282 -10.225021 -0.081840 
192 0.257557 0.000000 -0.180140 100.938223 0.201121 0.979328 -0.018952 
193 0.355251 0.000000 -0.090070 105.745545 0.004987 -4.330709 -0.120088 
194 0.257557 0.000000 0.000000 43.953239 -0.113230 0.028688 0.806810 
195 0.111016 0.000000 -0.045035 161.262905 -0.028526 -13.372472 -1.618455 
196 0.111016 0.000000 -0.090070 91.712833 0.317013 -15.006288 0.136347 
197 0.159863 0.000000 -0.045035 102.228932 0.356769 -7.093193 -0.050120 
198 0.111016 0.000000 0.000000 165.931210 -0.025388 0.143518 -1.753319 
199 0.037745 0.000000 -0.067552 63.727624 0.205175 -12.252518 0.578862 
200 0.013322 0.000000 -0.067552 70.871931 0.240857 -13.449762 0.479622 
201 0.037745 0.000000 -0.090070 75.881431 -0.085596 -9.236687 0.415668 
202 0.062169 0.000000 -0.067552 71.004069 0.193158 -13.464548 0.477709 
203 0.037745 0.000000 -0.045035 63.899768 0.189721 -12.438695 0.576206 
204 0.550639 0.000000 0.180140 104.623618 -0.063760 5.077084 -0.097188 
205 0.746027 0.000000 0.180140 105.929789 -0.035790 5.190918 -0.124807 
206 0.550639 0.000000 0.360279 100.015133 -0.054335 5.771485 -0.003634 
207 0.257557 0.000000 0.090070 106.109120 -0.112394 10.738147 -0.137447 
208 0.355251 0.000000 0.090070 106.933398 -0.001960 4.648315 -0.145636 
209 0.257557 0.000000 0.180140 102.463671 0.068334 8.703902 -0.057457 
210 0.111016 0.000000 0.045035 161.198310 -0.076737 13.701205 -1.617262 
211 0.159863 0.000000 0.045035 102.381833 0.221471 7.509019 -0.053847 
212 0.111016 0.000000 0.090070 96.380475 0.190645 16.302303 0.044500 
213 -1.989406 0.000000 8.646699 99.758284 -0.010235 6.975185 -0.000037 
214 -5.115617 0.000000 8.646699 99.757015 -0.017547 6.975568 -0.000012 
215 1.136804 0.000000 8.646699 99.759187 -0.005967 6.972987 -0.000052 
216 -1.989406 0.000000 11.528932 99.757452 -0.017571 6.975112 -0.000020 
217 -0.426301 0.000000 4.323349 99.763829 0.020010 6.973931 -0.000146 
218 -1.989406 0.000000 4.323349 99.760071 0.000358 6.977105 -0.000075 
219 1.136804 0.000000 4.323349 99.766141 0.041473 6.963853 -0.000178 
220 -0.426301 0.000000 5.764466 99.760413 0.001668 6.973194 -0.000077 
221 0.355251 0.000000 2.161675 99.796318 -0.223958 6.956973 -0.000775 
222 -0.426301 0.000000 2.161675 99.752439 -0.097189 6.970996 0.000085 
223 1.136804 0.000000 2.161675 99.800621 -0.044052 6.919285 -0.000804 
224 0.355251 0.000000 2.882233 99.766943 -0.126274 6.960127 -0.000190 
225 -0.035525 0.000000 1.080837 99.499891 0.121320 6.930239 0.005173 
226 -0.426301 0.000000 1.080837 99.649785 0.064917 6.922322 0.002200 
227 0.355251 0.000000 1.080837 99.512542 0.107939 6.961834 0.004878 
228 -0.035525 0.000000 1.441116 99.745728 -0.017783 7.006520 0.000170 
229 0.159863 0.000000 0.540419 99.637786 -0.015900 7.262791 0.001956 
230 -0.035525 0.000000 0.540419 99.309770 0.019467 6.913017 0.008978 
231 0.355251 0.000000 0.540419 100.101701 -0.085699 6.840215 -0.006715 
232 0.159863 0.000000 0.720558 99.682940 0.003604 7.086914 0.001309 
233 0.062169 0.000000 0.270209 95.558275 -0.070662 8.039601 0.080398 
234 -0.035525 0.000000 0.270209 97.279371 -0.019945 5.178602 0.050991 
235 0.159863 0.000000 0.270209 99.382182 0.031955 9.464846 0.003360 
236 0.062169 0.000000 0.360279 98.122739 -0.103128 7.324958 0.031826 
237 0.013322 0.000000 0.135105 85.669885 -0.067578 3.822351 0.264606 
238 -0.035525 0.000000 0.135105 101.399763 0.147474 -2.737621 -0.028943 
239 0.062169 0.000000 0.135105 93.231955 -0.115720 12.463174 0.115246 
240 0.013322 0.000000 0.180140 92.480256 0.087597 5.126647 0.142111 
241 0.037745 0.000000 0.067552 71.388619 -0.225204 14.204476 0.470185 
242 0.013322 0.000000 0.067552 78.694767 -0.390931 15.673305 0.356133 
243 0.037745 0.000000 0.045035 71.725004 -0.225591 14.228353 0.465303 
244 0.062169 0.000000 0.067552 77.643115 -0.120167 15.150915 0.374198 
245 0.037745 0.000000 0.090070 81.373712 -0.082204 16.690620 0.309974 
246 0.111016 0.000000 -0.135105 96.873086 -0.096576 -3.813518 0.060105 
247 0.111016 0.000000 -0.180140 95.919673 -0.172050 0.026105 0.079939 
248 0.159863 0.000000 -0.135105 99.202731 -0.032474 -3.826442 0.014418 
249 0.086592 0.000000 -0.067552 93.079849 0.007833 -15.268105 0.110303 
250 0.086592 0.000000 -0.090070 93.766530 -0.020836 -15.560203 0.096572 
251 0.111016 0.000000 -0.067552 91.907164 0.282204 -14.984403 0.132846 
252 0.086592 0.000000 -0.045035 210.287760 -0.057045 -19.390218 -3.459693 
253 0.086592 0.000000 -0.112587 92.643116 0.052015 -8.044131 0.135254 
254 0.062169 0.000000 -0.112587 86.367302 0.031822 -5.593237 0.250940 
255 0.086592 0.000000 -0.135105 93.836945 0.006988 -3.590087 0.118174 
256 0.111016 0.000000 -0.112587 97.180403 0.181080 -7.546335 0.049899 
257 0.074381 0.000000 -0.078811 89.083524 0.000563 -15.106212 0.183593 
258 0.062169 0.000000 -0.078811 72.908961 0.171859 -13.725551 0.449586 
259 0.074381 0.000000 -0.090070 79.590644 0.033127 -15.482699 0.342561 
260 0.086592 0.000000 -0.078811 93.125491 0.024224 -15.314407 0.109311 
261 0.074381 0.000000 -0.067552 85.177507 0.041863 -14.788496 0.252609 
262 0.111016 0.000000 0.135105 99.763970 -0.034291 13.322936 -0.013035 
263 0.159863 0.000000 0.135105 101.742214 -0.132143 12.306831 -0.050295 
264 0.111016 0.000000 0.180140 98.098439 -0.251516 11.339274 0.024805 
265 0.086592 0.000000 0.067552 98.074927 0.244457 16.570860 0.010666 
266 0.086592 0.000000 0.045035 209.916460 -0.052716 19.638249 -3.445058 
267 0.111016 0.000000 0.067552 96.589677 0.197119 16.350668 0.040305 
268 0.086592 0.000000 0.090070 98.747131 0.274342 16.646976 -0.002819 
269 0.086592 0.000000 0.112587 96.278950 0.028619 16.177973 0.046864 
270 0.062169 0.000000 0.112587 90.358050 -0.070847 14.606018 0.162208 
271 0.111016 0.000000 0.112587 100.563019 0.205754 15.003031 -0.033805 
272 0.086592 0.000000 0.135105 96.898478 0.000117 13.568048 0.042659 
273 0.074381 0.000000 0.078811 94.509489 0.141920 16.296162 0.080237 
274 0.062169 0.000000 0.078811 79.445894 -0.095738 15.235369 0.345622 
275 0.074381 0.000000 0.067552 90.872816 0.083296 16.056657 0.148431 
276 0.086592 0.000000 0.078811 98.093513 0.246446 16.566209 0.010316 
277 0.074381 0.000000 0.090070 84.423534 0.031243 20.858879 0.243757 
278 0.208710 0.000000 -0.045035 63.936626 -0.093075 -4.215738 0.589433 
279 0.208710 0.000000 -0.090070 100.675192 0.103098 -12.583362 -0.029385 
280 0.257557 0.000000 -0.045035 43.485907 -0.076159 -3.153999 0.809902 
281 0.208710 0.000000 0.000000 65.473063 -0.048733 0.052994 0.571327 
282 0.135439 0.000000 -0.067552 91.903323 0.473243 -15.239612 0.132131 
283 0.135439 0.000000 -0.090070 93.912759 0.457291 -15.117576 0.095164 
284 0.159863 0.000000 -0.067552 100.863787 0.253953 -10.527060 -0.028439 
285 0.135439 0.000000 -0.045035 127.869848 0.240810 -9.698455 -0.644482 
286 0.257557 0.000000 -0.270209 100.625335 0.170294 4.025294 -0.014169 
287 0.257557 0.000000 -0.360279 100.253922 0.133502 5.220624 -0.007812 
288 0.355251 0.000000 -0.270209 101.396599 0.158869 5.433385 -0.031082 
289 0.208710 0.000000 -0.135105 101.153223 0.181169 -3.713969 -0.024580 
290 0.208710 0.000000 -0.180140 99.581315 0.288938 -0.329897 0.008337 
291 0.257557 0.000000 -0.135105 101.217336 0.325801 -2.729745 -0.025251 
292 0.135439 0.000000 -0.112587 98.357481 0.190305 -6.978859 0.027707 
293 0.135439 0.000000 -0.135105 98.380021 -0.052334 -3.719375 0.030753 
294 0.159863 0.000000 -0.112587 99.379468 0.150581 -6.935471 0.007560 
295 0.123228 0.000000 -0.078811 91.382350 0.424839 -15.031214 0.142315 
296 0.111016 0.000000 -0.078811 91.832745 0.303574 -15.077977 0.133931 
297 0.123228 0.000000 -0.090070 91.683027 0.413549 -15.204628 0.136287 
298 0.135439 0.000000 -0.078811 93.750846 0.458999 -15.147273 0.098113 
299 0.123228 0.000000 -0.067552 91.449989 0.376466 -15.166987 0.140672 
300 0.208710 0.000000 0.045035 64.141133 -0.127108 4.541195 0.586528 
301 0.257557 0.000000 0.045035 43.634375 -0.126705 3.179798 0.808591 
302 0.208710 0.000000 0.090070 104.271642 -0.031707 13.301223 -0.104950 
303 0.135439 0.000000 0.067552 96.431010 0.195453 16.262579 0.043655 
304 0.135439 0.000000 0.045035 127.527895 0.063848 10.122513 -0.636583 
305 0.159863 0.000000 0.067552 101.178078 0.215317 10.867309 -0.035515 
306 0.135439 0.000000 0.090070 98.303347 0.251488 16.102735 0.007709 
307 0.257557 0.000000 0.270209 101.755113 0.055347 8.110023 -0.041988 
308 0.355251 0.000000 0.270209 102.313123 -0.037212 6.343936 -0.050822 
309 0.257557 0.000000 0.360279 101.328601 -0.094344 7.874553 -0.032950 
310 0.208710 0.000000 0.135105 103.665412 0.017587 11.089709 -0.086950 
311 0.257557 0.000000 0.135105 103.455429 0.076950 9.432140 -0.079200 
312 0.208710 0.000000 0.180140 101.249710 0.130825 10.502238 -0.036182 
313 0.135439 0.000000 0.112587 101.681295 0.169235 13.745494 -0.052805 
314 0.159863 0.000000 0.112587 102.381045 -0.024429 12.967854 -0.065004 
315 0.135439 0.000000 0.135105 101.154139 -0.062719 12.706813 -0.039363 
316 0.123228 0.000000 0.078811 95.979648 0.180244 16.218198 0.052484 
317 0.111016 0.000000 0.078811 96.511975 0.194539 16.312020 0.041932 
318 0.123228 0.000000 0.067552 96.101229 0.181734 16.205915 0.050189 
319 0.135439 0.000000 0.078811 98.153093 0.247322 16.136557 0.010552 
320 0.123228 0.000000 0.090070 96.283109 0.188880 16.237027 0.046589 
321 0.184287 0.000000 -0.112587 100.409026 0.086134 -7.633123 -0.014024 
322 0.184287 0.000000 -0.135105 99.598838 0.104655 -4.234351 0.006213 
323 0.208710 0.000000 -0.112587 104.455112 0.141650 -7.411588 -0.096582 
324 0.184287 0.000000 -0.090070 100.255442 0.263949 -13.260466 -0.022706 
325 0.452945 0.000000 -0.090070 97.306916 -0.057839 2.824778 0.052338 
326 0.452945 0.000000 -0.180140 99.549099 -0.070617 1.165189 0.008861 
327 0.550639 0.000000 -0.090070 103.154709 -0.047583 5.582746 -0.067206 
328 0.452945 0.000000 0.000000 104.524541 -0.046624 6.560520 -0.096842 
329 0.306404 0.000000 -0.135105 102.369290 0.102044 -0.069058 -0.047949 
330 0.306404 0.000000 -0.180140 101.888345 0.379816 2.159431 -0.038604 
331 0.355251 0.000000 -0.135105 107.193353 0.105058 0.373778 -0.149057 
332 0.306404 0.000000 -0.090070 105.344124 0.006033 -6.412315 -0.113850 
333 0.233134 0.000000 -0.112587 104.471653 -0.064425 -10.317659 -0.102078 
334 0.233134 0.000000 -0.135105 100.905937 0.182848 -2.588475 -0.018874 
335 0.257557 0.000000 -0.112587 103.476520 -0.039792 -10.221853 -0.081188 
336 0.233134 0.000000 -0.090070 104.195420 -0.064962 -10.291391 -0.096260 
337 0.184287 0.000000 -0.067552 80.150536 0.227793 -9.161695 0.349190 
338 0.208710 0.000000 -0.067552 60.558168 0.016942 -7.089702 0.628244 
339 0.184287 0.000000 -0.045035 81.321283 0.176507 -5.810116 0.335306 
340 0.196498 0.000000 -0.101329 99.785397 0.216159 -13.345463 -0.013527 
341 0.184287 0.000000 -0.101329 100.102749 0.256762 -13.388947 -0.019989 
342 0.196498 0.000000 -0.112587 100.922536 0.111324 -7.550604 -0.024238 
343 0.208710 0.000000 -0.101329 101.275183 0.083849 -12.122735 -0.040363 
344 0.196498 0.000000 -0.090070 99.756066 0.223956 -13.341960 -0.012933 
345 0.184287 0.000000 0.112587 103.421819 -0.066983 13.001684 -0.086512 
346 0.184287 0.000000 0.090070 104.135224 0.115585 14.236772 -0.104684 
347 0.208710 0.000000 0.112587 107.480003 -0.036553 12.082483 -0.169794 
348 0.184287 0.000000 0.135105 102.014931 0.006906 12.076754 -0.055289 
349 0.184287 0.000000 0.067552 80.655845 0.193543 9.543199 0.340352 
350 0.184287 0.000000 0.045035 81.555076 0.206873 6.198490 0.331031 
351 0.208710 0.000000 0.067552 60.790009 -0.042249 7.377328 0.625015 
352 0.452945 0.000000 0.090070 97.504965 -0.060059 2.822370 0.048481 
353 0.550639 0.000000 0.090070 103.266014 -0.054058 5.589443 -0.069511 
354 0.452945 0.000000 0.180140 99.757665 -0.077981 1.169033 0.004704 
355 0.306404 0.000000 0.135105 104.472330 -0.014033 6.289129 -0.095402 
356 0.306404 0.000000 0.090070 107.071399 -0.016607 6.780908 -0.151027 
357 0.355251 0.000000 0.135105 108.277259 0.024380 5.108703 -0.175006 
358 0.306404 0.000000 0.180140 103.240100 0.089991 7.186442 -0.071017 
359 0.233134 0.000000 0.112587 107.326091 -0.077418 10.858944 -0.163681 
360 0.233134 0.000000 0.090070 107.025747 -0.090707 10.829541 -0.157180 
361 0.257557 0.000000 0.112587 106.076375 -0.110382 10.734854 -0.136745 
362 0.233134 0.000000 0.135105 103.214508 -0.081347 9.572534 -0.074487 
363 0.196498 0.000000 0.101329 103.636545 0.024152 14.124944 -0.094005 
364 0.184287 0.000000 0.101329 103.995658 0.091117 14.174071 -0.101601 
365 0.196498 0.000000 0.090070 103.620022 0.023700 14.123322 -0.093658 
366 0.208710 0.000000 0.101329 104.783380 -0.034378 12.812551 -0.114372 
367 0.196498 0.000000 0.112587 103.950436 0.062251 12.537519 -0.096289 
368 0.306404 0.000000 -0.045035 30.330438 0.044985 -1.119364 0.907881 
369 0.355251 0.000000 -0.045035 22.071227 0.009411 -0.718227 0.951235 
370 0.306404 0.000000 0.000000 30.509558 0.022968 0.059219 0.906916 
371 0.281981 0.000000 -0.112587 103.959645 0.020729 -8.349461 -0.087732 
372 0.281981 0.000000 -0.135105 103.859331 0.123807 -1.620895 -0.078940 
373 0.306404 0.000000 -0.112587 105.454484 0.000559 -6.419951 -0.116186 
374 0.281981 0.000000 -0.090070 103.796706 0.016971 -8.674569 -0.084900 
375 0.281981 0.000000 -0.067552 32.484456 0.078000 -3.586710 0.893189 
376 0.257557 0.000000 -0.067552 43.250818 -0.045687 -5.181374 0.810252 
377 0.306404 0.000000 -0.067552 30.233435 0.037366 -1.493528 0.908371 
378 0.281981 0.000000 -0.045035 34.661580 0.001236 -2.281744 0.879337 
379 0.269769 0.000000 -0.101329 103.257886 -0.007130 -9.969403 -0.076158 
380 0.257557 0.000000 -0.101329 103.504941 -0.042059 -10.224737 -0.081782 
381 0.269769 0.000000 -0.112587 103.088762 0.006620 -10.182665 -0.073098 
382 0.281981 0.000000 -0.101329 103.453624 0.029141 -9.475974 -0.079245 
383 0.269769 0.000000 -0.090070 103.222990 -0.010385 -10.196221 -0.075895 
384 0.306404 0.000000 0.045035 30.247495 0.028847 1.151041 0.908376 
385 0.355251 0.000000 0.045035 22.052227 -0.015754 0.857744 0.951296 
386 0.281981 0.000000 0.112587 106.117071 0.023314 8.789249 -0.133808 
387 0.281981 0.000000 0.090070 106.025994 0.007942 9.126682 -0.132481 
388 0.306404 0.000000 0.112587 107.157282 -0.031959 6.786257 -0.152874 
389 0.281981 0.000000 0.135105 105.948592 -0.081346 8.081018 -0.129041 
390 0.281981 0.000000 0.067552 32.455111 0.071797 3.684373 0.893309 
391 0.257557 0.000000 0.067552 43.455215 -0.116881 5.238182 0.808419 
392 0.281981 0.000000 0.045035 34.660473 0.023212 2.388197 0.879295 
393 0.306404 0.000000 0.067552 30.163467 -0.007020 1.527041 0.908783 
394 0.269769 0.000000 0.101329 105.778743 -0.061536 10.470892 -0.129879 
395 0.257557 0.000000 0.101329 106.106192 -0.112214 10.737853 -0.137384 
396 0.269769 0.000000 0.090070 105.781425 -0.066291 10.704831 -0.130431 
397 0.281981 0.000000 0.101329 105.778719 0.048451 9.948701 -0.128812 
398 0.269769 0.000000 0.112587 105.620741 -0.038609 10.688424 -0.126998 
399 0.746027 0.000000 -1.080837 100.055930 -0.164644 6.971699 -0.005982 
400 0.746027 0.000000 -1.441116 99.788883 -0.022470 6.919903 -0.000571 
401 1.136804 0.000000 -1.080837 99.878623 -0.095988 6.860822 -0.002282 
402 0.550639 0.000000 -0.540419 99.686074 -0.217296 6.787879 0.001656 
403 0.550639 0.000000 -0.720558 100.100735 -0.001561 6.827800 -0.006678 
404 0.746027 0.000000 -0.540419 99.838913 -0.051329 6.829625 -0.001445 
405 0.452945 0.000000 -0.270209 100.338840 -0.046508 6.601182 -0.011146 
406 0.452945 0.000000 -0.360279 100.227578 0.017196 6.610898 -0.008927 
407 0.550639 0.000000 -0.270209 104.416347 -0.068942 1.858630 -0.090623 
408 0.404098 0.000000 -0.135105 94.723061 -0.072382 0.454412 0.102733 
409 0.404098 0.000000 -0.180140 103.329445 0.001893 5.785346 -0.071044 
410 0.452945 0.000000 -0.135105 97.718015 -0.061645 2.219008 0.044626 
411 0.404098 0.000000 -0.090070 98.795645 -0.060651 -1.090270 0.023823 
412 0.330828 0.000000 -0.112587 105.254310 0.011329 -6.410304 -0.111956 
413 0.330828 0.000000 -0.135105 102.487559 0.058691 -0.922996 -0.050456 
414 0.355251 0.000000 -0.112587 105.696260 0.010181 -4.585677 -0.119273 
415 0.330828 0.000000 -0.090070 105.251633 0.010143 -6.410131 -0.111900 
416 0.746027 0.000000 1.080837 99.604599 -0.019076 6.917362 0.003107 
417 1.136804 0.000000 1.080837 99.714565 -0.048293 6.825288 0.001042 
418 0.746027 0.000000 1.441116 99.784497 0.108488 6.910483 -0.000471 
419 0.550639 0.000000 0.540419 99.496430 -0.066318 6.532007 0.005779 
420 0.746027 0.000000 0.540419 99.643536 -0.080828 6.535985 0.002844 
421 0.550639 0.000000 0.720558 99.862423 0.006426 6.785344 -0.001854 
422 0.452945 0.000000 0.270209 100.971309 -0.108525 4.945295 -0.021967 
423 0.550639 0.000000 0.270209 104.626275 -0.088994 1.867399 -0.095015 
424 0.452945 0.000000 0.360279 101.332731 0.040114 5.907608 -0.030322 
425 0.404098 0.000000 0.135105 94.930181 -0.067258 0.453235 0.098805 
426 0.404098 0.000000 0.090070 99.180573 -0.011948 1.907231 0.015958 
427 0.452945 0.000000 0.135105 97.923773 -0.063604 2.219927 0.040600 
428 0.404098 0.000000 0.180140 104.647748 -0.046997 3.208101 -0.096145 
429 0.330828 0.000000 0.112587 106.943517 -0.050186 6.773346 -0.148280 
430 0.330828 0.000000 0.090070 106.941207 -0.051015 6.773204 -0.148230 
431 0.355251 0.000000 0.112587 106.945469 -0.004720 4.908753 -0.146143 
432 0.330828 0.000000 0.135105 104.344115 0.033051 6.870295 -0.093490 
433 0.404098 0.000000 -0.045035 23.071722 0.015082 1.291321 0.946603 
434 0.452945 0.000000 -0.045035 98.884140 -0.048953 4.441994 0.020219 
435 0.404098 0.000000 0.000000 24.913580 0.004043 0.013147 0.937931 
436 0.379675 0.000000 -0.112587 104.770735 -0.039406 -2.105266 -0.098134 
437 0.379675 0.000000 -0.135105 105.356233 0.043350 2.520869 -0.110629 
438 0.404098 0.000000 -0.112587 97.419272 -0.058577 -1.545732 0.050709 
439 0.379675 0.000000 -0.090070 104.253756 -0.045878 -2.094399 -0.087323 
440 0.330828 0.000000 -0.067552 26.512920 -0.030191 -2.560418 0.929051 
441 0.355251 0.000000 -0.067552 19.825900 0.013844 -1.374382 0.960504 
442 0.330828 0.000000 -0.045035 26.323220 -0.039276 -1.486509 0.930488 
443 0.343039 0.000000 -0.101329 105.398225 0.027939 -6.036280 -0.114522 
444 0.330828 0.000000 -0.101329 105.252534 0.010543 -6.410189 -0.111919 
445 0.343039 0.000000 -0.112587 105.417865 0.023743 -5.930317 -0.114810 
446 0.355251 0.000000 -0.101329 105.700307 0.008216 -4.636953 -0.119406 
447 0.343039 0.000000 -0.090070 105.299742 0.027333 -6.412498 -0.112916 
448 0.404098 0.000000 0.045035 23.032762 -0.008670 -1.264410 0.946789 
449 0.452945 0.000000 0.045035 99.065272 -0.053437 4.443884 0.016632 
450 0.330828 0.000000 0.067552 26.403054 -0.061603 2.645617 0.929588 
451 0.330828 0.000000 0.045035 26.334155 -0.070654 1.636016 0.930383 
452 0.355251 0.000000 0.067552 19.788353 -0.021927 1.509807 0.960614 
453 0.379675 0.000000 0.112587 105.334985 -0.001038 2.376434 -0.110111 
454 0.379675 0.000000 0.090070 104.764519 0.000100 2.363887 -0.098119 
455 0.404098 0.000000 0.112587 97.780548 -0.012022 2.060225 0.043472 
456 0.379675 0.000000 0.135105 106.243137 -0.133484 2.743169 -0.129515 
457 0.343039 0.000000 0.101329 106.967738 -0.021073 6.389097 -0.148292 
458 0.330828 0.000000 0.101329 106.941984 -0.050736 6.773252 -0.148247 
459 0.343039 0.000000 0.090070 106.932567 -0.028695 6.772576 -0.148044 
460 0.355251 0.000000 0.101329 106.957913 -0.000261 4.960286 -0.146460 
461 0.343039 0.000000 0.112587 106.960338 -0.019857 6.280693 -0.147996 
462 1.527580 0.000000 -0.360279 100.017504 -0.105121 5.493516 -0.003369 
463 1.527580 0.000000 -0.720558 100.139994 0.120098 6.506080 -0.007036 
464 1.918356 0.000000 -0.360279 99.477173 0.061811 5.760788 0.007110 
465 1.527580 0.000000 0.000000 104.711249 0.051085 2.892653 -0.097282 
466 0.941416 0.000000 -0.180140 105.384349 0.016117 4.956224 -0.113043 
467 0.941416 0.000000 -0.360279 99.292312 -0.037556 6.265471 0.010178 
468 1.136804 0.000000 -0.180140 103.877192 0.034359 3.937090 -0.080597 
469 0.941416 0.000000 0.000000 105.901929 0.004971 6.213637 -0.125383 
470 0.648333 0.000000 -0.090070 104.870580 -0.040491 5.637253 -0.102962 
471 0.648333 0.000000 -0.180140 104.978888 -0.035784 4.549528 -0.104127 
472 0.746027 0.000000 -0.090070 105.754068 -0.016413 6.499331 -0.122616 
473 0.648333 0.000000 0.000000 105.208094 -0.032868 6.614744 -0.111250 
474 0.501792 0.000000 -0.135105 99.222802 -0.055831 3.343242 0.014366 
475 0.501792 0.000000 -0.180140 101.142227 -0.063629 2.584275 -0.023643 
476 0.550639 0.000000 -0.135105 104.439026 -0.045399 5.866167 -0.094192 
477 0.501792 0.000000 -0.090070 99.204280 -0.049374 4.479250 0.013844 
478 0.428522 0.000000 -0.112587 92.038588 -0.060822 -0.581344 0.152856 
479 0.428522 0.000000 -0.135105 97.641760 -0.067177 1.262641 0.046449 
480 0.452945 0.000000 -0.112587 97.370344 -0.061356 2.271821 0.051385 
481 0.428522 0.000000 -0.090070 94.260674 -0.061832 0.216889 0.111487 
482 0.379675 0.000000 -0.067552 21.184603 0.022544 0.465266 0.955100 
483 0.404098 0.000000 -0.067552 94.733413 -0.065697 1.060017 0.102445 
484 0.379675 0.000000 -0.045035 21.657233 -0.013442 0.190006 0.953093 
485 0.391886 0.000000 -0.101329 101.606333 -0.056560 -1.862849 -0.032732 
486 0.379675 0.000000 -0.101329 104.792446 -0.039382 -2.105728 -0.098589 
487 0.391886 0.000000 -0.112587 101.492743 -0.056497 -1.834258 -0.030414 
488 0.404098 0.000000 -0.101329 97.501478 -0.058526 -1.567571 0.049100 
489 0.391886 0.000000 -0.090070 101.818199 -0.055464 -1.599731 -0.036951 
490 0.379675 0.000000 0.067552 21.189899 -0.001128 -0.380431 0.955084 
491 0.379675 0.000000 0.045035 21.660509 -0.034228 -0.137601 0.953080 
492 0.404098 0.000000 0.067552 94.940756 -0.059613 1.055211 0.098514 
493 1.527580 0.000000 0.360279 99.370341 0.043019 5.209558 0.009839 
494 1.918356 0.000000 0.360279 99.719421 0.130979 4.493856 0.003583 
495 1.527580 0.000000 0.720558 99.412447 -0.051282 6.376492 0.007650 
496 0.941416 0.000000 0.180140 106.699303 -0.001574 4.982170 -0.140956 
497 1.136804 0.000000 0.180140 106.791866 0.013577 3.992571 -0.142044 
498 0.941416 0.000000 0.360279 99.907444 -0.104669 6.245121 -0.002051 
499 0.648333 0.000000 0.090070 105.013141 -0.049132 5.652847 -0.105972 
500 0.746027 0.000000 0.090070 105.877558 -0.022998 6.510993 -0.125245 
501 0.648333 0.000000 0.180140 105.245061 -0.050853 4.572803 -0.109744 
502 0.501792 0.000000 0.135105 99.421620 -0.059903 3.352733 0.010410 
503 0.501792 0.000000 0.090070 99.369944 -0.052873 4.477624 0.010556 
504 0.550639 0.000000 0.135105 104.606689 -0.057340 5.886690 -0.097722 
505 0.501792 0.000000 0.180140 101.353947 -0.071811 2.597784 -0.027938 
506 0.428522 0.000000 0.112587 92.306142 -0.063223 1.691396 0.147671 
507 0.428522 0.000000 0.090070 94.506798 -0.060017 1.771130 0.106532 
508 0.452945 0.000000 0.112587 97.574581 -0.062196 2.274669 0.047402 
509 0.428522 0.000000 0.135105 97.849923 -0.068992 1.262288 0.042379 
510 0.391886 0.000000 0.101329 102.088020 0.002706 2.179687 -0.042671 
511 0.379675 0.000000 0.101329 105.353160 -0.001346 2.376824 -0.110494 
512 0.391886 0.000000 0.090070 102.284920 -0.007623 1.990468 -0.046617 
513 0.404098 0.000000 0.101329 97.865233 -0.011289 2.070625 0.041811 
514 0.391886 0.000000 0.112587 101.967541 0.001427 2.158172 -0.040204 
515 1.332192 0.000000 -0.180140 105.202236 0.047143 2.396618 -0.107326 
516 1.332192 0.000000 -0.360279 100.105642 -0.136404 5.632759 -0.005289 
517 1.527580 0.000000 -0.180140 105.418025 0.017594 2.460573 -0.111901 
518 1.332192 0.000000 0.000000 104.079825 0.043079 3.133626 -0.084243 
519 1.332192 0.000000 0.180140 104.137763 0.063050 1.957723 -0.084851 
520 1.527580 0.000000 0.180140 104.747830 0.098924 2.033680 -0.097625 
521 1.332192 0.000000 0.360279 99.845970 -0.120126 5.029288 0.000547 
522 1.234498 0.000000 -0.090070 98.298370 0.005323 1.149072 0.033611 
523 1.136804 0.000000 -0.090070 102.390409 0.016570 4.400224 -0.050316 
524 1.234498 0.000000 -0.180140 101.826485 0.042562 0.663690 -0.036908 
525 1.332192 0.000000 -0.090070 101.357360 0.025947 1.715740 -0.027626 
526 1.234498 0.000000 0.000000 56.940524 0.015058 0.372343 0.675764 
527 1.234498 0.000000 0.090070 99.194344 0.000781 1.111977 0.015925 
528 1.136804 0.000000 0.090070 103.660235 0.005578 4.400846 -0.076481 
529 1.332192 0.000000 0.090070 101.014543 0.021731 1.640706 -0.020663 
530 1.234498 0.000000 0.180140 103.541248 0.012597 0.660899 -0.072123 
531 4.263014 0.000000 -8.646699 99.755606 -0.023973 6.972070 0.000021 
532 4.263014 0.000000 -11.528932 99.755715 -0.017514 6.973710 0.000016 
533 7.389224 0.000000 -8.646699 99.756135 -0.019949 6.971701 0.000011 
534 2.699909 0.000000 -4.323349 99.757878 -0.053464 6.962948 -0.000012 
535 2.699909 0.000000 -5.764466 99.752889 -0.046072 6.967904 0.000081 
536 4.263014 0.000000 -4.323349 99.760246 -0.037155 6.963293 -0.000060 
537 1.918356 0.000000 -2.161675 99.817741 0.137769 6.925774 -0.001157 
538 1.918356 0.000000 -2.882233 99.789625 0.077051 6.948839 -0.000626 
539 2.699909 0.000000 -2.161675 99.786362 0.040068 6.933078 -0.000539 
540 1.527580 0.000000 -1.080837 99.842263 -0.003146 6.750135 -0.001404 
541 1.527580 0.000000 -1.441116 99.806653 -0.025310 6.851325 -0.000831 
542 1.918356 0.000000 -1.080837 100.069586 0.041351 6.745882 -0.005943 
543 1.332192 0.000000 -0.540419 99.914568 0.053072 6.254639 -0.002204 
544 1.136804 0.000000 -0.540419 99.722369 0.011324 6.204451 0.001695 
545 1.332192 0.000000 -0.720558 100.210912 -0.020762 6.573088 -0.008543 
546 1.527580 0.000000 -0.540419 100.209741 -0.036569 6.416733 -0.008317 
547 1.234498 0.000000 -0.270209 100.231155 -0.001465 4.481559 -0.006637 
548 1.136804 0.000000 -0.270209 104.261373 0.062553 0.941329 -0.087132 
549 1.234498 0.000000 -0.360279 99.904385 0.090090 5.513151 -0.001129 
550 1.332192 0.000000 -0.270209 105.362576 0.078712 0.651773 -0.110170 
551 10.515434 0.000000 -2.882233 99.758126 -0.017483 6.947502 0.000005 
552 10.515434 0.000000 -5.764466 99.756715 -0.018119 6.967238 0.000006 
553 13.641644 0.000000 -2.882233 99.758064 -0.017168 6.950662 0.000002 
554 10.515434 0.000000 0.000000 99.817644 -0.009455 6.097399 -0.000074 
555 5.826119 0.000000 -1.441116 99.762942 -0.019662 6.862330 0.000026 
556 5.826119 0.000000 -2.882233 99.759007 -0.025344 6.944525 -0.000009 
557 7.389224 0.000000 -1.441116 99.762579 -0.020516 6.873349 0.000018 
558 5.826119 0.000000 0.000000 99.988386 0.001056 3.635427 -0.001089 
559 3.481461 0.000000 -0.720558 99.780287 -0.011142 6.521879 0.000136 
560 3.481461 0.000000 -1.441116 99.768665 0.004173 6.857378 -0.000081 
561 4.263014 0.000000 -0.720558 99.782269 -0.008522 6.568367 0.000036 
562 3.481461 0.000000 0.000000 100.104530 -0.018328 1.757409 -0.002401 
563 2.309132 0.000000 -0.360279 98.628282 -0.208569 4.663194 0.025067 
564 2.309132 0.000000 -0.720558 99.709538 0.000535 6.571246 0.001483 
565 2.699909 0.000000 -0.360279 99.899180 -0.000263 5.311728 -0.000806 
566 2.309132 0.000000 0.000000 174.264192 -0.016062 1.165608 -2.036937 
567 1.722968 0.000000 -0.180140 105.353199 -0.001299 2.256466 -0.110439 
568 1.722968 0.000000 -0.360279 99.812520 0.192480 5.651859 0.000548 
569 1.918356 0.000000 -0.180140 104.830907 0.022436 2.350780 -0.099505 
570 1.722968 0.000000 0.000000 105.246651 0.095820 2.640868 -0.108384 
571 1.429886 0.000000 -0.090070 104.779376 0.046708 2.223845 -0.098367 
572 1.429886 0.000000 -0.180140 105.133208 0.037751 2.243119 -0.105802 
573 1.527580 0.000000 -0.090070 105.083102 0.039191 2.311206 -0.104780 
574 1.429886 0.000000 0.000000 104.079080 0.043070 3.134319 -0.084228 
575 1.283345 0.000000 -0.135105 99.899278 0.012797 1.278384 0.001850 
576 1.234498 0.000000 -0.135105 98.748966 0.009632 1.043099 0.024755 
577 1.283345 0.000000 -0.180140 101.788562 0.032527 0.993524 -0.036190 
578 1.332192 0.000000 -0.135105 101.683039 0.023079 2.049120 -0.034364 
579 1.283345 0.000000 -0.090070 99.217757 0.007646 1.352050 0.015401 
580 10.515434 0.000000 2.882233 99.761021 -0.016967 6.908532 0.000001 
581 13.641644 0.000000 2.882233 99.762151 -0.017877 6.893499 -0.000001 
582 10.515434 0.000000 5.764466 99.757344 -0.016380 6.962604 -0.000001 
583 5.826119 0.000000 1.441116 99.772594 -0.014839 6.720839 0.000026 
584 7.389224 0.000000 1.441116 99.777867 -0.019117 6.664045 -0.000003 
585 5.826119 0.000000 2.882233 99.757512 -0.013246 6.926803 0.000046 
586 3.481461 0.000000 0.720558 99.795922 -0.023982 6.090482 0.000368 
587 4.263014 0.000000 0.720558 99.822239 -0.022049 5.915901 0.000052 
588 3.481461 0.000000 1.441116 99.745593 -0.035469 6.792357 0.000468 
589 2.309132 0.000000 0.360279 98.333644 -0.138503 5.103251 0.030443 
590 2.699909 0.000000 0.360279 99.962650 -0.010478 4.213398 -0.001028 
591 2.309132 0.000000 0.720558 99.233404 -0.017001 6.319058 0.011280 
592 1.722968 0.000000 0.180140 105.325687 0.159142 2.085321 -0.109787 
593 1.918356 0.000000 0.180140 104.927227 0.580613 2.235526 -0.101506 
594 1.722968 0.000000 0.360279 99.431740 0.110854 4.914824 0.008916 
595 1.429886 0.000000 0.090070 104.192066 0.062179 2.113305 -0.086046 
596 1.527580 0.000000 0.090070 104.645978 0.043459 2.236094 -0.095578 
597 1.429886 0.000000 0.180140 104.171563 0.049566 1.895267 -0.085531 
598 4.263014 0.000000 8.646699 99.757764 -0.010367 6.971165 -0.000021 
599 7.389224 0.000000 8.646699 99.757057 -0.014466 6.970620 -0.000006 
600 4.263014 0.000000 11.528932 99.757376 -0.017596 6.973394 -0.000016 
601 2.699909 0.000000 4.323349 99.758134 0.019095 6.957093 -0.000009 
602 4.263014 0.000000 4.323349 99.753079 -0.002129 6.958053 0.000091 
603 2.699909 0.000000 5.764466 99.763647 0.007471 6.965165 -0.000130 
604 1.918356 0.000000 2.161675 99.742324 -0.116723 6.891584 0.000396 
605 2.699909 0.000000 2.161675 99.722331 -0.066918 6.902994 0.000780 
606 1.918356 0.000000 2.882233 99.737136 -0.102034 6.933763 0.000442 
607 1.527580 0.000000 1.080837 99.642224 0.080323 6.650901 0.002719 
608 1.918356 0.000000 1.080837 99.524703 0.021652 6.620822 0.005100 
609 1.527580 0.000000 1.441116 99.746074 0.006696 6.813918 0.000429 
610 1.332192 0.000000 0.540419 99.371212 -0.023233 6.076211 0.008844 
611 1.136804 0.000000 0.540419 99.664270 0.008757 6.363903 0.002653 
612 1.527580 0.000000 0.540419 99.311241 -0.050273 6.001203 0.010126 
613 1.332192 0.000000 0.720558 99.487213 -0.000322 6.457901 0.006059 
614 1.234498 0.000000 0.270209 100.934112 -0.007301 4.580298 -0.020867 
615 1.136804 0.000000 0.270209 106.418092 0.021457 0.938093 -0.132569 
616 1.332192 0.000000 0.270209 104.142353 0.052991 0.624579 -0.084602 
617 1.234498 0.000000 0.360279 100.409433 0.083281 5.428375 -0.011153 
618 1.283345 0.000000 0.135105 99.682823 0.017740 1.100090 0.006212 
619 1.234498 0.000000 0.135105 99.695839 0.001287 1.014795 0.005971 
620 1.283345 0.000000 0.090070 99.143427 0.012110 1.178315 0.016919 
621 1.332192 0.000000 0.135105 101.183172 0.028929 1.785872 -0.024122 
622 1.283345 0.000000 0.180140 101.216666 0.035742 0.897333 -0.024562 
623 2.113744 0.000000 -0.180140 103.524397 0.087955 6.827469 -0.076392 
624 2.113744 0.000000 -0.360279 99.773615 -0.006993 6.014363 0.000905 
625 2.309132 0.000000 -0.180140 97.930905 -0.201232 -2.574042 0.040287 
626 2.113744 0.000000 0.000000 96.169506 -0.129452 -0.429519 0.075122 
627 2.113744 0.000000 0.180140 102.567549 0.102535 -3.276888 -0.053085 
628 2.309132 0.000000 0.180140 97.617977 -0.255197 6.914952 0.042285 
629 2.113744 0.000000 0.360279 99.562157 -0.081479 3.521637 0.007497 
630 2.016050 0.000000 -0.090070 103.625664 0.092141 1.549936 -0.074069 
631 1.918356 0.000000 -0.090070 104.763184 0.095908 2.469202 -0.098143 
632 2.016050 0.000000 -0.180140 104.113692 0.083889 0.709035 -0.084017 
633 2.113744 0.000000 -0.090070 111.158618 0.061583 11.670492 -0.249244 
634 2.016050 0.000000 0.000000 104.950364 0.154392 2.677469 -0.102177 
635 2.016050 0.000000 0.090070 104.530826 0.023493 1.414729 -0.092870 
636 1.918356 0.000000 0.090070 104.868550 0.464311 2.538278 -0.100407 
637 2.113744 0.000000 0.090070 108.854011 -0.012878 -11.345905 -0.197793 
638 2.016050 0.000000 0.180140 104.983089 0.194254 0.806299 -0.102214 
639 2.309132 0.000000 -1.080837 99.978485 -0.045374 6.842263 -0.004252 
640 2.309132 0.000000 -1.441116 99.818538 -0.060487 6.879211 -0.001107 
641 2.699909 0.000000 -1.080837 99.773696 -0.016801 6.781735 -0.000078 
642 2.113744 0.000000 -0.540419 99.343280 0.048889 6.370549 0.009033 
643 1.918356 0.000000 -0.540419 99.832651 0.141945 6.225123 -0.000533 
644 2.113744 0.000000 -0.720558 99.943313 0.000398 6.659601 -0.003302 
645 2.309132 0.000000 -0.540419 99.570107 -0.023457 6.229954 0.004698 
646 2.016050 0.000000 -0.270209 100.414743 0.044121 4.597590 -0.010426 
647 1.918356 0.000000 -0.270209 104.774870 0.029684 1.202828 -0.097922 
648 2.016050 0.000000 -0.360279 100.006024 0.053395 5.608458 -0.003266 
649 2.113744 0.000000 -0.270209 100.143914 -0.006955 5.946089 -0.006416 
650 3.090685 0.000000 -0.360279 99.850192 -0.055355 5.494158 -0.000025 
651 3.090685 0.000000 -0.720558 99.806284 -0.051420 6.537771 -0.000404 
652 3.481461 0.000000 -0.360279 99.839670 -0.009780 5.603367 0.000064 
653 3.090685 0.000000 0.000000 100.109901 -0.015714 1.610543 -0.002459 
654 2.504521 0.000000 -0.180140 100.682474 -0.108963 2.504015 -0.014324 
655 2.504521 0.000000 -0.360279 99.887058 -0.060999 5.024216 -0.000267 
656 2.699909 0.000000 -0.180140 100.077232 -0.043405 3.157427 -0.002542 
657 2.504521 0.000000 0.000000 101.491292 -0.031144 1.276682 -0.030211 
658 2.211438 0.000000 -0.090070 88.818783 -0.115988 16.118409 0.185141 
659 2.211438 0.000000 -0.180140 93.225059 -0.011957 6.830995 0.126243 
660 2.309132 0.000000 -0.090070 122.723420 -0.017986 -20.006700 -0.546131 
661 2.211438 0.000000 0.000000 214.809455 0.038680 -0.137299 -3.614312 
662 2.064897 0.000000 -0.135105 103.757281 0.104156 0.532366 -0.076587 
663 2.016050 0.000000 -0.135105 103.572400 0.091098 1.529223 -0.072959 
664 2.064897 0.000000 -0.180140 103.944806 0.018265 3.622098 -0.081764 
665 2.113744 0.000000 -0.135105 108.480385 0.135630 8.558341 -0.184126 
666 2.064897 0.000000 -0.090070 103.289244 0.148071 3.355560 -0.067995 
667 3.090685 0.000000 0.360279 99.925670 -0.069955 3.841184 0.000010 
668 3.481461 0.000000 0.360279 99.985604 -0.028244 3.407250 -0.000873 
669 3.090685 0.000000 0.720558 99.750243 -0.090117 6.204985 0.001138 
670 2.504521 0.000000 0.180140 100.800556 -0.076647 1.930953 -0.016449 
671 2.699909 0.000000 0.180140 100.214064 -0.072326 1.367884 -0.004473 
672 2.504521 0.000000 0.360279 99.789012 -0.094073 4.755503 0.001953 
673 2.211438 0.000000 0.090070 87.023500 -0.000079 -15.735475 0.217931 
674 2.309132 0.000000 0.090070 122.396819 -0.022902 22.767415 -0.549934 
675 2.211438 0.000000 0.180140 92.508209 -0.024689 -3.004995 0.143320 
676 2.309132 0.000000 1.080837 99.486819 -0.063332 6.676237 0.005780 
677 2.699909 0.000000 1.080837 99.632016 -0.081535 6.697854 0.002859 
678 2.309132 0.000000 1.441116 99.694077 -0.020397 6.793558 0.001494 
679 2.113744 0.000000 0.540419 98.695970 -0.010305 5.564177 0.022815 
680 1.918356 0.000000 0.540419 99.203287 0.046081 5.714233 0.012605 
681 2.309132 0.000000 0.540419 99.099058 -0.097217 5.819328 0.014550 
682 2.113744 0.000000 0.720558 99.454122 -0.028390 6.176542 0.007073 
683 2.016050 0.000000 0.270209 101.015775 0.031298 2.894210 -0.021256 
684 1.918356 0.000000 0.270209 105.363595 0.301971 1.367723 -0.110345 
685 2.113744 0.000000 0.270209 99.953303 -0.052153 1.195461 0.000791 
686 2.016050 0.000000 0.360279 100.192459 0.053181 4.146138 -0.005572 
687 2.064897 0.000000 0.135105 104.781821 0.066927 0.591880 -0.097958 
688 2.016050 0.000000 0.135105 104.496442 0.037187 1.401268 -0.092147 
689 2.064897 0.000000 0.090070 103.844194 0.071194 -2.142038 -0.078821 
690 2.113744 0.000000 0.135105 106.805273 0.104098 -6.990534 -0.145624 
691 2.064897 0.000000 0.180140 103.310927 0.019542 -0.327122 -0.067325 
692 2.211438 0.000000 -0.270209 95.915910 -0.046551 5.596770 0.076881 
693 2.211438 0.000000 -0.360279 98.287089 -0.015877 5.635762 0.030789 
694 2.309132 0.000000 -0.270209 97.653097 0.062699 2.595742 0.045713 
695 2.162591 0.000000 -0.135105 100.486382 0.085236 11.640670 -0.023303 
696 2.162591 0.000000 -0.180140 99.002402 0.057284 8.348301 0.012883 
697 2.211438 0.000000 -0.135105 90.748908 -0.069927 10.702045 0.165010 
698 2.162591 0.000000 -0.090070 101.976054 -0.082596 16.236580 -0.066275 
699 2.064897 0.000000 -0.045035 103.665754 0.107436 0.476977 -0.074683 
700 2.016050 0.000000 -0.045035 103.935558 0.099854 2.334203 -0.080806 
701 2.113744 0.000000 -0.045035 93.259362 -0.133134 4.231586 0.128477 
702 2.064897 0.000000 0.000000 82.372452 0.006705 -0.482277 0.321455 
703 2.089321 0.000000 -0.112587 109.078307 0.142282 5.857787 -0.193241 
704 2.064897 0.000000 -0.112587 104.502240 0.161155 4.586632 -0.094178 
705 2.089321 0.000000 -0.135105 103.421661 0.141106 0.173673 -0.069609 
706 2.113744 0.000000 -0.112587 111.239506 0.062056 11.533815 -0.250726 
707 2.089321 0.000000 -0.090070 108.757960 0.141171 5.565249 -0.185929 
708 2.064897 0.000000 0.045035 104.739063 0.053304 0.522664 -0.097055 
709 2.016050 0.000000 0.045035 104.611444 0.024140 2.328893 -0.094898 
710 2.113744 0.000000 0.045035 94.588817 -0.133147 -5.072268 0.102721 
711 2.211438 0.000000 0.270209 95.306700 -0.206144 1.742374 0.091355 
712 2.309132 0.000000 0.270209 97.340681 -0.126991 4.876209 0.050100 
713 2.211438 0.000000 0.360279 98.207408 -0.122658 3.904606 0.034004 
714 2.162591 0.000000 0.135105 99.456949 0.011372 -9.937139 0.000957 
715 2.162591 0.000000 0.090070 100.381331 -0.145787 -15.912021 -0.032963 
716 2.211438 0.000000 0.135105 89.803211 -0.117864 -8.700074 0.185968 
717 2.162591 0.000000 0.180140 98.189726 0.076911 -4.679149 0.033688 
718 2.089321 0.000000 0.112587 107.372140 0.113670 -5.509983 -0.155915 
719 2.064897 0.000000 0.112587 104.312234 0.113126 -3.875791 -0.089608 
720 2.089321 0.000000 0.090070 107.221078 0.110476 -5.176088 -0.152316 
721 2.113744 0.000000 0.112587 108.927703 -0.010891 -11.211273 -0.199094 
722 2.089321 0.000000 0.135105 104.584732 0.075206 0.197867 -0.093801 
723 2.162591 0.000000 -0.045035 137.219939 -0.128431 9.443096 -0.891850 
724 2.211438 0.000000 -0.045035 214.260071 0.014193 15.359315 -3.614329 
725 2.162591 0.000000 0.000000 139.956299 -0.195300 -0.340648 -0.958792 
726 2.138168 0.000000 -0.112587 106.709260 -0.025187 15.818217 -0.163708 
727 2.138168 0.000000 -0.135105 104.375171 0.151881 10.944674 -0.101399 
728 2.162591 0.000000 -0.112587 101.237567 -0.035367 14.656332 -0.046385 
729 2.138168 0.000000 -0.090070 106.500061 -0.042897 15.787657 -0.159151 
730 2.089321 0.000000 -0.067552 103.421188 0.141066 0.174815 -0.069599 
731 2.064897 0.000000 -0.067552 103.395467 0.091788 1.432428 -0.069268 
732 2.113744 0.000000 -0.067552 89.855047 -0.010985 6.420034 0.188485 
733 2.089321 0.000000 -0.045035 82.915943 0.023317 1.618558 0.312233 
734 2.101533 0.000000 -0.101329 111.986909 0.094977 8.449602 -0.261247 
735 2.089321 0.000000 -0.101329 109.840477 0.137503 6.157258 -0.210286 
736 2.101533 0.000000 -0.112587 112.350451 0.095062 7.770759 -0.268302 
737 2.113744 0.000000 -0.101329 111.097151 0.059190 12.046773 -0.248771 
738 2.101533 0.000000 -0.090070 112.318501 0.089062 8.378570 -0.268565 
739 2.162591 0.000000 0.045035 137.682628 -0.074356 -10.044770 -0.905741 
740 2.211438 0.000000 0.045035 214.460624 0.050634 -15.675229 -3.623907 
741 2.089321 0.000000 0.067552 104.584644 0.075211 0.199156 -0.093799 
742 2.064897 0.000000 0.067552 104.452663 -0.049663 1.453646 -0.091247 
743 2.089321 0.000000 0.045035 84.792081 0.033380 -2.611630 0.280348 
744 2.113744 0.000000 0.067552 91.921144 -0.075295 -7.168714 0.149911 
745 2.138168 0.000000 0.112587 104.870530 -0.138939 -15.469284 -0.123715 
746 2.138168 0.000000 0.090070 104.706800 -0.140261 -15.445984 -0.120211 
747 2.162591 0.000000 0.112587 99.849783 -0.149904 -13.988098 -0.016567 
748 2.138168 0.000000 0.135105 103.106372 0.099043 -9.275313 -0.071697 
749 2.101533 0.000000 0.101329 109.570676 0.046413 -8.176262 -0.207259 
750 2.089321 0.000000 0.101329 107.914173 0.108407 -5.840955 -0.167960 
751 2.101533 0.000000 0.090070 109.875242 0.047450 -8.106415 -0.213828 
752 2.113744 0.000000 0.101329 108.799039 -0.013886 -11.714152 -0.197445 
753 2.101533 0.000000 0.112587 109.940042 0.053603 -7.507799 -0.214318 
754 2.138168 0.000000 -0.067552 109.453551 -0.142440 10.689626 -0.209437 
755 2.162591 0.000000 -0.067552 134.425716 -0.107912 14.148800 -0.827047 
756 2.138168 0.000000 -0.045035 111.727583 -0.160234 7.103901 -0.253354 
757 2.125956 0.000000 -0.101329 107.637001 0.040408 15.607046 -0.182931 
758 2.125956 0.000000 -0.112587 108.563149 0.036096 14.913198 -0.200836 
759 2.138168 0.000000 -0.101329 106.572153 -0.038454 15.797719 -0.160719 
760 2.125956 0.000000 -0.090070 108.476458 0.033958 14.970050 -0.199125 
761 2.138168 0.000000 0.067552 110.587946 -0.159423 -11.324599 -0.235797 
762 2.138168 0.000000 0.045035 112.566209 -0.174763 -7.812742 -0.273222 
763 2.162591 0.000000 0.067552 135.270186 -0.170326 -14.729439 -0.851501 
764 2.125956 0.000000 0.101329 105.677331 -0.109684 -15.244751 -0.140011 
765 2.125956 0.000000 0.090070 106.439817 -0.086265 -14.610043 -0.154290 
766 2.138168 0.000000 0.101329 104.761160 -0.140800 -15.453269 -0.121372 
767 2.125956 0.000000 0.112587 106.517428 -0.083787 -14.553079 -0.155776 
768 2.406827 0.000000 -0.090070 104.589449 -0.113306 -0.082675 -0.093897 
769 2.406827 0.000000 -0.180140 101.697123 0.002160 1.204913 -0.034376 
770 2.504521 0.000000 -0.090070 101.248614 -0.037000 1.542808 -0.025366 
771 2.406827 0.000000 0.000000 106.688016 -0.164976 1.172548 -0.138373 
772 2.260285 0.000000 -0.135105 80.440681 -0.076400 -1.263880 0.352769 
773 2.260285 0.000000 -0.180140 90.451602 -0.153533 0.962052 0.181756 
774 2.309132 0.000000 -0.135105 101.593724 -0.150702 -9.386711 -0.040942 
775 2.260285 0.000000 -0.090070 60.923757 0.119330 10.096506 0.618634 
776 2.187015 0.000000 -0.112587 97.551197 -0.090730 15.123677 0.025503 
777 2.187015 0.000000 -0.135105 96.973028 -0.008784 11.713639 0.045902 
778 2.211438 0.000000 -0.112587 87.480228 -0.093514 15.597269 0.210393 
779 2.187015 0.000000 -0.090070 93.363884 -0.101071 17.086795 0.099122 
780 2.150380 0.000000 -0.101329 105.741314 -0.077233 15.676947 -0.142700 
781 2.150380 0.000000 -0.112587 106.148765 -0.071279 15.736724 -0.151521 
782 2.162591 0.000000 -0.101329 102.476120 -0.084834 15.995104 -0.075721 
783 2.150380 0.000000 -0.090070 105.669038 -0.077517 15.666025 -0.141138 
784 2.406827 0.000000 0.090070 104.581651 -0.235732 2.708677 -0.094471 
785 2.504521 0.000000 0.090070 101.315895 -0.048395 1.207876 -0.026637 
786 2.406827 0.000000 0.180140 101.692427 -0.038407 3.276125 -0.035208 
787 2.260285 0.000000 0.135105 79.341373 0.002035 3.865006 0.369001 
788 2.260285 0.000000 0.090070 58.717076 -0.168789 -9.679742 0.645858 
789 2.309132 0.000000 0.135105 101.243977 -0.116840 12.490399 -0.040637 
790 2.260285 0.000000 0.180140 89.823613 -0.196527 3.142739 0.192180 
791 2.187015 0.000000 0.112587 96.234667 -0.129595 -14.269933 0.053524 
792 2.187015 0.000000 0.090070 91.756394 -0.093494 -16.734779 0.130070 
793 2.211438 0.000000 0.112587 86.249717 -0.090817 -14.591293 0.234807 
794 2.187015 0.000000 0.135105 96.086463 -0.051795 -9.892487 0.066953 
795 2.150380 0.000000 0.101329 104.068663 -0.141358 -15.354500 -0.106607 
796 2.150380 0.000000 0.090070 103.999640 -0.141759 -15.344135 -0.105139 
797 2.162591 0.000000 0.101329 100.893319 -0.146762 -15.676770 -0.042524 
798 2.150380 0.000000 0.112587 104.433545 -0.141666 -15.407466 -0.114378 
799 2.260285 0.000000 -0.045035 311.181229 0.134523 6.419819 -8.687499 
800 2.309132 0.000000 -0.045035 160.899026 -0.019060 -16.378254 -1.615674 
801 2.260285 0.000000 0.000000 285.348737 0.019310 0.449736 -7.142410 
802 2.187015 0.000000 -0.067552 165.570967 -0.067920 18.531535 -1.775717 
803 2.211438 0.000000 -0.067552 213.263058 0.000502 25.818161 -3.614771 
804 2.187015 0.000000 -0.045035 170.188065 -0.108899 12.513273 -1.912057 
805 2.174803 0.000000 -0.101329 97.386656 -0.084288 16.796047 0.023372 
806 2.174803 0.000000 -0.112587 99.912917 -0.035880 14.463029 -0.019177 
807 2.187015 0.000000 -0.101329 93.244217 -0.096313 17.064954 0.101429 
808 2.174803 0.000000 -0.090070 96.852050 -0.083531 16.861878 0.033535 
809 2.260285 0.000000 0.045035 313.143957 0.015117 -5.699329 -8.809162 
810 2.309132 0.000000 0.045035 161.050005 0.000359 18.972973 -1.629708 
811 2.187015 0.000000 0.067552 165.875747 0.025739 -18.968948 -1.787458 
812 2.187015 0.000000 0.045035 170.290877 0.021126 -12.997117 -1.916791 
813 2.211438 0.000000 0.067552 213.555988 0.055120 -26.212354 -3.629325 
814 2.174803 0.000000 0.101329 95.817460 -0.140171 -16.460406 0.054805 
815 2.174803 0.000000 0.090070 95.282446 -0.139999 -16.524430 0.064818 
816 2.187015 0.000000 0.101329 91.649664 -0.104529 -16.715798 0.132091 
817 2.174803 0.000000 0.112587 98.633090 -0.121897 -13.659940 0.008490 
818 2.235862 0.000000 -0.067552 260.572487 0.093978 24.264362 -5.848679 
819 2.235862 0.000000 -0.090070 66.909576 0.033124 11.085791 0.540021 
820 2.260285 0.000000 -0.067552 59.000738 0.193684 9.778759 0.642325 
821 2.235862 0.000000 -0.045035 260.342552 0.086642 15.017428 -5.800378 
822 2.235862 0.000000 -0.112587 79.487105 -0.073217 9.553898 0.359052 
823 2.235862 0.000000 -0.135105 84.822222 -0.066020 6.581021 0.276188 
824 2.260285 0.000000 -0.112587 65.941613 -0.064498 -0.695336 0.565122 
825 2.223650 0.000000 -0.078811 77.551948 -0.032430 13.412391 0.380580 
826 2.211438 0.000000 -0.078811 88.032069 -0.107184 15.929163 0.199661 
827 2.223650 0.000000 -0.090070 77.555588 -0.029442 13.295625 0.380836 
828 2.235862 0.000000 -0.078811 66.654760 0.034539 11.043707 0.543518 
829 2.223650 0.000000 -0.067552 241.558330 0.036900 21.016292 -4.879211 
830 2.235862 0.000000 0.067552 261.536535 0.028607 -24.463978 -5.899985 
831 2.235862 0.000000 0.045035 260.918875 0.029265 -14.974593 -5.830290 
832 2.260285 0.000000 0.067552 56.803349 -0.249277 -9.362631 0.668566 
833 2.235862 0.000000 0.090070 64.756258 -0.097292 -10.676381 0.569263 
834 2.235862 0.000000 0.112587 77.988002 -0.031595 -8.170899 0.385111 
835 2.260285 0.000000 0.112587 64.070348 -0.014500 2.583860 0.588831 
836 2.235862 0.000000 0.135105 83.836347 -0.047391 -4.352762 0.295252 
837 2.223650 0.000000 0.078811 75.556171 -0.055117 -13.013704 0.412191 
838 2.211438 0.000000 0.078811 86.221777 -0.007469 -15.544703 0.232417 
839 2.223650 0.000000 0.067552 242.026257 0.033220 -21.201437 -4.902621 
840 2.235862 0.000000 0.078811 64.497729 -0.097830 -10.633802 0.572696 
841 2.223650 0.000000 0.090070 75.557824 -0.058581 -12.898702 0.412464 
842 2.357979 0.000000 -0.045035 116.164551 -0.017855 -1.420437 -0.349622 
843 2.357979 0.000000 -0.090070 110.670944 -0.143657 -2.754267 -0.225566 
844 2.406827 0.000000 -0.045035 106.227932 -0.144266 0.562389 -0.128471 
845 2.357979 0.000000 0.000000 118.143661 -0.025731 1.190821 -0.395934 
846 2.284709 0.000000 -0.067552 219.826605 -0.016615 -74.205975 -4.383026 
847 2.284709 0.000000 -0.090070 99.047511 0.000761 -58.470242 -0.322918 
848 2.309132 0.000000 -0.067552 142.561006 0.030005 -21.575347 -1.078914 
849 2.284709 0.000000 -0.045035 250.343183 0.000485 -32.186764 -5.370770 
850 2.248074 0.000000 -0.078811 62.493319 0.080832 10.356136 0.598733 
851 2.248074 0.000000 -0.090070 62.958368 0.073514 10.433001 0.592739 
852 2.260285 0.000000 -0.078811 59.441082 0.169914 9.851298 0.636968 
853 2.248074 0.000000 -0.067552 61.733657 0.094707 10.230547 0.608428 
854 2.357979 0.000000 0.045035 116.112956 -0.049315 3.916405 -0.349756 
855 2.406827 0.000000 0.045035 106.197895 -0.262914 1.945369 -0.128185 
856 2.357979 0.000000 0.090070 110.664873 -0.106808 5.336662 -0.227521 
857 2.284709 0.000000 0.067552 221.228084 0.034263 77.908494 -4.501160 
858 2.284709 0.000000 0.045035 251.882621 0.053623 34.717022 -5.465013 
859 2.309132 0.000000 0.067552 142.483151 -0.004084 24.313704 -1.089260 
860 2.284709 0.000000 0.090070 97.615862 0.027859 61.939749 -0.336539 
861 2.248074 0.000000 0.078811 60.287534 -0.129724 -9.939523 0.626660 
862 2.248074 0.000000 0.067552 59.522910 -0.141998 -9.813227 0.636070 
863 2.260285 0.000000 0.078811 57.241719 -0.223683 -9.435316 0.663431 
864 2.248074 0.000000 0.090070 60.756739 -0.123850 -10.016979 0.620826 
865 -8.241827 0.000000 -8.646699 99.756120 -0.017487 6.975604 0.000006 
866 -11.368037 0.000000 -8.646699 99.756264 -0.017469 6.975639 0.000003 
867 -8.241827 0.000000 -11.528932 99.756131 -0.017477 6.975580 0.000006 
868 10.515434 0.000000 -8.646699 99.756414 -0.017400 6.971682 0.000005 
869 10.515434 0.000000 -11.528932 99.756302 -0.017418 6.973383 0.000005 
870 13.641644 0.000000 -8.646699 99.756532 -0.017379 6.971824 0.000003 
871 -8.241827 0.000000 8.646699 99.756651 -0.017495 6.975646 -0.000005 
872 -11.368037 0.000000 8.646699 99.756522 -0.017475 6.975656 -0.000002 
873 -8.241827 0.000000 11.528932 99.756671 -0.017488 6.975614 -0.000005 
874 -3.552511 0.000000 -4.323349 99.754883 -0.021676 6.974861 0.000031 
875 -5.115617 0.000000 -4.323349 99.755656 -0.019330 6.975265 0.000015 
876 -3.552511 0.000000 -5.764466 99.755215 -0.021927 6.974788 0.000025 
877 10.515434 0.000000 8.646699 99.756943 -0.017576 6.970308 -0.000003 
878 13.641644 0.000000 8.646699 99.756877 -0.017564 6.969985 -0.000002 
879 10.515434 0.000000 11.528932 99.756796 -0.017544 6.972785 -0.000004 
880 5.826119 0.000000 -4.323349 99.755240 -0.027435 6.959101 0.000046 
881 5.826119 0.000000 -5.764466 99.756745 -0.022618 6.967362 0.000005 
882 7.389224 0.000000 -4.323349 99.757140 -0.020232 6.960902 0.000006 
883 -3.552511 0.000000 4.323349 99.756864 -0.011612 6.975567 -0.000009 
884 -5.115617 0.000000 4.323349 99.756523 -0.014422 6.975550 -0.000002 
885 -3.552511 0.000000 5.764466 99.757060 -0.011646 6.975381 -0.000013 
886 -1.207854 0.000000 -2.161675 99.748559 0.010316 6.964003 0.000173 
887 -1.989406 0.000000 -2.161675 99.751190 -0.004994 6.971425 0.000110 
888 -1.207854 0.000000 -2.882233 99.750749 0.010278 6.967731 0.000124 
889 5.826119 0.000000 4.323349 99.758807 -0.013122 6.953405 -0.000017 
890 7.389224 0.000000 4.323349 99.757538 -0.016625 6.953706 0.000008 
891 5.826119 0.000000 5.764466 99.756703 -0.014558 6.964683 0.000009 
892 3.481461 0.000000 -2.161675 99.767666 0.008992 6.926225 -0.000156 
893 3.481461 0.000000 -2.882233 99.762997 -0.015372 6.948065 -0.000093 
894 4.263014 0.000000 -2.161675 99.760235 -0.025330 6.920485 0.000000 
895 -1.207854 0.000000 2.161675 99.751528 -0.051382 6.973476 0.000100 
896 -1.989406 0.000000 2.161675 99.753958 -0.032495 6.975067 0.000050 
897 -1.207854 0.000000 2.882233 99.756335 -0.047290 6.975164 0.000002 
898 -0.817078 0.000000 -1.080837 99.729828 -0.010579 6.952744 0.000562 
899 -1.207854 0.000000 -1.080837 99.744409 -0.004386 6.955043 0.000268 
900 -0.817078 0.000000 -1.441116 99.743272 -0.025545 6.947064 0.000302 
901 3.481461 0.000000 2.161675 99.742279 -0.038347 6.901203 0.000385 
902 4.263014 0.000000 2.161675 99.755471 -0.005743 6.892732 0.000134 
903 3.481461 0.000000 2.882233 99.748405 -0.017081 6.934532 0.000217 
904 -0.230913 0.000000 -0.540419 99.565471 -0.035238 7.035649 0.003722 
905 -0.426301 0.000000 -0.540419 99.751651 0.071436 6.872799 0.000237 
906 -0.230913 0.000000 -0.720558 99.572015 -0.038446 6.962952 0.003693 
907 0.941416 0.000000 -0.540419 99.584023 0.004247 6.496822 0.004081 
908 0.941416 0.000000 -0.720558 99.729231 0.006890 6.677328 0.000949 
909 -0.817078 0.000000 1.080837 99.730004 -0.029512 6.971432 0.000532 
910 -1.207854 0.000000 1.080837 99.742806 -0.053810 6.969958 0.000279 
911 -0.817078 0.000000 1.441116 99.737236 -0.084221 6.970714 0.000389 
912 -0.230913 0.000000 0.540419 99.679714 -0.013540 6.844923 0.001710 
913 -0.426301 0.000000 0.540419 99.658852 0.095669 6.836329 0.002137 
914 -0.230913 0.000000 0.720558 99.509053 -0.094402 6.804368 0.005164 
915 -0.133219 0.000000 -0.270209 100.037012 -0.088766 7.583643 -0.006492 
916 -0.230913 0.000000 -0.270209 99.959416 0.156236 7.299429 -0.004519 
917 -0.133219 0.000000 -0.360279 99.295732 0.098882 7.357557 0.008621 
918 0.941416 0.000000 0.540419 99.780792 -0.048718 6.524893 0.000122 
919 0.941416 0.000000 0.720558 99.529089 -0.034424 6.785206 0.004792 
920 -0.133219 0.000000 0.270209 100.323601 -0.110602 6.223664 -0.010357 
921 -0.230913 0.000000 0.270209 100.101201 0.115465 6.588637 -0.006367 
922 -0.133219 0.000000 0.360279 99.582972 0.043148 6.448185 0.004165 
923 0.037745 0.000000 -0.112587 79.185562 -0.062022 -2.420893 0.372378 
924 0.013322 0.000000 -0.112587 68.956568 -0.074377 8.762064 0.516821 
925 0.037745 0.000000 -0.135105 85.277056 0.022448 1.500675 0.272557 
926 0.648333 0.000000 -0.270209 104.416331 -0.068977 1.851827 -0.090620 
927 0.648333 0.000000 -0.360279 99.446451 -0.079985 6.434972 0.006899 
928 0.746027 0.000000 -0.270209 106.326759 0.005175 2.759513 -0.131299 
929 0.648333 0.000000 0.270209 104.626233 -0.089057 1.860559 -0.095012 
930 0.746027 0.000000 0.270209 106.762670 -0.015454 2.762478 -0.140590 
931 0.648333 0.000000 0.360279 99.814266 -0.126850 5.972996 0.000142 
932 0.037745 0.000000 0.112587 83.634203 -0.198135 12.388774 0.285180 
933 0.013322 0.000000 0.112587 74.153830 -0.183680 2.835220 0.449314 
934 0.037745 0.000000 0.135105 88.823424 -0.140279 9.815836 0.201403 
935 0.098804 0.000000 -0.078811 92.762551 0.145123 -15.228840 0.116317 
936 0.098804 0.000000 -0.090070 92.213490 0.260002 -15.296083 0.126263 
937 0.098804 0.000000 -0.067552 92.789410 0.137911 -15.209154 0.115879 
938 0.098804 0.000000 0.078811 97.568708 0.231102 16.489974 0.020837 
939 0.098804 0.000000 0.067552 97.599660 0.232321 16.500953 0.020197 
940 0.098804 0.000000 0.090070 96.929242 0.206913 16.345124 0.033752 
941 0.233134 0.000000 -0.067552 51.680208 -0.028371 -4.191565 0.731159 
942 0.233134 0.000000 -0.045035 52.758405 -0.105828 -3.290292 0.720571 
943 0.233134 0.000000 0.067552 52.191123 -0.127972 4.445390 0.725631 
944 0.233134 0.000000 0.045035 52.817014 -0.130363 3.334138 0.719923 
945 0.501792 0.000000 -0.045035 101.420521 -0.050698 5.012979 -0.031125 
946 0.550639 0.000000 -0.045035 104.504979 -0.046733 6.338072 -0.096146 
947 0.501792 0.000000 0.000000 104.524542 -0.046624 6.560519 -0.096842 
948 0.501792 0.000000 0.045035 101.500699 -0.050976 5.011544 -0.032751 
949 0.550639 0.000000 0.045035 104.543970 -0.049564 6.342584 -0.096967 
950 0.428522 0.000000 -0.067552 97.664286 -0.061615 2.126451 0.045716 
951 0.452945 0.000000 -0.067552 98.096167 -0.053114 3.651046 0.036381 
952 0.428522 0.000000 -0.045035 98.160412 -0.066669 1.371288 0.036265 
953 0.367463 0.000000 -0.101329 105.582928 -0.015596 -3.177437 -0.115785 
954 0.367463 0.000000 -0.112587 105.595941 -0.023431 -2.642707 -0.115749 
955 0.367463 0.000000 -0.090070 105.980624 -0.014848 -2.906902 -0.124034 
956 0.428522 0.000000 0.067552 97.868462 -0.064407 2.123706 0.041725 
957 0.428522 0.000000 0.045035 98.368761 -0.069729 1.371381 0.032170 
958 0.452945 0.000000 0.067552 98.287807 -0.056757 3.651433 0.032617 
959 0.367463 0.000000 0.101329 106.444561 -0.003562 3.470994 -0.134249 
960 0.367463 0.000000 0.090070 106.840543 -0.001478 3.196560 -0.142512 
961 0.367463 0.000000 0.112587 106.344363 -0.002059 2.925930 -0.131768 
962 1.722968 0.000000 -0.540419 99.987182 0.044134 6.245500 -0.003644 
963 1.722968 0.000000 -0.720558 99.950931 -0.003446 6.508594 -0.003255 
964 1.722968 0.000000 0.540419 99.478032 0.073715 5.936326 0.006888 
965 1.722968 0.000000 0.720558 99.379352 -0.063879 6.292625 0.008414 
966 1.429886 0.000000 -0.270209 105.334411 0.068842 1.092787 -0.109654 
967 1.429886 0.000000 -0.360279 99.835142 -0.121026 5.577972 0.000182 
968 1.527580 0.000000 -0.270209 105.613080 0.023514 0.894509 -0.115492 
969 1.429886 0.000000 0.270209 104.150491 0.063430 1.022215 -0.084837 
970 1.527580 0.000000 0.270209 104.884180 0.067117 0.897393 -0.100150 
971 1.429886 0.000000 0.360279 99.212032 -0.111783 5.107162 0.013088 
972 3.090685 0.000000 -1.080837 99.769391 -0.009398 6.761128 0.000036 
973 3.090685 0.000000 -1.441116 99.769067 0.010658 6.856266 -0.000088 
974 3.481461 0.000000 -1.080837 99.771321 -0.001476 6.764067 -0.000007 
975 2.504521 0.000000 -0.540419 99.763306 -0.000188 6.074141 0.001039 
976 2.504521 0.000000 -0.720558 99.747471 -0.002675 6.478204 0.000847 
977 2.699909 0.000000 -0.540419 99.818814 -0.003354 6.125212 -0.000131 
978 3.090685 0.000000 1.080837 99.736572 -0.031469 6.641997 0.000850 
979 3.481461 0.000000 1.080837 99.759549 -0.029375 6.617993 0.000423 
980 3.090685 0.000000 1.441116 99.732512 -0.045245 6.795254 0.000725 
981 2.504521 0.000000 0.540419 99.633782 -0.061250 5.864457 0.003871 
982 2.699909 0.000000 0.540419 99.726327 -0.013299 5.755370 0.002154 
983 2.504521 0.000000 0.720558 99.463585 -0.011371 6.393205 0.006612 
984 2.406827 0.000000 -0.270209 100.211940 -0.087283 3.319018 -0.005346 
985 2.406827 0.000000 -0.360279 99.552182 -0.210694 4.616774 0.006800 
986 2.504521 0.000000 -0.270209 100.219081 -0.227997 3.975396 -0.005972 
987 2.406827 0.000000 0.270209 100.184087 -0.096433 4.193164 -0.005444 
988 2.504521 0.000000 0.270209 100.202540 -0.093146 3.543702 -0.005312 
989 2.406827 0.000000 0.360279 99.339767 -0.060644 5.182933 0.010474 
990 2.357979 0.000000 -0.135105 104.961552 -0.172325 -2.361454 -0.102253 
991 2.357979 0.000000 -0.180140 101.716796 -0.045011 -0.601244 -0.034667 
992 2.406827 0.000000 -0.135105 103.036858 -0.036436 0.204996 -0.061664 
993 2.284709 0.000000 -0.112587 86.241536 -0.036712 -23.084428 0.202951 
994 2.284709 0.000000 -0.135105 89.615943 -0.131952 -10.601511 0.185657 
995 2.309132 0.000000 -0.112587 108.931763 -0.076201 -14.504877 -0.207653 
996 2.357979 0.000000 0.135105 104.828224 -0.334236 5.556313 -0.101994 
997 2.406827 0.000000 0.135105 103.013104 -0.178766 3.002384 -0.062075 
998 2.357979 0.000000 0.180140 101.528176 -0.231047 5.070888 -0.033374 
999 2.284709 0.000000 0.112587 84.928236 0.011361 25.945668 0.211402 
1000 2.309132 0.000000 0.112587 108.584433 0.017460 17.341778 -0.209132 
1001 2.284709 0.000000 0.135105 88.795980 -0.061548 13.649893 0.192895 
1 11 62 60 61 
2 62 10 24 60 
3 60 24 14 63 
4 61 60 63 6 
5 24 66 64 65 
6 66 23 40 64 
7 64 40 27 67 
8 65 64 67 14 
9 40 70 68 69 
10 69 68 71 27 
11 6 63 92 93 
12 63 14 36 92 
13 92 36 19 94 
14 93 92 94 20 
15 14 67 95 96 
16 67 27 52 95 
17 95 52 35 97 
18 96 95 97 36 
19 27 71 98 99 
20 99 98 100 52 
21 68 112 110 111 
22 112 56 80 110 
23 110 80 43 113 
24 111 110 113 71 
25 80 116 114 115 
26 115 114 117 43 
27 71 113 133 134 
28 113 43 102 133 
29 133 102 76 135 
30 134 133 135 98 
31 43 117 136 137 
32 137 136 138 102 
33 114 141 139 140 
34 141 106 129 139 
35 139 129 83 142 
36 140 139 142 117 
37 129 149 147 148 
38 147 150 132 151 
39 148 147 151 83 
40 117 142 152 153 
41 142 83 144 152 
42 152 144 125 154 
43 153 152 154 136 
44 83 151 155 156 
45 151 132 157 155 
46 156 155 158 144 
47 12 161 159 160 
48 161 7 162 159 
49 159 162 13 25 
50 160 159 25 10 
51 25 165 163 164 
52 165 13 166 163 
53 163 166 26 41 
54 164 163 41 23 
55 41 169 167 168 
56 169 26 170 167 
57 167 170 42 57 
58 168 167 57 39 
59 39 173 171 172 
60 173 57 174 171 
61 171 174 55 81 
62 172 171 81 56 
63 81 177 175 176 
64 177 55 178 175 
65 175 178 82 107 
66 176 175 107 79 
67 79 181 179 180 
68 181 107 182 179 
69 179 182 105 130 
70 180 179 130 106 
71 106 185 183 184 
72 185 130 186 183 
73 184 183 149 129 
74 195 197 109 198 
75 150 195 198 132 
76 149 201 199 200 
77 201 128 202 199 
78 199 202 150 203 
79 200 199 203 147 
80 132 198 210 157 
81 198 109 211 210 
82 19 38 213 214 
83 38 21 215 213 
84 213 215 9 216 
85 214 213 216 22 
86 35 54 217 218 
87 54 37 219 217 
88 217 219 21 220 
89 218 217 220 38 
90 51 78 221 222 
91 78 53 223 221 
92 221 223 37 224 
93 222 221 224 54 
94 76 104 225 226 
95 104 75 227 225 
96 225 227 78 228 
97 226 225 228 51 
98 101 127 229 230 
99 127 103 231 229 
100 229 231 75 232 
101 230 229 232 104 
102 125 146 233 234 
103 146 124 235 233 
104 233 235 127 236 
105 234 233 236 101 
106 144 158 237 238 
107 237 239 146 240 
108 238 237 240 125 
109 155 243 241 242 
110 243 157 244 241 
111 241 244 143 245 
112 242 241 245 158 
113 130 247 246 186 
114 247 105 248 246 
115 249 251 195 252 
116 202 249 252 150 
117 186 255 253 254 
118 255 246 256 253 
119 253 256 196 250 
120 254 253 250 128 
121 128 259 257 258 
122 259 250 260 257 
123 257 260 249 261 
124 258 257 261 202 
125 262 263 124 264 
126 239 262 264 146 
127 157 266 265 244 
128 266 210 267 265 
129 143 268 269 270 
130 268 212 271 269 
131 269 271 262 272 
132 270 269 272 239 
133 244 275 273 274 
134 275 265 276 273 
135 273 276 268 277 
136 274 273 277 143 
137 278 280 194 281 
138 197 278 281 109 
139 283 131 284 282 
140 282 284 197 285 
141 251 282 285 195 
142 107 287 286 182 
143 287 82 288 286 
144 286 288 108 192 
145 182 286 192 105 
146 105 290 289 248 
147 290 192 291 289 
148 246 293 292 256 
149 293 248 294 292 
150 292 294 131 283 
151 256 292 283 196 
152 196 297 295 296 
153 297 283 298 295 
154 295 298 282 299 
155 296 295 299 251 
156 109 281 300 211 
157 281 194 301 300 
158 210 304 303 267 
159 304 211 305 303 
160 303 305 145 306 
161 124 209 307 235 
162 209 126 308 307 
163 307 308 103 309 
164 235 307 309 127 
165 310 311 209 312 
166 263 310 312 124 
167 212 306 313 271 
168 306 145 314 313 
169 313 314 263 315 
170 271 313 315 262 
171 267 318 316 317 
172 318 303 319 316 
173 316 319 306 320 
174 317 316 320 212 
175 248 322 321 294 
176 322 289 323 321 
177 294 321 324 131 
178 192 330 329 291 
179 330 108 331 329 
180 289 334 333 323 
181 334 291 335 333 
182 333 335 191 336 
183 323 333 336 279 
184 131 324 337 284 
185 324 279 338 337 
186 337 338 278 339 
187 284 337 339 197 
188 321 342 340 341 
189 342 323 343 340 
190 340 343 279 344 
191 341 340 344 324 
192 145 346 345 314 
193 345 347 310 348 
194 314 345 348 263 
195 211 350 349 305 
196 350 300 351 349 
197 349 351 302 346 
198 305 349 346 145 
199 355 357 126 358 
200 311 355 358 209 
201 302 360 359 347 
202 360 207 361 359 
203 359 361 311 362 
204 347 359 362 310 
205 346 365 363 364 
206 365 302 366 363 
207 363 366 347 367 
208 364 363 367 345 
209 368 369 59 370 
210 280 368 370 194 
211 291 372 371 335 
212 372 329 373 371 
213 371 373 332 374 
214 191 374 375 376 
215 374 332 377 375 
216 375 377 368 378 
217 376 375 378 280 
218 335 381 379 380 
219 381 371 382 379 
220 379 382 374 383 
221 380 379 383 191 
222 194 370 384 301 
223 370 59 385 384 
224 387 356 388 386 
225 386 388 355 389 
226 361 386 389 311 
227 301 392 390 391 
228 392 384 393 390 
229 390 393 356 387 
230 391 390 387 207 
231 207 396 394 395 
232 396 387 397 394 
233 394 397 386 398 
234 395 394 398 361 
235 57 400 399 174 
236 400 42 401 399 
237 399 401 58 89 
238 174 399 89 55 
239 55 403 402 178 
240 403 89 404 402 
241 402 404 88 188 
242 178 402 188 82 
243 82 406 405 288 
244 406 188 407 405 
245 405 407 187 326 
246 288 405 326 108 
247 108 409 408 331 
248 409 326 410 408 
249 329 413 412 373 
250 413 331 414 412 
251 373 412 415 332 
252 75 123 416 227 
253 123 77 417 416 
254 416 417 53 418 
255 227 416 418 78 
256 103 206 419 231 
257 206 121 420 419 
258 419 420 123 421 
259 231 419 421 75 
260 126 354 422 308 
261 354 204 423 422 
262 422 423 206 424 
263 308 422 424 103 
264 425 427 354 428 
265 357 425 428 126 
266 356 430 429 388 
267 429 431 357 432 
268 388 429 432 355 
269 433 434 328 435 
270 369 433 435 59 
271 331 437 436 414 
272 437 408 438 436 
273 332 415 440 377 
274 415 193 441 440 
275 440 441 369 442 
276 377 440 442 368 
277 412 445 443 444 
278 445 414 446 443 
279 443 446 193 447 
280 444 443 447 415 
281 59 435 448 385 
282 435 328 449 448 
283 384 451 450 393 
284 451 385 452 450 
285 450 452 208 430 
286 393 450 430 356 
287 453 455 425 456 
288 431 453 456 357 
289 430 459 457 458 
290 459 208 460 457 
291 457 460 431 461 
292 458 457 461 429 
293 88 467 466 189 
294 467 90 468 466 
295 466 468 5 469 
296 189 466 469 91 
297 187 471 470 327 
298 471 189 472 470 
299 470 472 91 473 
300 327 470 473 190 
301 326 475 474 410 
302 475 187 476 474 
303 474 476 327 477 
304 410 474 477 325 
305 408 479 478 438 
306 479 410 480 478 
307 478 480 325 481 
308 438 478 481 411 
309 193 439 482 441 
310 439 411 483 482 
311 482 483 433 484 
312 441 482 484 369 
313 436 487 485 486 
314 487 438 488 485 
315 485 488 411 489 
316 486 485 489 439 
317 385 491 490 452 
318 491 448 492 490 
319 490 492 426 454 
320 452 490 454 208 
321 91 469 496 205 
322 469 5 497 496 
323 496 497 122 498 
324 205 496 498 121 
325 190 473 499 353 
326 473 91 500 499 
327 499 500 205 501 
328 353 499 501 204 
329 352 503 502 427 
330 503 353 504 502 
331 502 504 204 505 
332 427 502 505 354 
333 426 507 506 455 
334 507 352 508 506 
335 506 508 427 509 
336 455 506 509 425 
337 454 512 510 511 
338 512 426 513 510 
339 510 513 455 514 
340 511 510 514 453 
341 468 524 522 523 
342 522 525 518 526 
343 523 522 526 5 
344 5 526 527 528 
345 526 518 529 527 
346 528 527 530 497 
347 7 532 531 162 
348 532 16 533 531 
349 531 533 15 32 
350 162 531 32 13 
351 13 535 534 166 
352 535 32 536 534 
353 534 536 31 48 
354 166 534 48 26 
355 26 538 537 170 
356 538 48 539 537 
357 537 539 47 85 
358 170 537 85 42 
359 42 541 540 401 
360 541 85 542 540 
361 540 542 84 463 
362 401 540 463 58 
363 58 545 543 544 
364 545 463 546 543 
365 543 546 462 516 
366 544 543 516 90 
367 90 549 547 548 
368 549 516 550 547 
369 547 550 515 524 
370 548 547 524 468 
371 15 552 551 33 
372 552 17 553 551 
373 551 553 8 554 
374 33 551 554 18 
375 31 556 555 49 
376 556 33 557 555 
377 555 557 18 558 
378 49 555 558 34 
379 560 49 561 559 
380 559 561 34 562 
381 462 568 567 517 
382 568 464 569 567 
383 567 569 87 570 
384 517 567 570 465 
385 515 572 571 525 
386 572 517 573 571 
387 571 573 465 574 
388 525 571 574 518 
389 524 577 575 576 
390 577 515 578 575 
391 575 578 525 579 
392 576 575 579 522 
393 18 554 580 45 
394 554 8 581 580 
395 580 581 29 582 
396 45 580 582 28 
397 34 558 583 73 
398 558 18 584 583 
399 583 584 45 585 
400 73 583 585 44 
401 562 34 587 586 
402 586 587 73 588 
403 465 570 592 520 
404 570 87 593 592 
405 592 593 494 594 
406 520 592 594 493 
407 518 574 595 529 
408 574 465 596 595 
409 595 596 520 597 
410 529 595 597 519 
411 21 46 598 215 
412 46 28 599 598 
413 598 599 30 600 
414 215 598 600 9 
415 37 74 601 219 
416 74 44 602 601 
417 601 602 46 603 
418 219 601 603 21 
419 53 120 604 223 
420 120 72 605 604 
421 604 605 74 606 
422 223 604 606 37 
423 77 495 607 417 
424 495 118 608 607 
425 607 608 120 609 
426 417 607 609 53 
427 122 521 610 611 
428 521 493 612 610 
429 610 612 495 613 
430 611 610 613 77 
431 497 530 614 615 
432 530 519 616 614 
433 614 616 521 617 
434 615 614 617 122 
435 527 620 618 619 
436 620 529 621 618 
437 618 621 519 622 
438 619 618 622 530 
439 569 632 630 631 
440 631 630 634 87 
441 87 634 635 636 
442 636 635 638 593 
443 85 640 639 542 
444 640 47 641 639 
445 639 641 86 564 
446 542 639 564 84 
447 84 644 642 643 
448 644 564 645 642 
449 642 645 563 624 
450 643 642 624 464 
451 464 648 646 647 
452 648 624 649 646 
453 646 649 623 632 
454 647 646 632 569 
455 86 651 650 565 
456 651 559 652 650 
457 650 652 562 653 
458 565 650 653 50 
459 655 565 656 654 
460 654 656 50 657 
461 632 664 662 663 
462 664 623 665 662 
463 663 662 666 630 
464 50 653 667 590 
465 653 562 668 667 
466 667 668 586 669 
467 590 667 669 119 
468 657 50 671 670 
469 670 671 590 672 
470 118 591 676 608 
471 591 119 677 676 
472 676 677 72 678 
473 608 676 678 120 
474 494 629 679 680 
475 629 589 681 679 
476 679 681 591 682 
477 680 679 682 118 
478 593 638 683 684 
479 638 627 685 683 
480 683 685 629 686 
481 684 683 686 494 
482 635 689 687 688 
483 687 690 627 691 
484 688 687 691 638 
485 624 693 692 649 
486 693 563 694 692 
487 692 694 625 659 
488 649 692 659 623 
489 623 696 695 665 
490 696 659 697 695 
491 630 666 699 700 
492 699 701 626 702 
493 700 699 702 634 
494 662 705 703 704 
495 705 665 706 703 
496 704 703 707 666 
497 634 702 708 709 
498 702 626 710 708 
499 709 708 689 635 
500 627 675 711 685 
501 675 628 712 711 
502 711 712 589 713 
503 685 711 713 629 
504 714 716 675 717 
505 690 714 717 627 
506 689 720 718 719 
507 718 721 690 722 
508 719 718 722 687 
509 723 724 661 725 
510 701 723 725 626 
511 665 727 726 706 
512 727 695 728 726 
513 666 707 730 731 
514 707 633 732 730 
515 730 732 701 733 
516 731 730 733 699 
517 703 736 734 735 
518 736 706 737 734 
519 734 737 633 738 
520 735 734 738 707 
521 626 725 739 710 
522 725 661 740 739 
523 708 743 741 742 
524 743 710 744 741 
525 741 744 637 720 
526 742 741 720 689 
527 745 747 714 748 
528 721 745 748 690 
529 720 751 749 750 
530 751 637 752 749 
531 749 752 721 753 
532 750 749 753 718 
533 633 729 754 732 
534 729 698 755 754 
535 754 755 723 756 
536 732 754 756 701 
537 706 758 757 737 
538 758 726 759 757 
539 757 759 729 760 
540 737 757 760 633 
541 710 762 761 744 
542 762 739 763 761 
543 761 763 715 746 
544 744 761 746 637 
545 637 765 764 752 
546 765 746 766 764 
547 764 766 745 767 
548 752 764 767 721 
549 769 654 770 768 
550 768 770 657 771 
551 659 773 772 697 
552 773 625 774 772 
553 695 777 776 728 
554 777 697 778 776 
555 776 778 658 779 
556 726 781 780 759 
557 781 728 782 780 
558 780 782 698 783 
559 759 780 783 729 
560 771 657 785 784 
561 784 785 670 786 
562 787 789 628 790 
563 716 787 790 675 
564 792 673 793 791 
565 791 793 716 794 
566 747 791 794 714 
567 746 796 795 766 
568 796 715 797 795 
569 795 797 747 798 
570 766 795 798 745 
571 799 800 566 801 
572 724 799 801 661 
573 698 779 802 755 
574 779 658 803 802 
575 802 803 724 804 
576 755 802 804 723 
577 728 806 805 782 
578 806 776 807 805 
579 805 807 779 808 
580 782 805 808 698 
581 661 801 809 740 
582 801 566 810 809 
583 739 812 811 763 
584 812 740 813 811 
585 811 813 673 792 
586 763 811 792 715 
587 715 815 814 797 
588 815 792 816 814 
589 814 816 791 817 
590 797 814 817 747 
591 818 820 799 821 
592 803 818 821 724 
593 697 823 822 778 
594 823 772 824 822 
595 822 824 775 819 
596 778 822 819 658 
597 658 827 825 826 
598 827 819 828 825 
599 825 828 818 829 
600 826 825 829 803 
601 740 831 830 813 
602 831 809 832 830 
603 673 833 834 793 
604 833 788 835 834 
605 834 835 787 836 
606 793 834 836 716 
607 813 839 837 838 
608 839 830 840 837 
609 837 840 833 841 
610 838 837 841 673 
611 660 843 842 800 
612 843 768 844 842 
613 842 844 771 845 
614 800 842 845 566 
615 775 847 846 820 
616 847 660 848 846 
617 846 848 800 849 
618 820 846 849 799 
619 819 851 850 828 
620 851 775 852 850 
621 850 852 820 853 
622 828 850 853 818 
623 566 845 854 810 
624 845 771 855 854 
625 854 855 784 856 
626 810 854 856 674 
627 809 858 857 832 
628 858 810 859 857 
629 857 859 674 860 
630 832 857 860 788 
631 830 862 861 840 
632 862 832 863 861 
633 861 863 788 864 
634 840 861 864 833 
635 1 867 865 866 
636 867 12 160 865 
637 865 160 10 62 
638 866 865 62 11 
639 16 869 868 533 
640 869 2 870 868 
641 868 870 17 552 
642 533 868 552 15 
643 20 94 871 872 
644 94 19 214 871 
645 871 214 22 873 
646 872 871 873 4 
647 10 876 874 875 
648 876 25 164 874 
649 874 164 23 66 
650 875 874 66 24 
651 28 582 877 599 
652 582 29 878 877 
653 877 878 3 879 
654 599 877 879 30 
655 32 881 880 536 
656 881 15 882 880 
657 880 882 33 556 
658 536 880 556 31 
659 36 97 883 884 
660 97 35 218 883 
661 883 218 38 885 
662 884 883 885 19 
663 23 888 886 887 
664 888 41 168 886 
665 886 168 39 70 
666 887 886 70 40 
667 44 585 889 602 
668 585 45 890 889 
669 889 890 28 891 
670 602 889 891 46 
671 48 893 892 539 
672 893 31 894 892 
673 892 894 49 560 
674 539 892 560 47 
675 52 100 895 896 
676 100 51 222 895 
677 895 222 54 897 
678 896 895 897 35 
679 70 900 898 899 
680 900 39 172 898 
681 898 172 56 112 
682 899 898 112 68 
683 72 588 901 605 
684 588 73 902 901 
685 901 902 44 903 
686 605 901 903 74 
687 56 906 904 905 
688 906 81 176 904 
689 904 176 79 116 
690 905 904 116 80 
691 89 908 907 404 
692 908 58 544 907 
693 907 544 90 467 
694 404 907 467 88 
695 98 135 909 910 
696 135 76 226 909 
697 909 226 51 911 
698 910 909 911 100 
699 102 138 912 913 
700 138 101 230 912 
701 912 230 104 914 
702 913 912 914 76 
703 116 917 915 916 
704 917 79 180 915 
705 915 180 106 141 
706 916 915 141 114 
707 121 498 918 420 
708 498 122 611 918 
709 918 611 77 919 
710 420 918 919 123 
711 136 154 920 921 
712 154 125 234 920 
713 920 234 101 922 
714 921 920 922 138 
715 183 925 923 924 
716 925 186 254 923 
717 923 254 128 201 
718 924 923 201 149 
719 188 927 926 407 
720 927 88 928 926 
721 926 928 189 471 
722 407 926 471 187 
723 204 501 929 423 
724 501 205 930 929 
725 929 930 121 931 
726 423 929 931 206 
727 158 245 932 933 
728 245 143 270 932 
729 932 270 239 934 
730 933 932 934 237 
731 250 936 935 260 
732 936 196 296 935 
733 935 296 251 937 
734 260 935 937 249 
735 265 939 938 276 
736 939 267 317 938 
737 938 317 212 940 
738 276 938 940 268 
739 279 336 941 338 
740 336 191 376 941 
741 941 376 280 942 
742 338 941 942 278 
743 300 944 943 351 
744 944 301 391 943 
745 943 391 207 360 
746 351 943 360 302 
747 325 477 945 434 
748 477 327 946 945 
749 945 946 190 947 
750 434 945 947 328 
751 328 947 948 449 
752 947 190 949 948 
753 948 949 353 503 
754 449 948 503 352 
755 411 481 950 483 
756 481 325 951 950 
757 950 951 434 952 
758 483 950 952 433 
759 414 954 953 446 
760 954 436 486 953 
761 953 486 439 955 
762 446 953 955 193 
763 448 957 956 492 
764 957 449 958 956 
765 956 958 352 507 
766 492 956 507 426 
767 208 960 959 460 
768 960 454 511 959 
769 959 511 453 961 
770 460 959 961 431 
771 463 963 962 546 
772 963 84 643 962 
773 962 643 464 568 
774 546 962 568 462 
775 493 594 964 612 
776 594 494 680 964 
777 964 680 118 965 
778 612 964 965 495 
779 516 967 966 550 
780 967 462 968 966 
781 966 968 517 572 
782 550 966 572 515 
783 519 597 969 616 
784 597 520 970 969 
785 969 970 493 971 
786 616 969 971 521 
787 47 973 972 641 
788 973 560 974 972 
789 972 974 559 651 
790 641 972 651 86 
791 564 976 975 645 
792 976 86 977 975 
793 975 977 565 655 
794 645 975 655 563 
795 119 669 978 677 
796 669 586 979 978 
797 978 979 588 980 
798 677 978 980 72 
799 589 672 981 681 
800 672 590 982 981 
801 981 982 119 983 
802 681 981 983 591 
803 563 985 984 694 
804 985 655 986 984 
805 984 986 654 769 
806 694 984 769 625 
807 628 786 987 712 
808 786 670 988 987 
809 987 988 672 989 
810 712 987 989 589 
811 625 991 990 774 
812 991 769 992 990 
813 990 992 768 843 
814 774 990 843 660 
815 772 994 993 824 
816 994 774 995 993 
817 993 995 660 847 
818 824 993 847 775 
819 674 856 996 789 
820 856 784 997 996 
821 996 997 786 998 
822 789 996 998 628 
823 788 860 999 835 
824 860 674 1000 999 
825 999 1000 789 1001 
826 835 999 1001 787 
