2 0.000000 100.000000 211.018442
1001 826 
1 -11.368037 0.000000 -11.528932 99.755037 -0.000002 6.993036 0.000003 
2 13.641644 0.000000 -11.528932 99.755195 0.000230 6.990823 0.000003 
3 13.641644 0.000000 11.528932 99.755498 -0.000290 6.990038 -0.000002 
4 -11.368037 0.000000 11.528932 99.755327 -0.000031 6.993052 -0.000003 
5 1.136804 0.000000 0.000000 104.990849 0.033130 6.271688 -0.106241 
6 -11.368037 0.000000 0.000000 99.755162 -0.000025 6.993087 0.000000 
7 1.136804 0.000000 -11.528932 99.754207 -0.000027 6.991761 0.000021 
8 13.641644 0.000000 0.000000 99.789085 0.005438 6.508871 -0.000023 
9 1.136804 0.000000 11.528932 99.756523 -0.000248 6.991631 -0.000025 
10 -5.115617 0.000000 -5.764466 99.754227 -0.003671 6.992989 0.000019 
11 -11.368037 0.000000 -5.764466 99.755070 -0.000014 6.993065 0.000002 
12 -5.115617 0.000000 -11.528932 99.754676 -0.000022 6.992852 0.000010 
13 1.136804 0.000000 -5.764466 99.750006 -0.035513 6.987526 0.000111 
14 -5.115617 0.000000 0.000000 99.754638 0.000687 6.992935 0.000011 
15 7.389224 0.000000 -5.764466 99.755553 -0.002574 6.984616 0.000004 
16 7.389224 0.000000 -11.528932 99.754862 0.000159 6.990836 0.000010 
17 13.641644 0.000000 -5.764466 99.755623 0.000480 6.985116 0.000002 
18 7.389224 0.000000 0.000000 99.894829 0.011946 4.991507 -0.000389 
19 -5.115617 0.000000 5.764466 99.755764 0.002607 6.993267 -0.000012 
20 -11.368037 0.000000 5.764466 99.755268 -0.000030 6.993079 -0.000002 
21 1.136804 0.000000 5.764466 99.763840 0.035696 6.986970 -0.000164 
22 -5.115617 0.000000 11.528932 99.755734 -0.000094 6.992916 -0.000011 
23 -1.989406 0.000000 -2.882233 99.754076 -0.004813 6.987722 0.000030 
24 -5.115617 0.000000 -2.882233 99.754409 -0.001211 6.992753 0.000016 
25 -1.989406 0.000000 -5.764466 99.753261 -0.009114 6.991240 0.000041 
26 1.136804 0.000000 -2.882233 99.783800 0.131344 6.962586 -0.000530 
27 -1.989406 0.000000 0.000000 99.748185 -0.003124 6.988826 0.000146 
28 7.389224 0.000000 5.764466 99.755724 0.000925 6.981418 0.000006 
29 13.641644 0.000000 5.764466 99.756232 -0.000625 6.978776 -0.000001 
30 7.389224 0.000000 11.528932 99.755774 -0.000281 6.990392 -0.000008 
31 4.263014 0.000000 -2.882233 99.758290 -0.010158 6.962136 -0.000019 
32 4.263014 0.000000 -5.764466 99.755655 -0.009000 6.985215 0.000002 
33 7.389224 0.000000 -2.882233 99.756996 -0.001568 6.961708 0.000008 
34 4.263014 0.000000 0.000000 100.086080 0.002899 2.191436 -0.002203 
35 -1.989406 0.000000 2.882233 99.752787 0.011550 6.992257 0.000049 
36 -5.115617 0.000000 2.882233 99.755115 0.002471 6.992992 0.000002 
37 1.136804 0.000000 2.882233 99.749533 -0.123738 6.956515 0.000162 
38 -1.989406 0.000000 5.764466 99.756927 0.010749 6.992402 -0.000034 
39 -0.426301 0.000000 -1.441116 99.728339 0.026617 6.948899 0.000597 
40 -1.989406 0.000000 -1.441116 99.749120 0.007586 6.988027 0.000128 
41 -0.426301 0.000000 -2.882233 99.754082 0.059567 6.975040 0.000047 
42 1.136804 0.000000 -1.441116 99.765420 0.016524 6.901380 -0.000077 
43 -0.426301 0.000000 0.000000 99.889113 -0.082399 7.014128 -0.002704 
44 4.263014 0.000000 2.882233 99.751862 0.011842 6.948602 0.000128 
45 7.389224 0.000000 2.882233 99.758581 -0.000795 6.937555 0.000010 
46 4.263014 0.000000 5.764466 99.755338 0.006150 6.982720 0.000011 
47 2.699909 0.000000 -1.441116 99.780894 -0.021554 6.886014 -0.000364 
48 2.699909 0.000000 -2.882233 99.776800 0.051740 6.968543 -0.000397 
49 4.263014 0.000000 -1.441116 99.763515 0.004183 6.873117 0.000000 
50 2.699909 0.000000 0.000000 100.226407 -0.039643 1.426783 -0.004737 
51 -0.426301 0.000000 1.441116 99.726224 -0.015437 6.997932 0.000571 
52 -1.989406 0.000000 1.441116 99.751051 -0.012333 6.992210 0.000084 
53 1.136804 0.000000 1.441116 99.794763 0.068970 6.874295 -0.000626 
54 -0.426301 0.000000 2.882233 99.757370 -0.061967 6.988706 -0.000038 
55 0.355251 0.000000 -0.720558 100.133394 0.020093 6.585615 -0.007007 
56 -0.426301 0.000000 -0.720558 99.750480 0.072286 6.880429 0.000250 
57 0.355251 0.000000 -1.441116 99.829237 -0.022694 6.914373 -0.001369 
58 1.136804 0.000000 -0.720558 99.991787 -0.151952 6.672984 -0.004291 
59 0.355251 0.000000 0.000000 22.903262 -0.003987 0.069728 0.947544 
60 -8.241827 0.000000 -2.882233 99.754908 -0.000971 6.993145 0.000005 
61 -11.368037 0.000000 -2.882233 99.755110 -0.000020 6.993079 0.000001 
62 -8.241827 0.000000 -5.764466 99.754924 -0.000034 6.993051 0.000005 
63 -8.241827 0.000000 0.000000 99.755046 -0.000338 6.993189 0.000003 
64 -3.552511 0.000000 -1.441116 99.752931 -0.002552 6.994109 0.000044 
65 -5.115617 0.000000 -1.441116 99.754474 -0.000333 6.992847 0.000014 
66 -3.552511 0.000000 -2.882233 99.753596 -0.004652 6.992022 0.000033 
67 -3.552511 0.000000 0.000000 99.753712 0.000905 6.994481 0.000027 
68 -1.207854 0.000000 -0.720558 99.739802 -0.007585 6.975829 0.000331 
69 -1.989406 0.000000 -0.720558 99.748328 0.003284 6.987918 0.000144 
70 -1.207854 0.000000 -1.441116 99.742835 0.018467 6.978503 0.000267 
71 -1.207854 0.000000 0.000000 99.735996 -0.007951 6.983466 0.000396 
72 2.699909 0.000000 1.441116 99.709377 -0.021785 6.808056 0.001169 
73 4.263014 0.000000 1.441116 99.760682 -0.000564 6.786915 0.000174 
74 2.699909 0.000000 2.882233 99.735763 -0.044170 6.952809 0.000443 
75 0.355251 0.000000 0.720558 99.916298 0.012311 6.983160 -0.003203 
76 -0.426301 0.000000 0.720558 99.635963 0.074147 6.889574 0.002520 
77 1.136804 0.000000 0.720558 99.578170 -0.050511 6.621198 0.004035 
78 0.355251 0.000000 1.441116 99.781531 0.068678 6.990662 -0.000523 
79 -0.035525 0.000000 -0.360279 98.228894 0.109927 7.214755 0.029902 
80 -0.426301 0.000000 -0.360279 99.780142 -0.035067 7.002647 -0.000512 
81 -0.035525 0.000000 -0.720558 99.426731 -0.013550 6.827507 0.006771 
82 0.355251 0.000000 -0.360279 100.630363 0.097965 5.887667 -0.016114 
83 -0.035525 0.000000 0.000000 203.863123 -0.085632 7.433396 -3.161544 
84 1.918356 0.000000 -0.720558 100.049815 0.012094 6.551481 -0.005289 
85 1.918356 0.000000 -1.441116 99.840686 0.011505 6.881915 -0.001552 
86 2.699909 0.000000 -0.720558 99.870432 0.025371 6.579951 -0.001740 
87 1.918356 0.000000 0.000000 104.626487 0.390691 2.947196 -0.095554 
88 0.746027 0.000000 -0.360279 99.425253 -0.137597 6.439265 0.007314 
89 0.746027 0.000000 -0.720558 99.744389 0.063633 6.874184 0.000380 
90 1.136804 0.000000 -0.360279 99.215911 0.109411 5.480659 0.012615 
91 0.746027 0.000000 0.000000 105.582565 -0.007618 6.662198 -0.119206 
92 -8.241827 0.000000 2.882233 99.755217 0.000330 6.993194 -0.000001 
93 -11.368037 0.000000 2.882233 99.755218 -0.000028 6.993087 -0.000001 
94 -8.241827 0.000000 5.764466 99.755370 -0.000061 6.993092 -0.000004 
95 -3.552511 0.000000 1.441116 99.754808 0.004309 6.994579 0.000005 
96 -5.115617 0.000000 1.441116 99.754871 0.001676 6.992987 0.000006 
97 -3.552511 0.000000 2.882233 99.755260 0.005058 6.993214 -0.000002 
98 -1.207854 0.000000 0.720558 99.736612 -0.031439 6.980257 0.000388 
99 -1.989406 0.000000 0.720558 99.748957 -0.009171 6.989758 0.000129 
100 -1.207854 0.000000 1.441116 99.745536 -0.033184 6.990443 0.000196 
101 -0.035525 0.000000 0.360279 98.699967 -0.118652 6.443286 0.021679 
102 -0.426301 0.000000 0.360279 99.718327 -0.049847 6.786871 0.001019 
103 0.355251 0.000000 0.360279 101.944339 0.069481 7.022288 -0.044197 
104 -0.035525 0.000000 0.720558 99.283439 -0.033370 6.838164 0.009604 
105 0.159863 0.000000 -0.180140 97.964480 -0.099408 -0.568796 0.040263 
106 -0.035525 0.000000 -0.180140 96.035310 0.405671 12.063701 0.063152 
107 0.159863 0.000000 -0.360279 98.707788 0.155475 5.188659 0.022983 
108 0.355251 0.000000 -0.180140 102.679642 0.190588 3.590804 -0.055604 
109 0.159863 0.000000 0.000000 103.113052 0.329488 0.282348 -0.063249 
110 -0.817078 0.000000 -0.360279 99.747004 0.045551 6.921526 0.000263 
111 -1.207854 0.000000 -0.360279 99.736406 -0.007284 6.981890 0.000390 
112 -0.817078 0.000000 -0.720558 99.723742 -0.016861 6.974635 0.000653 
113 -0.817078 0.000000 0.000000 99.734646 0.044701 6.923886 0.000506 
114 -0.230913 0.000000 -0.180140 100.486402 0.006036 7.121177 -0.014823 
115 -0.426301 0.000000 -0.180140 99.854852 -0.094826 7.007020 -0.002010 
116 -0.230913 0.000000 -0.360279 99.587421 0.039077 7.312623 0.002887 
117 -0.230913 0.000000 0.000000 100.964779 -0.019791 6.962597 -0.024236 
118 1.918356 0.000000 0.720558 99.355142 0.003806 6.197601 0.009015 
119 2.699909 0.000000 0.720558 99.644115 0.002821 6.346787 0.003077 
120 1.918356 0.000000 1.441116 99.711763 -0.003237 6.815141 0.001112 
121 0.746027 0.000000 0.360279 99.497009 -0.069602 6.210912 0.006176 
122 1.136804 0.000000 0.360279 100.129010 0.140895 5.768448 -0.005911 
123 0.746027 0.000000 0.720558 99.298539 -0.045076 6.862445 0.009270 
124 0.159863 0.000000 0.180140 100.029933 -0.104099 11.505554 -0.013838 
125 -0.035525 0.000000 0.180140 97.597435 0.173732 1.820999 0.047139 
126 0.355251 0.000000 0.180140 104.199495 0.116048 5.665889 -0.088965 
127 0.159863 0.000000 0.360279 99.592847 -0.146097 8.048232 0.001647 
128 0.062169 0.000000 -0.090070 80.764153 0.000843 -9.050245 0.339524 
129 -0.035525 0.000000 -0.090070 114.254166 0.137153 29.930694 -0.394988 
130 0.062169 0.000000 -0.180140 92.062621 0.073332 2.248807 0.151941 
131 0.159863 0.000000 -0.090070 101.495566 0.377313 -13.570095 -0.048564 
132 0.062169 0.000000 0.000000 277.335328 -0.083839 0.456829 -6.691510 
133 -0.817078 0.000000 0.360279 99.716210 0.056164 6.924766 0.000872 
134 -1.207854 0.000000 0.360279 99.736323 -0.008255 6.985060 0.000387 
135 -0.817078 0.000000 0.720558 99.704774 0.046128 6.935174 0.001086 
136 -0.230913 0.000000 0.180140 100.582516 -0.006498 6.787610 -0.016291 
137 -0.426301 0.000000 0.180140 99.863360 -0.028705 6.956790 -0.002109 
138 -0.230913 0.000000 0.360279 99.727488 -0.012301 6.592845 0.001096 
139 -0.133219 0.000000 -0.090070 104.134585 0.080010 8.660530 -0.091902 
140 -0.230913 0.000000 -0.090070 100.762185 -0.028690 7.174526 -0.020449 
141 -0.133219 0.000000 -0.180140 100.850634 -0.181746 8.864225 -0.024946 
142 -0.133219 0.000000 0.000000 106.102766 0.151720 7.216040 -0.130989 
143 0.062169 0.000000 0.090070 85.613702 0.030614 15.333361 0.243518 
144 -0.035525 0.000000 0.090070 116.379026 0.057252 -15.120774 -0.377272 
145 0.159863 0.000000 0.090070 105.380689 0.319651 14.356592 -0.131130 
146 0.062169 0.000000 0.180140 94.429134 -0.142294 9.885632 0.098539 
147 0.013322 0.000000 -0.045035 70.990411 0.258827 -13.835900 0.476886 
148 -0.035525 0.000000 -0.045035 169.905863 -0.063865 35.985167 -2.016294 
149 0.013322 0.000000 -0.090070 44.790837 -0.089565 3.845949 0.797898 
150 0.062169 0.000000 -0.045035 271.312981 -0.076286 -20.217904 -6.401950 
151 0.013322 0.000000 0.000000 453.868515 -0.024939 2.980702 -19.600551 
152 -0.133219 0.000000 0.090070 104.433837 0.018389 5.570502 -0.093746 
153 -0.230913 0.000000 0.090070 100.817612 -0.021886 6.740911 -0.020963 
154 -0.133219 0.000000 0.180140 101.181905 -0.153961 5.139606 -0.026422 
155 0.013322 0.000000 0.045035 78.882829 -0.366767 15.629422 0.353309 
156 -0.035525 0.000000 0.045035 170.316679 -0.094745 -20.656282 -1.943446 
157 0.062169 0.000000 0.045035 270.371537 -0.058371 20.975401 -6.354074 
158 0.013322 0.000000 0.090070 52.924364 -0.203217 5.893954 0.716423 
159 -1.989406 0.000000 -8.646699 99.753627 -0.008034 6.992183 0.000032 
160 -5.115617 0.000000 -8.646699 99.754554 -0.000056 6.992867 0.000013 
161 -1.989406 0.000000 -11.528932 99.754340 -0.000043 6.992466 0.000018 
162 1.136804 0.000000 -8.646699 99.753596 -0.011477 6.990612 0.000035 
163 -0.426301 0.000000 -4.323349 99.755062 -0.041615 6.984808 0.000014 
164 -1.989406 0.000000 -4.323349 99.750116 -0.015685 6.992510 0.000102 
165 -0.426301 0.000000 -5.764466 99.753181 -0.017286 6.989165 0.000045 
166 1.136804 0.000000 -4.323349 99.754025 -0.060118 6.983543 0.000036 
167 0.355251 0.000000 -2.161675 99.809978 0.008067 6.947272 -0.001030 
168 -0.426301 0.000000 -2.161675 99.749256 0.062859 6.962553 0.000160 
169 0.355251 0.000000 -2.882233 99.771411 0.107406 6.964580 -0.000285 
170 1.136804 0.000000 -2.161675 99.823327 0.038457 6.953419 -0.001305 
171 -0.035525 0.000000 -1.080837 99.876465 0.032884 6.782018 -0.002131 
172 -0.426301 0.000000 -1.080837 99.783702 0.025823 6.889702 -0.000426 
173 -0.035525 0.000000 -1.441116 99.748896 0.008514 6.916579 0.000232 
174 0.355251 0.000000 -1.080837 100.249168 -0.055130 6.821085 -0.009643 
175 0.159863 0.000000 -0.540419 99.400430 -0.001133 6.218450 0.008089 
176 -0.035525 0.000000 -0.540419 99.249953 0.047627 6.761147 0.010373 
177 0.159863 0.000000 -0.720558 99.606155 0.023082 6.564772 0.003552 
178 0.355251 0.000000 -0.540419 100.034181 -0.048315 6.500054 -0.004909 
179 0.062169 0.000000 -0.270209 94.375923 0.267732 5.144776 0.106664 
180 -0.035525 0.000000 -0.270209 96.478088 0.084708 8.587491 0.061823 
181 0.062169 0.000000 -0.360279 97.411103 0.156088 6.156758 0.047315 
182 0.159863 0.000000 -0.270209 98.192556 0.318765 3.145144 0.034823 
183 0.013322 0.000000 -0.135105 81.980141 0.045665 8.560305 0.320598 
184 -0.035525 0.000000 -0.135105 99.398443 0.270340 16.803841 -0.016249 
185 0.013322 0.000000 -0.180140 90.148490 0.380116 7.927946 0.181025 
186 0.062169 0.000000 -0.135105 89.971541 0.035736 -1.862214 0.190165 
187 0.550639 0.000000 -0.180140 104.387040 -0.030027 5.060541 -0.092226 
188 0.550639 0.000000 -0.360279 99.670790 -0.041454 6.803698 0.001944 
189 0.746027 0.000000 -0.180140 105.582353 -0.001242 5.170406 -0.117437 
190 0.550639 0.000000 0.000000 104.485988 -0.029571 6.575283 -0.096056 
191 0.257557 0.000000 -0.090070 103.502075 -0.009791 -10.224152 -0.081721 
192 0.257557 0.000000 -0.180140 100.933240 0.224074 0.994472 -0.018856 
193 0.355251 0.000000 -0.090070 105.747983 0.037074 -4.330484 -0.120139 
194 0.257557 0.000000 0.000000 43.718477 -0.112602 0.029107 0.808868 
195 0.111016 0.000000 -0.045035 160.757923 -0.027773 -13.342157 -1.602112 
196 0.111016 0.000000 -0.090070 91.723847 0.348706 -15.007479 0.136139 
197 0.159863 0.000000 -0.045035 101.852261 0.357048 -7.071641 -0.042402 
198 0.111016 0.000000 0.000000 165.408218 -0.024728 0.143806 -1.735990 
199 0.037745 0.000000 -0.067552 63.800944 0.235051 -12.266349 0.577892 
200 0.013322 0.000000 -0.067552 70.933555 0.269668 -13.460936 0.478716 
201 0.037745 0.000000 -0.090070 75.916053 -0.060314 -9.220493 0.415173 
202 0.062169 0.000000 -0.067552 71.052926 0.223723 -13.473623 0.476989 
203 0.037745 0.000000 -0.045035 63.973227 0.219732 -12.452865 0.575230 
204 0.550639 0.000000 0.180140 104.585273 -0.042629 5.088128 -0.096397 
205 0.746027 0.000000 0.180140 105.892722 -0.014734 5.202033 -0.124033 
206 0.550639 0.000000 0.360279 100.014900 -0.035147 5.785227 -0.003645 
207 0.257557 0.000000 0.090070 106.113386 -0.079959 10.738894 -0.137538 
208 0.355251 0.000000 0.090070 106.939920 0.030077 4.648926 -0.145776 
209 0.257557 0.000000 0.180140 102.462687 0.090835 8.713203 -0.057453 
210 0.111016 0.000000 0.045035 160.693171 -0.076202 13.671610 -1.600921 
211 0.159863 0.000000 0.045035 102.006047 0.221038 7.487609 -0.046135 
212 0.111016 0.000000 0.090070 96.404393 0.222381 16.306944 0.044023 
213 -1.989406 0.000000 8.646699 99.757063 0.007100 6.992591 -0.000037 
214 -5.115617 0.000000 8.646699 99.755798 -0.000119 6.992978 -0.000012 
215 1.136804 0.000000 8.646699 99.757964 0.011273 6.990391 -0.000052 
216 -1.989406 0.000000 11.528932 99.756237 -0.000168 6.992521 -0.000020 
217 -0.426301 0.000000 4.323349 99.762593 0.036996 6.991306 -0.000145 
218 -1.989406 0.000000 4.323349 99.758843 0.017587 6.994491 -0.000075 
219 1.136804 0.000000 4.323349 99.764885 0.058174 6.981230 -0.000177 
220 -0.426301 0.000000 5.764466 99.759204 0.018830 6.990595 -0.000077 
221 0.355251 0.000000 2.161675 99.795109 -0.205349 6.974341 -0.000775 
222 -0.426301 0.000000 2.161675 99.751345 -0.079301 6.988434 0.000082 
223 1.136804 0.000000 2.161675 99.799213 -0.027002 6.936576 -0.000800 
224 0.355251 0.000000 2.882233 99.765815 -0.108203 6.977529 -0.000192 
225 -0.035525 0.000000 1.080837 99.500274 0.138204 6.948009 0.005140 
226 -0.426301 0.000000 1.080837 99.649176 0.081622 6.939939 0.002187 
227 0.355251 0.000000 1.080837 99.513739 0.125117 6.978894 0.004830 
228 -0.035525 0.000000 1.441116 99.744595 -0.000442 7.023670 0.000168 
229 0.159863 0.000000 0.540419 99.640740 0.002092 7.280193 0.001872 
230 -0.035525 0.000000 0.540419 99.310496 0.037310 6.931831 0.008937 
231 0.355251 0.000000 0.540419 100.104960 -0.067648 6.855983 -0.006801 
232 0.159863 0.000000 0.720558 99.683707 0.021394 7.104205 0.001269 
233 0.062169 0.000000 0.270209 95.575148 -0.051887 8.059081 0.080044 
234 -0.035525 0.000000 0.270209 97.285293 -0.001792 5.205334 0.050848 
235 0.159863 0.000000 0.270209 99.391734 0.051157 9.477992 0.003145 
236 0.062169 0.000000 0.360279 98.127900 -0.085203 7.343693 0.031698 
237 0.013322 0.000000 0.135105 85.705277 -0.047922 3.859576 0.263971 
238 -0.035525 0.000000 0.135105 101.384650 0.165357 -2.684515 -0.028608 
239 0.062169 0.000000 0.135105 93.249225 -0.094450 12.472775 0.114900 
240 0.013322 0.000000 0.180140 92.499149 0.105732 5.157737 0.141729 
241 0.037745 0.000000 0.067552 71.482151 -0.194728 14.223364 0.468796 
242 0.013322 0.000000 0.067552 78.777268 -0.361050 15.690287 0.354783 
243 0.037745 0.000000 0.045035 71.819081 -0.195031 14.247177 0.463900 
244 0.062169 0.000000 0.067552 77.709665 -0.088940 15.164411 0.373124 
245 0.037745 0.000000 0.090070 81.423774 -0.057390 16.693163 0.309150 
246 0.111016 0.000000 -0.135105 96.863900 -0.073484 -3.794393 0.060298 
247 0.111016 0.000000 -0.180140 95.922698 -0.150852 0.044505 0.079881 
248 0.159863 0.000000 -0.135105 99.191524 -0.006803 -3.806507 0.014655 
249 0.086592 0.000000 -0.067552 93.084552 0.039514 -15.268291 0.110214 
250 0.086592 0.000000 -0.090070 93.770614 0.011161 -15.560559 0.096494 
251 0.111016 0.000000 -0.067552 91.917959 0.313847 -14.985468 0.132643 
252 0.086592 0.000000 -0.045035 209.657178 -0.056311 -19.337324 -3.433007 
253 0.086592 0.000000 -0.112587 92.644436 0.076085 -8.018115 0.135271 
254 0.062169 0.000000 -0.112587 86.385220 0.055243 -5.574719 0.250651 
255 0.086592 0.000000 -0.135105 93.835657 0.029186 -3.569223 0.118213 
256 0.111016 0.000000 -0.112587 97.168245 0.206277 -7.527869 0.050162 
257 0.074381 0.000000 -0.078811 89.091273 0.032104 -15.107334 0.183451 
258 0.062169 0.000000 -0.078811 72.953175 0.202663 -13.733926 0.448917 
259 0.074381 0.000000 -0.090070 79.646980 0.060791 -15.445659 0.341779 
260 0.086592 0.000000 -0.078811 93.130562 0.055980 -15.314716 0.109215 
261 0.074381 0.000000 -0.067552 85.193821 0.073219 -14.791323 0.252322 
262 0.111016 0.000000 0.135105 99.762915 -0.011314 13.327217 -0.013025 
263 0.159863 0.000000 0.135105 101.737966 -0.106770 12.307625 -0.050210 
264 0.111016 0.000000 0.180140 98.106551 -0.230854 11.349160 0.024625 
265 0.086592 0.000000 0.067552 98.093081 0.275714 16.574481 0.010296 
266 0.086592 0.000000 0.045035 209.285068 -0.052047 19.585786 -3.418385 
267 0.111016 0.000000 0.067552 96.613401 0.228721 16.355359 0.039830 
268 0.086592 0.000000 0.090070 98.764548 0.305804 16.650214 -0.003176 
269 0.086592 0.000000 0.112587 96.290562 0.052682 16.172051 0.046659 
270 0.062169 0.000000 0.112587 90.387244 -0.047507 14.610073 0.161669 
271 0.111016 0.000000 0.112587 100.560325 0.230607 15.002719 -0.033751 
272 0.086592 0.000000 0.135105 96.905765 0.022019 13.571853 0.042508 
273 0.074381 0.000000 0.078811 94.531814 0.173393 16.300442 0.079800 
274 0.062169 0.000000 0.078811 79.507542 -0.064333 15.247724 0.344605 
275 0.074381 0.000000 0.067552 90.904401 0.114756 16.062844 0.147836 
276 0.086592 0.000000 0.078811 98.111986 0.277784 16.569827 0.009940 
277 0.074381 0.000000 0.090070 84.493817 0.059048 20.835203 0.242669 
278 0.208710 0.000000 -0.045035 63.653817 -0.092567 -4.205281 0.593050 
279 0.208710 0.000000 -0.090070 100.662813 0.136273 -12.581508 -0.029131 
280 0.257557 0.000000 -0.045035 43.254064 -0.075774 -3.149525 0.811916 
281 0.208710 0.000000 0.000000 65.191604 -0.048796 0.053329 0.575005 
282 0.135439 0.000000 -0.067552 91.911277 0.505175 -15.240630 0.131979 
283 0.135439 0.000000 -0.090070 93.914418 0.489323 -15.117598 0.095130 
284 0.159863 0.000000 -0.067552 100.501229 0.254132 -10.495818 -0.021072 
285 0.135439 0.000000 -0.045035 127.425933 0.240842 -9.678147 -0.633109 
286 0.257557 0.000000 -0.270209 100.626570 0.190329 4.042937 -0.014209 
287 0.257557 0.000000 -0.360279 100.254519 0.152594 5.238085 -0.007843 
288 0.355251 0.000000 -0.270209 101.397495 0.179383 5.451043 -0.031120 
289 0.208710 0.000000 -0.135105 101.141562 0.207682 -3.695804 -0.024332 
290 0.208710 0.000000 -0.180140 99.577339 0.310879 -0.309781 0.008416 
291 0.257557 0.000000 -0.135105 101.206490 0.352391 -2.719407 -0.025027 
292 0.135439 0.000000 -0.112587 98.354882 0.216837 -6.964674 0.027776 
293 0.135439 0.000000 -0.135105 98.371884 -0.027916 -3.701770 0.030927 
294 0.159863 0.000000 -0.112587 99.367953 0.179032 -6.914130 0.007817 
295 0.123228 0.000000 -0.078811 91.392999 0.456578 -15.032485 0.142114 
296 0.111016 0.000000 -0.078811 91.843570 0.335352 -15.079221 0.133726 
297 0.123228 0.000000 -0.090070 91.692776 0.445490 -15.205944 0.136102 
298 0.135439 0.000000 -0.078811 93.752960 0.491025 -15.147364 0.098070 
299 0.123228 0.000000 -0.067552 91.461216 0.408406 -15.168549 0.140459 
300 0.208710 0.000000 0.045035 63.860535 -0.126745 4.531769 0.590128 
301 0.257557 0.000000 0.045035 43.401613 -0.126113 3.176090 0.810620 
302 0.208710 0.000000 0.090070 104.267765 0.001228 13.301090 -0.104869 
303 0.135439 0.000000 0.067552 96.451315 0.227707 16.266306 0.043250 
304 0.135439 0.000000 0.045035 127.084496 0.064591 10.102746 -0.625254 
305 0.159863 0.000000 0.067552 100.816723 0.214995 10.836083 -0.028148 
306 0.135439 0.000000 0.090070 98.316714 0.283640 16.105310 0.007436 
307 0.257557 0.000000 0.270209 101.758985 0.075036 8.122800 -0.042088 
308 0.355251 0.000000 0.270209 102.315683 -0.017305 6.355485 -0.050889 
309 0.257557 0.000000 0.360279 101.331735 -0.075733 7.889890 -0.033038 
310 0.208710 0.000000 0.135105 103.658893 0.043543 11.090272 -0.086816 
311 0.257557 0.000000 0.135105 103.451347 0.102614 9.439001 -0.079129 
312 0.208710 0.000000 0.180140 101.249279 0.152241 10.507913 -0.036186 
313 0.135439 0.000000 0.112587 101.687966 0.195487 13.747702 -0.052948 
314 0.159863 0.000000 0.112587 102.377795 0.003561 12.961008 -0.064920 
315 0.135439 0.000000 0.135105 101.153758 -0.038509 12.711246 -0.039366 
316 0.123228 0.000000 0.078811 96.002965 0.212233 16.222616 0.052021 
317 0.111016 0.000000 0.078811 96.535765 0.226322 16.316561 0.041456 
318 0.123228 0.000000 0.067552 96.125395 0.213850 16.210289 0.049709 
319 0.135439 0.000000 0.078811 98.166964 0.279485 16.139214 0.010269 
320 0.123228 0.000000 0.090070 96.305549 0.221048 16.241112 0.046142 
321 0.184287 0.000000 -0.112587 100.393675 0.115769 -7.619399 -0.013696 
322 0.184287 0.000000 -0.135105 99.586386 0.130687 -4.215053 0.006477 
323 0.208710 0.000000 -0.112587 104.453883 0.171829 -7.397194 -0.096536 
324 0.184287 0.000000 -0.090070 100.247946 0.296629 -13.258935 -0.022554 
325 0.452945 0.000000 -0.090070 97.259062 -0.032513 2.832726 0.053265 
326 0.452945 0.000000 -0.180140 99.503933 -0.041973 1.168960 0.009760 
327 0.550639 0.000000 -0.090070 103.114306 -0.028714 5.595764 -0.066387 
328 0.452945 0.000000 0.000000 104.485988 -0.029571 6.575285 -0.096056 
329 0.306404 0.000000 -0.135105 102.364759 0.129124 -0.057864 -0.047856 
330 0.306404 0.000000 -0.180140 101.886531 0.403410 2.174135 -0.038575 
331 0.355251 0.000000 -0.135105 107.199120 0.132700 0.381853 -0.149181 
332 0.306404 0.000000 -0.090070 105.343395 0.037848 -6.411952 -0.113835 
333 0.233134 0.000000 -0.112587 104.458785 -0.031538 -10.316076 -0.101806 
334 0.233134 0.000000 -0.135105 100.890795 0.209443 -2.572440 -0.018561 
335 0.257557 0.000000 -0.112587 103.470974 -0.007316 -10.220995 -0.081071 
336 0.233134 0.000000 -0.090070 104.183601 -0.032093 -10.289907 -0.096011 
337 0.184287 0.000000 -0.067552 79.838284 0.228636 -9.145855 0.354215 
338 0.208710 0.000000 -0.067552 60.271560 0.017631 -7.074341 0.631729 
339 0.184287 0.000000 -0.045035 81.002309 0.177009 -5.795366 0.340501 
340 0.196498 0.000000 -0.101329 99.777382 0.249205 -13.344076 -0.013365 
341 0.184287 0.000000 -0.101329 100.095395 0.289709 -13.387658 -0.019840 
342 0.196498 0.000000 -0.112587 100.907104 0.141612 -7.536237 -0.023906 
343 0.208710 0.000000 -0.101329 101.263008 0.116980 -12.120989 -0.040113 
344 0.196498 0.000000 -0.090070 99.748708 0.256984 -13.340662 -0.012784 
345 0.184287 0.000000 0.112587 103.414276 -0.037644 13.000663 -0.086353 
346 0.184287 0.000000 0.090070 104.136658 0.147786 14.237568 -0.104717 
347 0.208710 0.000000 0.112587 107.483618 -0.007040 12.079238 -0.169864 
348 0.184287 0.000000 0.135105 102.008304 0.032451 12.076840 -0.055155 
349 0.184287 0.000000 0.067552 80.345951 0.194016 9.527462 0.345372 
350 0.184287 0.000000 0.045035 81.237353 0.207302 6.184048 0.336221 
351 0.208710 0.000000 0.067552 60.507912 -0.041748 7.362429 0.628459 
352 0.452945 0.000000 0.090070 97.456791 -0.033502 2.828763 0.049417 
353 0.550639 0.000000 0.090070 103.225778 -0.034191 5.601783 -0.068694 
354 0.452945 0.000000 0.180140 99.712352 -0.047138 1.171702 0.005607 
355 0.306404 0.000000 0.135105 104.473487 0.012496 6.292781 -0.095431 
356 0.306404 0.000000 0.090070 107.076242 0.015033 6.781520 -0.151131 
357 0.355251 0.000000 0.135105 108.286759 0.051424 5.113123 -0.175217 
358 0.306404 0.000000 0.180140 103.241833 0.112786 7.194734 -0.071065 
359 0.233134 0.000000 0.112587 107.322788 -0.044827 10.858953 -0.163610 
360 0.233134 0.000000 0.090070 107.023517 -0.058048 10.829652 -0.157132 
361 0.257557 0.000000 0.112587 106.080745 -0.077967 10.735611 -0.136838 
362 0.233134 0.000000 0.135105 103.205206 -0.055744 9.575370 -0.074301 
363 0.196498 0.000000 0.101329 103.637089 0.056868 14.125357 -0.094018 
364 0.184287 0.000000 0.101329 103.997170 0.123620 14.174621 -0.101635 
365 0.196498 0.000000 0.090070 103.621225 0.056393 14.123823 -0.093684 
366 0.208710 0.000000 0.101329 104.779837 -0.001505 12.812494 -0.114297 
367 0.196498 0.000000 0.112587 103.941644 0.091682 12.534850 -0.096100 
368 0.306404 0.000000 -0.045035 30.119182 0.044606 -1.116406 0.909159 
369 0.355251 0.000000 -0.045035 21.875626 0.009140 -0.716777 0.952094 
370 0.306404 0.000000 0.000000 30.297692 0.022482 0.058995 0.908205 
371 0.281981 0.000000 -0.112587 103.955815 0.052575 -8.348815 -0.087652 
372 0.281981 0.000000 -0.135105 103.857011 0.150336 -1.611733 -0.078890 
373 0.306404 0.000000 -0.112587 105.454420 0.032441 -6.419627 -0.116185 
374 0.281981 0.000000 -0.090070 103.792811 0.048885 -8.673908 -0.084819 
375 0.281981 0.000000 -0.067552 32.257354 0.077734 -3.582903 0.894662 
376 0.257557 0.000000 -0.067552 43.023230 -0.045179 -5.176184 0.812221 
377 0.306404 0.000000 -0.067552 30.024091 0.037246 -1.487311 0.909634 
378 0.281981 0.000000 -0.045035 34.438282 0.001082 -2.278072 0.880882 
379 0.269769 0.000000 -0.101329 103.253350 0.025110 -9.968647 -0.076063 
380 0.257557 0.000000 -0.101329 103.499294 -0.009569 -10.223870 -0.081663 
381 0.269769 0.000000 -0.112587 103.084460 0.038792 -10.181919 -0.073008 
382 0.281981 0.000000 -0.101329 103.449041 0.061035 -9.475214 -0.079149 
383 0.269769 0.000000 -0.090070 103.218265 0.021900 -10.195437 -0.075796 
384 0.306404 0.000000 0.045035 30.035001 0.028419 1.147373 0.909658 
385 0.355251 0.000000 0.045035 21.855543 -0.016065 0.854850 0.952160 
386 0.281981 0.000000 0.112587 106.120716 0.054951 8.789874 -0.133887 
387 0.281981 0.000000 0.090070 106.029962 0.039657 9.127348 -0.132566 
388 0.306404 0.000000 0.112587 107.162693 -0.000255 6.786904 -0.152990 
389 0.281981 0.000000 0.135105 105.952573 -0.055045 8.087718 -0.129136 
390 0.281981 0.000000 0.067552 32.225898 0.071470 3.680496 0.894794 
391 0.257557 0.000000 0.067552 43.225404 -0.116431 5.233715 0.810416 
392 0.281981 0.000000 0.045035 34.436000 0.023237 2.384464 0.880848 
393 0.306404 0.000000 0.067552 29.952501 -0.007253 1.520046 0.910054 
394 0.269769 0.000000 0.101329 105.783646 -0.029437 10.471692 -0.129984 
395 0.257557 0.000000 0.101329 106.110468 -0.079781 10.738601 -0.137476 
396 0.269769 0.000000 0.090070 105.786312 -0.034142 10.705635 -0.130536 
397 0.281981 0.000000 0.101329 105.782239 0.080090 9.949350 -0.128888 
398 0.269769 0.000000 0.112587 105.625850 -0.006617 10.689248 -0.127108 
399 0.746027 0.000000 -1.080837 100.052843 -0.146246 6.989135 -0.005944 
400 0.746027 0.000000 -1.441116 99.787636 -0.004775 6.937557 -0.000570 
401 1.136804 0.000000 -1.080837 99.875334 -0.077663 6.878072 -0.002240 
402 0.550639 0.000000 -0.540419 99.686405 -0.199337 6.806942 0.001625 
403 0.550639 0.000000 -0.720558 100.099097 0.016440 6.846047 -0.006670 
404 0.746027 0.000000 -0.540419 99.836277 -0.032991 6.848817 -0.001419 
405 0.452945 0.000000 -0.270209 100.338985 -0.026145 6.620720 -0.011175 
406 0.452945 0.000000 -0.360279 100.227848 0.036228 6.629961 -0.008958 
407 0.550639 0.000000 -0.270209 104.376964 -0.041969 1.864614 -0.089803 
408 0.404098 0.000000 -0.135105 94.672165 -0.042041 0.455919 0.103697 
409 0.404098 0.000000 -0.180140 103.333037 0.025336 5.802770 -0.071139 
410 0.452945 0.000000 -0.135105 97.670637 -0.035040 2.225572 0.045549 
411 0.404098 0.000000 -0.090070 98.774175 -0.029451 -1.088862 0.024248 
412 0.330828 0.000000 -0.112587 105.255900 0.043380 -6.410084 -0.111990 
413 0.330828 0.000000 -0.135105 102.483256 0.085950 -0.915361 -0.050366 
414 0.355251 0.000000 -0.112587 105.698662 0.042252 -4.585456 -0.119324 
415 0.330828 0.000000 -0.090070 105.253206 0.042198 -6.409909 -0.111933 
416 0.746027 0.000000 1.080837 99.605127 -0.001402 6.933783 0.003074 
417 1.136804 0.000000 1.080837 99.714205 -0.030508 6.841820 0.001027 
418 0.746027 0.000000 1.441116 99.783200 0.125236 6.927583 -0.000469 
419 0.550639 0.000000 0.540419 99.498205 -0.048495 6.547321 0.005724 
420 0.746027 0.000000 0.540419 99.644232 -0.062499 6.551687 0.002810 
421 0.550639 0.000000 0.720558 99.862727 0.024295 6.801413 -0.001882 
422 0.452945 0.000000 0.270209 100.971346 -0.088465 4.956184 -0.021978 
423 0.550639 0.000000 0.270209 104.587447 -0.059738 1.871630 -0.094204 
424 0.452945 0.000000 0.360279 101.334472 0.059287 5.921101 -0.030374 
425 0.404098 0.000000 0.135105 94.878436 -0.034782 0.454301 0.099787 
426 0.404098 0.000000 0.090070 99.158143 0.020248 1.908045 0.016402 
427 0.452945 0.000000 0.135105 97.876096 -0.035494 2.224986 0.041532 
428 0.404098 0.000000 0.180140 104.652362 -0.023729 3.212307 -0.096244 
429 0.330828 0.000000 0.112587 106.950623 -0.018306 6.774101 -0.148432 
430 0.330828 0.000000 0.090070 106.948297 -0.019133 6.773958 -0.148383 
431 0.355251 0.000000 0.112587 106.952127 0.027289 4.909386 -0.146286 
432 0.330828 0.000000 0.135105 104.344882 0.060006 6.876612 -0.093515 
433 0.404098 0.000000 -0.045035 22.895682 0.015105 1.295145 0.947411 
434 0.452945 0.000000 -0.045035 98.838351 -0.027316 4.453391 0.021115 
435 0.404098 0.000000 0.000000 24.741842 0.003883 0.012749 0.938784 
436 0.379675 0.000000 -0.112587 104.770697 -0.007268 -2.104928 -0.098133 
437 0.379675 0.000000 -0.135105 105.360373 0.071194 2.531381 -0.110722 
438 0.404098 0.000000 -0.112587 97.398120 -0.026915 -1.544658 0.051122 
439 0.379675 0.000000 -0.090070 104.252782 -0.013740 -2.094040 -0.087303 
440 0.330828 0.000000 -0.067552 26.314074 -0.030094 -2.557866 0.930103 
441 0.355251 0.000000 -0.067552 19.627129 0.013640 -1.372941 0.961289 
442 0.330828 0.000000 -0.045035 26.122173 -0.039265 -1.484391 0.931543 
443 0.343039 0.000000 -0.101329 105.400337 0.059954 -6.036080 -0.114567 
444 0.330828 0.000000 -0.101329 105.254113 0.042596 -6.409968 -0.111952 
445 0.343039 0.000000 -0.112587 105.419986 0.055772 -5.930115 -0.114854 
446 0.355251 0.000000 -0.101329 105.702779 0.040301 -4.636736 -0.119458 
447 0.343039 0.000000 -0.090070 105.301675 0.059345 -6.412299 -0.112956 
448 0.404098 0.000000 0.045035 22.858840 -0.008813 -1.270469 0.947586 
449 0.452945 0.000000 0.045035 99.019419 -0.030945 4.453668 0.017532 
450 0.330828 0.000000 0.067552 26.202527 -0.061572 2.641969 0.930644 
451 0.330828 0.000000 0.045035 26.132157 -0.070704 1.632904 0.931444 
452 0.355251 0.000000 0.067552 19.587723 -0.022191 1.506877 0.961405 
453 0.379675 0.000000 0.112587 105.336201 0.031412 2.376778 -0.110137 
454 0.379675 0.000000 0.090070 104.764267 0.032627 2.364200 -0.098114 
455 0.404098 0.000000 0.112587 97.758684 0.020479 2.060516 0.043899 
456 0.379675 0.000000 0.135105 106.250553 -0.106077 2.743913 -0.129672 
457 0.343039 0.000000 0.101329 106.975070 0.010806 6.389846 -0.148450 
458 0.330828 0.000000 0.101329 106.949080 -0.018855 6.774007 -0.148399 
459 0.343039 0.000000 0.090070 106.939958 0.003169 6.773350 -0.148203 
460 0.355251 0.000000 0.101329 106.964675 0.031747 4.960924 -0.146605 
461 0.343039 0.000000 0.112587 106.967607 0.012039 6.281432 -0.148153 
462 1.527580 0.000000 -0.360279 100.013410 -0.085193 5.505822 -0.003300 
463 1.527580 0.000000 -0.720558 100.134812 0.137218 6.521805 -0.006953 
464 1.918356 0.000000 -0.360279 99.479151 0.081679 5.771120 0.007059 
465 1.527580 0.000000 0.000000 104.673996 0.068155 2.910450 -0.096512 
466 0.941416 0.000000 -0.180140 105.347817 0.035772 4.967410 -0.112284 
467 0.941416 0.000000 -0.360279 99.288001 -0.018605 6.284736 0.010239 
468 1.136804 0.000000 -0.180140 103.843991 0.055616 3.945355 -0.079914 
469 0.941416 0.000000 0.000000 105.869899 0.022330 6.227157 -0.124721 
470 0.648333 0.000000 -0.090070 104.831796 -0.021635 5.650405 -0.102163 
471 0.648333 0.000000 -0.180140 104.939352 -0.014629 4.560906 -0.103307 
472 0.746027 0.000000 -0.090070 105.715860 0.000543 6.514025 -0.121828 
473 0.648333 0.000000 0.000000 105.169948 -0.015878 6.629495 -0.110467 
474 0.501792 0.000000 -0.135105 99.177316 -0.031801 3.352077 0.015262 
475 0.501792 0.000000 -0.180140 101.098878 -0.037836 2.591511 -0.022770 
476 0.550639 0.000000 -0.135105 104.400091 -0.027251 5.880073 -0.093395 
477 0.501792 0.000000 -0.090070 99.158977 -0.027929 4.490454 0.014733 
478 0.428522 0.000000 -0.112587 91.992991 -0.030266 -0.579049 0.153695 
479 0.428522 0.000000 -0.135105 97.594338 -0.038695 1.266748 0.047374 
480 0.452945 0.000000 -0.112587 97.322582 -0.034901 2.278249 0.052312 
481 0.428522 0.000000 -0.090070 94.216030 -0.032311 0.220294 0.112329 
482 0.379675 0.000000 -0.067552 20.997709 0.022493 0.468234 0.955888 
483 0.404098 0.000000 -0.067552 94.682543 -0.036694 1.063495 0.103408 
484 0.379675 0.000000 -0.045035 21.470207 -0.013691 0.191730 0.953899 
485 0.391886 0.000000 -0.101329 101.597828 -0.024552 -1.862318 -0.032559 
486 0.379675 0.000000 -0.101329 104.792440 -0.007244 -2.105391 -0.098589 
487 0.391886 0.000000 -0.112587 101.483621 -0.024510 -1.833713 -0.030229 
488 0.404098 0.000000 -0.101329 97.480748 -0.026843 -1.566517 0.049505 
489 0.391886 0.000000 -0.090070 101.806759 -0.023662 -1.599130 -0.036717 
490 0.379675 0.000000 0.067552 21.001574 -0.001239 -0.386060 0.955878 
491 0.379675 0.000000 0.045035 21.473123 -0.034456 -0.141230 0.953888 
492 0.404098 0.000000 0.067552 94.889038 -0.028662 1.057686 0.099495 
493 1.527580 0.000000 0.360279 99.372206 0.061191 5.222997 0.009788 
494 1.918356 0.000000 0.360279 99.726006 0.147738 4.505669 0.003440 
495 1.527580 0.000000 0.720558 99.414415 -0.033510 6.392994 0.007590 
496 0.941416 0.000000 0.180140 106.668569 0.019422 4.992691 -0.140311 
497 1.136804 0.000000 0.180140 106.769683 0.036108 4.000877 -0.141577 
498 0.941416 0.000000 0.360279 99.908332 -0.085102 6.259179 -0.002086 
499 0.648333 0.000000 0.090070 104.975162 -0.029492 5.665259 -0.105188 
500 0.746027 0.000000 0.090070 105.840091 -0.005503 6.525032 -0.124470 
501 0.648333 0.000000 0.180140 105.207033 -0.028477 4.582713 -0.108952 
502 0.501792 0.000000 0.135105 99.376119 -0.034606 3.360155 0.011310 
503 0.501792 0.000000 0.090070 99.324481 -0.030424 4.487400 0.011451 
504 0.550639 0.000000 0.135105 104.568469 -0.038282 5.899280 -0.096937 
505 0.501792 0.000000 0.180140 101.310889 -0.044524 2.603594 -0.027068 
506 0.428522 0.000000 0.112587 92.260621 -0.031286 1.692144 0.148511 
507 0.428522 0.000000 0.090070 94.461992 -0.029072 1.773091 0.107379 
508 0.452945 0.000000 0.112587 97.526478 -0.034236 2.279802 0.048339 
509 0.428522 0.000000 0.135105 97.802076 -0.038456 1.265203 0.043315 
510 0.391886 0.000000 0.101329 102.078909 0.035352 2.179950 -0.042486 
511 0.379675 0.000000 0.101329 105.354430 0.031104 2.377169 -0.110521 
512 0.391886 0.000000 0.090070 102.273262 0.024952 1.990888 -0.046378 
513 0.404098 0.000000 0.101329 97.843784 0.021222 2.070904 0.042230 
514 0.391886 0.000000 0.112587 101.957846 0.034069 2.158443 -0.040006 
515 1.332192 0.000000 -0.180140 105.165193 0.069296 2.396407 -0.106547 
516 1.332192 0.000000 -0.360279 100.099078 -0.116556 5.644660 -0.005170 
517 1.527580 0.000000 -0.180140 105.375428 0.038692 2.463042 -0.111005 
518 1.332192 0.000000 0.000000 104.050000 0.059866 3.150660 -0.083633 
519 1.332192 0.000000 0.180140 104.103300 0.085101 1.970859 -0.084139 
520 1.527580 0.000000 0.180140 104.708265 0.120269 2.051074 -0.096804 
521 1.332192 0.000000 0.360279 99.842242 -0.100621 5.045829 0.000606 
522 1.234498 0.000000 -0.090070 98.333218 0.033879 1.150345 0.032925 
523 1.136804 0.000000 -0.090070 102.384447 0.036833 4.409657 -0.050202 
524 1.234498 0.000000 -0.180140 101.822795 0.070909 0.665466 -0.036833 
525 1.332192 0.000000 -0.090070 101.359791 0.051247 1.722344 -0.027678 
526 1.234498 0.000000 0.000000 57.438713 0.014690 0.377998 0.670065 
527 1.234498 0.000000 0.090070 99.234525 0.029495 1.115183 0.015126 
528 1.136804 0.000000 0.090070 103.659511 0.027088 4.410393 -0.076475 
529 1.332192 0.000000 0.090070 101.019668 0.045931 1.651261 -0.020770 
530 1.234498 0.000000 0.180140 103.544608 0.044129 0.662365 -0.072193 
531 4.263014 0.000000 -8.646699 99.754390 -0.006282 6.989472 0.000021 
532 4.263014 0.000000 -11.528932 99.754495 0.000067 6.991116 0.000016 
533 7.389224 0.000000 -8.646699 99.754919 -0.002250 6.989103 0.000011 
534 2.699909 0.000000 -4.323349 99.756654 -0.035335 6.980313 -0.000012 
535 2.699909 0.000000 -5.764466 99.751690 -0.028131 6.985297 0.000081 
536 4.263014 0.000000 -4.323349 99.759007 -0.019083 6.980641 -0.000059 
537 1.918356 0.000000 -2.161675 99.815994 0.154665 6.943002 -0.001146 
538 1.918356 0.000000 -2.882233 99.788113 0.094253 6.966149 -0.000620 
539 2.699909 0.000000 -2.161675 99.784946 0.057986 6.950187 -0.000534 
540 1.527580 0.000000 -1.080837 99.839808 0.014755 6.767117 -0.001378 
541 1.527580 0.000000 -1.441116 99.804823 -0.007110 6.868555 -0.000818 
542 1.918356 0.000000 -1.080837 100.066211 0.059447 6.762709 -0.005898 
543 1.332192 0.000000 -0.540419 99.909387 0.070357 6.269781 -0.002120 
544 1.136804 0.000000 -0.540419 99.715635 0.029764 6.223033 0.001807 
545 1.332192 0.000000 -0.720558 100.203573 -0.002689 6.589174 -0.008417 
546 1.527580 0.000000 -0.540419 100.203774 -0.018161 6.429363 -0.008213 
547 1.234498 0.000000 -0.270209 100.216152 0.018867 4.496603 -0.006350 
548 1.136804 0.000000 -0.270209 104.229191 0.089719 0.943858 -0.086462 
549 1.234498 0.000000 -0.360279 99.894728 0.108639 5.528232 -0.000953 
550 1.332192 0.000000 -0.270209 105.324905 0.111580 0.649748 -0.109377 
551 10.515434 0.000000 -2.882233 99.756918 0.000650 6.964860 0.000005 
552 10.515434 0.000000 -5.764466 99.755501 -0.000297 6.984630 0.000005 
553 13.641644 0.000000 -2.882233 99.756854 0.000920 6.968031 0.000002 
554 10.515434 0.000000 0.000000 99.816441 0.008279 6.116795 -0.000074 
555 5.826119 0.000000 -1.441116 99.761770 -0.000811 6.879524 0.000026 
556 5.826119 0.000000 -2.882233 99.757796 -0.007086 6.961842 -0.000009 
557 7.389224 0.000000 -1.441116 99.761396 -0.001757 6.890601 0.000018 
558 5.826119 0.000000 0.000000 99.987314 0.014268 3.659253 -0.001085 
559 3.481461 0.000000 -0.720558 99.779305 0.009072 6.538301 0.000134 
560 3.481461 0.000000 -1.441116 99.767475 0.022984 6.874345 -0.000081 
561 4.263014 0.000000 -0.720558 99.781199 0.011465 6.585018 0.000035 
562 3.481461 0.000000 0.000000 100.104716 0.000139 1.770134 -0.002409 
563 2.309132 0.000000 -0.360279 98.631036 -0.184412 4.678690 0.024999 
564 2.309132 0.000000 -0.720558 99.708285 0.020451 6.586588 0.001487 
565 2.699909 0.000000 -0.360279 99.898605 0.021988 5.326076 -0.000810 
566 2.309132 0.000000 0.000000 174.214063 0.007409 1.163716 -2.035189 
567 1.722968 0.000000 -0.180140 105.306139 0.019756 2.264310 -0.109451 
568 1.722968 0.000000 -0.360279 99.812627 0.210171 5.662190 0.000533 
569 1.918356 0.000000 -0.180140 104.783669 0.044880 2.355591 -0.098517 
570 1.722968 0.000000 0.000000 105.201462 0.112845 2.661485 -0.107444 
571 1.429886 0.000000 -0.090070 104.744444 0.069569 2.230939 -0.097638 
572 1.429886 0.000000 -0.180140 105.096154 0.061102 2.244941 -0.105025 
573 1.527580 0.000000 -0.090070 105.043635 0.060409 2.323624 -0.103957 
574 1.429886 0.000000 0.000000 104.049262 0.059855 3.151363 -0.083618 
575 1.283345 0.000000 -0.135105 99.917514 0.040616 1.277897 0.001486 
576 1.234498 0.000000 -0.135105 98.779138 0.038656 1.044590 0.024159 
577 1.283345 0.000000 -0.180140 101.787580 0.062500 0.991417 -0.036170 
578 1.332192 0.000000 -0.135105 101.682451 0.047081 2.054058 -0.034354 
579 1.283345 0.000000 -0.090070 99.243012 0.034550 1.352732 0.014899 
580 10.515434 0.000000 2.882233 99.759837 -0.000429 6.925654 0.000001 
581 13.641644 0.000000 2.882233 99.760977 -0.001360 6.910498 -0.000001 
582 10.515434 0.000000 5.764466 99.756132 0.000627 6.979971 -0.000001 
583 5.826119 0.000000 1.441116 99.771511 0.001053 6.737143 0.000026 
584 7.389224 0.000000 1.441116 99.776815 -0.003104 6.679907 -0.000003 
585 5.826119 0.000000 2.882233 99.756334 0.003348 6.944025 0.000045 
586 3.481461 0.000000 0.720558 99.795314 -0.008777 6.103913 0.000364 
587 4.263014 0.000000 0.720558 99.821651 -0.006439 5.927909 0.000050 
588 3.481461 0.000000 1.441116 99.744627 -0.019355 6.809030 0.000465 
589 2.309132 0.000000 0.360279 98.338034 -0.124497 5.106678 0.030354 
590 2.699909 0.000000 0.360279 99.963610 0.003242 4.215669 -0.001050 
591 2.309132 0.000000 0.720558 99.235864 -0.001699 6.333756 0.011213 
592 1.722968 0.000000 0.180140 105.282613 0.179621 2.106743 -0.108890 
593 1.918356 0.000000 0.180140 104.885094 0.602928 2.265140 -0.100638 
594 1.722968 0.000000 0.360279 99.436803 0.128473 4.929133 0.008801 
595 1.429886 0.000000 0.090070 104.158829 0.084438 2.125884 -0.085359 
596 1.527580 0.000000 0.090070 104.607960 0.063989 2.252126 -0.094790 
597 1.429886 0.000000 0.180140 104.137039 0.072345 1.909422 -0.084817 
598 4.263014 0.000000 8.646699 99.756546 0.006831 6.988567 -0.000021 
599 7.389224 0.000000 8.646699 99.755841 0.002713 6.988018 -0.000006 
600 4.263014 0.000000 11.528932 99.756162 -0.000278 6.990799 -0.000016 
601 2.699909 0.000000 4.323349 99.756914 0.035858 6.974474 -0.000009 
602 4.263014 0.000000 4.323349 99.751905 0.014725 6.975397 0.000090 
603 2.699909 0.000000 5.764466 99.762394 0.024450 6.982564 -0.000129 
604 1.918356 0.000000 2.161675 99.741176 -0.099092 6.908927 0.000395 
605 2.699909 0.000000 2.161675 99.721379 -0.049923 6.920175 0.000776 
606 1.918356 0.000000 2.882233 99.736134 -0.084332 6.951101 0.000438 
607 1.527580 0.000000 1.080837 99.642060 0.097017 6.668350 0.002698 
608 1.918356 0.000000 1.080837 99.525390 0.038104 6.637907 0.005063 
609 1.527580 0.000000 1.441116 99.744948 0.023432 6.831219 0.000428 
610 1.332192 0.000000 0.540419 99.373867 -0.005210 6.091933 0.008772 
611 1.136804 0.000000 0.540419 99.666537 0.026924 6.378790 0.002589 
612 1.527580 0.000000 0.540419 99.314085 -0.032240 6.017055 0.010051 
613 1.332192 0.000000 0.720558 99.488873 0.017341 6.474198 0.006005 
614 1.234498 0.000000 0.270209 100.923067 0.012876 4.591239 -0.020655 
615 1.136804 0.000000 0.270209 106.394145 0.052268 0.940152 -0.132060 
616 1.332192 0.000000 0.270209 104.107406 0.083535 0.626743 -0.083875 
617 1.234498 0.000000 0.360279 100.403665 0.101646 5.441417 -0.011052 
618 1.283345 0.000000 0.135105 99.704579 0.044653 1.106377 0.005777 
619 1.234498 0.000000 0.135105 99.731444 0.030688 1.017566 0.005260 
620 1.283345 0.000000 0.090070 99.172362 0.038290 1.185936 0.016343 
621 1.332192 0.000000 0.135105 101.185379 0.052279 1.799814 -0.024172 
622 1.283345 0.000000 0.180140 101.218871 0.064620 0.901316 -0.024608 
623 2.113744 0.000000 -0.180140 103.530662 0.113075 6.829594 -0.076525 
624 2.113744 0.000000 -0.360279 99.775347 0.014891 6.026369 0.000856 
625 2.309132 0.000000 -0.180140 97.932594 -0.178224 -2.556140 0.040264 
626 2.113744 0.000000 0.000000 96.114846 -0.130187 -0.444469 0.076172 
627 2.113744 0.000000 0.180140 102.559002 0.118181 -3.283154 -0.052914 
628 2.309132 0.000000 0.180140 97.622495 -0.245442 6.892389 0.042228 
629 2.113744 0.000000 0.360279 99.564511 -0.066309 3.529033 0.007445 
630 2.016050 0.000000 -0.090070 103.580915 0.116370 1.553956 -0.073143 
631 1.918356 0.000000 -0.090070 104.717901 0.115583 2.483174 -0.097202 
632 2.016050 0.000000 -0.180140 104.067180 0.111343 0.706319 -0.083049 
633 2.113744 0.000000 -0.090070 111.169384 0.094073 11.671658 -0.249487 
634 2.016050 0.000000 0.000000 104.905963 0.170807 2.701339 -0.101259 
635 2.016050 0.000000 0.090070 104.494883 0.045031 1.431501 -0.092123 
636 1.918356 0.000000 0.090070 104.826496 0.484356 2.563821 -0.099540 
637 2.113744 0.000000 0.090070 108.828822 0.011145 -11.344382 -0.197241 
638 2.016050 0.000000 0.180140 104.944824 0.224438 0.811492 -0.101413 
639 2.309132 0.000000 -1.080837 99.975729 -0.026157 6.858408 -0.004218 
640 2.309132 0.000000 -1.441116 99.817031 -0.041685 6.896080 -0.001100 
641 2.699909 0.000000 -1.080837 99.772503 0.002513 6.798202 -0.000077 
642 2.113744 0.000000 -0.540419 99.345624 0.069373 6.385162 0.008967 
643 1.918356 0.000000 -0.540419 99.832223 0.160514 6.239740 -0.000543 
644 2.113744 0.000000 -0.720558 99.940982 0.019765 6.674816 -0.003275 
645 2.309132 0.000000 -0.540419 99.569056 -0.001739 6.244151 0.004701 
646 2.016050 0.000000 -0.270209 100.414656 0.065456 4.606779 -0.010433 
647 1.918356 0.000000 -0.270209 104.727644 0.059712 1.199120 -0.096932 
648 2.016050 0.000000 -0.360279 100.006436 0.074311 5.620074 -0.003288 
649 2.113744 0.000000 -0.270209 100.147514 0.016639 5.954717 -0.006498 
650 3.090685 0.000000 -0.360279 99.849483 -0.032984 5.508920 -0.000027 
651 3.090685 0.000000 -0.720558 99.805129 -0.030844 6.553722 -0.000402 
652 3.481461 0.000000 -0.360279 99.838948 0.011757 5.618966 0.000061 
653 3.090685 0.000000 0.000000 100.110529 0.004604 1.615550 -0.002473 
654 2.504521 0.000000 -0.180140 100.682148 -0.087106 2.519584 -0.014325 
655 2.504521 0.000000 -0.360279 99.886521 -0.037923 5.038064 -0.000270 
656 2.699909 0.000000 -0.180140 100.077081 -0.022420 3.172264 -0.002549 
657 2.504521 0.000000 0.000000 101.491261 -0.008762 1.276575 -0.030211 
658 2.211438 0.000000 -0.090070 88.833177 -0.083104 16.121290 0.184876 
659 2.211438 0.000000 -0.180140 93.234612 0.013264 6.841671 0.126050 
660 2.309132 0.000000 -0.090070 122.708658 0.002838 -19.972864 -0.545633 
661 2.211438 0.000000 0.000000 214.697058 0.039768 -0.145239 -3.609485 
662 2.064897 0.000000 -0.135105 103.711153 0.130675 0.529595 -0.075630 
663 2.016050 0.000000 -0.135105 103.527793 0.117009 1.529983 -0.072036 
664 2.064897 0.000000 -0.180140 103.939569 0.041080 3.627316 -0.081659 
665 2.113744 0.000000 -0.135105 108.499034 0.163969 8.558166 -0.184531 
666 2.064897 0.000000 -0.090070 103.251032 0.175075 3.354538 -0.067206 
667 3.090685 0.000000 0.360279 99.926330 -0.054888 3.840776 -0.000003 
668 3.481461 0.000000 0.360279 99.986655 -0.012669 3.403710 -0.000892 
669 3.090685 0.000000 0.720558 99.749883 -0.074592 6.218639 0.001128 
670 2.504521 0.000000 0.180140 100.803055 -0.067745 1.907877 -0.016490 
671 2.699909 0.000000 0.180140 100.216292 -0.063832 1.344994 -0.004512 
672 2.504521 0.000000 0.360279 99.790965 -0.080112 4.758568 0.001911 
673 2.211438 0.000000 0.090070 87.023770 0.018983 -15.736076 0.217924 
674 2.309132 0.000000 0.090070 122.385141 -0.010319 22.713440 -0.549402 
675 2.211438 0.000000 0.180140 92.513003 -0.012960 -3.019351 0.143223 
676 2.309132 0.000000 1.080837 99.487387 -0.046886 6.692726 0.005747 
677 2.699909 0.000000 1.080837 99.631897 -0.065352 6.713938 0.002840 
678 2.309132 0.000000 1.441116 99.693276 -0.003872 6.810636 0.001487 
679 2.113744 0.000000 0.540419 98.702983 0.005416 5.577172 0.022662 
680 1.918356 0.000000 0.540419 99.209034 0.062602 5.729061 0.012474 
681 2.309132 0.000000 0.540419 99.101126 -0.081864 5.831763 0.014495 
682 2.113744 0.000000 0.720558 99.455362 -0.012334 6.192037 0.007029 
683 2.016050 0.000000 0.270209 101.018560 0.049160 2.894669 -0.021313 
684 1.918356 0.000000 0.270209 105.323673 0.328445 1.378692 -0.109508 
685 2.113744 0.000000 0.270209 99.951890 -0.036936 1.196311 0.000819 
686 2.016050 0.000000 0.360279 100.196743 0.069311 4.154336 -0.005665 
687 2.064897 0.000000 0.135105 104.745394 0.096196 0.594383 -0.097196 
688 2.016050 0.000000 0.135105 104.461077 0.059196 1.416958 -0.091413 
689 2.064897 0.000000 0.090070 103.809903 0.099543 -2.135806 -0.078107 
690 2.113744 0.000000 0.135105 106.787669 0.122547 -6.989620 -0.145248 
691 2.064897 0.000000 0.180140 103.296112 0.039408 -0.341233 -0.067020 
692 2.211438 0.000000 -0.270209 95.921886 -0.021982 5.608924 0.076753 
693 2.211438 0.000000 -0.360279 98.291435 0.006679 5.650018 0.030687 
694 2.309132 0.000000 -0.270209 97.655090 0.086362 2.610749 0.045666 
695 2.162591 0.000000 -0.135105 100.501391 0.112068 11.647614 -0.023621 
696 2.162591 0.000000 -0.180140 99.012614 0.082842 8.355323 0.012668 
697 2.211438 0.000000 -0.135105 90.761867 -0.043530 10.712043 0.164753 
698 2.162591 0.000000 -0.090070 101.996706 -0.052236 16.239763 -0.066706 
699 2.064897 0.000000 -0.045035 103.619830 0.133778 0.474350 -0.073731 
700 2.016050 0.000000 -0.045035 103.891102 0.120452 2.348887 -0.079889 
701 2.113744 0.000000 -0.045035 93.193214 -0.135018 4.213912 0.129725 
702 2.064897 0.000000 0.000000 82.355640 0.007201 -0.498709 0.321730 
703 2.089321 0.000000 -0.112587 109.051112 0.171512 5.855648 -0.192646 
704 2.064897 0.000000 -0.112587 104.467886 0.188474 4.585075 -0.093460 
705 2.089321 0.000000 -0.135105 103.375871 0.165873 0.172028 -0.068663 
706 2.113744 0.000000 -0.112587 111.249799 0.094551 11.534917 -0.250958 
707 2.089321 0.000000 -0.090070 108.729889 0.170150 5.563073 -0.185317 
708 2.064897 0.000000 0.045035 104.703078 0.082653 0.524528 -0.096302 
709 2.016050 0.000000 0.045035 104.573515 0.039294 2.353744 -0.094116 
710 2.113744 0.000000 0.045035 94.550331 -0.133171 -5.075127 0.103446 
711 2.211438 0.000000 0.270209 95.311459 -0.192083 1.740812 0.091266 
712 2.309132 0.000000 0.270209 97.344252 -0.113957 4.871445 0.050035 
713 2.211438 0.000000 0.360279 98.209970 -0.108634 3.910964 0.033949 
714 2.162591 0.000000 0.135105 99.473287 0.026387 -9.945547 0.000615 
715 2.162591 0.000000 0.090070 100.407647 -0.125440 -15.916865 -0.033506 
716 2.211438 0.000000 0.135105 89.801715 -0.105288 -8.720087 0.185960 
717 2.162591 0.000000 0.180140 98.194007 0.090018 -4.688360 0.033595 
718 2.089321 0.000000 0.112587 107.327970 0.142463 -5.507768 -0.154965 
719 2.064897 0.000000 0.112587 104.275647 0.143020 -3.871779 -0.088842 
720 2.089321 0.000000 0.090070 107.177633 0.139246 -5.173890 -0.151383 
721 2.113744 0.000000 0.112587 108.902059 0.013165 -11.209732 -0.198532 
722 2.089321 0.000000 0.135105 104.548172 0.109381 0.196791 -0.093037 
723 2.162591 0.000000 -0.045035 137.125332 -0.129092 9.435257 -0.889240 
724 2.211438 0.000000 -0.045035 214.142457 0.014379 15.353417 -3.609272 
725 2.162591 0.000000 0.000000 139.867575 -0.195776 -0.349469 -0.956310 
726 2.138168 0.000000 -0.112587 106.734748 0.005892 15.821611 -0.164263 
727 2.138168 0.000000 -0.135105 104.389190 0.179209 10.950219 -0.101704 
728 2.162591 0.000000 -0.112587 101.256482 -0.006398 14.663530 -0.046789 
729 2.138168 0.000000 -0.090070 106.524685 -0.012027 15.790963 -0.159686 
730 2.089321 0.000000 -0.067552 103.375400 0.165829 0.173160 -0.068653 
731 2.064897 0.000000 -0.067552 103.351663 0.120330 1.432747 -0.068363 
732 2.113744 0.000000 -0.067552 89.778963 -0.014287 6.408163 0.189867 
733 2.089321 0.000000 -0.045035 82.884223 0.022321 1.601220 0.312764 
734 2.101533 0.000000 -0.101329 111.978716 0.126552 8.448917 -0.261063 
735 2.089321 0.000000 -0.101329 109.815158 0.167173 6.155203 -0.209728 
736 2.101533 0.000000 -0.112587 112.340659 0.126695 7.769837 -0.268081 
737 2.113744 0.000000 -0.101329 111.109270 0.091770 12.048086 -0.249043 
738 2.101533 0.000000 -0.090070 112.312808 0.121014 8.377926 -0.268437 
739 2.162591 0.000000 0.045035 137.586584 -0.073197 -10.046422 -0.903100 
740 2.211438 0.000000 0.045035 214.365901 0.053007 -15.680559 -3.619862 
741 2.089321 0.000000 0.067552 104.548093 0.109371 0.198076 -0.093036 
742 2.064897 0.000000 0.067552 104.418765 -0.029151 1.467947 -0.090543 
743 2.089321 0.000000 0.045035 84.778838 0.033077 -2.622952 0.280567 
744 2.113744 0.000000 0.067552 91.894092 -0.074954 -7.162903 0.150416 
745 2.138168 0.000000 0.112587 104.874126 -0.116992 -15.470472 -0.123793 
746 2.138168 0.000000 0.090070 104.713855 -0.118579 -15.447679 -0.120364 
747 2.162591 0.000000 0.112587 99.890338 -0.132917 -13.986516 -0.017372 
748 2.138168 0.000000 0.135105 103.105792 0.115449 -9.274934 -0.071684 
749 2.101533 0.000000 0.101329 109.532197 0.072396 -8.174293 -0.206413 
750 2.089321 0.000000 0.101329 107.869343 0.136858 -5.838713 -0.166990 
751 2.101533 0.000000 0.090070 109.837329 0.073101 -8.104419 -0.212993 
752 2.113744 0.000000 0.101329 108.774503 0.010051 -11.712576 -0.196908 
753 2.101533 0.000000 0.112587 109.899932 0.079723 -7.505789 -0.213434 
754 2.138168 0.000000 -0.067552 109.365222 -0.142663 10.683909 -0.207492 
755 2.162591 0.000000 -0.067552 134.326005 -0.107128 14.144847 -0.824356 
756 2.138168 0.000000 -0.045035 111.642701 -0.161238 7.091620 -0.251441 
757 2.125956 0.000000 -0.101329 107.663252 0.072143 15.610441 -0.183507 
758 2.125956 0.000000 -0.112587 108.586346 0.068127 14.916095 -0.201349 
759 2.138168 0.000000 -0.101329 106.597076 -0.007512 15.801055 -0.161261 
760 2.125956 0.000000 -0.090070 108.499818 0.065950 14.972977 -0.199640 
761 2.138168 0.000000 0.067552 110.525599 -0.158354 -11.311674 -0.234389 
762 2.138168 0.000000 0.045035 112.499932 -0.174392 -7.809998 -0.271726 
763 2.162591 0.000000 0.067552 135.157506 -0.167953 -14.723409 -0.848436 
764 2.125956 0.000000 0.101329 105.672090 -0.087070 -15.244716 -0.139900 
765 2.125956 0.000000 0.090070 106.430769 -0.063443 -14.609665 -0.154095 
766 2.138168 0.000000 0.101329 104.766910 -0.119020 -15.454775 -0.121497 
767 2.125956 0.000000 0.112587 106.507813 -0.060926 -14.552638 -0.155570 
768 2.406827 0.000000 -0.090070 104.586337 -0.094119 -0.062836 -0.093831 
769 2.406827 0.000000 -0.180140 101.695490 0.024272 1.220026 -0.034346 
770 2.504521 0.000000 -0.090070 101.247781 -0.018002 1.561766 -0.025355 
771 2.406827 0.000000 0.000000 106.683925 -0.141916 1.171884 -0.138285 
772 2.260285 0.000000 -0.135105 80.457051 -0.052096 -1.245517 0.352511 
773 2.260285 0.000000 -0.180140 90.460077 -0.128967 0.977396 0.181600 
774 2.309132 0.000000 -0.135105 101.593206 -0.128831 -9.362393 -0.040885 
775 2.260285 0.000000 -0.090070 60.956040 0.150717 10.102023 0.618229 
776 2.187015 0.000000 -0.112587 97.563416 -0.061667 15.134022 0.025234 
777 2.187015 0.000000 -0.135105 96.985741 0.018053 11.722806 0.045634 
778 2.211438 0.000000 -0.112587 87.494945 -0.065110 15.605947 0.210108 
779 2.187015 0.000000 -0.090070 93.380719 -0.069835 17.090020 0.098797 
780 2.150380 0.000000 -0.101329 105.763861 -0.046836 15.680049 -0.143186 
781 2.150380 0.000000 -0.112587 106.171938 -0.040759 15.739881 -0.152023 
782 2.162591 0.000000 -0.101329 102.496842 -0.054531 15.998232 -0.076155 
783 2.150380 0.000000 -0.090070 105.691543 -0.047124 15.669124 -0.141623 
784 2.406827 0.000000 0.090070 104.581840 -0.222189 2.670344 -0.094454 
785 2.504521 0.000000 0.090070 101.317412 -0.035243 1.171540 -0.026659 
786 2.406827 0.000000 0.180140 101.694313 -0.029099 3.254056 -0.035232 
787 2.260285 0.000000 0.135105 79.359702 0.012563 3.840898 0.368729 
788 2.260285 0.000000 0.090070 58.749661 -0.148560 -9.686140 0.645463 
789 2.309132 0.000000 0.135105 101.247245 -0.108013 12.453329 -0.040610 
790 2.260285 0.000000 0.180140 89.832020 -0.185885 3.124811 0.192041 
791 2.187015 0.000000 0.112587 96.257095 -0.114095 -14.310856 0.052976 
792 2.187015 0.000000 0.090070 91.776959 -0.074011 -16.739002 0.129679 
793 2.211438 0.000000 0.112587 86.236166 -0.076129 -14.609960 0.234987 
794 2.187015 0.000000 0.135105 96.097008 -0.037905 -9.915996 0.066704 
795 2.150380 0.000000 0.101329 104.085136 -0.120368 -15.357564 -0.106958 
796 2.150380 0.000000 0.090070 104.016456 -0.120789 -15.347248 -0.105498 
797 2.162591 0.000000 0.101329 100.920100 -0.126435 -15.681574 -0.043079 
798 2.150380 0.000000 0.112587 104.446500 -0.120436 -15.410026 -0.114655 
799 2.260285 0.000000 -0.045035 311.027434 0.142471 6.424543 -8.677936 
800 2.309132 0.000000 -0.045035 160.857417 0.002039 -16.353137 -1.614253 
801 2.260285 0.000000 0.000000 285.218331 0.029714 0.448450 -7.134970 
802 2.187015 0.000000 -0.067552 165.471099 -0.067392 18.530266 -1.772406 
803 2.211438 0.000000 -0.067552 213.144560 0.000642 25.812494 -3.609689 
804 2.187015 0.000000 -0.045035 170.087353 -0.109205 12.507688 -1.908616 
805 2.174803 0.000000 -0.101329 97.405495 -0.053634 16.799328 0.022995 
806 2.174803 0.000000 -0.112587 99.928409 -0.007099 14.474668 -0.019520 
807 2.187015 0.000000 -0.101329 93.261141 -0.065089 17.068199 0.101103 
808 2.174803 0.000000 -0.090070 96.870727 -0.052831 16.865175 0.033163 
809 2.260285 0.000000 0.045035 312.985539 0.025817 -5.700655 -8.799245 
810 2.309132 0.000000 0.045035 161.009028 0.022600 18.934575 -1.628243 
811 2.187015 0.000000 0.067552 165.759706 0.028386 -19.000964 -1.783732 
812 2.187015 0.000000 0.045035 170.187794 0.022831 -13.012222 -1.913320 
813 2.211438 0.000000 0.067552 213.485704 0.057893 -26.215559 -3.626340 
814 2.174803 0.000000 0.101329 95.846555 -0.120271 -16.465942 0.054230 
815 2.174803 0.000000 0.090070 95.311508 -0.120121 -16.529996 0.064246 
816 2.187015 0.000000 0.101329 91.671494 -0.085004 -16.720248 0.131676 
817 2.174803 0.000000 0.112587 98.676163 -0.106207 -13.685779 0.007570 
818 2.235862 0.000000 -0.067552 260.438100 0.095102 24.262296 -5.841667 
819 2.235862 0.000000 -0.090070 66.935984 0.064711 11.090315 0.539657 
820 2.260285 0.000000 -0.067552 59.034860 0.225076 9.784585 0.641910 
821 2.235862 0.000000 -0.045035 260.210281 0.088507 15.013911 -5.793482 
822 2.235862 0.000000 -0.112587 79.504890 -0.046029 9.566584 0.358745 
823 2.235862 0.000000 -0.135105 84.837009 -0.040254 6.593924 0.275920 
824 2.260285 0.000000 -0.112587 65.968151 -0.039348 -0.676064 0.564774 
825 2.223650 0.000000 -0.078811 77.570767 0.000521 13.415858 0.380279 
826 2.211438 0.000000 -0.078811 88.046373 -0.074039 15.932040 0.199400 
827 2.223650 0.000000 -0.090070 77.574468 0.003273 13.299066 0.380534 
828 2.235862 0.000000 -0.078811 66.681367 0.066115 11.048264 0.543153 
829 2.223650 0.000000 -0.067552 241.427288 0.037262 21.015835 -4.872880 
830 2.235862 0.000000 0.067552 261.426857 0.033053 -24.447246 -5.894167 
831 2.235862 0.000000 0.045035 260.802005 0.034035 -14.968373 -5.824174 
832 2.260285 0.000000 0.067552 56.839240 -0.228672 -9.369594 0.668146 
833 2.235862 0.000000 0.090070 64.774666 -0.077849 -10.680309 0.569017 
834 2.235862 0.000000 0.112587 77.997139 -0.018338 -8.181645 0.384951 
835 2.260285 0.000000 0.112587 64.104989 -0.002776 2.562155 0.588399 
836 2.235862 0.000000 0.135105 83.843783 -0.035890 -4.369901 0.295112 
837 2.223650 0.000000 0.078811 75.560905 -0.036014 -13.015188 0.412115 
838 2.211438 0.000000 0.078811 86.221952 0.011579 -15.545300 0.232412 
839 2.223650 0.000000 0.067552 241.937996 0.036639 -21.193653 -4.898317 
840 2.235862 0.000000 0.078811 64.516639 -0.078370 -10.637818 0.572443 
841 2.223650 0.000000 0.090070 75.561767 -0.039542 -12.900060 0.412401 
842 2.357979 0.000000 -0.045035 116.153662 0.003210 -1.405287 -0.349365 
843 2.357979 0.000000 -0.090070 110.663658 -0.123691 -2.732592 -0.225393 
844 2.406827 0.000000 -0.045035 106.223775 -0.123778 0.575844 -0.128384 
845 2.357979 0.000000 0.000000 118.131384 -0.002101 1.189378 -0.395644 
846 2.284709 0.000000 -0.067552 219.742166 0.002844 -74.136063 -4.378278 
847 2.284709 0.000000 -0.090070 99.049608 0.022539 -58.409369 -0.322248 
848 2.309132 0.000000 -0.067552 142.531782 0.050531 -21.542433 -1.077939 
849 2.284709 0.000000 -0.045035 250.238347 0.018647 -32.151836 -5.365297 
850 2.248074 0.000000 -0.078811 62.523855 0.112216 10.361357 0.598340 
851 2.248074 0.000000 -0.090070 62.988410 0.104919 10.438138 0.592349 
852 2.260285 0.000000 -0.078811 59.474939 0.201330 9.857080 0.636553 
853 2.248074 0.000000 -0.067552 61.765010 0.126067 10.235907 0.608029 
854 2.357979 0.000000 0.045035 116.103163 -0.027139 3.890266 -0.349508 
855 2.406827 0.000000 0.045035 106.195484 -0.240356 1.921923 -0.128123 
856 2.357979 0.000000 0.090070 110.660495 -0.094062 5.295917 -0.227380 
857 2.284709 0.000000 0.067552 221.135212 0.050681 77.812058 -4.495550 
858 2.284709 0.000000 0.045035 251.770857 0.072822 34.669972 -5.459058 
859 2.309132 0.000000 0.067552 142.456087 0.013681 24.260950 -1.088233 
860 2.284709 0.000000 0.090070 97.631750 0.040812 61.855038 -0.335801 
861 2.248074 0.000000 0.078811 60.316356 -0.109819 -9.945268 0.626302 
862 2.248074 0.000000 0.067552 59.553679 -0.121972 -9.819311 0.635693 
863 2.260285 0.000000 0.078811 57.277279 -0.203119 -9.442226 0.663012 
864 2.248074 0.000000 0.090070 60.784339 -0.104010 -10.022510 0.620480 
865 -8.241827 0.000000 -8.646699 99.754902 -0.000020 6.993015 0.000006 
866 -11.368037 0.000000 -8.646699 99.755046 -0.000008 6.993050 0.000003 
867 -8.241827 0.000000 -11.528932 99.754913 -0.000008 6.992991 0.000006 
868 10.515434 0.000000 -8.646699 99.755198 0.000292 6.989083 0.000005 
869 10.515434 0.000000 -11.528932 99.755084 0.000208 6.990788 0.000005 
870 13.641644 0.000000 -8.646699 99.755315 0.000316 6.989225 0.000003 
871 -8.241827 0.000000 8.646699 99.755435 -0.000057 6.993056 -0.000005 
872 -11.368037 0.000000 8.646699 99.755305 -0.000031 6.993066 -0.000002 
873 -8.241827 0.000000 11.528932 99.755454 -0.000052 6.993024 -0.000005 
874 -3.552511 0.000000 -4.323349 99.753668 -0.004155 6.992272 0.000031 
875 -5.115617 0.000000 -4.323349 99.754439 -0.001842 6.992676 0.000015 
876 -3.552511 0.000000 -5.764466 99.753998 -0.004397 6.992198 0.000025 
877 10.515434 0.000000 8.646699 99.755728 -0.000396 6.987702 -0.000003 
878 13.641644 0.000000 8.646699 99.755663 -0.000400 6.987376 -0.000002 
879 10.515434 0.000000 11.528932 99.755580 -0.000285 6.990187 -0.000004 
880 5.826119 0.000000 -4.323349 99.754041 -0.009415 6.976481 0.000046 
881 5.826119 0.000000 -5.764466 99.755526 -0.004772 6.984745 0.000005 
882 7.389224 0.000000 -4.323349 99.755926 -0.002266 6.978274 0.000006 
883 -3.552511 0.000000 4.323349 99.755651 0.005750 6.992974 -0.000009 
884 -5.115617 0.000000 4.323349 99.755308 0.002980 6.992960 -0.000002 
885 -3.552511 0.000000 5.764466 99.755846 0.005712 6.992789 -0.000013 
886 -1.207854 0.000000 -2.161675 99.747347 0.027587 6.981447 0.000173 
887 -1.989406 0.000000 -2.161675 99.749983 0.012376 6.988843 0.000110 
888 -1.207854 0.000000 -2.882233 99.749541 0.027568 6.985155 0.000124 
889 5.826119 0.000000 4.323349 99.757593 0.003766 6.970761 -0.000017 
890 7.389224 0.000000 4.323349 99.756335 0.000260 6.971039 0.000008 
891 5.826119 0.000000 5.764466 99.755498 0.002491 6.982058 0.000009 
892 3.481461 0.000000 -2.161675 99.766407 0.027196 6.943386 -0.000155 
893 3.481461 0.000000 -2.882233 99.761781 0.002770 6.965356 -0.000093 
894 4.263014 0.000000 -2.161675 99.759046 -0.006789 6.937726 0.000000 
895 -1.207854 0.000000 2.161675 99.750359 -0.033780 6.990902 0.000099 
896 -1.989406 0.000000 2.161675 99.752759 -0.014993 6.992477 0.000049 
897 -1.207854 0.000000 2.882233 99.755144 -0.029714 6.992568 0.000001 
898 -0.817078 0.000000 -1.080837 99.728666 0.006917 6.970138 0.000561 
899 -1.207854 0.000000 -1.080837 99.743199 0.012948 6.972512 0.000268 
900 -0.817078 0.000000 -1.441116 99.742069 -0.007969 6.964519 0.000302 
901 3.481461 0.000000 2.161675 99.741227 -0.021686 6.918320 0.000382 
902 4.263014 0.000000 2.161675 99.754330 0.010601 6.909847 0.000133 
903 3.481461 0.000000 2.882233 99.747244 -0.000289 6.951824 0.000216 
904 -0.230913 0.000000 -0.540419 99.563686 -0.017542 7.052347 0.003734 
905 -0.426301 0.000000 -0.540419 99.749767 0.088460 6.890500 0.000250 
906 -0.230913 0.000000 -0.720558 99.570628 -0.020864 6.979969 0.003697 
907 0.941416 0.000000 -0.540419 99.579512 0.022814 6.516663 0.004145 
908 0.941416 0.000000 -0.720558 99.725537 0.025034 6.696179 0.000998 
909 -0.817078 0.000000 1.080837 99.728855 -0.012161 6.988837 0.000531 
910 -1.207854 0.000000 1.080837 99.741643 -0.036207 6.987417 0.000278 
911 -0.817078 0.000000 1.441116 99.736091 -0.066491 6.988138 0.000387 
912 -0.230913 0.000000 0.540419 99.678527 0.004065 6.863418 0.001708 
913 -0.426301 0.000000 0.540419 99.657831 0.112535 6.854575 0.002132 
914 -0.230913 0.000000 0.720558 99.508949 -0.076889 6.822947 0.005141 
915 -0.133219 0.000000 -0.270209 100.030573 -0.070906 7.597878 -0.006385 
916 -0.230913 0.000000 -0.270209 99.955222 0.173581 7.315329 -0.004459 
917 -0.133219 0.000000 -0.360279 99.293034 0.116572 7.372375 0.008653 
918 0.941416 0.000000 0.540419 99.781828 -0.030226 6.540522 0.000081 
919 0.941416 0.000000 0.720558 99.530770 -0.016444 6.800809 0.004737 
920 -0.133219 0.000000 0.270209 100.318801 -0.092769 6.245331 -0.010287 
921 -0.230913 0.000000 0.270209 100.097660 0.132673 6.608269 -0.006323 
922 -0.133219 0.000000 0.360279 99.581494 0.060628 6.468808 0.004168 
923 0.037745 0.000000 -0.112587 79.216247 -0.039617 -2.408173 0.371899 
924 0.013322 0.000000 -0.112587 69.011836 -0.052954 8.750662 0.516079 
925 0.037745 0.000000 -0.135105 85.294771 0.043069 1.510391 0.272252 
926 0.648333 0.000000 -0.270209 104.376949 -0.041991 1.857789 -0.089800 
927 0.648333 0.000000 -0.360279 99.444655 -0.060777 6.455197 0.006909 
928 0.746027 0.000000 -0.270209 106.286466 0.029584 2.767046 -0.130447 
929 0.648333 0.000000 0.270209 104.587405 -0.059783 1.864774 -0.094201 
930 0.746027 0.000000 0.270209 106.725273 0.011361 2.768464 -0.139795 
931 0.648333 0.000000 0.360279 99.813914 -0.107783 5.987035 0.000133 
932 0.037745 0.000000 0.112587 83.677281 -0.175768 12.401253 0.284429 
933 0.013322 0.000000 0.112587 74.223225 -0.162362 2.876087 0.448261 
934 0.037745 0.000000 0.135105 88.851014 -0.119767 9.834678 0.200876 
935 0.098804 0.000000 -0.078811 92.770668 0.176924 -15.229615 0.116163 
936 0.098804 0.000000 -0.090070 92.223718 0.292041 -15.297476 0.126069 
937 0.098804 0.000000 -0.067552 92.797430 0.169678 -15.209873 0.115727 
938 0.098804 0.000000 0.078811 97.589957 0.262615 16.494097 0.020408 
939 0.098804 0.000000 0.067552 97.620802 0.263789 16.505095 0.019769 
940 0.098804 0.000000 0.090070 96.952630 0.238832 16.349363 0.033283 
941 0.233134 0.000000 -0.067552 51.438879 -0.027783 -4.178727 0.733658 
942 0.233134 0.000000 -0.045035 52.509660 -0.105329 -3.280911 0.723196 
943 0.233134 0.000000 0.067552 51.950744 -0.127534 4.436370 0.728142 
944 0.233134 0.000000 0.045035 52.568377 -0.129908 3.326570 0.722548 
945 0.501792 0.000000 -0.045035 101.378024 -0.030279 5.024890 -0.030275 
946 0.550639 0.000000 -0.045035 104.466314 -0.029269 6.352549 -0.095357 
947 0.501792 0.000000 0.000000 104.485988 -0.029571 6.575284 -0.096056 
948 0.501792 0.000000 0.045035 101.458013 -0.029977 5.022815 -0.031896 
949 0.550639 0.000000 0.045035 104.505467 -0.031873 6.356746 -0.096180 
950 0.428522 0.000000 -0.067552 97.616849 -0.034828 2.133030 0.046640 
951 0.452945 0.000000 -0.067552 98.049318 -0.029645 3.660836 0.037293 
952 0.428522 0.000000 -0.045035 98.113605 -0.038438 1.375742 0.037183 
953 0.367463 0.000000 -0.101329 105.584657 0.016517 -3.177166 -0.115821 
954 0.367463 0.000000 -0.112587 105.597551 0.008699 -2.642421 -0.115783 
955 0.367463 0.000000 -0.090070 105.983038 0.017279 -2.906641 -0.124085 
956 0.428522 0.000000 0.067552 97.820677 -0.036058 2.128591 0.042658 
957 0.428522 0.000000 0.045035 98.321606 -0.039450 1.374543 0.033097 
958 0.452945 0.000000 0.067552 98.240788 -0.032275 3.659591 0.033535 
959 0.367463 0.000000 0.101329 106.449246 0.028656 3.471485 -0.134349 
960 0.367463 0.000000 0.090070 106.846090 0.030705 3.197049 -0.142631 
961 0.367463 0.000000 0.112587 106.348499 0.030217 2.926371 -0.131857 
962 1.722968 0.000000 -0.540419 99.984778 0.062417 6.259405 -0.003614 
963 1.722968 0.000000 -0.720558 99.948509 0.014751 6.524308 -0.003227 
964 1.722968 0.000000 0.540419 99.480884 0.090557 5.951906 0.006812 
965 1.722968 0.000000 0.720558 99.382026 -0.046506 6.309296 0.008340 
966 1.429886 0.000000 -0.270209 105.296651 0.099083 1.089667 -0.108858 
967 1.429886 0.000000 -0.360279 99.833062 -0.101177 5.590158 0.000210 
968 1.527580 0.000000 -0.270209 105.568821 0.055118 0.891210 -0.114557 
969 1.429886 0.000000 0.270209 104.115550 0.092111 1.026200 -0.084111 
970 1.527580 0.000000 0.270209 104.843227 0.097055 0.901372 -0.099292 
971 1.429886 0.000000 0.360279 99.214834 -0.092318 5.122225 0.013017 
972 3.090685 0.000000 -1.080837 99.768308 0.009919 6.777833 0.000035 
973 3.090685 0.000000 -1.441116 99.767896 0.029357 6.873222 -0.000088 
974 3.481461 0.000000 -1.080837 99.770199 0.017846 6.780838 -0.000007 
975 2.504521 0.000000 -0.540419 99.762623 0.020960 6.089254 0.001034 
976 2.504521 0.000000 -0.720558 99.746480 0.017533 6.493998 0.000847 
977 2.699909 0.000000 -0.540419 99.817991 0.017818 6.140624 -0.000134 
978 3.090685 0.000000 1.080837 99.735794 -0.015707 6.658168 0.000844 
979 3.481461 0.000000 1.080837 99.758645 -0.013709 6.634014 0.000420 
980 3.090685 0.000000 1.441116 99.731604 -0.028921 6.812062 0.000720 
981 2.504521 0.000000 0.540419 99.634651 -0.046352 5.876090 0.003841 
982 2.699909 0.000000 0.540419 99.727128 0.001133 5.766018 0.002125 
983 2.504521 0.000000 0.720558 99.464883 0.003589 6.407313 0.006568 
984 2.406827 0.000000 -0.270209 100.211764 -0.063770 3.333758 -0.005352 
985 2.406827 0.000000 -0.360279 99.553164 -0.186498 4.632251 0.006768 
986 2.504521 0.000000 -0.270209 100.218930 -0.203889 3.989747 -0.005979 
987 2.406827 0.000000 0.270209 100.186670 -0.083705 4.186572 -0.005490 
988 2.504521 0.000000 0.270209 100.205445 -0.080928 3.535837 -0.005364 
989 2.406827 0.000000 0.360279 99.343637 -0.046930 5.185176 0.010395 
990 2.357979 0.000000 -0.135105 104.957955 -0.151530 -2.341876 -0.102168 
991 2.357979 0.000000 -0.180140 101.715428 -0.022883 -0.584541 -0.034637 
992 2.406827 0.000000 -0.135105 103.034578 -0.016399 0.222962 -0.061617 
993 2.284709 0.000000 -0.112587 86.253127 -0.014261 -23.049236 0.202913 
994 2.284709 0.000000 -0.135105 89.624586 -0.108971 -10.576548 0.185556 
995 2.309132 0.000000 -0.112587 108.926601 -0.055020 -14.475503 -0.207455 
996 2.357979 0.000000 0.135105 104.828699 -0.325079 5.522782 -0.101966 
997 2.406827 0.000000 0.135105 103.014538 -0.170145 2.970420 -0.062085 
998 2.357979 0.000000 0.180140 101.530441 -0.221158 5.048218 -0.033396 
999 2.284709 0.000000 0.112587 84.949026 0.021695 25.895787 0.211307 
1000 2.309132 0.000000 0.112587 108.582933 0.027067 17.295703 -0.208940 
1001 2.284709 0.000000 0.135105 88.809754 -0.052014 13.614236 0.192748 
1 11 62 60 61 
2 62 10 24 60 
3 60 24 14 63 
4 61 60 63 6 
5 24 66 64 65 
6 66 23 40 64 
7 64 40 27 67 
8 65 64 67 14 
9 40 70 68 69 
10 69 68 71 27 
11 6 63 92 93 
12 63 14 36 92 
13 92 36 19 94 
14 93 92 94 20 
15 14 67 95 96 
16 67 27 52 95 
17 95 52 35 97 
18 96 95 97 36 
19 27 71 98 99 
20 99 98 100 52 
21 68 112 110 111 
22 112 56 80 110 
23 110 80 43 113 
24 111 110 113 71 
25 80 116 114 115 
26 115 114 117 43 
27 71 113 133 134 
28 113 43 102 133 
29 133 102 76 135 
30 134 133 135 98 
31 43 117 136 137 
32 137 136 138 102 
33 114 141 139 140 
34 141 106 129 139 
35 139 129 83 142 
36 140 139 142 117 
37 129 149 147 148 
38 147 150 132 151 
39 148 147 151 83 
40 117 142 152 153 
41 142 83 144 152 
42 152 144 125 154 
43 153 152 154 136 
44 83 151 155 156 
45 151 132 157 155 
46 156 155 158 144 
47 12 161 159 160 
48 161 7 162 159 
49 159 162 13 25 
50 160 159 25 10 
51 25 165 163 164 
52 165 13 166 163 
53 163 166 26 41 
54 164 163 41 23 
55 41 169 167 168 
56 169 26 170 167 
57 167 170 42 57 
58 168 167 57 39 
59 39 173 171 172 
60 173 57 174 171 
61 171 174 55 81 
62 172 171 81 56 
63 81 177 175 176 
64 177 55 178 175 
65 175 178 82 107 
66 176 175 107 79 
67 79 181 179 180 
68 181 107 182 179 
69 179 182 105 130 
70 180 179 130 106 
71 106 185 183 184 
72 185 130 186 183 
73 184 183 149 129 
74 195 197 109 198 
75 150 195 198 132 
76 149 201 199 200 
77 201 128 202 199 
78 199 202 150 203 
79 200 199 203 147 
80 132 198 210 157 
81 198 109 211 210 
82 19 38 213 214 
83 38 21 215 213 
84 213 215 9 216 
85 214 213 216 22 
86 35 54 217 218 
87 54 37 219 217 
88 217 219 21 220 
89 218 217 220 38 
90 51 78 221 222 
91 78 53 223 221 
92 221 223 37 224 
93 222 221 224 54 
94 76 104 225 226 
95 104 75 227 225 
96 225 227 78 228 
97 226 225 228 51 
98 101 127 229 230 
99 127 103 231 229 
100 229 231 75 232 
101 230 229 232 104 
102 125 146 233 234 
103 146 124 235 233 
104 233 235 127 236 
105 234 233 236 101 
106 144 158 237 238 
107 237 239 146 240 
108 238 237 240 125 
109 155 243 241 242 
110 243 157 244 241 
111 241 244 143 245 
112 242 241 245 158 
113 130 247 246 186 
114 247 105 248 246 
115 249 251 195 252 
116 202 249 252 150 
117 186 255 253 254 
118 255 246 256 253 
119 253 256 196 250 
120 254 253 250 128 
121 128 259 257 258 
122 259 250 260 257 
123 257 260 249 261 
124 258 257 261 202 
125 262 263 124 264 
126 239 262 264 146 
127 157 266 265 244 
128 266 210 267 265 
129 143 268 269 270 
130 268 212 271 269 
131 269 271 262 272 
132 270 269 272 239 
133 244 275 273 274 
134 275 265 276 273 
135 273 276 268 277 
136 274 273 277 143 
137 278 280 194 281 
138 197 278 281 109 
139 283 131 284 282 
140 282 284 197 285 
141 251 282 285 195 
142 107 287 286 182 
143 287 82 288 286 
144 286 288 108 192 
145 182 286 192 105 
146 105 290 289 248 
147 290 192 291 289 
148 246 293 292 256 
149 293 248 294 292 
150 292 294 131 283 
151 256 292 283 196 
152 196 297 295 296 
153 297 283 298 295 
154 295 298 282 299 
155 296 295 299 251 
156 109 281 300 211 
157 281 194 301 300 
158 210 304 303 267 
159 304 211 305 303 
160 303 305 145 306 
161 124 209 307 235 
162 209 126 308 307 
163 307 308 103 309 
164 235 307 309 127 
165 310 311 209 312 
166 263 310 312 124 
167 212 306 313 271 
168 306 145 314 313 
169 313 314 263 315 
170 271 313 315 262 
171 267 318 316 317 
172 318 303 319 316 
173 316 319 306 320 
174 317 316 320 212 
175 248 322 321 294 
176 322 289 323 321 
177 294 321 324 131 
178 192 330 329 291 
179 330 108 331 329 
180 289 334 333 323 
181 334 291 335 333 
182 333 335 191 336 
183 323 333 336 279 
184 131 324 337 284 
185 324 279 338 337 
186 337 338 278 339 
187 284 337 339 197 
188 321 342 340 341 
189 342 323 343 340 
190 340 343 279 344 
191 341 340 344 324 
192 145 346 345 314 
193 345 347 310 348 
194 314 345 348 263 
195 211 350 349 305 
196 350 300 351 349 
197 349 351 302 346 
198 305 349 346 145 
199 355 357 126 358 
200 311 355 358 209 
201 302 360 359 347 
202 360 207 361 359 
203 359 361 311 362 
204 347 359 362 310 
205 346 365 363 364 
206 365 302 366 363 
207 363 366 347 367 
208 364 363 367 345 
209 368 369 59 370 
210 280 368 370 194 
211 291 372 371 335 
212 372 329 373 371 
213 371 373 332 374 
214 191 374 375 376 
215 374 332 377 375 
216 375 377 368 378 
217 376 375 378 280 
218 335 381 379 380 
219 381 371 382 379 
220 379 382 374 383 
221 380 379 383 191 
222 194 370 384 301 
223 370 59 385 384 
224 387 356 388 386 
225 386 388 355 389 
226 361 386 389 311 
227 301 392 390 391 
228 392 384 393 390 
229 390 393 356 387 
230 391 390 387 207 
231 207 396 394 395 
232 396 387 397 394 
233 394 397 386 398 
234 395 394 398 361 
235 57 400 399 174 
236 400 42 401 399 
237 399 401 58 89 
238 174 399 89 55 
239 55 403 402 178 
240 403 89 404 402 
241 402 404 88 188 
242 178 402 188 82 
243 82 406 405 288 
244 406 188 407 405 
245 405 407 187 326 
246 288 405 326 108 
247 108 409 408 331 
248 409 326 410 408 
249 329 413 412 373 
250 413 331 414 412 
251 373 412 415 332 
252 75 123 416 227 
253 123 77 417 416 
254 416 417 53 418 
255 227 416 418 78 
256 103 206 419 231 
257 206 121 420 419 
258 419 420 123 421 
259 231 419 421 75 
260 126 354 422 308 
261 354 204 423 422 
262 422 423 206 424 
263 308 422 424 103 
264 425 427 354 428 
265 357 425 428 126 
266 356 430 429 388 
267 429 431 357 432 
268 388 429 432 355 
269 433 434 328 435 
270 369 433 435 59 
271 331 437 436 414 
272 437 408 438 436 
273 332 415 440 377 
274 415 193 441 440 
275 440 441 369 442 
276 377 440 442 368 
277 412 445 443 444 
278 445 414 446 443 
279 443 446 193 447 
280 444 443 447 415 
281 59 435 448 385 
282 435 328 449 448 
283 384 451 450 393 
284 451 385 452 450 
285 450 452 208 430 
286 393 450 430 356 
287 453 455 425 456 
288 431 453 456 357 
289 430 459 457 458 
290 459 208 460 457 
291 457 460 431 461 
292 458 457 461 429 
293 88 467 466 189 
294 467 90 468 466 
295 466 468 5 469 
296 189 466 469 91 
297 187 471 470 327 
298 471 189 472 470 
299 470 472 91 473 
300 327 470 473 190 
301 326 475 474 410 
302 475 187 476 474 
303 474 476 327 477 
304 410 474 477 325 
305 408 479 478 438 
306 479 410 480 478 
307 478 480 325 481 
308 438 478 481 411 
309 193 439 482 441 
310 439 411 483 482 
311 482 483 433 484 
312 441 482 484 369 
313 436 487 485 486 
314 487 438 488 485 
315 485 488 411 489 
316 486 485 489 439 
317 385 491 490 452 
318 491 448 492 490 
319 490 492 426 454 
320 452 490 454 208 
321 91 469 496 205 
322 469 5 497 496 
323 496 497 122 498 
324 205 496 498 121 
325 190 473 499 353 
326 473 91 500 499 
327 499 500 205 501 
328 353 499 501 204 
329 352 503 502 427 
330 503 353 504 502 
331 502 504 204 505 
332 427 502 505 354 
333 426 507 506 455 
334 507 352 508 506 
335 506 508 427 509 
336 455 506 509 425 
337 454 512 510 511 
338 512 426 513 510 
339 510 513 455 514 
340 511 510 514 453 
341 468 524 522 523 
342 522 525 518 526 
343 523 522 526 5 
344 5 526 527 528 
345 526 518 529 527 
346 528 527 530 497 
347 7 532 531 162 
348 532 16 533 531 
349 531 533 15 32 
350 162 531 32 13 
351 13 535 534 166 
352 535 32 536 534 
353 534 536 31 48 
354 166 534 48 26 
355 26 538 537 170 
356 538 48 539 537 
357 537 539 47 85 
358 170 537 85 42 
359 42 541 540 401 
360 541 85 542 540 
361 540 542 84 463 
362 401 540 463 58 
363 58 545 543 544 
364 545 463 546 543 
365 543 546 462 516 
366 544 543 516 90 
367 90 549 547 548 
368 549 516 550 547 
369 547 550 515 524 
370 548 547 524 468 
371 15 552 551 33 
372 552 17 553 551 
373 551 553 8 554 
374 33 551 554 18 
375 31 556 555 49 
376 556 33 557 555 
377 555 557 18 558 
378 49 555 558 34 
379 560 49 561 559 
380 559 561 34 562 
381 462 568 567 517 
382 568 464 569 567 
383 567 569 87 570 
384 517 567 570 465 
385 515 572 571 525 
386 572 517 573 571 
387 571 573 465 574 
388 525 571 574 518 
389 524 577 575 576 
390 577 515 578 575 
391 575 578 525 579 
392 576 575 579 522 
393 18 554 580 45 
394 554 8 581 580 
395 580 581 29 582 
396 45 580 582 28 
397 34 558 583 73 
398 558 18 584 583 
399 583 584 45 585 
400 73 583 585 44 
401 562 34 587 586 
402 586 587 73 588 
403 465 570 592 520 
404 570 87 593 592 
405 592 593 494 594 
406 520 592 594 493 
407 518 574 595 529 
408 574 465 596 595 
409 595 596 520 597 
410 529 595 597 519 
411 21 46 598 215 
412 46 28 599 598 
413 598 599 30 600 
414 215 598 600 9 
415 37 74 601 219 
416 74 44 602 601 
417 601 602 46 603 
418 219 601 603 21 
419 53 120 604 223 
420 120 72 605 604 
421 604 605 74 606 
422 223 604 606 37 
423 77 495 607 417 
424 495 118 608 607 
425 607 608 120 609 
426 417 607 609 53 
427 122 521 610 611 
428 521 493 612 610 
429 610 612 495 613 
430 611 610 613 77 
431 497 530 614 615 
432 530 519 616 614 
433 614 616 521 617 
434 615 614 617 122 
435 527 620 618 619 
436 620 529 621 618 
437 618 621 519 622 
438 619 618 622 530 
439 569 632 630 631 
440 631 630 634 87 
441 87 634 635 636 
442 636 635 638 593 
443 85 640 639 542 
444 640 47 641 639 
445 639 641 86 564 
446 542 639 564 84 
447 84 644 642 643 
448 644 564 645 642 
449 642 645 563 624 
450 643 642 624 464 
451 464 648 646 647 
452 648 624 649 646 
453 646 649 623 632 
454 647 646 632 569 
455 86 651 650 565 
456 651 559 652 650 
457 650 652 562 653 
458 565 650 653 50 
459 655 565 656 654 
460 654 656 50 657 
461 632 664 662 663 
462 664 623 665 662 
463 663 662 666 630 
464 50 653 667 590 
465 653 562 668 667 
466 667 668 586 669 
467 590 667 669 119 
468 657 50 671 670 
469 670 671 590 672 
470 118 591 676 608 
471 591 119 677 676 
472 676 677 72 678 
473 608 676 678 120 
474 494 629 679 680 
475 629 589 681 679 
476 679 681 591 682 
477 680 679 682 118 
478 593 638 683 684 
479 638 627 685 683 
480 683 685 629 686 
481 684 683 686 494 
482 635 689 687 688 
483 687 690 627 691 
484 688 687 691 638 
485 624 693 692 649 
486 693 563 694 692 
487 692 694 625 659 
488 649 692 659 623 
489 623 696 695 665 
490 696 659 697 695 
491 630 666 699 700 
492 699 701 626 702 
493 700 699 702 634 
494 662 705 703 704 
495 705 665 706 703 
496 704 703 707 666 
497 634 702 708 709 
498 702 626 710 708 
499 709 708 689 635 
500 627 675 711 685 
501 675 628 712 711 
502 711 712 589 713 
503 685 711 713 629 
504 714 716 675 717 
505 690 714 717 627 
506 689 720 718 719 
507 718 721 690 722 
508 719 718 722 687 
509 723 724 661 725 
510 701 723 725 626 
511 665 727 726 706 
512 727 695 728 726 
513 666 707 730 731 
514 707 633 732 730 
515 730 732 701 733 
516 731 730 733 699 
517 703 736 734 735 
518 736 706 737 734 
519 734 737 633 738 
520 735 734 738 707 
521 626 725 739 710 
522 725 661 740 739 
523 708 743 741 742 
524 743 710 744 741 
525 741 744 637 720 
526 742 741 720 689 
527 745 747 714 748 
528 721 745 748 690 
529 720 751 749 750 
530 751 637 752 749 
531 749 752 721 753 
532 750 749 753 718 
533 633 729 754 732 
534 729 698 755 754 
535 754 755 723 756 
536 732 754 756 701 
537 706 758 757 737 
538 758 726 759 757 
539 757 759 729 760 
540 737 757 760 633 
541 710 762 761 744 
542 762 739 763 761 
543 761 763 715 746 
544 744 761 746 637 
545 637 765 764 752 
546 765 746 766 764 
547 764 766 745 767 
548 752 764 767 721 
549 769 654 770 768 
550 768 770 657 771 
551 659 773 772 697 
552 773 625 774 772 
553 695 777 776 728 
554 777 697 778 776 
555 776 778 658 779 
556 726 781 780 759 
557 781 728 782 780 
558 780 782 698 783 
559 759 780 783 729 
560 771 657 785 784 
561 784 785 670 786 
562 787 789 628 790 
563 716 787 790 675 
564 792 673 793 791 
565 791 793 716 794 
566 747 791 794 714 
567 746 796 795 766 
568 796 715 797 795 
569 795 797 747 798 
570 766 795 798 745 
571 799 800 566 801 
572 724 799 801 661 
573 698 779 802 755 
574 779 658 803 802 
575 802 803 724 804 
576 755 802 804 723 
577 728 806 805 782 
578 806 776 807 805 
579 805 807 779 808 
580 782 805 808 698 
581 661 801 809 740 
582 801 566 810 809 
583 739 812 811 763 
584 812 740 813 811 
585 811 813 673 792 
586 763 811 792 715 
587 715 815 814 797 
588 815 792 816 814 
589 814 816 791 817 
590 797 814 817 747 
591 818 820 799 821 
592 803 818 821 724 
593 697 823 822 778 
594 823 772 824 822 
595 822 824 775 819 
596 778 822 819 658 
597 658 827 825 826 
598 827 819 828 825 
599 825 828 818 829 
600 826 825 829 803 
601 740 831 830 813 
602 831 809 832 830 
603 673 833 834 793 
604 833 788 835 834 
605 834 835 787 836 
606 793 834 836 716 
607 813 839 837 838 
608 839 830 840 837 
609 837 840 833 841 
610 838 837 841 673 
611 660 843 842 800 
612 843 768 844 842 
613 842 844 771 845 
614 800 842 845 566 
615 775 847 846 820 
616 847 660 848 846 
617 846 848 800 849 
618 820 846 849 799 
619 819 851 850 828 
620 851 775 852 850 
621 850 852 820 853 
622 828 850 853 818 
623 566 845 854 810 
624 845 771 855 854 
625 854 855 784 856 
626 810 854 856 674 
627 809 858 857 832 
628 858 810 859 857 
629 857 859 674 860 
630 832 857 860 788 
631 830 862 861 840 
632 862 832 863 861 
633 861 863 788 864 
634 840 861 864 833 
635 1 867 865 866 
636 867 12 160 865 
637 865 160 10 62 
638 866 865 62 11 
639 16 869 868 533 
640 869 2 870 868 
641 868 870 17 552 
642 533 868 552 15 
643 20 94 871 872 
644 94 19 214 871 
645 871 214 22 873 
646 872 871 873 4 
647 10 876 874 875 
648 876 25 164 874 
649 874 164 23 66 
650 875 874 66 24 
651 28 582 877 599 
652 582 29 878 877 
653 877 878 3 879 
654 599 877 879 30 
655 32 881 880 536 
656 881 15 882 880 
657 880 882 33 556 
658 536 880 556 31 
659 36 97 883 884 
660 97 35 218 883 
661 883 218 38 885 
662 884 883 885 19 
663 23 888 886 887 
664 888 41 168 886 
665 886 168 39 70 
666 887 886 70 40 
667 44 585 889 602 
668 585 45 890 889 
669 889 890 28 891 
670 602 889 891 46 
671 48 893 892 539 
672 893 31 894 892 
673 892 894 49 560 
674 539 892 560 47 
675 52 100 895 896 
676 100 51 222 895 
677 895 222 54 897 
678 896 895 897 35 
679 70 900 898 899 
680 900 39 172 898 
681 898 172 56 112 
682 899 898 112 68 
683 72 588 901 605 
684 588 73 902 901 
685 901 902 44 903 
686 605 901 903 74 
687 56 906 904 905 
688 906 81 176 904 
689 904 176 79 116 
690 905 904 116 80 
691 89 908 907 404 
692 908 58 544 907 
693 907 544 90 467 
694 404 907 467 88 
695 98 135 909 910 
696 135 76 226 909 
697 909 226 51 911 
698 910 909 911 100 
699 102 138 912 913 
700 138 101 230 912 
701 912 230 104 914 
702 913 912 914 76 
703 116 917 915 916 
704 917 79 180 915 
705 915 180 106 141 
706 916 915 141 114 
707 121 498 918 420 
708 498 122 611 918 
709 918 611 77 919 
710 420 918 919 123 
711 136 154 920 921 
712 154 125 234 920 
713 920 234 101 922 
714 921 920 922 138 
715 183 925 923 924 
716 925 186 254 923 
717 923 254 128 201 
718 924 923 201 149 
719 188 927 926 407 
720 927 88 928 926 
721 926 928 189 471 
722 407 926 471 187 
723 204 501 929 423 
724 501 205 930 929 
725 929 930 121 931 
726 423 929 931 206 
727 158 245 932 933 
728 245 143 270 932 
729 932 270 239 934 
730 933 932 934 237 
731 250 936 935 260 
732 936 196 296 935 
733 935 296 251 937 
734 260 935 937 249 
735 265 939 938 276 
736 939 267 317 938 
737 938 317 212 940 
738 276 938 940 268 
739 279 336 941 338 
740 336 191 376 941 
741 941 376 280 942 
742 338 941 942 278 
743 300 944 943 351 
744 944 301 391 943 
745 943 391 207 360 
746 351 943 360 302 
747 325 477 945 434 
748 477 327 946 945 
749 945 946 190 947 
750 434 945 947 328 
751 328 947 948 449 
752 947 190 949 948 
753 948 949 353 503 
754 449 948 503 352 
755 411 481 950 483 
756 481 325 951 950 
757 950 951 434 952 
758 483 950 952 433 
759 414 954 953 446 
760 954 436 486 953 
761 953 486 439 955 
762 446 953 955 193 
763 448 957 956 492 
764 957 449 958 956 
765 956 958 352 507 
766 492 956 507 426 
767 208 960 959 460 
768 960 454 511 959 
769 959 511 453 961 
770 460 959 961 431 
771 463 963 962 546 
772 963 84 643 962 
773 962 643 464 568 
774 546 962 568 462 
775 493 594 964 612 
776 594 494 680 964 
777 964 680 118 965 
778 612 964 965 495 
779 516 967 966 550 
780 967 462 968 966 
781 966 968 517 572 
782 550 966 572 515 
783 519 597 969 616 
784 597 520 970 969 
785 969 970 493 971 
786 616 969 971 521 
787 47 973 972 641 
788 973 560 974 972 
789 972 974 559 651 
790 641 972 651 86 
791 564 976 975 645 
792 976 86 977 975 
793 975 977 565 655 
794 645 975 655 563 
795 119 669 978 677 
796 669 586 979 978 
797 978 979 588 980 
798 677 978 980 72 
799 589 672 981 681 
800 672 590 982 981 
801 981 982 119 983 
802 681 981 983 591 
803 563 985 984 694 
804 985 655 986 984 
805 984 986 654 769 
806 694 984 769 625 
807 628 786 987 712 
808 786 670 988 987 
809 987 988 672 989 
810 712 987 989 589 
811 625 991 990 774 
812 991 769 992 990 
813 990 992 768 843 
814 774 990 843 660 
815 772 994 993 824 
816 994 774 995 993 
817 993 995 660 847 
818 824 993 847 775 
819 674 856 996 789 
820 856 784 997 996 
821 996 997 786 998 
822 789 996 998 628 
823 788 860 999 835 
824 860 674 1000 999 
825 999 1000 789 1001 
826 835 999 1001 787 
