2 0.000000 100.000000 200.432622
1001 826 
1 -11.368037 0.000000 -11.528932 99.756289 -0.000034 6.975643 0.000002 
2 13.641644 0.000000 -11.528932 99.756471 -0.000556 6.973245 0.000002 
3 13.641644 0.000000 11.528932 99.756686 0.000643 6.972440 -0.000001 
4 -11.368037 0.000000 11.528932 99.756491 0.000006 6.975655 -0.000002 
5 1.136804 0.000000 0.000000 111.183563 0.038484 6.267635 -0.240107 
6 -11.368037 0.000000 0.000000 99.756377 -0.000018 6.975665 0.000001 
7 1.136804 0.000000 -11.528932 99.755044 -0.000545 6.974217 0.000029 
8 13.641644 0.000000 0.000000 99.793383 -0.006033 6.446392 -0.000028 
9 1.136804 0.000000 11.528932 99.758365 -0.000017 6.974041 -0.000037 
10 -5.115617 0.000000 -5.764466 99.755450 -0.003961 6.975773 0.000019 
11 -11.368037 0.000000 -5.764466 99.756320 -0.000027 6.975656 0.000002 
12 -5.115617 0.000000 -11.528932 99.755874 -0.000129 6.975530 0.000011 
13 1.136804 0.000000 -5.764466 99.746896 -0.082689 6.969864 0.000197 
14 -5.115617 0.000000 0.000000 99.755870 0.000617 6.975585 0.000011 
15 7.389224 0.000000 -5.764466 99.756921 -0.004435 6.966445 0.000003 
16 7.389224 0.000000 -11.528932 99.756152 -0.000575 6.973169 0.000009 
17 13.641644 0.000000 -5.764466 99.756923 -0.001048 6.967160 0.000002 
18 7.389224 0.000000 0.000000 99.908207 -0.007630 4.797082 -0.000466 
19 -5.115617 0.000000 5.764466 99.756767 0.002861 6.975967 -0.000008 
20 -11.368037 0.000000 5.764466 99.756442 -0.000006 6.975664 -0.000001 
21 1.136804 0.000000 5.764466 99.772471 0.083004 6.968782 -0.000312 
22 -5.115617 0.000000 11.528932 99.756886 -0.000013 6.975616 -0.000010 
23 -1.989406 0.000000 -2.882233 99.754977 -0.005442 6.971111 0.000035 
24 -5.115617 0.000000 -2.882233 99.755715 -0.001255 6.975493 0.000014 
25 -1.989406 0.000000 -5.764466 99.753605 -0.014121 6.974333 0.000058 
26 1.136804 0.000000 -2.882233 99.816570 0.281264 6.937856 -0.001156 
27 -1.989406 0.000000 0.000000 99.749520 -0.002475 6.971904 0.000143 
28 7.389224 0.000000 5.764466 99.756819 0.002975 6.963330 0.000009 
29 13.641644 0.000000 5.764466 99.757475 0.001482 6.960601 -0.000000 
30 7.389224 0.000000 11.528932 99.756903 0.000502 6.972741 -0.000006 
31 4.263014 0.000000 -2.882233 99.759974 -0.014371 6.941353 -0.000024 
32 4.263014 0.000000 -5.764466 99.757459 -0.014432 6.967074 -0.000009 
33 7.389224 0.000000 -2.882233 99.758498 -0.004511 6.941771 0.000005 
34 4.263014 0.000000 0.000000 100.118019 -0.031647 1.745110 -0.002666 
35 -1.989406 0.000000 2.882233 99.751971 0.012864 6.974868 0.000090 
36 -5.115617 0.000000 2.882233 99.756163 0.002433 6.975628 0.000005 
37 1.136804 0.000000 2.882233 99.730981 -0.268182 6.927294 0.000567 
38 -1.989406 0.000000 5.764466 99.757889 0.016148 6.975704 -0.000030 
39 -0.426301 0.000000 -1.441116 99.710325 0.026738 6.938078 0.000971 
40 -1.989406 0.000000 -1.441116 99.750481 0.006798 6.971697 0.000124 
41 -0.426301 0.000000 -2.882233 99.752896 0.081612 6.955191 0.000098 
42 1.136804 0.000000 -1.441116 99.739477 0.023803 6.868537 0.000486 
43 -0.426301 0.000000 0.000000 99.829121 -0.066585 6.990949 -0.001473 
44 4.263014 0.000000 2.882233 99.752794 0.016447 6.929615 0.000136 
45 7.389224 0.000000 2.882233 99.759971 0.003486 6.917496 0.000010 
46 4.263014 0.000000 5.764466 99.755065 0.010313 6.964791 0.000042 
47 2.699909 0.000000 -1.441116 99.783046 -0.038395 6.851766 -0.000360 
48 2.699909 0.000000 -2.882233 99.790317 0.062416 6.953297 -0.000646 
49 4.263014 0.000000 -1.441116 99.766128 -0.002472 6.843377 -0.000011 
50 2.699909 0.000000 0.000000 100.289186 -0.076165 0.792842 -0.005856 
51 -0.426301 0.000000 1.441116 99.700727 -0.012551 6.979127 0.001106 
52 -1.989406 0.000000 1.441116 99.750994 -0.010929 6.974477 0.000110 
53 1.136804 0.000000 1.441116 99.803632 0.140337 6.852381 -0.000774 
54 -0.426301 0.000000 2.882233 99.752005 -0.088081 6.973791 0.000090 
55 0.355251 0.000000 -0.720558 100.679539 0.011663 6.508512 -0.017873 
56 -0.426301 0.000000 -0.720558 99.764627 0.067517 6.867117 -0.000014 
57 0.355251 0.000000 -1.441116 99.964289 -0.051791 6.889492 -0.004033 
58 1.136804 0.000000 -0.720558 100.139951 -0.192769 6.558517 -0.007106 
59 0.355251 0.000000 0.000000 -44.139995 -0.022214 0.083902 0.805165 
60 -8.241827 0.000000 -2.882233 99.756166 -0.000888 6.975763 0.000005 
61 -11.368037 0.000000 -2.882233 99.756346 -0.000023 6.975662 0.000001 
62 -8.241827 0.000000 -5.764466 99.756203 -0.000058 6.975655 0.000004 
63 -8.241827 0.000000 0.000000 99.756268 -0.000289 6.975783 0.000003 
64 -3.552511 0.000000 -1.441116 99.754350 -0.002287 6.976763 0.000039 
65 -5.115617 0.000000 -1.441116 99.755769 -0.000356 6.975542 0.000013 
66 -3.552511 0.000000 -2.882233 99.754929 -0.004706 6.974927 0.000030 
67 -3.552511 0.000000 0.000000 99.754955 0.000905 6.976950 0.000027 
68 -1.207854 0.000000 -0.720558 99.740577 -0.007081 6.961806 0.000335 
69 -1.989406 0.000000 -0.720558 99.749861 0.002922 6.971421 0.000136 
70 -1.207854 0.000000 -1.441116 99.742905 0.016947 6.963873 0.000286 
71 -1.207854 0.000000 0.000000 99.736568 -0.006389 6.967574 0.000407 
72 2.699909 0.000000 1.441116 99.676578 -0.008461 6.798742 0.001836 
73 4.263014 0.000000 1.441116 99.763308 0.007621 6.762492 0.000155 
74 2.699909 0.000000 2.882233 99.711622 -0.052791 6.936904 0.000947 
75 0.355251 0.000000 0.720558 100.027714 0.051865 6.923738 -0.005348 
76 -0.426301 0.000000 0.720558 99.628152 0.084116 6.869418 0.002704 
77 1.136804 0.000000 0.720558 99.468984 -0.085205 6.606927 0.006226 
78 0.355251 0.000000 1.441116 99.809173 0.140600 6.991127 -0.001077 
79 -0.035525 0.000000 -0.360279 97.346716 0.144278 7.519323 0.046706 
80 -0.426301 0.000000 -0.360279 99.783152 -0.031309 6.964952 -0.000519 
81 -0.035525 0.000000 -0.720558 99.177060 -0.020886 6.825870 0.011732 
82 0.355251 0.000000 -0.360279 101.349626 0.109062 6.176296 -0.030991 
83 -0.035525 0.000000 0.000000 232.521050 -0.063337 7.381873 -4.412053 
84 1.918356 0.000000 -0.720558 100.395260 -0.000273 6.458957 -0.012093 
85 1.918356 0.000000 -1.441116 99.935120 0.010326 6.845187 -0.003388 
86 2.699909 0.000000 -0.720558 99.914104 0.016052 6.492239 -0.002498 
87 1.918356 0.000000 0.000000 109.287509 0.466122 2.513853 -0.195030 
88 0.746027 0.000000 -0.360279 99.566603 -0.147957 6.559404 0.004344 
89 0.746027 0.000000 -0.720558 99.667684 0.077508 6.934834 0.001825 
90 1.136804 0.000000 -0.360279 98.914610 0.096166 5.233868 0.018850 
91 0.746027 0.000000 0.000000 112.195365 -0.003570 6.646969 -0.263198 
92 -8.241827 0.000000 2.882233 99.756385 0.000326 6.975788 0.000000 
93 -11.368037 0.000000 2.882233 99.756410 -0.000012 6.975666 -0.000000 
94 -8.241827 0.000000 5.764466 99.756491 -0.000021 6.975682 -0.000002 
95 -3.552511 0.000000 1.441116 99.755737 0.004065 6.977021 0.000011 
96 -5.115617 0.000000 1.441116 99.756008 0.001576 6.975615 0.000008 
97 -3.552511 0.000000 2.882233 99.755977 0.005167 6.975808 0.000008 
98 -1.207854 0.000000 0.720558 99.735977 -0.026717 6.964000 0.000424 
99 -1.989406 0.000000 0.720558 99.749707 -0.007714 6.972432 0.000138 
100 -1.207854 0.000000 1.441116 99.742408 -0.031083 6.972300 0.000284 
101 -0.035525 0.000000 0.360279 97.884214 -0.100635 6.144718 0.038091 
102 -0.426301 0.000000 0.360279 99.709510 -0.041178 6.801967 0.001175 
103 0.355251 0.000000 0.360279 103.351172 0.159223 6.776343 -0.072741 
104 -0.035525 0.000000 0.720558 98.958169 -0.048413 6.756319 0.016163 
105 0.159863 0.000000 -0.180140 100.007425 -0.160779 -0.072890 -0.000152 
106 -0.035525 0.000000 -0.180140 96.198230 0.415476 13.885565 0.055292 
107 0.159863 0.000000 -0.360279 99.117811 0.200125 4.851406 0.015208 
108 0.355251 0.000000 -0.180140 102.353723 0.261257 4.333867 -0.049514 
109 0.159863 0.000000 0.000000 38.479638 0.274165 0.260136 0.851917 
110 -0.817078 0.000000 -0.360279 99.743575 0.045073 6.910256 0.000347 
111 -1.207854 0.000000 -0.360279 99.737403 -0.006186 6.966637 0.000392 
112 -0.817078 0.000000 -0.720558 99.724177 -0.015110 6.961104 0.000663 
113 -0.817078 0.000000 0.000000 99.729409 0.040480 6.913672 0.000624 
114 -0.230913 0.000000 -0.180140 100.497039 -0.006615 6.942761 -0.014786 
115 -0.426301 0.000000 -0.180140 99.820477 -0.082282 6.967901 -0.001269 
116 -0.230913 0.000000 -0.360279 99.723451 0.031032 7.261109 0.000251 
117 -0.230913 0.000000 0.000000 100.681695 -0.017478 6.926218 -0.018478 
118 1.918356 0.000000 0.720558 98.998782 -0.007298 6.103382 0.016199 
119 2.699909 0.000000 0.720558 99.680473 0.021910 6.345305 0.002354 
120 1.918356 0.000000 1.441116 99.644957 0.004031 6.779818 0.002492 
121 0.746027 0.000000 0.360279 99.490435 -0.055319 6.134499 0.006402 
122 1.136804 0.000000 0.360279 100.326096 0.188281 5.902167 -0.010020 
123 0.746027 0.000000 0.720558 98.827624 -0.065445 6.936523 0.018498 
124 0.159863 0.000000 0.180140 102.111450 -0.141393 10.931841 -0.054627 
125 -0.035525 0.000000 0.180140 97.837206 0.192027 0.049831 0.042784 
126 0.355251 0.000000 0.180140 104.515230 0.282788 4.979055 -0.094830 
127 0.159863 0.000000 0.360279 100.153005 -0.174273 8.333503 -0.010010 
128 0.062169 0.000000 -0.090070 88.195240 -0.000483 -13.443581 0.204087 
129 -0.035525 0.000000 -0.090070 130.987068 0.084054 30.164237 -0.806750 
130 0.062169 0.000000 -0.180140 91.485827 -0.008998 -0.808002 0.162969 
131 0.159863 0.000000 -0.090070 106.459435 0.399277 -14.244121 -0.153667 
132 0.062169 0.000000 0.000000 328.661224 -0.084778 0.351324 -9.801833 
133 -0.817078 0.000000 0.360279 99.712691 0.053313 6.915082 0.000956 
134 -1.207854 0.000000 0.360279 99.736321 -0.006437 6.968562 0.000411 
135 -0.817078 0.000000 0.720558 99.702940 0.043268 6.922556 0.001140 
136 -0.230913 0.000000 0.180140 100.541247 -0.012492 6.919133 -0.015642 
137 -0.426301 0.000000 0.180140 99.818718 -0.022065 6.959028 -0.001220 
138 -0.230913 0.000000 0.360279 99.823824 -0.000668 6.632309 -0.000878 
139 -0.133219 0.000000 -0.090070 104.107728 0.081643 7.838715 -0.089987 
140 -0.230913 0.000000 -0.090070 100.581946 -0.028247 7.033357 -0.016620 
141 -0.133219 0.000000 -0.180140 101.657784 -0.167944 8.324488 -0.040363 
142 -0.133219 0.000000 0.000000 105.160553 0.111780 7.116707 -0.110940 
143 0.062169 0.000000 0.090070 92.877735 0.020421 19.614071 0.098901 
144 -0.035525 0.000000 0.090070 132.816715 0.029778 -15.606787 -0.788385 
145 0.159863 0.000000 0.090070 110.467387 0.282839 15.048401 -0.242958 
146 0.062169 0.000000 0.180140 94.040833 -0.200601 12.790994 0.099267 
147 0.013322 0.000000 -0.045035 99.939725 0.614871 -19.531496 -0.036981 
148 -0.035525 0.000000 -0.045035 193.958413 -0.065876 31.479448 -2.861083 
149 0.013322 0.000000 -0.090070 8.604598 -0.129451 -14.967253 0.970193 
150 0.062169 0.000000 -0.045035 317.039018 -0.084932 -19.945442 -9.091157 
151 0.013322 0.000000 0.000000 817.682244 -0.022713 2.254571 -65.860934 
152 -0.133219 0.000000 0.090070 104.298187 0.034371 6.253533 -0.091722 
153 -0.230913 0.000000 0.090070 100.607405 -0.018910 6.825736 -0.016844 
154 -0.133219 0.000000 0.180140 101.863122 -0.131294 5.612055 -0.040761 
155 0.013322 0.000000 0.045035 107.805414 -0.764699 21.321667 -0.207721 
156 -0.035525 0.000000 0.045035 194.682185 -0.078627 -16.634584 -2.817787 
157 0.062169 0.000000 0.045035 316.477656 -0.059817 20.707734 -9.058692 
158 0.013322 0.000000 0.090070 17.695801 -0.200438 23.889713 0.911610 
159 -1.989406 0.000000 -8.646699 99.753935 -0.014059 6.975105 0.000050 
160 -5.115617 0.000000 -8.646699 99.755800 -0.000146 6.975557 0.000012 
161 -1.989406 0.000000 -11.528932 99.755302 -0.000300 6.975144 0.000023 
162 1.136804 0.000000 -8.646699 99.753766 -0.027221 6.972915 0.000056 
163 -0.426301 0.000000 -4.323349 99.754416 -0.072014 6.966905 0.000051 
164 -1.989406 0.000000 -4.323349 99.750073 -0.019614 6.976157 0.000126 
165 -0.426301 0.000000 -5.764466 99.752789 -0.036355 6.971740 0.000077 
166 1.136804 0.000000 -4.323349 99.753754 -0.141989 6.966563 0.000064 
167 0.355251 0.000000 -2.161675 99.870663 0.000388 6.923298 -0.002208 
168 -0.426301 0.000000 -2.161675 99.741098 0.075105 6.944099 0.000349 
169 0.355251 0.000000 -2.882233 99.791281 0.204811 6.939578 -0.000650 
170 1.136804 0.000000 -2.161675 99.876540 0.065970 6.937614 -0.002346 
171 -0.035525 0.000000 -1.080837 99.886889 0.052367 6.704990 -0.002235 
172 -0.426301 0.000000 -1.080837 99.782971 0.031667 6.875812 -0.000392 
173 -0.035525 0.000000 -1.441116 99.724374 0.003737 6.882093 0.000769 
174 0.355251 0.000000 -1.080837 100.962108 -0.117494 6.762525 -0.023909 
175 0.159863 0.000000 -0.540419 99.559727 -0.002761 5.941250 0.005256 
176 -0.035525 0.000000 -0.540419 98.881845 0.049891 6.799513 0.017614 
177 0.159863 0.000000 -0.720558 99.598322 0.023414 6.399677 0.003922 
178 0.355251 0.000000 -0.540419 100.671593 -0.122707 6.647236 -0.017897 
179 0.062169 0.000000 -0.270209 91.991138 0.349884 3.763293 0.152335 
180 -0.035525 0.000000 -0.270209 95.311207 0.048508 9.350186 0.082835 
181 0.062169 0.000000 -0.360279 96.101566 0.172106 5.613120 0.073295 
182 0.159863 0.000000 -0.270209 100.043690 0.403756 2.745584 -0.001644 
183 0.013322 0.000000 -0.135105 63.549949 -0.009072 4.861137 0.593777 
184 -0.035525 0.000000 -0.135105 104.264026 0.205804 19.428570 -0.124850 
185 0.013322 0.000000 -0.180140 80.984962 0.452040 6.833593 0.339453 
186 0.062169 0.000000 -0.135105 93.053019 0.004683 -6.063023 0.130438 
187 0.550639 0.000000 -0.180140 110.765934 -0.025044 5.054768 -0.229464 
188 0.550639 0.000000 -0.360279 99.086844 -0.089110 7.080017 0.013166 
189 0.746027 0.000000 -0.180140 112.284543 0.008114 5.150164 -0.263434 
190 0.550639 0.000000 0.000000 110.831264 -0.025919 6.571518 -0.232675 
191 0.257557 0.000000 -0.090070 105.569958 -0.019951 -10.433317 -0.125387 
192 0.257557 0.000000 -0.180140 100.608297 0.328316 2.031439 -0.012626 
193 0.355251 0.000000 -0.090070 104.515016 0.010117 -4.288288 -0.094178 
194 0.257557 0.000000 0.000000 -25.583273 -0.064349 0.054949 0.934549 
195 0.111016 0.000000 -0.045035 122.242353 -0.053165 -11.252197 -0.506981 
196 0.111016 0.000000 -0.090070 97.767965 0.396736 -16.019059 0.018466 
197 0.159863 0.000000 -0.045035 37.771728 0.360134 -3.844307 0.855839 
198 0.111016 0.000000 0.000000 127.068963 -0.047560 0.158721 -0.614655 
199 0.037745 0.000000 -0.067552 63.804318 0.522629 -12.273020 0.577811 
200 0.013322 0.000000 -0.067552 99.826803 0.622818 -19.095258 -0.033041 
201 0.037745 0.000000 -0.090070 86.337102 -0.102957 -19.760465 0.215542 
202 0.062169 0.000000 -0.067552 67.861117 0.459152 -12.827578 0.523011 
203 0.037745 0.000000 -0.045035 66.215204 0.495015 -12.899075 0.544892 
204 0.550639 0.000000 0.180140 110.910717 -0.038353 5.087640 -0.232707 
205 0.746027 0.000000 0.180140 112.508380 -0.014445 5.190815 -0.268508 
206 0.550639 0.000000 0.360279 99.408038 -0.038105 5.485853 0.008795 
207 0.257557 0.000000 0.090070 108.275189 -0.080401 10.957312 -0.184359 
208 0.355251 0.000000 0.090070 105.583537 0.031966 4.600244 -0.116905 
209 0.257557 0.000000 0.180140 102.109166 0.172368 7.616026 -0.048432 
210 0.111016 0.000000 0.045035 122.310831 -0.096142 11.648564 -0.509564 
211 0.159863 0.000000 0.045035 38.039572 0.176858 4.259065 0.853482 
212 0.111016 0.000000 0.090070 102.453255 0.224956 17.321925 -0.079677 
213 -1.989406 0.000000 8.646699 99.758942 0.012480 6.975753 -0.000051 
214 -5.115617 0.000000 8.646699 99.756850 -0.000047 6.975670 -0.000009 
215 1.136804 0.000000 8.646699 99.761315 0.026759 6.972586 -0.000094 
216 -1.989406 0.000000 11.528932 99.757749 -0.000057 6.975299 -0.000026 
217 -0.426301 0.000000 4.323349 99.767405 0.065143 6.976953 -0.000222 
218 -1.989406 0.000000 4.323349 99.759425 0.021907 6.978042 -0.000064 
219 1.136804 0.000000 4.323349 99.773183 0.137885 6.961619 -0.000317 
220 -0.426301 0.000000 5.764466 99.762430 0.038591 6.974236 -0.000118 
221 0.355251 0.000000 2.161675 99.833891 -0.367935 6.962761 -0.001542 
222 -0.426301 0.000000 2.161675 99.738432 -0.099017 6.973909 0.000360 
223 1.136804 0.000000 2.161675 99.825369 -0.043449 6.909679 -0.001285 
224 0.355251 0.000000 2.882233 99.774166 -0.207447 6.958947 -0.000335 
225 -0.035525 0.000000 1.080837 99.281322 0.225479 6.904350 0.009550 
226 -0.426301 0.000000 1.080837 99.621325 0.091525 6.911136 0.002782 
227 0.355251 0.000000 1.080837 99.187121 0.281660 6.953417 0.011349 
228 -0.035525 0.000000 1.441116 99.693145 0.003854 7.028697 0.001187 
229 0.159863 0.000000 0.540419 99.855753 0.020769 7.476813 -0.002707 
230 -0.035525 0.000000 0.540419 98.926540 0.061275 6.871905 0.016631 
231 0.355251 0.000000 0.540419 100.428191 -0.102879 6.568418 -0.012898 
232 0.159863 0.000000 0.720558 99.622644 0.029067 7.178206 0.002380 
233 0.062169 0.000000 0.270209 93.174817 -0.017304 9.353032 0.123097 
234 -0.035525 0.000000 0.270209 96.134062 0.006257 4.459412 0.073836 
235 0.159863 0.000000 0.270209 101.190384 0.070181 9.810358 -0.033574 
236 0.062169 0.000000 0.360279 96.882594 -0.113031 7.832063 0.055241 
237 0.013322 0.000000 0.135105 68.020382 -0.052945 7.310005 0.531979 
238 -0.035525 0.000000 0.135105 106.155660 0.144463 -5.293624 -0.129707 
239 0.062169 0.000000 0.135105 96.332765 -0.112617 16.510497 0.044739 
240 0.013322 0.000000 0.180140 83.841378 0.159484 6.143350 0.293286 
241 0.037745 0.000000 0.067552 71.326650 -0.497880 14.204536 0.471049 
242 0.013322 0.000000 0.067552 107.644366 -0.754940 21.325384 -0.204265 
243 0.037745 0.000000 0.045035 73.938640 -0.489792 14.672861 0.431754 
244 0.062169 0.000000 0.067552 74.223663 -0.305481 14.464553 0.428153 
245 0.037745 0.000000 0.090070 91.531321 -0.067303 26.975872 0.089432 
246 0.111016 0.000000 -0.135105 101.809443 -0.118746 -4.354065 -0.038413 
247 0.111016 0.000000 -0.180140 98.746075 -0.310288 -1.105679 0.024789 
248 0.159863 0.000000 -0.135105 101.318273 0.051684 -1.998408 -0.026939 
249 0.086592 0.000000 -0.067552 102.700556 -0.007272 -16.874522 -0.083215 
250 0.086592 0.000000 -0.090070 103.887457 -0.048958 -17.257695 -0.109043 
251 0.111016 0.000000 -0.067552 98.317044 0.353711 -16.055401 0.007586 
252 0.086592 0.000000 -0.045035 200.960214 -0.076309 -18.077025 -3.071179 
253 0.086592 0.000000 -0.112587 100.294936 0.101300 -10.163228 -0.016238 
254 0.062169 0.000000 -0.112587 91.674875 0.064410 -10.297210 0.148968 
255 0.086592 0.000000 -0.135105 98.950331 0.011351 -5.751320 0.017575 
256 0.111016 0.000000 -0.112587 103.607320 0.270772 -7.847953 -0.079614 
257 0.074381 0.000000 -0.078811 97.125184 0.022594 -16.449556 0.029611 
258 0.062169 0.000000 -0.078811 70.993885 0.412455 -13.300777 0.478279 
259 0.074381 0.000000 -0.090070 86.012244 0.103024 -19.053953 0.223883 
260 0.086592 0.000000 -0.078811 102.602708 0.013567 -16.898437 -0.081287 
261 0.074381 0.000000 -0.067552 90.821690 0.116605 -15.707958 0.150467 
262 0.111016 0.000000 0.135105 104.726828 -0.057180 13.824773 -0.115884 
263 0.159863 0.000000 0.135105 103.965119 -0.066157 10.435092 -0.091764 
264 0.111016 0.000000 0.180140 100.993622 -0.367613 12.405563 -0.035374 
265 0.086592 0.000000 0.067552 107.604933 0.375629 18.164303 -0.190890 
266 0.086592 0.000000 0.045035 200.849568 -0.058654 18.333963 -3.067669 
267 0.111016 0.000000 0.067552 103.008022 0.242719 17.427300 -0.091442 
268 0.086592 0.000000 0.090070 108.790003 0.419802 18.331878 -0.217150 
269 0.086592 0.000000 0.112587 103.875429 0.064566 18.223136 -0.112219 
270 0.062169 0.000000 0.112587 95.610874 -0.070209 19.175160 0.049087 
271 0.111016 0.000000 0.112587 106.976694 0.267059 15.281967 -0.167762 
272 0.086592 0.000000 0.135105 102.033324 0.019260 15.653427 -0.065583 
273 0.074381 0.000000 0.078811 102.356970 0.230089 17.606122 -0.078698 
274 0.062169 0.000000 0.078811 77.257914 -0.252497 14.760166 0.381329 
275 0.074381 0.000000 0.067552 96.301343 0.112544 16.938127 0.043914 
276 0.086592 0.000000 0.078811 107.489426 0.374103 18.138582 -0.188312 
277 0.074381 0.000000 0.090070 90.776596 0.068335 24.335787 0.116737 
278 0.208710 0.000000 -0.045035 -10.932267 -0.067210 -2.729726 0.987303 
279 0.208710 0.000000 -0.090070 101.205873 0.193488 -12.655626 -0.040283 
280 0.257557 0.000000 -0.045035 -25.199323 -0.096450 -2.003175 0.936097 
281 0.208710 0.000000 0.000000 -8.119380 -0.052639 0.060416 0.993407 
282 0.135439 0.000000 -0.067552 95.715715 0.577654 -15.880891 0.058597 
283 0.135439 0.000000 -0.090070 97.242794 0.541084 -15.660954 0.029828 
284 0.159863 0.000000 -0.067552 41.381222 0.259075 -6.559981 0.824449 
285 0.135439 0.000000 -0.045035 68.619978 0.209638 -7.678555 0.523229 
286 0.257557 0.000000 -0.270209 101.941902 0.185934 4.587571 -0.041323 
287 0.257557 0.000000 -0.360279 101.235774 0.215643 5.303492 -0.027686 
288 0.355251 0.000000 -0.270209 101.889563 0.186935 6.059736 -0.041824 
289 0.208710 0.000000 -0.135105 103.001537 0.268901 -2.124304 -0.061390 
290 0.208710 0.000000 -0.180140 100.602397 0.327928 0.837464 -0.012165 
291 0.257557 0.000000 -0.135105 99.948451 0.382971 -1.398775 0.000820 
292 0.135439 0.000000 -0.112587 105.198836 0.277825 -6.466615 -0.110869 
293 0.135439 0.000000 -0.135105 102.926986 -0.002059 -3.128371 -0.060375 
294 0.159863 0.000000 -0.112587 101.552545 0.245494 -4.479321 -0.033304 
295 0.123228 0.000000 -0.078811 96.154673 0.526816 -15.831402 0.050337 
296 0.111016 0.000000 -0.078811 98.094297 0.379653 -16.126316 0.011731 
297 0.123228 0.000000 -0.090070 96.537616 0.510260 -16.020520 0.042357 
298 0.135439 0.000000 -0.078811 97.095665 0.544302 -15.695223 0.032580 
299 0.123228 0.000000 -0.067552 97.006103 0.469495 -16.100447 0.033037 
300 0.208710 0.000000 0.045035 -10.814840 -0.087262 3.069096 0.987361 
301 0.257557 0.000000 0.045035 -24.861919 -0.078626 2.067238 0.937761 
302 0.208710 0.000000 0.090070 105.036685 0.030973 13.405076 -0.121240 
303 0.135439 0.000000 0.067552 100.289448 0.182876 16.914172 -0.034410 
304 0.135439 0.000000 0.045035 68.254497 0.073999 8.171058 0.527455 
305 0.159863 0.000000 0.067552 41.937491 0.177585 6.963989 0.819272 
306 0.135439 0.000000 0.090070 101.663141 0.249616 16.653685 -0.061280 
307 0.257557 0.000000 0.270209 103.228420 0.087504 7.580036 -0.071357 
308 0.355251 0.000000 0.270209 103.078581 0.062644 5.781119 -0.065862 
309 0.257557 0.000000 0.360279 102.608278 -0.086307 7.828532 -0.058975 
310 0.208710 0.000000 0.135105 105.738067 0.057373 9.502436 -0.127084 
311 0.257557 0.000000 0.135105 102.344262 0.063670 8.145293 -0.054070 
312 0.208710 0.000000 0.180140 102.233750 0.145954 9.315120 -0.053853 
313 0.135439 0.000000 0.112587 108.652123 0.206468 13.218214 -0.198005 
314 0.159863 0.000000 0.112587 104.617741 0.033431 10.493280 -0.105498 
315 0.135439 0.000000 0.135105 105.823952 -0.039147 12.087720 -0.134482 
316 0.123228 0.000000 0.078811 100.793995 0.179867 17.029467 -0.044946 
317 0.111016 0.000000 0.078811 102.785339 0.235137 17.365764 -0.086645 
318 0.123228 0.000000 0.067552 101.687151 0.199731 17.146803 -0.063433 
319 0.135439 0.000000 0.078811 101.528495 0.244605 16.692203 -0.058672 
320 0.123228 0.000000 0.090070 101.172959 0.195427 17.061315 -0.052709 
321 0.184287 0.000000 -0.112587 101.544375 0.195367 -6.917595 -0.035915 
322 0.184287 0.000000 -0.135105 99.868365 0.186625 -2.684354 0.001907 
323 0.208710 0.000000 -0.112587 111.600890 0.236969 -6.388013 -0.249562 
324 0.184287 0.000000 -0.090070 104.229778 0.359691 -13.797979 -0.105436 
325 0.452945 0.000000 -0.090070 97.571546 -0.030924 2.830497 0.047178 
326 0.452945 0.000000 -0.180140 101.737906 -0.037668 1.166172 -0.035196 
327 0.550639 0.000000 -0.090070 108.356439 -0.025037 5.591579 -0.177238 
328 0.452945 0.000000 0.000000 110.831263 -0.025918 6.571520 -0.232675 
329 0.306404 0.000000 -0.135105 101.082478 0.148171 1.779699 -0.022086 
330 0.306404 0.000000 -0.180140 101.258841 0.572937 3.467455 -0.026570 
331 0.355251 0.000000 -0.135105 110.590959 0.147685 0.905792 -0.223120 
332 0.306404 0.000000 -0.090070 106.113192 0.009393 -6.461196 -0.130176 
333 0.233134 0.000000 -0.112587 106.489781 -0.024150 -10.521308 -0.145077 
334 0.233134 0.000000 -0.135105 100.021619 0.257098 -0.097119 -0.000440 
335 0.257557 0.000000 -0.112587 105.506868 -0.017891 -10.427007 -0.124042 
336 0.233134 0.000000 -0.090070 106.026678 -0.024762 -10.476160 -0.135141 
337 0.184287 0.000000 -0.067552 13.553599 0.275312 -8.281917 0.974763 
338 0.208710 0.000000 -0.067552 -17.918672 0.054939 -5.623666 0.964729 
339 0.184287 0.000000 -0.045035 13.849572 0.154151 -3.923234 0.979277 
340 0.196498 0.000000 -0.101329 102.384373 0.322392 -13.699516 -0.067034 
341 0.184287 0.000000 -0.101329 103.822003 0.357424 -13.894222 -0.097219 
342 0.196498 0.000000 -0.112587 98.827660 0.217386 -5.092139 0.020712 
343 0.208710 0.000000 -0.101329 102.172570 0.170133 -12.241801 -0.058912 
344 0.196498 0.000000 -0.090070 102.630648 0.332416 -13.733058 -0.072176 
345 0.184287 0.000000 0.112587 104.763862 0.021677 12.343263 -0.112782 
346 0.184287 0.000000 0.090070 108.322470 0.118072 14.806570 -0.195301 
347 0.208710 0.000000 0.112587 114.858455 0.015500 11.032356 -0.331418 
348 0.184287 0.000000 0.135105 102.391315 0.084185 10.530157 -0.059487 
349 0.184287 0.000000 0.067552 14.233127 0.179813 8.758454 0.972068 
350 0.184287 0.000000 0.045035 14.082922 0.186818 4.334765 0.978285 
351 0.208710 0.000000 0.067552 -17.611329 -0.011345 5.925886 0.965472 
352 0.452945 0.000000 0.090070 97.695834 -0.020963 2.831139 0.044751 
353 0.550639 0.000000 0.090070 108.435086 -0.028731 5.599525 -0.178952 
354 0.452945 0.000000 0.180140 101.881227 -0.034769 1.171857 -0.038116 
355 0.306404 0.000000 0.135105 103.473548 0.028040 4.585456 -0.072780 
356 0.306404 0.000000 0.090070 107.832282 -0.008918 6.827921 -0.167442 
357 0.355251 0.000000 0.135105 111.775471 0.137331 4.624222 -0.251516 
358 0.306404 0.000000 0.180140 102.769456 0.284159 5.872980 -0.059613 
359 0.233134 0.000000 0.112587 109.507692 -0.005277 11.080311 -0.211471 
360 0.233134 0.000000 0.090070 109.017774 -0.021215 11.031920 -0.200658 
361 0.257557 0.000000 0.112587 108.207350 -0.080175 10.950471 -0.182875 
362 0.233134 0.000000 0.135105 102.398932 -0.085174 7.086635 -0.053577 
363 0.196498 0.000000 0.101329 106.480614 0.045004 14.513404 -0.154876 
364 0.184287 0.000000 0.101329 107.942004 0.094391 14.711443 -0.186791 
365 0.196498 0.000000 0.090070 106.740913 0.039351 14.548985 -0.160530 
366 0.208710 0.000000 0.101329 105.904067 0.025069 12.960904 -0.138366 
367 0.196498 0.000000 0.112587 101.948004 0.141702 10.055171 -0.049452 
368 0.306404 0.000000 -0.045035 -36.578887 0.002452 0.302443 0.866189 
369 0.355251 0.000000 -0.045035 -46.104479 -0.008278 -0.334186 0.787427 
370 0.306404 0.000000 0.000000 -36.990143 -0.023254 0.075623 0.863172 
371 0.281981 0.000000 -0.112587 103.358109 0.004637 -8.306211 -0.075189 
372 0.281981 0.000000 -0.135105 106.365482 0.153842 -0.416296 -0.131381 
373 0.306404 0.000000 -0.112587 106.658365 0.012936 -6.495478 -0.141820 
374 0.281981 0.000000 -0.090070 103.510217 0.005691 -8.660594 -0.078937 
375 0.281981 0.000000 -0.067552 -42.504500 0.031139 -2.536306 0.818693 
376 0.257557 0.000000 -0.067552 -25.378067 -0.064529 -4.190140 0.933839 
377 0.306404 0.000000 -0.067552 -36.021947 0.017294 0.247561 0.870236 
378 0.281981 0.000000 -0.045035 -37.458325 -0.035073 -1.258359 0.859529 
379 0.269769 0.000000 -0.101329 104.356354 0.002455 -10.085241 -0.099196 
380 0.257557 0.000000 -0.101329 105.564317 -0.019767 -10.432753 -0.125267 
381 0.269769 0.000000 -0.112587 103.807630 0.012160 -10.256818 -0.088123 
382 0.281981 0.000000 -0.101329 102.364662 0.010826 -9.376908 -0.056645 
383 0.269769 0.000000 -0.090070 104.451357 0.001487 -10.321297 -0.101662 
384 0.306404 0.000000 0.045035 -36.678509 -0.011482 -0.245988 0.865463 
385 0.355251 0.000000 0.045035 -46.148347 -0.035363 0.501859 0.787008 
386 0.281981 0.000000 0.112587 105.511498 0.016846 8.745024 -0.120915 
387 0.281981 0.000000 0.090070 105.744791 0.003259 9.112669 -0.126500 
388 0.306404 0.000000 0.112587 108.358325 -0.018627 6.860661 -0.178860 
389 0.281981 0.000000 0.135105 108.644437 -0.057695 6.935723 -0.185172 
390 0.281981 0.000000 0.067552 -42.564734 0.044706 2.676500 0.818108 
391 0.257557 0.000000 0.067552 -25.008165 -0.083953 4.292791 0.935616 
392 0.281981 0.000000 0.045035 -37.431435 0.024764 1.395610 0.859694 
393 0.306404 0.000000 0.067552 -36.109603 -0.026707 -0.187202 0.869606 
394 0.269769 0.000000 0.101329 106.931302 -0.052750 10.591871 -0.154649 
395 0.257557 0.000000 0.101329 108.269123 -0.080381 10.956700 -0.184226 
396 0.269769 0.000000 0.090070 107.071131 -0.054569 10.835989 -0.158165 
397 0.281981 0.000000 0.101329 104.686055 0.040322 9.849574 -0.105619 
398 0.269769 0.000000 0.112587 106.378089 -0.037297 10.766167 -0.143221 
399 0.746027 0.000000 -1.080837 100.224889 -0.252838 7.087899 -0.009533 
400 0.746027 0.000000 -1.441116 99.777683 -0.013505 6.959124 -0.000402 
401 1.136804 0.000000 -1.080837 99.892429 -0.098563 6.837475 -0.002526 
402 0.550639 0.000000 -0.540419 99.390383 -0.385981 6.954303 0.007304 
403 0.550639 0.000000 -0.720558 100.425547 0.029267 6.968703 -0.013385 
404 0.746027 0.000000 -0.540419 99.776778 -0.039137 6.906662 -0.000311 
405 0.452945 0.000000 -0.270209 99.148474 -0.135931 7.257813 0.011689 
406 0.452945 0.000000 -0.360279 100.011637 -0.019205 7.052567 -0.005207 
407 0.550639 0.000000 -0.270209 110.767392 -0.033799 1.860206 -0.227288 
408 0.404098 0.000000 -0.135105 92.784885 -0.041549 0.454788 0.139076 
409 0.404098 0.000000 -0.180140 104.079253 0.011426 6.384807 -0.087326 
410 0.452945 0.000000 -0.135105 98.336993 -0.032932 2.222482 0.032490 
411 0.404098 0.000000 -0.090070 95.257615 -0.067389 -1.027710 0.092493 
412 0.330828 0.000000 -0.112587 106.461127 0.036901 -6.485530 -0.137604 
413 0.330828 0.000000 -0.135105 100.950291 0.102049 -0.248763 -0.019103 
414 0.355251 0.000000 -0.112587 104.726401 0.016924 -4.555452 -0.098837 
415 0.330828 0.000000 -0.090070 106.467128 0.035964 -6.485901 -0.137732 
416 0.746027 0.000000 1.080837 99.359121 -0.015863 6.950463 0.007946 
417 1.136804 0.000000 1.080837 99.702785 -0.044281 6.827849 0.001273 
418 0.746027 0.000000 1.441116 99.741546 0.254129 6.901919 0.000392 
419 0.550639 0.000000 0.540419 98.785106 -0.059926 6.357626 0.020108 
420 0.746027 0.000000 0.540419 99.370311 -0.058053 6.554364 0.008258 
421 0.550639 0.000000 0.720558 99.673655 0.050287 6.659667 0.002081 
422 0.452945 0.000000 0.270209 99.980166 -0.108970 4.294278 -0.001449 
423 0.550639 0.000000 0.270209 110.917619 -0.054125 1.870395 -0.230622 
424 0.452945 0.000000 0.360279 101.800894 0.122459 5.390051 -0.039249 
425 0.404098 0.000000 0.135105 92.921230 -0.015705 0.455850 0.136544 
426 0.404098 0.000000 0.090070 95.436399 0.050236 1.842232 0.088850 
427 0.452945 0.000000 0.135105 98.473197 -0.022290 2.226974 0.029807 
428 0.404098 0.000000 0.180140 106.102012 0.079976 2.673749 -0.126479 
429 0.330828 0.000000 0.112587 108.133259 -0.028951 6.848134 -0.173970 
430 0.330828 0.000000 0.090070 108.140480 -0.029491 6.848583 -0.174127 
431 0.355251 0.000000 0.112587 105.865402 0.026592 4.873333 -0.123123 
432 0.330828 0.000000 0.135105 103.198223 0.139754 6.368749 -0.069045 
433 0.404098 0.000000 -0.045035 -39.832880 0.014646 0.773640 0.841274 
434 0.452945 0.000000 -0.045035 100.482640 -0.025569 4.450158 -0.011657 
435 0.404098 0.000000 0.000000 -37.712820 0.007418 0.024679 0.857774 
436 0.379675 0.000000 -0.112587 103.137251 -0.050624 -2.071549 -0.064159 
437 0.379675 0.000000 -0.135105 105.600619 0.066016 3.078769 -0.116097 
438 0.404098 0.000000 -0.112587 91.592979 -0.069050 -1.427838 0.160868 
439 0.379675 0.000000 -0.090070 102.487837 -0.061070 -2.057872 -0.050800 
440 0.330828 0.000000 -0.067552 -38.396036 -0.033082 -2.145603 0.852114 
441 0.355251 0.000000 -0.067552 -50.884130 -0.002674 -0.972941 0.740986 
442 0.330828 0.000000 -0.045035 -38.608197 -0.045275 -1.089801 0.850822 
443 0.343039 0.000000 -0.101329 105.566160 0.043220 -6.054918 -0.118088 
444 0.330828 0.000000 -0.101329 106.465108 0.036279 -6.485776 -0.137689 
445 0.343039 0.000000 -0.112587 105.401331 0.038318 -5.939718 -0.114472 
446 0.355251 0.000000 -0.101329 104.362970 0.013916 -4.586267 -0.091266 
447 0.343039 0.000000 -0.090070 105.815815 0.045085 -6.445299 -0.123853 
448 0.404098 0.000000 0.045035 -39.894023 -0.004701 -0.718734 0.840795 
449 0.452945 0.000000 0.045035 100.595532 -0.021475 4.455205 -0.013931 
450 0.330828 0.000000 0.067552 -38.559182 -0.067586 2.240054 0.850817 
451 0.330828 0.000000 0.045035 -38.594982 -0.078419 1.271967 0.850880 
452 0.355251 0.000000 0.067552 -50.972546 -0.041676 1.141700 0.740049 
453 0.379675 0.000000 0.112587 103.509927 0.054426 2.337446 -0.071977 
454 0.379675 0.000000 0.090070 102.796596 0.059363 2.321988 -0.057254 
455 0.404098 0.000000 0.112587 91.713739 0.044123 1.937857 0.158483 
456 0.379675 0.000000 0.135105 106.525278 -0.224234 2.140119 -0.135227 
457 0.343039 0.000000 0.101329 107.078874 -0.000580 6.404581 -0.150690 
458 0.330828 0.000000 0.101329 108.138049 -0.029309 6.848432 -0.174074 
459 0.343039 0.000000 0.090070 107.411157 -0.009844 6.802960 -0.158344 
460 0.355251 0.000000 0.101329 105.505337 0.032544 4.903622 -0.115542 
461 0.343039 0.000000 0.112587 106.882901 0.002481 6.286625 -0.146348 
462 1.527580 0.000000 -0.360279 100.475142 -0.085309 5.364793 -0.012404 
463 1.527580 0.000000 -0.720558 100.333087 0.168330 6.520173 -0.010927 
464 1.918356 0.000000 -0.360279 99.116593 0.080493 5.644079 0.014404 
465 1.527580 0.000000 0.000000 110.501177 0.079486 2.424112 -0.221639 
466 0.941416 0.000000 -0.180140 111.964947 0.052027 4.953370 -0.256069 
467 0.941416 0.000000 -0.360279 99.570727 -0.023718 6.210228 0.004710 
468 1.136804 0.000000 -0.180140 110.062591 0.077571 3.950029 -0.212938 
469 0.941416 0.000000 0.000000 112.458066 0.027360 6.216263 -0.268546 
470 0.648333 0.000000 -0.090070 111.301019 -0.015548 5.640169 -0.241973 
471 0.648333 0.000000 -0.180140 111.483885 -0.006683 4.552165 -0.244938 
472 0.746027 0.000000 -0.090070 112.395774 0.006090 6.496260 -0.267501 
473 0.648333 0.000000 0.000000 111.682085 -0.011979 6.618580 -0.251669 
474 0.501792 0.000000 -0.135105 101.120122 -0.029470 3.348249 -0.023649 
475 0.501792 0.000000 -0.180140 104.690758 -0.033543 2.587447 -0.096685 
476 0.550639 0.000000 -0.135105 110.768633 -0.022650 5.874331 -0.230420 
477 0.501792 0.000000 -0.090070 101.065744 -0.026034 4.487472 -0.023442 
478 0.428522 0.000000 -0.112587 83.408759 -0.044824 -0.402827 0.304281 
479 0.428522 0.000000 -0.135105 98.197257 -0.036199 1.264054 0.035570 
480 0.452945 0.000000 -0.112587 97.690482 -0.033212 2.275402 0.045139 
481 0.428522 0.000000 -0.090070 88.992760 -0.043039 0.327887 0.208018 
482 0.379675 0.000000 -0.067552 -42.109364 0.005746 1.125241 0.822554 
483 0.404098 0.000000 -0.067552 92.800404 -0.036688 1.061472 0.138696 
484 0.379675 0.000000 -0.045035 -42.131248 -0.039524 0.661660 0.822452 
485 0.391886 0.000000 -0.101329 98.582368 -0.073814 -1.802602 0.027826 
486 0.379675 0.000000 -0.101329 103.179764 -0.050554 -2.072447 -0.065036 
487 0.391886 0.000000 -0.112587 98.453541 -0.072933 -1.774114 0.030375 
488 0.404098 0.000000 -0.101329 91.693823 -0.069463 -1.449801 0.159014 
489 0.391886 0.000000 -0.090070 99.647385 -0.065226 -1.562196 0.006795 
490 0.379675 0.000000 0.067552 -42.115864 -0.012116 -1.013046 0.822523 
491 0.379675 0.000000 0.045035 -42.133299 -0.050664 -0.578715 0.822445 
492 0.404098 0.000000 0.067552 92.937488 -0.010431 1.060809 0.136150 
493 1.527580 0.000000 0.360279 99.588540 0.102823 5.230273 0.005476 
494 1.918356 0.000000 0.360279 99.457947 0.231220 4.444850 0.008831 
495 1.527580 0.000000 0.720558 99.175085 -0.017803 6.357035 0.012389 
496 0.941416 0.000000 0.180140 113.409995 0.013742 4.986872 -0.288670 
497 1.136804 0.000000 0.180140 113.416613 0.026367 4.016617 -0.287946 
498 0.941416 0.000000 0.360279 100.270689 -0.088715 6.412469 -0.009534 
499 0.648333 0.000000 0.090070 111.404171 -0.026702 5.659006 -0.244291 
500 0.746027 0.000000 0.090070 112.485893 -0.002811 6.510155 -0.269546 
501 0.648333 0.000000 0.180140 111.678489 -0.026300 4.579735 -0.249306 
502 0.501792 0.000000 0.135105 101.254374 -0.023673 3.361755 -0.026375 
503 0.501792 0.000000 0.090070 101.170615 -0.020945 4.488255 -0.025564 
504 0.550639 0.000000 0.135105 110.891454 -0.034547 5.897529 -0.233170 
505 0.501792 0.000000 0.180140 104.840708 -0.034906 2.603568 -0.099835 
506 0.428522 0.000000 0.112587 83.443044 -0.034074 1.511281 0.303497 
507 0.428522 0.000000 0.090070 89.065559 -0.023687 1.662133 0.206456 
508 0.452945 0.000000 0.112587 97.825766 -0.020400 2.281895 0.042491 
509 0.428522 0.000000 0.135105 98.338313 -0.023948 1.266884 0.032797 
510 0.391886 0.000000 0.101329 98.825614 0.068829 2.113792 0.022903 
511 0.379675 0.000000 0.101329 103.550286 0.053949 2.338307 -0.072813 
512 0.391886 0.000000 0.090070 99.911042 0.055009 1.948598 0.001398 
513 0.404098 0.000000 0.101329 91.815912 0.045162 1.948291 0.156604 
514 0.391886 0.000000 0.112587 98.693583 0.066953 2.092526 0.025519 
515 1.332192 0.000000 -0.180140 111.385205 0.074540 2.242178 -0.241170 
516 1.332192 0.000000 -0.360279 100.571189 -0.113099 5.678633 -0.014682 
517 1.527580 0.000000 -0.180140 111.432882 0.043000 2.241258 -0.242231 
518 1.332192 0.000000 0.000000 109.788561 0.064311 2.676130 -0.206069 
519 1.332192 0.000000 0.180140 110.195069 0.087676 1.655643 -0.214570 
520 1.527580 0.000000 0.180140 110.799106 0.140367 1.666198 -0.227924 
521 1.332192 0.000000 0.360279 99.781313 -0.091778 4.769803 0.002093 
522 1.234498 0.000000 -0.090070 98.180351 0.039728 1.131762 0.035934 
523 1.136804 0.000000 -0.090070 106.335498 0.048696 4.411598 -0.132670 
524 1.234498 0.000000 -0.180140 105.351523 0.081027 0.669127 -0.109940 
525 1.332192 0.000000 -0.090070 104.187398 0.050795 1.481954 -0.085721 
526 1.234498 0.000000 0.000000 18.408288 -0.007096 0.353789 0.966101 
527 1.234498 0.000000 0.090070 99.217474 0.029310 1.099058 0.015468 
528 1.136804 0.000000 0.090070 107.927669 0.026508 4.414732 -0.166787 
529 1.332192 0.000000 0.090070 103.576097 0.045172 1.397764 -0.072996 
530 1.234498 0.000000 0.180140 107.568041 0.038520 0.667083 -0.157133 
531 4.263014 0.000000 -8.646699 99.755490 -0.011195 6.971550 0.000024 
532 4.263014 0.000000 -11.528932 99.755609 -0.000595 6.973397 0.000019 
533 7.389224 0.000000 -8.646699 99.756195 -0.003775 6.971269 0.000010 
534 2.699909 0.000000 -4.323349 99.760449 -0.062109 6.962179 -0.000062 
535 2.699909 0.000000 -5.764466 99.751070 -0.054516 6.966849 0.000118 
536 4.263014 0.000000 -4.323349 99.761606 -0.025734 6.962340 -0.000085 
537 1.918356 0.000000 -2.161675 99.882551 0.241444 6.920609 -0.002448 
538 1.918356 0.000000 -2.882233 99.826822 0.154038 6.948316 -0.001370 
539 2.699909 0.000000 -2.161675 99.797474 0.059426 6.930790 -0.000758 
540 1.527580 0.000000 -1.080837 99.902700 0.016049 6.726704 -0.002580 
541 1.527580 0.000000 -1.441116 99.838203 -0.051291 6.827348 -0.001428 
542 1.918356 0.000000 -1.080837 100.399932 0.108858 6.688737 -0.012490 
543 1.332192 0.000000 -0.540419 100.114495 0.168960 6.245966 -0.006195 
544 1.136804 0.000000 -0.540419 99.680923 -0.019079 6.080713 0.002674 
545 1.332192 0.000000 -0.720558 100.699788 -0.003699 6.566477 -0.018357 
546 1.527580 0.000000 -0.540419 100.421448 0.011558 6.436885 -0.012590 
547 1.234498 0.000000 -0.270209 100.644421 0.017154 4.284852 -0.014766 
548 1.136804 0.000000 -0.270209 110.452703 0.106306 0.949362 -0.220071 
549 1.234498 0.000000 -0.360279 100.146387 0.097061 5.354525 -0.005798 
550 1.332192 0.000000 -0.270209 111.661771 0.108644 0.589762 -0.246871 
551 10.515434 0.000000 -2.882233 99.758335 -0.002211 6.945363 0.000004 
552 10.515434 0.000000 -5.764466 99.756821 -0.001830 6.966581 0.000004 
553 13.641644 0.000000 -2.882233 99.758225 -0.001814 6.948823 0.000001 
554 10.515434 0.000000 0.000000 99.823313 -0.006553 6.016840 -0.000090 
555 5.826119 0.000000 -1.441116 99.763914 -0.006372 6.852481 0.000020 
556 5.826119 0.000000 -2.882233 99.759353 -0.009997 6.941501 -0.000011 
557 7.389224 0.000000 -1.441116 99.763347 -0.006808 6.865133 0.000014 
558 5.826119 0.000000 0.000000 100.006960 -0.009070 3.374436 -0.001278 
559 3.481461 0.000000 -0.720558 99.787184 -0.002681 6.473588 0.000061 
560 3.481461 0.000000 -1.441116 99.770866 0.014329 6.841993 -0.000104 
561 4.263014 0.000000 -0.720558 99.786117 -0.000163 6.528358 0.000011 
562 3.481461 0.000000 0.000000 100.148280 -0.041679 1.219376 -0.003117 
563 2.309132 0.000000 -0.360279 97.432396 -0.306551 3.678618 0.049330 
564 2.309132 0.000000 -0.720558 99.407655 0.010103 6.484272 0.007607 
565 2.699909 0.000000 -0.360279 99.975074 0.000876 5.161464 -0.002166 
566 2.309132 0.000000 0.000000 238.122530 0.002900 0.562087 -4.670266 
567 1.722968 0.000000 -0.180140 110.934865 0.017786 1.852977 -0.230998 
568 1.722968 0.000000 -0.360279 99.844890 0.222459 5.365846 0.000216 
569 1.918356 0.000000 -0.180140 109.655169 0.034126 2.062117 -0.202851 
570 1.722968 0.000000 0.000000 110.734630 0.140589 2.167344 -0.226688 
571 1.429886 0.000000 -0.090070 110.727325 0.071766 1.945050 -0.226433 
572 1.429886 0.000000 -0.180140 111.190646 0.064953 2.084477 -0.236771 
573 1.527580 0.000000 -0.090070 110.962934 0.067537 1.944271 -0.231656 
574 1.429886 0.000000 0.000000 109.787314 0.064299 2.676605 -0.206042 
575 1.283345 0.000000 -0.135105 101.270835 0.041167 1.182448 -0.025718 
576 1.234498 0.000000 -0.135105 99.068856 0.045619 1.032130 0.018429 
577 1.283345 0.000000 -0.180140 104.867465 0.060528 0.907698 -0.099801 
578 1.332192 0.000000 -0.135105 104.780267 0.048364 1.854561 -0.098235 
579 1.283345 0.000000 -0.090070 99.970854 0.035683 1.248878 0.000427 
580 10.515434 0.000000 2.882233 99.761246 0.004147 6.905275 0.000001 
581 13.641644 0.000000 2.882233 99.762409 0.003810 6.889699 -0.000001 
582 10.515434 0.000000 5.764466 99.757356 0.002577 6.961828 0.000000 
583 5.826119 0.000000 1.441116 99.773376 0.010060 6.712771 0.000021 
584 7.389224 0.000000 1.441116 99.778494 0.007244 6.655661 -0.000005 
585 5.826119 0.000000 2.882233 99.757647 0.007073 6.924177 0.000047 
586 3.481461 0.000000 0.720558 99.801587 0.009489 6.087826 0.000258 
587 4.263014 0.000000 0.720558 99.823824 0.013607 5.917968 0.000018 
588 3.481461 0.000000 1.441116 99.746916 -0.009685 6.786855 0.000449 
589 2.309132 0.000000 0.360279 97.085330 -0.170128 5.966617 0.053881 
590 2.699909 0.000000 0.360279 100.021424 0.033011 4.225512 -0.002214 
591 2.309132 0.000000 0.720558 98.731105 0.002379 6.412343 0.021105 
592 1.722968 0.000000 0.180140 111.055705 0.232845 1.741908 -0.233646 
593 1.918356 0.000000 0.180140 109.752849 0.704025 1.972990 -0.205008 
594 1.722968 0.000000 0.360279 99.433319 0.149745 5.002399 0.008797 
595 1.429886 0.000000 0.090070 110.084338 0.090483 1.820008 -0.212188 
596 1.527580 0.000000 0.090070 110.493257 0.074248 1.859495 -0.221222 
597 1.429886 0.000000 0.180140 110.123439 0.076482 1.557810 -0.212960 
598 4.263014 0.000000 8.646699 99.757558 0.012152 6.970573 -0.000016 
599 7.389224 0.000000 8.646699 99.756922 0.004463 6.970238 -0.000003 
600 4.263014 0.000000 11.528932 99.757410 0.000285 6.973059 -0.000016 
601 2.699909 0.000000 4.323349 99.752334 0.062942 6.955153 0.000109 
602 4.263014 0.000000 4.323349 99.750430 0.019973 6.957830 0.000144 
603 2.699909 0.000000 5.764466 99.766176 0.047357 6.963039 -0.000178 
604 1.918356 0.000000 2.161675 99.708843 -0.124701 6.875264 0.001086 
605 2.699909 0.000000 2.161675 99.690784 -0.050827 6.905703 0.001406 
606 1.918356 0.000000 2.882233 99.698717 -0.138723 6.927376 0.001216 
607 1.527580 0.000000 1.080837 99.533021 0.123987 6.606294 0.004952 
608 1.918356 0.000000 1.080837 99.277281 0.085244 6.568655 0.010087 
609 1.527580 0.000000 1.441116 99.703343 0.053238 6.791175 0.001312 
610 1.332192 0.000000 0.540419 98.833029 -0.017629 5.999342 0.019604 
611 1.136804 0.000000 0.540419 99.600748 -0.018618 6.377514 0.003902 
612 1.527580 0.000000 0.540419 99.091391 -0.003814 6.000586 0.014489 
613 1.332192 0.000000 0.720558 99.181705 0.011656 6.414207 0.012185 
614 1.234498 0.000000 0.270209 101.788100 0.012359 4.487185 -0.038095 
615 1.136804 0.000000 0.270209 113.087184 0.040685 0.947162 -0.278961 
616 1.332192 0.000000 0.270209 110.239087 0.077897 0.603995 -0.215303 
617 1.234498 0.000000 0.360279 100.953098 0.091149 5.316729 -0.021980 
618 1.283345 0.000000 0.135105 100.707823 0.043711 0.955237 -0.014298 
619 1.234498 0.000000 0.135105 100.204488 0.029414 1.007731 -0.004196 
620 1.283345 0.000000 0.090070 99.579658 0.037528 0.989299 0.008291 
621 1.332192 0.000000 0.135105 104.019155 0.052295 1.441095 -0.082206 
622 1.283345 0.000000 0.180140 103.991786 0.064629 0.829347 -0.081498 
623 2.113744 0.000000 -0.180140 108.078610 0.165586 7.702016 -0.174033 
624 2.113744 0.000000 -0.360279 100.639418 -0.006501 6.502282 -0.017057 
625 2.309132 0.000000 -0.180140 99.910718 -0.387847 -7.699777 -0.004159 
626 2.113744 0.000000 0.000000 81.589259 -0.198158 -0.366405 0.334302 
627 2.113744 0.000000 0.180140 106.740803 0.237370 -4.282389 -0.141199 
628 2.309132 0.000000 0.180140 99.700879 -0.403345 11.575568 -0.007442 
629 2.113744 0.000000 0.360279 100.031666 -0.115956 2.830466 -0.001436 
630 2.016050 0.000000 -0.090070 106.414260 0.115714 1.314412 -0.132574 
631 1.918356 0.000000 -0.090070 109.495327 0.132640 2.059075 -0.199348 
632 2.016050 0.000000 -0.180140 107.687671 0.108084 0.545971 -0.159694 
633 2.113744 0.000000 -0.090070 116.769787 0.093200 12.230277 -0.378477 
634 2.016050 0.000000 0.000000 109.789638 0.212716 2.215442 -0.205872 
635 2.016050 0.000000 0.090070 107.332208 0.106768 1.313755 -0.152194 
636 1.918356 0.000000 0.090070 109.622468 0.587429 2.254800 -0.202251 
637 2.113744 0.000000 0.090070 114.235460 0.018769 -11.898515 -0.319132 
638 2.016050 0.000000 0.180140 108.591666 0.291848 0.889115 -0.179303 
639 2.309132 0.000000 -1.080837 100.100217 -0.067389 6.872080 -0.006728 
640 2.309132 0.000000 -1.441116 99.847431 -0.084729 6.880898 -0.001686 
641 2.699909 0.000000 -1.080837 99.773827 -0.007666 6.742800 -0.000028 
642 2.113744 0.000000 -0.540419 99.027451 0.089957 6.568684 0.015041 
643 1.918356 0.000000 -0.540419 99.828295 0.278316 6.108457 -0.000308 
644 2.113744 0.000000 -0.720558 100.105524 0.019029 6.798884 -0.006734 
645 2.309132 0.000000 -0.540419 98.976942 -0.037397 5.975192 0.016786 
646 2.016050 0.000000 -0.270209 100.928132 0.056729 4.177221 -0.020394 
647 1.918356 0.000000 -0.270209 109.687058 0.043559 0.950210 -0.203216 
648 2.016050 0.000000 -0.360279 100.573988 0.081728 5.399081 -0.014428 
649 2.113744 0.000000 -0.270209 101.915349 -0.034589 6.717853 -0.043187 
650 3.090685 0.000000 -0.360279 99.867311 -0.040132 5.342288 -0.000202 
651 3.090685 0.000000 -0.720558 99.817094 -0.042958 6.482172 -0.000547 
652 3.481461 0.000000 -0.360279 99.853969 -0.005805 5.473121 -0.000077 
653 3.090685 0.000000 0.000000 100.157782 -0.036260 1.018561 -0.003262 
654 2.504521 0.000000 -0.180140 101.141644 -0.106280 2.298594 -0.023493 
655 2.504521 0.000000 -0.360279 100.199993 -0.064085 4.768546 -0.006278 
656 2.699909 0.000000 -0.180140 100.138082 -0.046401 2.865878 -0.003585 
657 2.504521 0.000000 0.000000 101.820625 -0.026281 0.649336 -0.036786 
658 2.211438 0.000000 -0.090070 92.304920 -0.316225 16.761574 0.119875 
659 2.211438 0.000000 -0.180140 88.314023 0.086256 10.800938 0.208397 
660 2.309132 0.000000 -0.090070 153.389727 0.023983 -26.392534 -1.422497 
661 2.211438 0.000000 0.000000 359.516785 0.099553 -0.129171 -11.925235 
662 2.064897 0.000000 -0.135105 106.634915 0.132073 0.393065 -0.137118 
663 2.016050 0.000000 -0.135105 106.350136 0.114610 1.330738 -0.131214 
664 2.064897 0.000000 -0.180140 107.957477 0.007502 2.798381 -0.166265 
665 2.113744 0.000000 -0.135105 115.918976 0.226233 8.990446 -0.351809 
666 2.064897 0.000000 -0.090070 103.539961 0.190997 3.189026 -0.073073 
667 3.090685 0.000000 0.360279 99.936884 -0.010507 3.880954 -0.000244 
668 3.481461 0.000000 0.360279 99.989241 0.021850 3.446830 -0.000973 
669 3.090685 0.000000 0.720558 99.762857 -0.054950 6.200175 0.000893 
670 2.504521 0.000000 0.180140 101.259853 -0.036479 1.592453 -0.025610 
671 2.699909 0.000000 0.180140 100.259378 -0.038399 1.073580 -0.005310 
672 2.504521 0.000000 0.360279 100.105960 -0.048231 4.843147 -0.004466 
673 2.211438 0.000000 0.090070 90.419244 0.030269 -16.377902 0.155612 
674 2.309132 0.000000 0.090070 153.136910 0.027287 28.005099 -1.423520 
675 2.211438 0.000000 0.180140 87.656204 0.126940 -7.197060 0.226458 
676 2.309132 0.000000 1.080837 99.162598 -0.090984 6.699387 0.012189 
677 2.699909 0.000000 1.080837 99.596250 -0.079120 6.723478 0.003538 
678 2.309132 0.000000 1.441116 99.600518 0.001454 6.784978 0.003370 
679 2.113744 0.000000 0.540419 97.654302 -0.004296 5.342149 0.043510 
680 1.918356 0.000000 0.540419 98.652795 0.121893 5.622835 0.023599 
681 2.309132 0.000000 0.540419 98.328570 -0.109298 6.052020 0.029485 
682 2.113744 0.000000 0.720558 99.140571 -0.024261 6.042345 0.013464 
683 2.016050 0.000000 0.270209 101.740323 0.081753 2.971028 -0.035993 
684 1.918356 0.000000 0.270209 110.359887 0.443642 1.485443 -0.218171 
685 2.113744 0.000000 0.270209 101.471689 -0.045777 0.224336 -0.029656 
686 2.016050 0.000000 0.360279 100.719853 0.124097 4.077163 -0.016113 
687 2.064897 0.000000 0.135105 107.635290 0.128347 0.674914 -0.158583 
688 2.016050 0.000000 0.135105 107.293843 0.132212 1.383909 -0.151390 
689 2.064897 0.000000 0.090070 104.176943 0.161652 -2.036637 -0.085701 
690 2.113744 0.000000 0.135105 113.909817 0.241284 -7.508782 -0.303189 
691 2.064897 0.000000 0.180140 106.422743 0.032931 0.266377 -0.132587 
692 2.211438 0.000000 -0.270209 90.104190 -0.105476 7.219032 0.182911 
693 2.211438 0.000000 -0.360279 96.038745 -0.013235 6.105530 0.073928 
694 2.309132 0.000000 -0.270209 95.851732 0.144302 0.284735 0.081234 
695 2.162591 0.000000 -0.135105 105.732667 0.173421 14.254729 -0.138262 
696 2.162591 0.000000 -0.180140 101.168277 0.170468 10.955239 -0.035507 
697 2.211438 0.000000 -0.135105 88.902003 -0.118404 17.455348 0.179173 
698 2.162591 0.000000 -0.090070 108.918126 -0.201219 17.296289 -0.216236 
699 2.064897 0.000000 -0.045035 106.392298 0.135852 0.351226 -0.131946 
700 2.016050 0.000000 -0.045035 107.345668 0.125821 1.899699 -0.152672 
701 2.113744 0.000000 -0.045035 77.843482 -0.202067 4.204973 0.392267 
702 2.064897 0.000000 0.000000 59.634784 -0.004162 -0.600477 0.644333 
703 2.089321 0.000000 -0.112587 112.133393 0.188468 5.999485 -0.260993 
704 2.064897 0.000000 -0.112587 104.714985 0.210096 4.493691 -0.098547 
705 2.089321 0.000000 -0.135105 105.585681 0.176245 0.107339 -0.114838 
706 2.113744 0.000000 -0.112587 116.864259 0.093718 12.087531 -0.380337 
707 2.089321 0.000000 -0.090070 111.763490 0.186421 5.691756 -0.252351 
708 2.064897 0.000000 0.045035 107.432468 0.112181 0.601964 -0.154211 
709 2.016050 0.000000 0.045035 108.032533 0.107145 2.093910 -0.167542 
710 2.113744 0.000000 0.045035 79.306083 -0.193241 -4.870714 0.368678 
711 2.211438 0.000000 0.270209 89.254872 -0.244935 -0.010569 0.203351 
712 2.309132 0.000000 0.270209 95.491411 -0.088204 6.957352 0.083298 
713 2.211438 0.000000 0.360279 95.917728 -0.129405 3.262540 0.078913 
714 2.162591 0.000000 0.135105 104.805752 0.076701 -12.686889 -0.114521 
715 2.162591 0.000000 0.090070 107.344680 -0.205938 -16.992481 -0.181167 
716 2.211438 0.000000 0.135105 88.415818 -0.189050 -15.654214 0.193755 
717 2.162591 0.000000 0.180140 100.245584 0.266506 -7.445441 -0.010468 
718 2.089321 0.000000 0.112587 109.907407 0.199554 -5.632963 -0.211141 
719 2.064897 0.000000 0.112587 104.443677 0.205910 -3.810290 -0.092304 
720 2.089321 0.000000 0.090070 109.740264 0.194756 -5.288050 -0.207093 
721 2.113744 0.000000 0.112587 114.318160 0.021649 -11.757619 -0.320688 
722 2.089321 0.000000 0.135105 106.729434 0.124398 0.242962 -0.139125 
723 2.162591 0.000000 -0.045035 168.582842 -0.194374 10.906058 -1.853915 
724 2.211438 0.000000 -0.045035 358.216970 0.010740 23.092929 -11.885268 
725 2.162591 0.000000 0.000000 172.232336 -0.285360 -0.273170 -1.966413 
726 2.138168 0.000000 -0.112587 113.310394 -0.058072 16.783420 -0.312093 
727 2.138168 0.000000 -0.135105 110.057154 0.262852 12.471376 -0.226818 
728 2.162591 0.000000 -0.112587 107.575347 -0.093194 17.282226 -0.187114 
729 2.138168 0.000000 -0.090070 113.646608 -0.096018 16.834243 -0.319895 
730 2.089321 0.000000 -0.067552 105.585053 0.176195 0.108073 -0.114825 
731 2.064897 0.000000 -0.067552 106.004242 0.114820 1.210007 -0.123838 
732 2.113744 0.000000 -0.067552 73.130310 -0.013138 6.200851 0.461351 
733 2.089321 0.000000 -0.045035 60.220260 0.004478 1.275830 0.637189 
734 2.101533 0.000000 -0.101329 117.356835 0.131786 8.843200 -0.385085 
735 2.089321 0.000000 -0.101329 113.329038 0.182893 6.336147 -0.288365 
736 2.101533 0.000000 -0.112587 117.808188 0.131565 8.136749 -0.394499 
737 2.113744 0.000000 -0.101329 116.655884 0.090961 12.618849 -0.376784 
738 2.101533 0.000000 -0.090070 117.746428 0.125164 8.766907 -0.394110 
739 2.162591 0.000000 0.045035 168.817839 -0.087590 -11.318804 -1.862759 
740 2.211438 0.000000 0.045035 357.441215 0.118666 -23.301490 -11.830720 
741 2.089321 0.000000 0.067552 106.729120 0.124445 0.244524 -0.139118 
742 2.064897 0.000000 0.067552 107.069647 0.053571 1.543516 -0.146629 
743 2.089321 0.000000 0.045035 62.602047 0.025193 -2.173264 0.607626 
744 2.113744 0.000000 0.067552 75.368509 -0.111251 -6.750167 0.427401 
745 2.138168 0.000000 0.112587 111.421246 -0.164261 -16.441901 -0.268506 
746 2.138168 0.000000 0.090070 111.809681 -0.167723 -16.501335 -0.277373 
747 2.162591 0.000000 0.112587 106.263296 -0.214289 -16.629799 -0.156848 
748 2.138168 0.000000 0.135105 108.727281 0.245728 -10.884350 -0.194015 
749 2.101533 0.000000 0.101329 114.497413 0.103484 -8.550467 -0.318278 
750 2.089321 0.000000 0.101329 110.857900 0.192251 -5.997941 -0.232549 
751 2.101533 0.000000 0.090070 114.889089 0.105761 -8.477566 -0.327138 
752 2.113744 0.000000 0.101329 114.142686 0.017344 -12.279531 -0.317934 
753 2.101533 0.000000 0.112587 114.952301 0.113730 -7.854723 -0.327574 
754 2.138168 0.000000 -0.067552 112.594219 -0.210553 11.594730 -0.281194 
755 2.162591 0.000000 -0.067552 165.016830 -0.156335 16.354502 -1.749805 
756 2.138168 0.000000 -0.045035 115.002891 -0.236832 7.870772 -0.328767 
757 2.125956 0.000000 -0.101329 113.171646 0.059834 16.399555 -0.307677 
758 2.125956 0.000000 -0.112587 114.171602 0.053561 15.669110 -0.328068 
759 2.138168 0.000000 -0.101329 113.513613 -0.084831 16.813233 -0.316803 
760 2.125956 0.000000 -0.090070 114.117141 0.049672 15.734506 -0.327030 
761 2.138168 0.000000 0.067552 113.492781 -0.222263 -12.005782 -0.302480 
762 2.138168 0.000000 0.045035 115.753748 -0.245198 -8.375397 -0.346914 
763 2.162591 0.000000 0.067552 165.641495 -0.244238 -16.736911 -1.771729 
764 2.125956 0.000000 0.101329 111.139280 -0.121554 -16.039550 -0.260922 
765 2.125956 0.000000 0.090070 111.984166 -0.087598 -15.375361 -0.277686 
766 2.138168 0.000000 0.101329 111.656226 -0.167729 -16.477153 -0.273864 
767 2.125956 0.000000 0.112587 112.027153 -0.083992 -15.309581 -0.278447 
768 2.406827 0.000000 -0.090070 106.638368 -0.157830 -0.312864 -0.137186 
769 2.406827 0.000000 -0.180140 103.677589 0.051628 0.867634 -0.074980 
770 2.504521 0.000000 -0.090070 101.622648 -0.033320 1.132737 -0.032845 
771 2.406827 0.000000 0.000000 108.485832 -0.201396 0.526940 -0.176949 
772 2.260285 0.000000 -0.135105 51.069586 -0.096038 -0.038317 0.739189 
773 2.260285 0.000000 -0.180140 75.165520 -0.326661 -0.257437 0.434997 
774 2.309132 0.000000 -0.135105 112.615347 -0.230219 -16.689179 -0.296080 
775 2.260285 0.000000 -0.090070 39.218625 0.327996 6.503160 0.841950 
776 2.187015 0.000000 -0.112587 104.645538 -0.218631 19.230159 -0.132054 
777 2.187015 0.000000 -0.135105 102.349868 -0.002035 16.006677 -0.073171 
778 2.211438 0.000000 -0.112587 86.663835 -0.203363 25.777556 0.182486 
779 2.187015 0.000000 -0.090070 96.188465 -0.267869 17.594817 0.043813 
780 2.150380 0.000000 -0.101329 114.128504 -0.177011 16.909566 -0.331128 
781 2.150380 0.000000 -0.112587 114.225202 -0.158193 16.922446 -0.333379 
782 2.162591 0.000000 -0.101329 109.910869 -0.206838 17.115537 -0.237338 
783 2.150380 0.000000 -0.090070 114.051797 -0.178012 16.897807 -0.329338 
784 2.406827 0.000000 0.090070 106.675939 -0.247279 1.904433 -0.138344 
785 2.504521 0.000000 0.090070 101.694854 -0.029230 0.596396 -0.034220 
786 2.406827 0.000000 0.180140 103.688952 0.036098 3.094830 -0.076098 
787 2.260285 0.000000 0.135105 50.503655 0.144673 2.166076 0.744467 
788 2.260285 0.000000 0.090070 37.659232 -0.372040 -6.203939 0.854315 
789 2.309132 0.000000 0.135105 112.516086 -0.095701 19.067484 -0.302345 
790 2.260285 0.000000 0.180140 74.650832 -0.319457 3.995613 0.441119 
791 2.187015 0.000000 0.112587 103.394520 -0.256542 -18.443881 -0.103067 
792 2.187015 0.000000 0.090070 94.642865 -0.147900 -17.275084 0.074428 
793 2.211438 0.000000 0.112587 85.725112 -0.207265 -24.920115 0.203015 
794 2.187015 0.000000 0.135105 101.772693 -0.077953 -14.352630 -0.056369 
795 2.150380 0.000000 0.101329 112.434639 -0.176523 -16.599529 -0.291712 
796 2.150380 0.000000 0.090070 112.362687 -0.177821 -16.588550 -0.290059 
797 2.162591 0.000000 0.101329 108.349870 -0.206570 -16.817395 -0.202256 
798 2.150380 0.000000 0.112587 112.477983 -0.172557 -16.604165 -0.292702 
799 2.260285 0.000000 -0.045035 658.396426 0.252512 21.703568 -42.395696 
800 2.309132 0.000000 -0.045035 212.365529 -0.000511 -21.537040 -3.556296 
801 2.260285 0.000000 0.000000 612.604240 0.037718 0.137715 -36.528398 
802 2.187015 0.000000 -0.067552 234.784714 -0.125724 22.521981 -4.563112 
803 2.211438 0.000000 -0.067552 351.910190 -0.026536 40.280672 -11.546332 
804 2.187015 0.000000 -0.045035 242.638510 -0.201131 15.941583 -4.912762 
805 2.174803 0.000000 -0.101329 101.803374 -0.215064 17.508365 -0.067052 
806 2.174803 0.000000 -0.112587 108.586439 -0.102337 17.166957 -0.208573 
807 2.187015 0.000000 -0.101329 95.585362 -0.255223 17.484893 0.055765 
808 2.174803 0.000000 -0.090070 100.893393 -0.213945 17.519531 -0.048646 
809 2.260285 0.000000 0.045035 659.059620 0.042797 -21.499707 -42.482182 
810 2.309132 0.000000 0.045035 212.328030 0.031073 22.854968 -3.560554 
811 2.187015 0.000000 0.067552 234.476586 0.088915 -22.733555 -4.549609 
812 2.187015 0.000000 0.045035 242.164690 0.075552 -16.270758 -4.890848 
813 2.211438 0.000000 0.067552 350.962882 0.129458 -40.471497 -11.481290 
814 2.174803 0.000000 0.101329 100.293347 -0.218409 -17.202403 -0.035473 
815 2.174803 0.000000 0.090070 99.386694 -0.220578 -17.212767 -0.017404 
816 2.187015 0.000000 0.101329 94.071442 -0.171903 -17.171904 0.085566 
817 2.174803 0.000000 0.112587 107.464581 -0.217434 -16.385291 -0.181716 
818 2.235862 0.000000 -0.067552 487.529567 0.204981 43.703637 -22.959513 
819 2.235862 0.000000 -0.090070 45.605185 0.118442 7.558615 0.786302 
820 2.260285 0.000000 -0.067552 40.281722 0.506283 6.679723 0.833251 
821 2.235862 0.000000 -0.045035 485.308524 0.201047 23.783969 -22.609008 
822 2.235862 0.000000 -0.112587 68.963291 -0.094054 18.172724 0.491381 
823 2.235862 0.000000 -0.135105 74.005288 -0.097620 12.655553 0.436304 
824 2.260285 0.000000 -0.112587 21.079004 -0.034580 6.197115 0.951727 
825 2.223650 0.000000 -0.078811 69.092373 -0.081271 12.036825 0.508135 
826 2.211438 0.000000 -0.078811 90.918917 -0.293615 16.468512 0.146245 
827 2.223650 0.000000 -0.090070 69.413965 -0.076970 11.966482 0.503850 
828 2.235862 0.000000 -0.078811 45.086075 0.122885 7.472844 0.791139 
829 2.223650 0.000000 -0.067552 437.581476 0.051447 28.112471 -18.226786 
830 2.235862 0.000000 0.067552 487.177197 0.085518 -43.812784 -22.926119 
831 2.235862 0.000000 0.045035 484.651293 0.082563 -23.805160 -22.545357 
832 2.260285 0.000000 0.067552 38.848777 -0.545864 -6.398200 0.844954 
833 2.235862 0.000000 0.090070 43.742842 -0.220331 -7.209116 0.803454 
834 2.235862 0.000000 0.112587 67.780901 0.042581 -17.008552 0.511646 
835 2.260285 0.000000 0.112587 19.662963 0.091351 -4.816112 0.959016 
836 2.235862 0.000000 0.135105 73.611064 -0.003600 -10.731241 0.446625 
837 2.223650 0.000000 0.078811 67.119356 -0.113320 -11.652665 0.535919 
838 2.211438 0.000000 0.078811 89.022971 0.012449 -16.083568 0.181623 
839 2.223650 0.000000 0.067552 436.616266 0.101142 -28.172991 -18.142749 
840 2.235862 0.000000 0.078811 43.231273 -0.221515 -7.124777 0.808025 
841 2.223650 0.000000 0.090070 67.422328 -0.122764 -11.580997 0.532010 
842 2.357979 0.000000 -0.045035 123.359330 -0.016518 -1.365516 -0.521939 
843 2.357979 0.000000 -0.090070 117.948969 -0.191738 -2.681239 -0.391919 
844 2.406827 0.000000 -0.045035 108.171119 -0.184964 0.248073 -0.170109 
845 2.357979 0.000000 0.000000 125.056384 -0.029612 0.552460 -0.563941 
846 2.284709 0.000000 -0.067552 358.842970 0.023695 -122.186353 -13.369778 
847 2.284709 0.000000 -0.090070 133.096770 0.084688 -101.423540 -1.800149 
848 2.309132 0.000000 -0.067552 183.159136 0.084479 -27.253829 -2.429005 
849 2.284709 0.000000 -0.045035 461.769244 0.045526 -65.623458 -20.753727 
850 2.248074 0.000000 -0.078811 39.697032 0.239480 6.582076 0.838076 
851 2.248074 0.000000 -0.090070 40.049365 0.222248 6.640347 0.835190 
852 2.260285 0.000000 -0.078811 39.585209 0.446363 6.564224 0.838972 
853 2.248074 0.000000 -0.067552 39.220431 0.271855 6.503281 0.841939 
854 2.357979 0.000000 0.045035 123.325768 -0.046569 2.602198 -0.521602 
855 2.406827 0.000000 0.045035 108.168775 -0.279771 1.015308 -0.170159 
856 2.357979 0.000000 0.090070 118.023994 -0.103922 4.214463 -0.394744 
857 2.284709 0.000000 0.067552 359.339738 0.106726 124.064333 -13.451702 
858 2.284709 0.000000 0.045035 462.542843 0.121753 66.989875 -20.843354 
859 2.309132 0.000000 0.067552 182.955439 0.035777 28.705400 -2.429669 
860 2.284709 0.000000 0.090070 132.153900 0.108314 103.421715 -1.816072 
861 2.248074 0.000000 0.078811 38.041248 -0.288241 -6.268194 0.851349 
862 2.248074 0.000000 0.067552 37.610530 -0.314203 -6.196782 0.854695 
863 2.260285 0.000000 0.078811 38.120543 -0.490570 -6.278472 0.850716 
864 2.248074 0.000000 0.090070 38.365685 -0.275955 -6.321874 0.848803 
865 -8.241827 0.000000 -8.646699 99.756176 -0.000061 6.975637 0.000005 
866 -11.368037 0.000000 -8.646699 99.756301 -0.000031 6.975649 0.000002 
867 -8.241827 0.000000 -11.528932 99.756168 -0.000062 6.975622 0.000005 
868 10.515434 0.000000 -8.646699 99.756519 -0.000751 6.971369 0.000004 
869 10.515434 0.000000 -11.528932 99.756381 -0.000564 6.973180 0.000004 
870 13.641644 0.000000 -8.646699 99.756600 -0.000731 6.971547 0.000002 
871 -8.241827 0.000000 8.646699 99.756552 -0.000009 6.975668 -0.000003 
872 -11.368037 0.000000 8.646699 99.756470 0.000000 6.975660 -0.000001 
873 -8.241827 0.000000 11.528932 99.756591 0.000003 6.975653 -0.000004 
874 -3.552511 0.000000 -4.323349 99.754835 -0.004822 6.975243 0.000032 
875 -5.115617 0.000000 -4.323349 99.755713 -0.002010 6.975447 0.000014 
876 -3.552511 0.000000 -5.764466 99.755056 -0.005660 6.975141 0.000028 
877 10.515434 0.000000 8.646699 99.756891 0.000844 6.969968 -0.000002 
878 13.641644 0.000000 8.646699 99.756864 0.000905 6.969639 -0.000001 
879 10.515434 0.000000 11.528932 99.756739 0.000596 6.972578 -0.000002 
880 5.826119 0.000000 -4.323349 99.755423 -0.012217 6.957602 0.000045 
881 5.826119 0.000000 -5.764466 99.756976 -0.007384 6.966521 0.000001 
882 7.389224 0.000000 -4.323349 99.757331 -0.004416 6.959609 0.000004 
883 -3.552511 0.000000 4.323349 99.756389 0.006458 6.975746 0.000000 
884 -5.115617 0.000000 4.323349 99.756309 0.003122 6.975624 0.000002 
885 -3.552511 0.000000 5.764466 99.756679 0.007116 6.975640 -0.000005 
886 -1.207854 0.000000 -2.161675 99.746463 0.027801 6.965921 0.000212 
887 -1.989406 0.000000 -2.161675 99.751027 0.011649 6.972438 0.000112 
888 -1.207854 0.000000 -2.882233 99.748719 0.030943 6.968682 0.000163 
889 5.826119 0.000000 4.323349 99.758616 0.006432 6.952218 -0.000011 
890 7.389224 0.000000 4.323349 99.757541 0.002958 6.952420 0.000010 
891 5.826119 0.000000 5.764466 99.756280 0.004867 6.964045 0.000019 
892 3.481461 0.000000 -2.161675 99.769654 0.022387 6.919912 -0.000187 
893 3.481461 0.000000 -2.882233 99.762799 -0.001436 6.944655 -0.000084 
894 4.263014 0.000000 -2.161675 99.761133 -0.011561 6.914366 -0.000009 
895 -1.207854 0.000000 2.161675 99.746373 -0.035109 6.973163 0.000203 
896 -1.989406 0.000000 2.161675 99.752123 -0.014257 6.974789 0.000087 
897 -1.207854 0.000000 2.882233 99.751788 -0.034521 6.975471 0.000092 
898 -0.817078 0.000000 -1.080837 99.727432 0.005407 6.958196 0.000602 
899 -1.207854 0.000000 -1.080837 99.743518 0.011478 6.958796 0.000281 
900 -0.817078 0.000000 -1.441116 99.738458 -0.010563 6.952392 0.000390 
901 3.481461 0.000000 2.161675 99.738270 -0.016529 6.900230 0.000466 
902 4.263014 0.000000 2.161675 99.755398 0.015457 6.889210 0.000140 
903 3.481461 0.000000 2.882233 99.744958 0.002685 6.933925 0.000286 
904 -0.230913 0.000000 -0.540419 99.629509 -0.021039 7.056079 0.002417 
905 -0.426301 0.000000 -0.540419 99.768172 0.085401 6.870743 -0.000090 
906 -0.230913 0.000000 -0.720558 99.560512 -0.028488 6.999251 0.003871 
907 0.941416 0.000000 -0.540419 99.487629 0.007601 6.491959 0.006007 
908 0.941416 0.000000 -0.720558 99.634130 0.012784 6.676650 0.002846 
909 -0.817078 0.000000 1.080837 99.723132 -0.009628 6.970362 0.000671 
910 -1.207854 0.000000 1.080837 99.739573 -0.032467 6.969717 0.000344 
911 -0.817078 0.000000 1.441116 99.728132 -0.063988 6.969596 0.000572 
912 -0.230913 0.000000 0.540419 99.721673 0.004424 6.846276 0.000872 
913 -0.426301 0.000000 0.540419 99.655776 0.111630 6.845808 0.002185 
914 -0.230913 0.000000 0.720558 99.451018 -0.081349 6.760151 0.006379 
915 -0.133219 0.000000 -0.270209 100.713273 -0.092570 7.485466 -0.019920 
916 -0.230913 0.000000 -0.270209 100.097413 0.172229 7.170409 -0.007094 
917 -0.133219 0.000000 -0.360279 99.530596 0.139130 7.471745 0.003781 
918 0.941416 0.000000 0.540419 99.741335 -0.039494 6.595849 0.000816 
919 0.941416 0.000000 0.720558 99.374951 -0.028589 6.854487 0.007763 
920 -0.133219 0.000000 0.270209 100.911321 -0.100609 6.345101 -0.022337 
921 -0.230913 0.000000 0.270209 100.190044 0.149173 6.732033 -0.008339 
922 -0.133219 0.000000 0.360279 99.791282 0.092641 6.380853 0.000098 
923 0.037745 0.000000 -0.112587 76.911791 -0.095790 -11.415745 0.395425 
924 0.013322 0.000000 -0.112587 39.845946 -0.118839 1.321024 0.841054 
925 0.037745 0.000000 -0.135105 81.433991 0.012851 -5.031164 0.334319 
926 0.648333 0.000000 -0.270209 110.767371 -0.033815 1.853395 -0.227285 
927 0.648333 0.000000 -0.360279 98.982332 -0.081794 6.279988 0.016305 
928 0.746027 0.000000 -0.270209 113.239158 0.044488 2.753826 -0.283069 
929 0.648333 0.000000 0.270209 110.917563 -0.054167 1.863543 -0.230618 
930 0.746027 0.000000 0.270209 113.555386 0.008091 2.760598 -0.290245 
931 0.648333 0.000000 0.360279 99.291949 -0.108771 6.145683 0.010333 
932 0.037745 0.000000 0.112587 81.324611 -0.210546 21.089297 0.294150 
933 0.013322 0.000000 0.112587 46.014653 -0.159631 9.856041 0.778548 
934 0.037745 0.000000 0.135105 85.147483 -0.118885 16.103999 0.249055 
935 0.098804 0.000000 -0.078811 100.840934 0.173755 -16.581113 -0.044386 
936 0.098804 0.000000 -0.090070 99.131861 0.324353 -16.457397 -0.009808 
937 0.098804 0.000000 -0.067552 100.927376 0.164488 -16.570911 -0.046096 
938 0.098804 0.000000 0.078811 105.615515 0.322988 17.839679 -0.147300 
939 0.098804 0.000000 0.067552 105.704869 0.325864 17.860107 -0.149261 
940 0.098804 0.000000 0.090070 103.840917 0.267548 17.507327 -0.108951 
941 0.233134 0.000000 -0.067552 -17.323064 -0.034505 -1.526407 0.969758 
942 0.233134 0.000000 -0.045035 -18.101160 -0.067951 -0.831889 0.967165 
943 0.233134 0.000000 0.067552 -16.498102 -0.093007 1.796696 0.972458 
944 0.233134 0.000000 0.045035 -18.006198 -0.090224 0.894683 0.967497 
945 0.501792 0.000000 -0.045035 105.124337 -0.027600 5.021451 -0.107634 
946 0.550639 0.000000 -0.045035 110.817759 -0.025355 6.348383 -0.232088 
947 0.501792 0.000000 0.000000 110.831264 -0.025919 6.571519 -0.232675 
948 0.501792 0.000000 0.045035 105.175551 -0.022364 5.021631 -0.108711 
949 0.550639 0.000000 0.045035 110.846266 -0.028186 6.353495 -0.232726 
950 0.428522 0.000000 -0.067552 98.237510 -0.032475 2.129872 0.034485 
951 0.452945 0.000000 -0.067552 99.029830 -0.027986 3.658152 0.017971 
952 0.428522 0.000000 -0.045035 99.159246 -0.035572 1.372818 0.016556 
953 0.367463 0.000000 -0.101329 104.300359 -0.017189 -3.141996 -0.088844 
954 0.367463 0.000000 -0.112587 104.141442 -0.027145 -2.604433 -0.085222 
955 0.367463 0.000000 -0.090070 104.547972 -0.014551 -2.865001 -0.093849 
956 0.428522 0.000000 0.067552 98.370497 -0.023100 2.130717 0.031870 
957 0.428522 0.000000 0.045035 99.301106 -0.025706 1.376124 0.013740 
958 0.452945 0.000000 0.067552 99.149315 -0.021391 3.661834 0.015600 
959 0.367463 0.000000 0.101329 105.017459 0.039125 3.430305 -0.104044 
960 0.367463 0.000000 0.090070 105.257805 0.040978 3.149082 -0.108912 
961 0.367463 0.000000 0.112587 104.728900 0.044556 2.882265 -0.097645 
962 1.722968 0.000000 -0.540419 100.004173 0.058726 6.149814 -0.003866 
963 1.722968 0.000000 -0.720558 100.019483 0.003774 6.432105 -0.004527 
964 1.722968 0.000000 0.540419 99.335438 0.105144 5.903390 0.009761 
965 1.722968 0.000000 0.720558 99.168605 -0.056870 6.246960 0.012656 
966 1.429886 0.000000 -0.270209 111.611553 0.099250 0.990690 -0.245813 
967 1.429886 0.000000 -0.360279 99.531022 -0.100020 5.462842 0.006372 
968 1.527580 0.000000 -0.270209 111.732987 0.054324 0.768805 -0.248485 
969 1.429886 0.000000 0.270209 110.253101 0.090866 0.973310 -0.215670 
970 1.527580 0.000000 0.270209 110.997283 0.115659 0.895889 -0.232121 
971 1.429886 0.000000 0.360279 98.442824 -0.083026 5.137562 0.028261 
972 3.090685 0.000000 -1.080837 99.774846 -0.000769 6.731825 -0.000034 
973 3.090685 0.000000 -1.441116 99.771846 0.021056 6.838840 -0.000119 
974 3.481461 0.000000 -1.080837 99.774991 0.008153 6.738759 -0.000046 
975 2.504521 0.000000 -0.540419 99.909448 0.003847 5.894920 -0.001665 
976 2.504521 0.000000 -0.720558 99.776883 0.005419 6.354376 0.000420 
977 2.699909 0.000000 -0.540419 99.885887 0.001555 6.029219 -0.001354 
978 3.090685 0.000000 1.080837 99.740737 -0.003464 6.637758 0.000773 
979 3.481461 0.000000 1.080837 99.763546 -0.000982 6.609662 0.000355 
980 3.090685 0.000000 1.441116 99.729099 -0.021756 6.793995 0.000795 
981 2.504521 0.000000 0.540419 99.772637 -0.036472 5.951092 0.001000 
982 2.699909 0.000000 0.540419 99.804299 0.022187 5.751416 0.000602 
983 2.504521 0.000000 0.720558 99.425818 0.023201 6.483732 0.007247 
984 2.406827 0.000000 -0.270209 101.475890 -0.084880 2.829500 -0.030537 
985 2.406827 0.000000 -0.360279 100.088851 -0.227303 4.101171 -0.003465 
986 2.504521 0.000000 -0.270209 100.688687 -0.245310 3.794416 -0.015267 
987 2.406827 0.000000 0.270209 101.478805 -0.026224 4.426953 -0.031755 
988 2.504521 0.000000 0.270209 100.670696 -0.070961 3.455701 -0.014654 
989 2.406827 0.000000 0.360279 99.873736 -0.021837 5.548437 -0.000555 
990 2.357979 0.000000 -0.135105 110.874352 -0.255612 -3.105527 -0.230283 
991 2.357979 0.000000 -0.180140 105.857466 -0.061410 -1.853559 -0.120924 
992 2.406827 0.000000 -0.135105 105.179172 -0.047929 -0.014750 -0.106266 
993 2.284709 0.000000 -0.112587 78.981433 0.016778 -48.057863 0.145237 
994 2.284709 0.000000 -0.135105 79.037856 -0.224939 -24.431105 0.315609 
995 2.309132 0.000000 -0.112587 129.402147 -0.092446 -21.750976 -0.721803 
996 2.357979 0.000000 0.135105 110.820373 -0.375991 5.545474 -0.231205 
997 2.406827 0.000000 0.135105 105.176405 -0.163386 2.484437 -0.106828 
998 2.357979 0.000000 0.180140 105.674865 -0.233826 5.832674 -0.120125 
999 2.284709 0.000000 0.112587 78.028064 0.093587 50.065460 0.140506 
1000 2.309132 0.000000 0.112587 129.338209 0.112062 23.659580 -0.728816 
1001 2.284709 0.000000 0.135105 78.604295 -0.007344 26.854277 0.310021 
1 11 62 60 61 
2 62 10 24 60 
3 60 24 14 63 
4 61 60 63 6 
5 24 66 64 65 
6 66 23 40 64 
7 64 40 27 67 
8 65 64 67 14 
9 40 70 68 69 
10 69 68 71 27 
11 6 63 92 93 
12 63 14 36 92 
13 92 36 19 94 
14 93 92 94 20 
15 14 67 95 96 
16 67 27 52 95 
17 95 52 35 97 
18 96 95 97 36 
19 27 71 98 99 
20 99 98 100 52 
21 68 112 110 111 
22 112 56 80 110 
23 110 80 43 113 
24 111 110 113 71 
25 80 116 114 115 
26 115 114 117 43 
27 71 113 133 134 
28 113 43 102 133 
29 133 102 76 135 
30 134 133 135 98 
31 43 117 136 137 
32 137 136 138 102 
33 114 141 139 140 
34 141 106 129 139 
35 139 129 83 142 
36 140 139 142 117 
37 129 149 147 148 
38 147 150 132 151 
39 148 147 151 83 
40 117 142 152 153 
41 142 83 144 152 
42 152 144 125 154 
43 153 152 154 136 
44 83 151 155 156 
45 151 132 157 155 
46 156 155 158 144 
47 12 161 159 160 
48 161 7 162 159 
49 159 162 13 25 
50 160 159 25 10 
51 25 165 163 164 
52 165 13 166 163 
53 163 166 26 41 
54 164 163 41 23 
55 41 169 167 168 
56 169 26 170 167 
57 167 170 42 57 
58 168 167 57 39 
59 39 173 171 172 
60 173 57 174 171 
61 171 174 55 81 
62 172 171 81 56 
63 81 177 175 176 
64 177 55 178 175 
65 175 178 82 107 
66 176 175 107 79 
67 79 181 179 180 
68 181 107 182 179 
69 179 182 105 130 
70 180 179 130 106 
71 106 185 183 184 
72 185 130 186 183 
73 184 183 149 129 
74 195 197 109 198 
75 150 195 198 132 
76 149 201 199 200 
77 201 128 202 199 
78 199 202 150 203 
79 200 199 203 147 
80 132 198 210 157 
81 198 109 211 210 
82 19 38 213 214 
83 38 21 215 213 
84 213 215 9 216 
85 214 213 216 22 
86 35 54 217 218 
87 54 37 219 217 
88 217 219 21 220 
89 218 217 220 38 
90 51 78 221 222 
91 78 53 223 221 
92 221 223 37 224 
93 222 221 224 54 
94 76 104 225 226 
95 104 75 227 225 
96 225 227 78 228 
97 226 225 228 51 
98 101 127 229 230 
99 127 103 231 229 
100 229 231 75 232 
101 230 229 232 104 
102 125 146 233 234 
103 146 124 235 233 
104 233 235 127 236 
105 234 233 236 101 
106 144 158 237 238 
107 237 239 146 240 
108 238 237 240 125 
109 155 243 241 242 
110 243 157 244 241 
111 241 244 143 245 
112 242 241 245 158 
113 130 247 246 186 
114 247 105 248 246 
115 249 251 195 252 
116 202 249 252 150 
117 186 255 253 254 
118 255 246 256 253 
119 253 256 196 250 
120 254 253 250 128 
121 128 259 257 258 
122 259 250 260 257 
123 257 260 249 261 
124 258 257 261 202 
125 262 263 124 264 
126 239 262 264 146 
127 157 266 265 244 
128 266 210 267 265 
129 143 268 269 270 
130 268 212 271 269 
131 269 271 262 272 
132 270 269 272 239 
133 244 275 273 274 
134 275 265 276 273 
135 273 276 268 277 
136 274 273 277 143 
137 278 280 194 281 
138 197 278 281 109 
139 283 131 284 282 
140 282 284 197 285 
141 251 282 285 195 
142 107 287 286 182 
143 287 82 288 286 
144 286 288 108 192 
145 182 286 192 105 
146 105 290 289 248 
147 290 192 291 289 
148 246 293 292 256 
149 293 248 294 292 
150 292 294 131 283 
151 256 292 283 196 
152 196 297 295 296 
153 297 283 298 295 
154 295 298 282 299 
155 296 295 299 251 
156 109 281 300 211 
157 281 194 301 300 
158 210 304 303 267 
159 304 211 305 303 
160 303 305 145 306 
161 124 209 307 235 
162 209 126 308 307 
163 307 308 103 309 
164 235 307 309 127 
165 310 311 209 312 
166 263 310 312 124 
167 212 306 313 271 
168 306 145 314 313 
169 313 314 263 315 
170 271 313 315 262 
171 267 318 316 317 
172 318 303 319 316 
173 316 319 306 320 
174 317 316 320 212 
175 248 322 321 294 
176 322 289 323 321 
177 294 321 324 131 
178 192 330 329 291 
179 330 108 331 329 
180 289 334 333 323 
181 334 291 335 333 
182 333 335 191 336 
183 323 333 336 279 
184 131 324 337 284 
185 324 279 338 337 
186 337 338 278 339 
187 284 337 339 197 
188 321 342 340 341 
189 342 323 343 340 
190 340 343 279 344 
191 341 340 344 324 
192 145 346 345 314 
193 345 347 310 348 
194 314 345 348 263 
195 211 350 349 305 
196 350 300 351 349 
197 349 351 302 346 
198 305 349 346 145 
199 355 357 126 358 
200 311 355 358 209 
201 302 360 359 347 
202 360 207 361 359 
203 359 361 311 362 
204 347 359 362 310 
205 346 365 363 364 
206 365 302 366 363 
207 363 366 347 367 
208 364 363 367 345 
209 368 369 59 370 
210 280 368 370 194 
211 291 372 371 335 
212 372 329 373 371 
213 371 373 332 374 
214 191 374 375 376 
215 374 332 377 375 
216 375 377 368 378 
217 376 375 378 280 
218 335 381 379 380 
219 381 371 382 379 
220 379 382 374 383 
221 380 379 383 191 
222 194 370 384 301 
223 370 59 385 384 
224 387 356 388 386 
225 386 388 355 389 
226 361 386 389 311 
227 301 392 390 391 
228 392 384 393 390 
229 390 393 356 387 
230 391 390 387 207 
231 207 396 394 395 
232 396 387 397 394 
233 394 397 386 398 
234 395 394 398 361 
235 57 400 399 174 
236 400 42 401 399 
237 399 401 58 89 
238 174 399 89 55 
239 55 403 402 178 
240 403 89 404 402 
241 402 404 88 188 
242 178 402 188 82 
243 82 406 405 288 
244 406 188 407 405 
245 405 407 187 326 
246 288 405 326 108 
247 108 409 408 331 
248 409 326 410 408 
249 329 413 412 373 
250 413 331 414 412 
251 373 412 415 332 
252 75 123 416 227 
253 123 77 417 416 
254 416 417 53 418 
255 227 416 418 78 
256 103 206 419 231 
257 206 121 420 419 
258 419 420 123 421 
259 231 419 421 75 
260 126 354 422 308 
261 354 204 423 422 
262 422 423 206 424 
263 308 422 424 103 
264 425 427 354 428 
265 357 425 428 126 
266 356 430 429 388 
267 429 431 357 432 
268 388 429 432 355 
269 433 434 328 435 
270 369 433 435 59 
271 331 437 436 414 
272 437 408 438 436 
273 332 415 440 377 
274 415 193 441 440 
275 440 441 369 442 
276 377 440 442 368 
277 412 445 443 444 
278 445 414 446 443 
279 443 446 193 447 
280 444 443 447 415 
281 59 435 448 385 
282 435 328 449 448 
283 384 451 450 393 
284 451 385 452 450 
285 450 452 208 430 
286 393 450 430 356 
287 453 455 425 456 
288 431 453 456 357 
289 430 459 457 458 
290 459 208 460 457 
291 457 460 431 461 
292 458 457 461 429 
293 88 467 466 189 
294 467 90 468 466 
295 466 468 5 469 
296 189 466 469 91 
297 187 471 470 327 
298 471 189 472 470 
299 470 472 91 473 
300 327 470 473 190 
301 326 475 474 410 
302 475 187 476 474 
303 474 476 327 477 
304 410 474 477 325 
305 408 479 478 438 
306 479 410 480 478 
307 478 480 325 481 
308 438 478 481 411 
309 193 439 482 441 
310 439 411 483 482 
311 482 483 433 484 
312 441 482 484 369 
313 436 487 485 486 
314 487 438 488 485 
315 485 488 411 489 
316 486 485 489 439 
317 385 491 490 452 
318 491 448 492 490 
319 490 492 426 454 
320 452 490 454 208 
321 91 469 496 205 
322 469 5 497 496 
323 496 497 122 498 
324 205 496 498 121 
325 190 473 499 353 
326 473 91 500 499 
327 499 500 205 501 
328 353 499 501 204 
329 352 503 502 427 
330 503 353 504 502 
331 502 504 204 505 
332 427 502 505 354 
333 426 507 506 455 
334 507 352 508 506 
335 506 508 427 509 
336 455 506 509 425 
337 454 512 510 511 
338 512 426 513 510 
339 510 513 455 514 
340 511 510 514 453 
341 468 524 522 523 
342 522 525 518 526 
343 523 522 526 5 
344 5 526 527 528 
345 526 518 529 527 
346 528 527 530 497 
347 7 532 531 162 
348 532 16 533 531 
349 531 533 15 32 
350 162 531 32 13 
351 13 535 534 166 
352 535 32 536 534 
353 534 536 31 48 
354 166 534 48 26 
355 26 538 537 170 
356 538 48 539 537 
357 537 539 47 85 
358 170 537 85 42 
359 42 541 540 401 
360 541 85 542 540 
361 540 542 84 463 
362 401 540 463 58 
363 58 545 543 544 
364 545 463 546 543 
365 543 546 462 516 
366 544 543 516 90 
367 90 549 547 548 
368 549 516 550 547 
369 547 550 515 524 
370 548 547 524 468 
371 15 552 551 33 
372 552 17 553 551 
373 551 553 8 554 
374 33 551 554 18 
375 31 556 555 49 
376 556 33 557 555 
377 555 557 18 558 
378 49 555 558 34 
379 560 49 561 559 
380 559 561 34 562 
381 462 568 567 517 
382 568 464 569 567 
383 567 569 87 570 
384 517 567 570 465 
385 515 572 571 525 
386 572 517 573 571 
387 571 573 465 574 
388 525 571 574 518 
389 524 577 575 576 
390 577 515 578 575 
391 575 578 525 579 
392 576 575 579 522 
393 18 554 580 45 
394 554 8 581 580 
395 580 581 29 582 
396 45 580 582 28 
397 34 558 583 73 
398 558 18 584 583 
399 583 584 45 585 
400 73 583 585 44 
401 562 34 587 586 
402 586 587 73 588 
403 465 570 592 520 
404 570 87 593 592 
405 592 593 494 594 
406 520 592 594 493 
407 518 574 595 529 
408 574 465 596 595 
409 595 596 520 597 
410 529 595 597 519 
411 21 46 598 215 
412 46 28 599 598 
413 598 599 30 600 
414 215 598 600 9 
415 37 74 601 219 
416 74 44 602 601 
417 601 602 46 603 
418 219 601 603 21 
419 53 120 604 223 
420 120 72 605 604 
421 604 605 74 606 
422 223 604 606 37 
423 77 495 607 417 
424 495 118 608 607 
425 607 608 120 609 
426 417 607 609 53 
427 122 521 610 611 
428 521 493 612 610 
429 610 612 495 613 
430 611 610 613 77 
431 497 530 614 615 
432 530 519 616 614 
433 614 616 521 617 
434 615 614 617 122 
435 527 620 618 619 
436 620 529 621 618 
437 618 621 519 622 
438 619 618 622 530 
439 569 632 630 631 
440 631 630 634 87 
441 87 634 635 636 
442 636 635 638 593 
443 85 640 639 542 
444 640 47 641 639 
445 639 641 86 564 
446 542 639 564 84 
447 84 644 642 643 
448 644 564 645 642 
449 642 645 563 624 
450 643 642 624 464 
451 464 648 646 647 
452 648 624 649 646 
453 646 649 623 632 
454 647 646 632 569 
455 86 651 650 565 
456 651 559 652 650 
457 650 652 562 653 
458 565 650 653 50 
459 655 565 656 654 
460 654 656 50 657 
461 632 664 662 663 
462 664 623 665 662 
463 663 662 666 630 
464 50 653 667 590 
465 653 562 668 667 
466 667 668 586 669 
467 590 667 669 119 
468 657 50 671 670 
469 670 671 590 672 
470 118 591 676 608 
471 591 119 677 676 
472 676 677 72 678 
473 608 676 678 120 
474 494 629 679 680 
475 629 589 681 679 
476 679 681 591 682 
477 680 679 682 118 
478 593 638 683 684 
479 638 627 685 683 
480 683 685 629 686 
481 684 683 686 494 
482 635 689 687 688 
483 687 690 627 691 
484 688 687 691 638 
485 624 693 692 649 
486 693 563 694 692 
487 692 694 625 659 
488 649 692 659 623 
489 623 696 695 665 
490 696 659 697 695 
491 630 666 699 700 
492 699 701 626 702 
493 700 699 702 634 
494 662 705 703 704 
495 705 665 706 703 
496 704 703 707 666 
497 634 702 708 709 
498 702 626 710 708 
499 709 708 689 635 
500 627 675 711 685 
501 675 628 712 711 
502 711 712 589 713 
503 685 711 713 629 
504 714 716 675 717 
505 690 714 717 627 
506 689 720 718 719 
507 718 721 690 722 
508 719 718 722 687 
509 723 724 661 725 
510 701 723 725 626 
511 665 727 726 706 
512 727 695 728 726 
513 666 707 730 731 
514 707 633 732 730 
515 730 732 701 733 
516 731 730 733 699 
517 703 736 734 735 
518 736 706 737 734 
519 734 737 633 738 
520 735 734 738 707 
521 626 725 739 710 
522 725 661 740 739 
523 708 743 741 742 
524 743 710 744 741 
525 741 744 637 720 
526 742 741 720 689 
527 745 747 714 748 
528 721 745 748 690 
529 720 751 749 750 
530 751 637 752 749 
531 749 752 721 753 
532 750 749 753 718 
533 633 729 754 732 
534 729 698 755 754 
535 754 755 723 756 
536 732 754 756 701 
537 706 758 757 737 
538 758 726 759 757 
539 757 759 729 760 
540 737 757 760 633 
541 710 762 761 744 
542 762 739 763 761 
543 761 763 715 746 
544 744 761 746 637 
545 637 765 764 752 
546 765 746 766 764 
547 764 766 745 767 
548 752 764 767 721 
549 769 654 770 768 
550 768 770 657 771 
551 659 773 772 697 
552 773 625 774 772 
553 695 777 776 728 
554 777 697 778 776 
555 776 778 658 779 
556 726 781 780 759 
557 781 728 782 780 
558 780 782 698 783 
559 759 780 783 729 
560 771 657 785 784 
561 784 785 670 786 
562 787 789 628 790 
563 716 787 790 675 
564 792 673 793 791 
565 791 793 716 794 
566 747 791 794 714 
567 746 796 795 766 
568 796 715 797 795 
569 795 797 747 798 
570 766 795 798 745 
571 799 800 566 801 
572 724 799 801 661 
573 698 779 802 755 
574 779 658 803 802 
575 802 803 724 804 
576 755 802 804 723 
577 728 806 805 782 
578 806 776 807 805 
579 805 807 779 808 
580 782 805 808 698 
581 661 801 809 740 
582 801 566 810 809 
583 739 812 811 763 
584 812 740 813 811 
585 811 813 673 792 
586 763 811 792 715 
587 715 815 814 797 
588 815 792 816 814 
589 814 816 791 817 
590 797 814 817 747 
591 818 820 799 821 
592 803 818 821 724 
593 697 823 822 778 
594 823 772 824 822 
595 822 824 775 819 
596 778 822 819 658 
597 658 827 825 826 
598 827 819 828 825 
599 825 828 818 829 
600 826 825 829 803 
601 740 831 830 813 
602 831 809 832 830 
603 673 833 834 793 
604 833 788 835 834 
605 834 835 787 836 
606 793 834 836 716 
607 813 839 837 838 
608 839 830 840 837 
609 837 840 833 841 
610 838 837 841 673 
611 660 843 842 800 
612 843 768 844 842 
613 842 844 771 845 
614 800 842 845 566 
615 775 847 846 820 
616 847 660 848 846 
617 846 848 800 849 
618 820 846 849 799 
619 819 851 850 828 
620 851 775 852 850 
621 850 852 820 853 
622 828 850 853 818 
623 566 845 854 810 
624 845 771 855 854 
625 854 855 784 856 
626 810 854 856 674 
627 809 858 857 832 
628 858 810 859 857 
629 857 859 674 860 
630 832 857 860 788 
631 830 862 861 840 
632 862 832 863 861 
633 861 863 788 864 
634 840 861 864 833 
635 1 867 865 866 
636 867 12 160 865 
637 865 160 10 62 
638 866 865 62 11 
639 16 869 868 533 
640 869 2 870 868 
641 868 870 17 552 
642 533 868 552 15 
643 20 94 871 872 
644 94 19 214 871 
645 871 214 22 873 
646 872 871 873 4 
647 10 876 874 875 
648 876 25 164 874 
649 874 164 23 66 
650 875 874 66 24 
651 28 582 877 599 
652 582 29 878 877 
653 877 878 3 879 
654 599 877 879 30 
655 32 881 880 536 
656 881 15 882 880 
657 880 882 33 556 
658 536 880 556 31 
659 36 97 883 884 
660 97 35 218 883 
661 883 218 38 885 
662 884 883 885 19 
663 23 888 886 887 
664 888 41 168 886 
665 886 168 39 70 
666 887 886 70 40 
667 44 585 889 602 
668 585 45 890 889 
669 889 890 28 891 
670 602 889 891 46 
671 48 893 892 539 
672 893 31 894 892 
673 892 894 49 560 
674 539 892 560 47 
675 52 100 895 896 
676 100 51 222 895 
677 895 222 54 897 
678 896 895 897 35 
679 70 900 898 899 
680 900 39 172 898 
681 898 172 56 112 
682 899 898 112 68 
683 72 588 901 605 
684 588 73 902 901 
685 901 902 44 903 
686 605 901 903 74 
687 56 906 904 905 
688 906 81 176 904 
689 904 176 79 116 
690 905 904 116 80 
691 89 908 907 404 
692 908 58 544 907 
693 907 544 90 467 
694 404 907 467 88 
695 98 135 909 910 
696 135 76 226 909 
697 909 226 51 911 
698 910 909 911 100 
699 102 138 912 913 
700 138 101 230 912 
701 912 230 104 914 
702 913 912 914 76 
703 116 917 915 916 
704 917 79 180 915 
705 915 180 106 141 
706 916 915 141 114 
707 121 498 918 420 
708 498 122 611 918 
709 918 611 77 919 
710 420 918 919 123 
711 136 154 920 921 
712 154 125 234 920 
713 920 234 101 922 
714 921 920 922 138 
715 183 925 923 924 
716 925 186 254 923 
717 923 254 128 201 
718 924 923 201 149 
719 188 927 926 407 
720 927 88 928 926 
721 926 928 189 471 
722 407 926 471 187 
723 204 501 929 423 
724 501 205 930 929 
725 929 930 121 931 
726 423 929 931 206 
727 158 245 932 933 
728 245 143 270 932 
729 932 270 239 934 
730 933 932 934 237 
731 250 936 935 260 
732 936 196 296 935 
733 935 296 251 937 
734 260 935 937 249 
735 265 939 938 276 
736 939 267 317 938 
737 938 317 212 940 
738 276 938 940 268 
739 279 336 941 338 
740 336 191 376 941 
741 941 376 280 942 
742 338 941 942 278 
743 300 944 943 351 
744 944 301 391 943 
745 943 391 207 360 
746 351 943 360 302 
747 325 477 945 434 
748 477 327 946 945 
749 945 946 190 947 
750 434 945 947 328 
751 328 947 948 449 
752 947 190 949 948 
753 948 949 353 503 
754 449 948 503 352 
755 411 481 950 483 
756 481 325 951 950 
757 950 951 434 952 
758 483 950 952 433 
759 414 954 953 446 
760 954 436 486 953 
761 953 486 439 955 
762 446 953 955 193 
763 448 957 956 492 
764 957 449 958 956 
765 956 958 352 507 
766 492 956 507 426 
767 208 960 959 460 
768 960 454 511 959 
769 959 511 453 961 
770 460 959 961 431 
771 463 963 962 546 
772 963 84 643 962 
773 962 643 464 568 
774 546 962 568 462 
775 493 594 964 612 
776 594 494 680 964 
777 964 680 118 965 
778 612 964 965 495 
779 516 967 966 550 
780 967 462 968 966 
781 966 968 517 572 
782 550 966 572 515 
783 519 597 969 616 
784 597 520 970 969 
785 969 970 493 971 
786 616 969 971 521 
787 47 973 972 641 
788 973 560 974 972 
789 972 974 559 651 
790 641 972 651 86 
791 564 976 975 645 
792 976 86 977 975 
793 975 977 565 655 
794 645 975 655 563 
795 119 669 978 677 
796 669 586 979 978 
797 978 979 588 980 
798 677 978 980 72 
799 589 672 981 681 
800 672 590 982 981 
801 981 982 119 983 
802 681 981 983 591 
803 563 985 984 694 
804 985 655 986 984 
805 984 986 654 769 
806 694 984 769 625 
807 628 786 987 712 
808 786 670 988 987 
809 987 988 672 989 
810 712 987 989 589 
811 625 991 990 774 
812 991 769 992 990 
813 990 992 768 843 
814 774 990 843 660 
815 772 994 993 824 
816 994 774 995 993 
817 993 995 660 847 
818 824 993 847 775 
819 674 856 996 789 
820 856 784 997 996 
821 996 997 786 998 
822 789 996 998 628 
823 788 860 999 835 
824 860 674 1000 999 
825 999 1000 789 1001 
826 835 999 1001 787 
