2 0.000000 100.000000 211.018442
1001 826 
1 -11.368037 0.000000 -11.528932 99.756256 -0.000002 6.975626 0.000003 
2 13.641644 0.000000 -11.528932 99.756413 0.000228 6.973414 0.000003 
3 13.641644 0.000000 11.528932 99.756716 -0.000287 6.972632 -0.000002 
4 -11.368037 0.000000 11.528932 99.756546 -0.000031 6.975641 -0.000003 
5 1.136804 0.000000 0.000000 104.991713 0.033121 6.258789 -0.106243 
6 -11.368037 0.000000 0.000000 99.756381 -0.000025 6.975676 0.000000 
7 1.136804 0.000000 -11.528932 99.755427 -0.000028 6.974352 0.000021 
8 13.641644 0.000000 0.000000 99.790333 0.005414 6.489840 -0.000023 
9 1.136804 0.000000 11.528932 99.757741 -0.000247 6.974222 -0.000025 
10 -5.115617 0.000000 -5.764466 99.755446 -0.003672 6.975579 0.000019 
11 -11.368037 0.000000 -5.764466 99.756289 -0.000014 6.975654 0.000002 
12 -5.115617 0.000000 -11.528932 99.755896 -0.000022 6.975441 0.000010 
13 1.136804 0.000000 -5.764466 99.751223 -0.035521 6.970123 0.000111 
14 -5.115617 0.000000 0.000000 99.755857 0.000687 6.975525 0.000011 
15 7.389224 0.000000 -5.764466 99.756769 -0.002580 6.967213 0.000004 
16 7.389224 0.000000 -11.528932 99.756081 0.000156 6.973428 0.000010 
17 13.641644 0.000000 -5.764466 99.756841 0.000476 6.967710 0.000002 
18 7.389224 0.000000 0.000000 99.896039 0.011884 4.969207 -0.000391 
19 -5.115617 0.000000 5.764466 99.756983 0.002607 6.975857 -0.000012 
20 -11.368037 0.000000 5.764466 99.756487 -0.000030 6.975669 -0.000002 
21 1.136804 0.000000 5.764466 99.765059 0.035704 6.969568 -0.000164 
22 -5.115617 0.000000 11.528932 99.756952 -0.000093 6.975505 -0.000011 
23 -1.989406 0.000000 -2.882233 99.755295 -0.004813 6.970316 0.000030 
24 -5.115617 0.000000 -2.882233 99.755628 -0.001212 6.975343 0.000016 
25 -1.989406 0.000000 -5.764466 99.754480 -0.009119 6.973831 0.000041 
26 1.136804 0.000000 -2.882233 99.785012 0.131336 6.945214 -0.000530 
27 -1.989406 0.000000 0.000000 99.749403 -0.003123 6.971419 0.000146 
28 7.389224 0.000000 5.764466 99.756940 0.000932 6.964025 0.000006 
29 13.641644 0.000000 5.764466 99.757447 -0.000618 6.961393 -0.000001 
30 7.389224 0.000000 11.528932 99.756991 -0.000279 6.972985 -0.000008 
31 4.263014 0.000000 -2.882233 99.759497 -0.010172 6.944756 -0.000019 
32 4.263014 0.000000 -5.764466 99.756872 -0.009008 6.967813 0.000002 
33 7.389224 0.000000 -2.882233 99.758208 -0.001578 6.944318 0.000008 
34 4.263014 0.000000 0.000000 100.086319 0.002758 2.175997 -0.002201 
35 -1.989406 0.000000 2.882233 99.754004 0.011555 6.974851 0.000049 
36 -5.115617 0.000000 2.882233 99.756333 0.002472 6.975583 0.000002 
37 1.136804 0.000000 2.882233 99.750755 -0.123730 6.939147 0.000162 
38 -1.989406 0.000000 5.764466 99.758145 0.010754 6.974994 -0.000034 
39 -0.426301 0.000000 -1.441116 99.729580 0.026610 6.931514 0.000596 
40 -1.989406 0.000000 -1.441116 99.750341 0.007587 6.970620 0.000128 
41 -0.426301 0.000000 -2.882233 99.755306 0.059565 6.957643 0.000047 
42 1.136804 0.000000 -1.441116 99.766625 0.016518 6.884137 -0.000077 
43 -0.426301 0.000000 0.000000 99.890345 -0.082396 6.996658 -0.002704 
44 4.263014 0.000000 2.882233 99.753076 0.011858 6.931254 0.000128 
45 7.389224 0.000000 2.882233 99.759783 -0.000781 6.920249 0.000010 
46 4.263014 0.000000 5.764466 99.756555 0.006159 6.965322 0.000011 
47 2.699909 0.000000 -1.441116 99.782051 -0.021580 6.868740 -0.000364 
48 2.699909 0.000000 -2.882233 99.777998 0.051726 6.951171 -0.000397 
49 4.263014 0.000000 -1.441116 99.764702 0.004162 6.855807 0.000000 
50 2.699909 0.000000 0.000000 100.227269 -0.039808 1.414762 -0.004751 
51 -0.426301 0.000000 1.441116 99.727415 -0.015419 6.980548 0.000571 
52 -1.989406 0.000000 1.441116 99.752268 -0.012332 6.974803 0.000084 
53 1.136804 0.000000 1.441116 99.795989 0.068990 6.857067 -0.000626 
54 -0.426301 0.000000 2.882233 99.758582 -0.061964 6.971310 -0.000038 
55 0.355251 0.000000 -0.720558 100.134805 0.019973 6.568655 -0.007013 
56 -0.426301 0.000000 -0.720558 99.751794 0.072228 6.863016 0.000247 
57 0.355251 0.000000 -1.441116 99.830471 -0.022704 6.897057 -0.001369 
58 1.136804 0.000000 -0.720558 99.993114 -0.151970 6.656279 -0.004295 
59 0.355251 0.000000 0.000000 22.905193 -0.003992 0.075123 0.947535 
60 -8.241827 0.000000 -2.882233 99.756126 -0.000971 6.975735 0.000005 
61 -11.368037 0.000000 -2.882233 99.756329 -0.000020 6.975668 0.000001 
62 -8.241827 0.000000 -5.764466 99.756143 -0.000034 6.975640 0.000005 
63 -8.241827 0.000000 0.000000 99.756265 -0.000338 6.975778 0.000003 
64 -3.552511 0.000000 -1.441116 99.754150 -0.002552 6.976700 0.000044 
65 -5.115617 0.000000 -1.441116 99.755693 -0.000333 6.975438 0.000014 
66 -3.552511 0.000000 -2.882233 99.754815 -0.004654 6.974612 0.000033 
67 -3.552511 0.000000 0.000000 99.754930 0.000906 6.977072 0.000027 
68 -1.207854 0.000000 -0.720558 99.741025 -0.007587 6.958425 0.000331 
69 -1.989406 0.000000 -0.720558 99.749547 0.003284 6.970511 0.000144 
70 -1.207854 0.000000 -1.441116 99.744059 0.018468 6.961099 0.000267 
71 -1.207854 0.000000 0.000000 99.737214 -0.007948 6.966061 0.000396 
72 2.699909 0.000000 1.441116 99.710604 -0.021762 6.790866 0.001168 
73 4.263014 0.000000 1.441116 99.761844 -0.000538 6.769865 0.000174 
74 2.699909 0.000000 2.882233 99.736987 -0.044156 6.935448 0.000443 
75 0.355251 0.000000 0.720558 99.917307 0.012368 6.966225 -0.003200 
76 -0.426301 0.000000 0.720558 99.637089 0.074240 6.872164 0.002522 
77 1.136804 0.000000 0.720558 99.579244 -0.050535 6.604558 0.004035 
78 0.355251 0.000000 1.441116 99.782732 0.068699 6.973352 -0.000523 
79 -0.035525 0.000000 -0.360279 98.231103 0.109803 7.197691 0.029883 
80 -0.426301 0.000000 -0.360279 99.781455 -0.035076 6.985207 -0.000513 
81 -0.035525 0.000000 -0.720558 99.428236 -0.013634 6.810238 0.006765 
82 0.355251 0.000000 -0.360279 100.632144 0.097554 5.872271 -0.016132 
83 -0.035525 0.000000 0.000000 203.868742 -0.085642 7.414383 -3.161744 
84 1.918356 0.000000 -0.720558 100.050768 0.012086 6.534680 -0.005286 
85 1.918356 0.000000 -1.441116 99.841803 0.011486 6.864673 -0.001551 
86 2.699909 0.000000 -0.720558 99.871554 0.025330 6.563036 -0.001740 
87 1.918356 0.000000 0.000000 104.627366 0.390627 2.944424 -0.095571 
88 0.746027 0.000000 -0.360279 99.426526 -0.137639 6.423559 0.007308 
89 0.746027 0.000000 -0.720558 99.745712 0.063584 6.857242 0.000377 
90 1.136804 0.000000 -0.360279 99.217599 0.109409 5.465823 0.012598 
91 0.746027 0.000000 0.000000 105.583813 -0.007625 6.643851 -0.119208 
92 -8.241827 0.000000 2.882233 99.756436 0.000330 6.975784 -0.000001 
93 -11.368037 0.000000 2.882233 99.756437 -0.000028 6.975676 -0.000001 
94 -8.241827 0.000000 5.764466 99.756589 -0.000061 6.975682 -0.000004 
95 -3.552511 0.000000 1.441116 99.756027 0.004310 6.977170 0.000005 
96 -5.115617 0.000000 1.441116 99.756090 0.001677 6.975577 0.000006 
97 -3.552511 0.000000 2.882233 99.756478 0.005060 6.975805 -0.000002 
98 -1.207854 0.000000 0.720558 99.737825 -0.031433 6.962854 0.000388 
99 -1.989406 0.000000 0.720558 99.750174 -0.009170 6.972351 0.000129 
100 -1.207854 0.000000 1.441116 99.746747 -0.033182 6.973040 0.000196 
101 -0.035525 0.000000 0.360279 98.700085 -0.118356 6.426155 0.021698 
102 -0.426301 0.000000 0.360279 99.719457 -0.049832 6.769412 0.001020 
103 0.355251 0.000000 0.360279 101.945024 0.069544 7.006923 -0.044189 
104 -0.035525 0.000000 0.720558 99.284315 -0.033315 6.820889 0.009610 
105 0.159863 0.000000 -0.180140 97.968637 -0.099796 -0.580423 0.040180 
106 -0.035525 0.000000 -0.180140 96.039207 0.405451 12.046768 0.063118 
107 0.159863 0.000000 -0.360279 98.710173 0.155131 5.172630 0.022952 
108 0.355251 0.000000 -0.180140 102.681747 0.190400 3.581360 -0.055640 
109 0.159863 0.000000 0.000000 103.117780 0.329516 0.289315 -0.063347 
110 -0.817078 0.000000 -0.360279 99.748235 0.045552 6.904116 0.000262 
111 -1.207854 0.000000 -0.360279 99.737627 -0.007283 6.964486 0.000390 
112 -0.817078 0.000000 -0.720558 99.724973 -0.016861 6.957234 0.000653 
113 -0.817078 0.000000 0.000000 99.735865 0.044715 6.906461 0.000506 
114 -0.230913 0.000000 -0.180140 100.487928 0.006023 7.103629 -0.014829 
115 -0.426301 0.000000 -0.180140 99.856138 -0.094838 6.989556 -0.002011 
116 -0.230913 0.000000 -0.360279 99.588954 0.038982 7.295190 0.002882 
117 -0.230913 0.000000 0.000000 100.966073 -0.019794 6.944967 -0.024238 
118 1.918356 0.000000 0.720558 99.356494 0.003824 6.181097 0.009008 
119 2.699909 0.000000 0.720558 99.645241 0.002865 6.330475 0.003075 
120 1.918356 0.000000 1.441116 99.713045 -0.003221 6.797940 0.001110 
121 0.746027 0.000000 0.360279 99.498094 -0.069561 6.195243 0.006174 
122 1.136804 0.000000 0.360279 100.129711 0.140913 5.753858 -0.005909 
123 0.746027 0.000000 0.720558 99.299583 -0.045096 6.845549 0.009273 
124 0.159863 0.000000 0.180140 100.028129 -0.103690 11.494199 -0.013775 
125 -0.035525 0.000000 0.180140 97.595882 0.173976 1.803543 0.047176 
126 0.355251 0.000000 0.180140 104.199876 0.116400 5.656609 -0.088962 
127 0.159863 0.000000 0.360279 99.592818 -0.145769 8.032275 0.001673 
128 0.062169 0.000000 -0.090070 80.773451 0.000641 -9.053247 0.339369 
129 -0.035525 0.000000 -0.090070 114.260071 0.137106 29.912735 -0.395015 
130 0.062169 0.000000 -0.180140 92.067558 0.072999 2.234924 0.151856 
131 0.159863 0.000000 -0.090070 101.503701 0.377255 -13.571648 -0.048733 
132 0.062169 0.000000 0.000000 277.345930 -0.083826 0.463576 -6.692099 
133 -0.817078 0.000000 0.360279 99.717417 0.056178 6.907357 0.000872 
134 -1.207854 0.000000 0.360279 99.737538 -0.008251 6.967656 0.000388 
135 -0.817078 0.000000 0.720558 99.705974 0.046134 6.917768 0.001086 
136 -0.230913 0.000000 0.180140 100.583523 -0.006440 6.770024 -0.016288 
137 -0.426301 0.000000 0.180140 99.864537 -0.028698 6.939327 -0.002108 
138 -0.230913 0.000000 0.360279 99.728402 -0.012168 6.575371 0.001101 
139 -0.133219 0.000000 -0.090070 104.136567 0.079956 8.642721 -0.091913 
140 -0.230913 0.000000 -0.090070 100.763613 -0.028699 7.156943 -0.020453 
141 -0.133219 0.000000 -0.180140 100.852676 -0.181856 8.846658 -0.024956 
142 -0.133219 0.000000 0.000000 106.104307 0.151716 7.198055 -0.130996 
143 0.062169 0.000000 0.090070 85.605555 0.030651 15.330503 0.243666 
144 -0.035525 0.000000 0.090070 116.377165 0.057336 -15.140596 -0.377289 
145 0.159863 0.000000 0.090070 105.375154 0.319714 14.355389 -0.131010 
146 0.062169 0.000000 0.180140 94.426193 -0.141941 9.871850 0.098622 
147 0.013322 0.000000 -0.045035 71.005708 0.258685 -13.839355 0.476659 
148 -0.035525 0.000000 -0.045035 169.910858 -0.063903 35.966482 -2.016329 
149 0.013322 0.000000 -0.090070 44.805114 -0.089681 3.836740 0.797777 
150 0.062169 0.000000 -0.045035 271.322164 -0.076312 -20.211493 -6.402423 
151 0.013322 0.000000 0.000000 453.884810 -0.024935 2.978433 -19.602029 
152 -0.133219 0.000000 0.090070 104.434777 0.018419 5.552552 -0.093745 
153 -0.230913 0.000000 0.090070 100.818750 -0.021867 6.723291 -0.020962 
154 -0.133219 0.000000 0.180140 101.182488 -0.153892 5.121861 -0.026415 
155 0.013322 0.000000 0.045035 78.868031 -0.366837 15.626062 0.353553 
156 -0.035525 0.000000 0.045035 170.320192 -0.094718 -20.677280 -1.943653 
157 0.062169 0.000000 0.045035 270.383234 -0.058337 20.983073 -6.354739 
158 0.013322 0.000000 0.090070 52.908985 -0.203093 5.884430 0.716597 
159 -1.989406 0.000000 -8.646699 99.754846 -0.008035 6.974774 0.000032 
160 -5.115617 0.000000 -8.646699 99.755774 -0.000056 6.975456 0.000013 
161 -1.989406 0.000000 -11.528932 99.755560 -0.000044 6.975056 0.000018 
162 1.136804 0.000000 -8.646699 99.754815 -0.011480 6.973205 0.000035 
163 -0.426301 0.000000 -4.323349 99.756281 -0.041622 6.967406 0.000014 
164 -1.989406 0.000000 -4.323349 99.751336 -0.015688 6.975103 0.000102 
165 -0.426301 0.000000 -5.764466 99.754400 -0.017294 6.971759 0.000045 
166 1.136804 0.000000 -4.323349 99.755236 -0.060133 6.966148 0.000036 
167 0.355251 0.000000 -2.161675 99.811203 0.008027 6.929908 -0.001030 
168 -0.426301 0.000000 -2.161675 99.750485 0.062861 6.945161 0.000160 
169 0.355251 0.000000 -2.882233 99.772633 0.107403 6.947195 -0.000285 
170 1.136804 0.000000 -2.161675 99.824532 0.038439 6.936080 -0.001305 
171 -0.035525 0.000000 -1.080837 99.877764 0.032867 6.764689 -0.002133 
172 -0.426301 0.000000 -1.080837 99.784965 0.025846 6.872314 -0.000427 
173 -0.035525 0.000000 -1.441116 99.750142 0.008510 6.899224 0.000231 
174 0.355251 0.000000 -1.080837 100.250471 -0.055105 6.803845 -0.009645 
175 0.159863 0.000000 -0.540419 99.402184 -0.001322 6.201650 0.008075 
176 -0.035525 0.000000 -0.540419 99.251662 0.047475 6.743954 0.010362 
177 0.159863 0.000000 -0.720558 99.607674 0.022917 6.547681 0.003544 
178 0.355251 0.000000 -0.540419 100.035707 -0.048542 6.483496 -0.004918 
179 0.062169 0.000000 -0.270209 94.379205 0.267145 5.128924 0.106619 
180 -0.035525 0.000000 -0.270209 96.480849 0.084518 8.570469 0.061799 
181 0.062169 0.000000 -0.360279 97.413576 0.155889 6.140196 0.047287 
182 0.159863 0.000000 -0.270209 98.195566 0.318067 3.130369 0.034773 
183 0.013322 0.000000 -0.135105 81.987756 0.045574 8.546081 0.320497 
184 -0.035525 0.000000 -0.135105 99.403477 0.270224 16.786644 -0.016292 
185 0.013322 0.000000 -0.180140 90.153518 0.379793 7.912441 0.180959 
186 0.062169 0.000000 -0.135105 89.978349 0.035599 -1.873325 0.190039 
187 0.550639 0.000000 -0.180140 104.388602 -0.030041 5.045842 -0.092244 
188 0.550639 0.000000 -0.360279 99.672037 -0.041600 6.788165 0.001940 
189 0.746027 0.000000 -0.180140 105.584095 -0.001250 5.156345 -0.117459 
190 0.550639 0.000000 0.000000 104.487232 -0.029575 6.556234 -0.096057 
191 0.257557 0.000000 -0.090070 103.508296 -0.009949 -10.225213 -0.081852 
192 0.257557 0.000000 -0.180140 100.936485 0.223836 0.984320 -0.018919 
193 0.355251 0.000000 -0.090070 105.751606 0.036986 -4.331073 -0.120216 
194 0.257557 0.000000 0.000000 43.721084 -0.112598 0.035326 0.808845 
195 0.111016 0.000000 -0.045035 160.764889 -0.027805 -13.335328 -1.602318 
196 0.111016 0.000000 -0.090070 91.733569 0.348576 -15.010024 0.135953 
197 0.159863 0.000000 -0.045035 101.857312 0.356954 -7.064795 -0.042495 
198 0.111016 0.000000 0.000000 165.414999 -0.024734 0.151041 -1.736215 
199 0.037745 0.000000 -0.067552 63.815434 0.234924 -12.270003 0.577698 
200 0.013322 0.000000 -0.067552 70.948712 0.269535 -13.465181 0.478490 
201 0.037745 0.000000 -0.090070 75.926736 -0.060470 -9.225814 0.415001 
202 0.062169 0.000000 -0.067552 71.065768 0.223612 -13.476833 0.476798 
203 0.037745 0.000000 -0.045035 63.988029 0.219607 -12.456223 0.575033 
204 0.550639 0.000000 0.180140 104.586257 -0.042624 5.073441 -0.096403 
205 0.746027 0.000000 0.180140 105.893545 -0.014742 5.187996 -0.124036 
206 0.550639 0.000000 0.360279 100.016026 -0.035128 5.769732 -0.003650 
207 0.257557 0.000000 0.090070 106.109857 -0.079996 10.738104 -0.137462 
208 0.355251 0.000000 0.090070 106.938918 0.030135 4.648446 -0.145754 
209 0.257557 0.000000 0.180140 102.461958 0.091209 8.703276 -0.057421 
210 0.111016 0.000000 0.045035 160.699326 -0.076176 13.679339 -1.601140 
211 0.159863 0.000000 0.045035 102.010387 0.221112 7.494950 -0.046234 
212 0.111016 0.000000 0.090070 96.396639 0.222344 16.304724 0.044179 
213 -1.989406 0.000000 8.646699 99.758281 0.007101 6.975182 -0.000037 
214 -5.115617 0.000000 8.646699 99.757017 -0.000119 6.975567 -0.000012 
215 1.136804 0.000000 8.646699 99.759182 0.011276 6.972984 -0.000052 
216 -1.989406 0.000000 11.528932 99.757454 -0.000167 6.975111 -0.000020 
217 -0.426301 0.000000 4.323349 99.763812 0.037007 6.973905 -0.000145 
218 -1.989406 0.000000 4.323349 99.760060 0.017592 6.977084 -0.000075 
219 1.136804 0.000000 4.323349 99.766109 0.058192 6.963837 -0.000177 
220 -0.426301 0.000000 5.764466 99.760420 0.018838 6.973190 -0.000077 
221 0.355251 0.000000 2.161675 99.796317 -0.205337 6.956980 -0.000775 
222 -0.426301 0.000000 2.161675 99.752551 -0.079301 6.971044 0.000083 
223 1.136804 0.000000 2.161675 99.800440 -0.026966 6.919245 -0.000800 
224 0.355251 0.000000 2.882233 99.767028 -0.108200 6.960146 -0.000192 
225 -0.035525 0.000000 1.080837 99.501385 0.138222 6.930679 0.005142 
226 -0.426301 0.000000 1.080837 99.650391 0.081861 6.922789 0.002187 
227 0.355251 0.000000 1.080837 99.514859 0.125102 6.961663 0.004831 
228 -0.035525 0.000000 1.441116 99.745780 -0.000432 7.006320 0.000169 
229 0.159863 0.000000 0.540419 99.641331 0.002278 7.263384 0.001885 
230 -0.035525 0.000000 0.540419 99.311210 0.037373 6.914617 0.008947 
231 0.355251 0.000000 0.540419 100.105812 -0.067494 6.839463 -0.006796 
232 0.159863 0.000000 0.720558 99.684603 0.021432 7.087134 0.001275 
233 0.062169 0.000000 0.270209 95.573952 -0.051735 8.043140 0.080093 
234 -0.035525 0.000000 0.270209 97.284826 -0.001748 5.188092 0.050875 
235 0.159863 0.000000 0.270209 99.391008 0.051477 9.463281 0.003187 
236 0.062169 0.000000 0.360279 98.127712 -0.084816 7.327154 0.031726 
237 0.013322 0.000000 0.135105 85.699119 -0.047698 3.844974 0.264087 
238 -0.035525 0.000000 0.135105 101.382374 0.165481 -2.702587 -0.028572 
239 0.062169 0.000000 0.135105 93.244385 -0.094166 12.461972 0.115018 
240 0.013322 0.000000 0.180140 92.496050 0.105997 5.141932 0.141803 
241 0.037745 0.000000 0.067552 71.467768 -0.194807 14.219724 0.469012 
242 0.013322 0.000000 0.067552 78.762602 -0.361118 15.686131 0.355027 
243 0.037745 0.000000 0.045035 71.804385 -0.195102 14.243835 0.464121 
244 0.062169 0.000000 0.067552 77.697567 -0.089020 15.161333 0.373321 
245 0.037745 0.000000 0.090070 81.414234 -0.057326 16.688240 0.309322 
246 0.111016 0.000000 -0.135105 96.869902 -0.073728 -3.803468 0.060175 
247 0.111016 0.000000 -0.180140 95.927244 -0.151217 0.031873 0.079794 
248 0.159863 0.000000 -0.135105 99.196905 -0.007056 -3.813884 0.014543 
249 0.086592 0.000000 -0.067552 93.094914 0.039492 -15.270869 0.110014 
250 0.086592 0.000000 -0.090070 93.780946 0.011153 -15.562745 0.096294 
251 0.111016 0.000000 -0.067552 91.927712 0.313728 -14.988141 0.132455 
252 0.086592 0.000000 -0.045035 209.665318 -0.056340 -19.330486 -3.433322 
253 0.086592 0.000000 -0.112587 92.651779 0.075852 -8.024863 0.135124 
254 0.062169 0.000000 -0.112587 86.393173 0.055032 -5.582947 0.250505 
255 0.086592 0.000000 -0.135105 93.842008 0.028992 -3.579245 0.118087 
256 0.111016 0.000000 -0.112587 97.175136 0.206050 -7.533356 0.050020 
257 0.074381 0.000000 -0.078811 89.102390 0.032077 -15.109710 0.183246 
258 0.062169 0.000000 -0.078811 72.965887 0.202562 -13.736823 0.448724 
259 0.074381 0.000000 -0.090070 79.655918 0.060646 -15.447542 0.341630 
260 0.086592 0.000000 -0.078811 93.140875 0.055953 -15.317201 0.109016 
261 0.074381 0.000000 -0.067552 85.205328 0.073174 -14.793827 0.252119 
262 0.111016 0.000000 0.135105 99.759392 -0.011136 13.318443 -0.012932 
263 0.159863 0.000000 0.135105 101.735151 -0.106590 12.300566 -0.050136 
264 0.111016 0.000000 0.180140 98.104237 -0.230414 11.336787 0.024698 
265 0.086592 0.000000 0.067552 98.084819 0.275747 16.572247 0.010465 
266 0.086592 0.000000 0.045035 209.293512 -0.052020 19.594067 -3.418770 
267 0.111016 0.000000 0.067552 96.605625 0.228695 16.353011 0.039988 
268 0.086592 0.000000 0.090070 98.756340 0.305846 16.648377 -0.003008 
269 0.086592 0.000000 0.112587 96.285392 0.052870 16.165863 0.046779 
270 0.062169 0.000000 0.112587 90.381007 -0.047327 14.602203 0.161805 
271 0.111016 0.000000 0.112587 100.555969 0.230795 14.997652 -0.033649 
272 0.086592 0.000000 0.135105 96.901663 0.022229 13.562192 0.042613 
273 0.074381 0.000000 0.078811 94.522640 0.173409 16.298390 0.079980 
274 0.062169 0.000000 0.078811 79.495704 -0.064403 15.244982 0.344802 
275 0.074381 0.000000 0.067552 90.894584 0.114750 16.060624 0.148022 
276 0.086592 0.000000 0.078811 98.103768 0.277815 16.567685 0.010109 
277 0.074381 0.000000 0.090070 84.485725 0.059082 20.834231 0.242809 
278 0.208710 0.000000 -0.045035 63.657589 -0.092598 -4.198831 0.593007 
279 0.208710 0.000000 -0.090070 100.670165 0.136107 -12.582890 -0.029283 
280 0.257557 0.000000 -0.045035 43.257035 -0.075885 -3.143294 0.811894 
281 0.208710 0.000000 0.000000 65.195045 -0.048791 0.059890 0.574960 
282 0.135439 0.000000 -0.067552 91.920719 0.505004 -15.242671 0.131799 
283 0.135439 0.000000 -0.090070 93.923624 0.489174 -15.119561 0.094951 
284 0.159863 0.000000 -0.067552 100.506546 0.254027 -10.489031 -0.021165 
285 0.135439 0.000000 -0.045035 127.431770 0.240752 -9.671295 -0.633245 
286 0.257557 0.000000 -0.270209 100.629071 0.189912 4.028868 -0.014248 
287 0.257557 0.000000 -0.360279 100.256643 0.152219 5.222450 -0.007869 
288 0.355251 0.000000 -0.270209 101.399431 0.178895 5.437443 -0.031144 
289 0.208710 0.000000 -0.135105 101.146322 0.207485 -3.701802 -0.024432 
290 0.208710 0.000000 -0.180140 99.581077 0.310562 -0.320603 0.008341 
291 0.257557 0.000000 -0.135105 101.210508 0.352202 -2.724249 -0.025111 
292 0.135439 0.000000 -0.112587 98.361490 0.216553 -6.968931 0.027640 
293 0.135439 0.000000 -0.135105 98.377592 -0.028164 -3.709976 0.030808 
294 0.159863 0.000000 -0.112587 99.374104 0.178676 -6.917181 0.007691 
295 0.123228 0.000000 -0.078811 91.402569 0.456417 -15.034821 0.141932 
296 0.111016 0.000000 -0.078811 91.853328 0.335227 -15.081658 0.133540 
297 0.123228 0.000000 -0.090070 91.702374 0.445333 -15.208011 0.135919 
298 0.135439 0.000000 -0.078811 93.762186 0.490873 -15.149335 0.097891 
299 0.123228 0.000000 -0.067552 91.470921 0.408257 -15.170634 0.140276 
300 0.208710 0.000000 0.045035 63.863643 -0.126635 4.538539 0.590082 
301 0.257557 0.000000 0.045035 43.403774 -0.126077 3.182436 0.810597 
302 0.208710 0.000000 0.090070 104.262942 0.001241 13.300020 -0.104765 
303 0.135439 0.000000 0.067552 96.443905 0.227636 16.264606 0.043398 
304 0.135439 0.000000 0.045035 127.089872 0.064629 10.110164 -0.625406 
305 0.159863 0.000000 0.067552 100.820494 0.215087 10.843651 -0.028240 
306 0.135439 0.000000 0.090070 98.309710 0.283604 16.103706 0.007579 
307 0.257557 0.000000 0.270209 101.758919 0.075375 8.108774 -0.042064 
308 0.355251 0.000000 0.270209 102.316212 -0.016999 6.341802 -0.050883 
309 0.257557 0.000000 0.360279 101.332026 -0.075485 7.874346 -0.033019 
310 0.208710 0.000000 0.135105 103.656654 0.043777 11.084677 -0.086757 
311 0.257557 0.000000 0.135105 103.449997 0.102881 9.434484 -0.079092 
312 0.208710 0.000000 0.180140 101.247946 0.152652 10.497403 -0.036137 
313 0.135439 0.000000 0.112587 101.683763 0.195646 13.743738 -0.052852 
314 0.159863 0.000000 0.112587 102.374233 0.003683 12.958342 -0.064840 
315 0.135439 0.000000 0.135105 101.150554 -0.038337 12.703316 -0.039281 
316 0.123228 0.000000 0.078811 95.995363 0.212170 16.220609 0.052174 
317 0.111016 0.000000 0.078811 96.527981 0.226291 16.314451 0.041614 
318 0.123228 0.000000 0.067552 96.117647 0.213798 16.208531 0.049864 
319 0.135439 0.000000 0.078811 98.159927 0.279446 16.137602 0.010413 
320 0.123228 0.000000 0.090070 96.297944 0.220989 16.239379 0.046294 
321 0.184287 0.000000 -0.112587 100.399477 0.115468 -7.621493 -0.013816 
322 0.184287 0.000000 -0.135105 99.591419 0.130395 -4.221716 0.006371 
323 0.208710 0.000000 -0.112587 104.459404 0.171520 -7.398331 -0.096653 
324 0.184287 0.000000 -0.090070 100.255860 0.296506 -13.260786 -0.022717 
325 0.452945 0.000000 -0.090070 97.260723 -0.032547 2.824240 0.053237 
326 0.452945 0.000000 -0.180140 99.505558 -0.042005 1.165522 0.009728 
327 0.550639 0.000000 -0.090070 103.115723 -0.028728 5.579530 -0.066398 
328 0.452945 0.000000 0.000000 104.487232 -0.029575 6.556236 -0.096057 
329 0.306404 0.000000 -0.135105 102.367967 0.128963 -0.061793 -0.047922 
330 0.306404 0.000000 -0.180140 101.889225 0.403108 2.164488 -0.038626 
331 0.355251 0.000000 -0.135105 107.201470 0.132532 0.378454 -0.149232 
332 0.306404 0.000000 -0.090070 105.347997 0.037817 -6.412668 -0.113932 
333 0.233134 0.000000 -0.112587 104.465119 -0.031648 -10.317148 -0.101941 
334 0.233134 0.000000 -0.135105 100.895210 0.209256 -2.577807 -0.018653 
335 0.257557 0.000000 -0.112587 103.477193 -0.007474 -10.222055 -0.081202 
336 0.233134 0.000000 -0.090070 104.189959 -0.032210 -10.290983 -0.096145 
337 0.184287 0.000000 -0.067552 79.842907 0.228460 -9.139269 0.354153 
338 0.208710 0.000000 -0.067552 60.275418 0.017483 -7.067905 0.631692 
339 0.184287 0.000000 -0.045035 81.006684 0.176977 -5.788785 0.340438 
340 0.196498 0.000000 -0.101329 99.785194 0.249036 -13.345578 -0.013525 
341 0.184287 0.000000 -0.101329 100.103316 0.289573 -13.389176 -0.020003 
342 0.196498 0.000000 -0.112587 100.912731 0.141280 -7.537830 -0.024022 
343 0.208710 0.000000 -0.101329 101.270253 0.116832 -12.122322 -0.040263 
344 0.196498 0.000000 -0.090070 99.756553 0.256814 -13.342168 -0.012945 
345 0.184287 0.000000 0.112587 103.411157 -0.037539 12.998822 -0.086284 
346 0.184287 0.000000 0.090070 104.131204 0.147801 14.236044 -0.104599 
347 0.208710 0.000000 0.112587 107.480497 -0.006897 12.078355 -0.169794 
348 0.184287 0.000000 0.135105 102.005863 0.032617 12.070497 -0.055089 
349 0.184287 0.000000 0.067552 80.349063 0.194110 9.534446 0.345308 
350 0.184287 0.000000 0.045035 81.240860 0.207378 6.191046 0.336155 
351 0.208710 0.000000 0.067552 60.510989 -0.041632 7.369208 0.628411 
352 0.452945 0.000000 0.090070 97.457777 -0.033475 2.820283 0.049403 
353 0.550639 0.000000 0.090070 103.226883 -0.034186 5.585556 -0.068699 
354 0.452945 0.000000 0.180140 99.713376 -0.047119 1.168271 0.005588 
355 0.306404 0.000000 0.135105 104.472859 0.012772 6.289005 -0.095413 
356 0.306404 0.000000 0.090070 107.074317 0.015134 6.780971 -0.151089 
357 0.355251 0.000000 0.135105 108.286887 0.051805 5.109869 -0.175216 
358 0.306404 0.000000 0.180140 103.241663 0.113154 7.185247 -0.071048 
359 0.233134 0.000000 0.112587 107.319201 -0.044716 10.858150 -0.163531 
360 0.233134 0.000000 0.090070 107.019895 -0.057981 10.828845 -0.157053 
361 0.257557 0.000000 0.112587 106.077217 -0.078004 10.734820 -0.136762 
362 0.233134 0.000000 0.135105 103.203419 -0.055441 9.570495 -0.074254 
363 0.196498 0.000000 0.101329 103.631701 0.056854 14.124177 -0.093903 
364 0.184287 0.000000 0.101329 103.991694 0.123622 14.173430 -0.101517 
365 0.196498 0.000000 0.090070 103.615792 0.056375 14.122637 -0.093568 
366 0.208710 0.000000 0.101329 104.775148 -0.001483 12.811463 -0.114197 
367 0.196498 0.000000 0.112587 103.938689 0.091808 12.533525 -0.096035 
368 0.306404 0.000000 -0.045035 30.121691 0.044554 -1.110569 0.909145 
369 0.355251 0.000000 -0.045035 21.877952 0.009108 -0.711388 0.952085 
370 0.306404 0.000000 0.000000 30.299836 0.022469 0.064854 0.908192 
371 0.281981 0.000000 -0.112587 103.961228 0.052486 -8.349705 -0.087766 
372 0.281981 0.000000 -0.135105 103.860687 0.150204 -1.616108 -0.078968 
373 0.306404 0.000000 -0.112587 105.458966 0.032407 -6.420338 -0.116282 
374 0.281981 0.000000 -0.090070 103.798356 0.048783 -8.674827 -0.084935 
375 0.281981 0.000000 -0.067552 32.260140 0.077623 -3.576912 0.894648 
376 0.257557 0.000000 -0.067552 43.026361 -0.045341 -5.170023 0.812200 
377 0.306404 0.000000 -0.067552 30.026762 0.037174 -1.481478 0.909620 
378 0.281981 0.000000 -0.045035 34.440941 0.001000 -2.272059 0.880866 
379 0.269769 0.000000 -0.101329 103.259427 0.024959 -9.969682 -0.076190 
380 0.257557 0.000000 -0.101329 103.505515 -0.009727 -10.224930 -0.081794 
381 0.269769 0.000000 -0.112587 103.090554 0.038636 -10.182966 -0.073136 
382 0.281981 0.000000 -0.101329 103.454750 0.060918 -9.476189 -0.079269 
383 0.269769 0.000000 -0.090070 103.224408 0.021743 -10.196489 -0.075925 
384 0.306404 0.000000 0.045035 30.036757 0.028480 1.153343 0.909646 
385 0.355251 0.000000 0.045035 21.857060 -0.016042 0.860287 0.952153 
386 0.281981 0.000000 0.112587 106.118004 0.054996 8.789207 -0.133828 
387 0.281981 0.000000 0.090070 106.027114 0.039688 9.126660 -0.132505 
388 0.306404 0.000000 0.112587 107.160815 -0.000158 6.786358 -0.152949 
389 0.281981 0.000000 0.135105 105.951516 -0.054785 8.083593 -0.129107 
390 0.281981 0.000000 0.067552 32.227702 0.071548 3.686650 0.894778 
391 0.257557 0.000000 0.067552 43.227267 -0.116359 5.240130 0.810393 
392 0.281981 0.000000 0.045035 34.437963 0.023285 2.390566 0.880831 
393 0.306404 0.000000 0.067552 29.954041 -0.007168 1.526071 0.910043 
394 0.269769 0.000000 0.101329 105.780253 -0.029463 10.470921 -0.129910 
395 0.257557 0.000000 0.101329 106.106939 -0.079818 10.737810 -0.137399 
396 0.269769 0.000000 0.090070 105.782853 -0.034175 10.704852 -0.130461 
397 0.281981 0.000000 0.101329 105.779233 0.080106 9.948629 -0.128823 
398 0.269769 0.000000 0.112587 105.622437 -0.006647 10.688471 -0.127034 
399 0.746027 0.000000 -1.080837 100.054112 -0.146267 6.971951 -0.005945 
400 0.746027 0.000000 -1.441116 99.788863 -0.004783 6.920274 -0.000571 
401 1.136804 0.000000 -1.080837 99.876566 -0.077658 6.860973 -0.002241 
402 0.550639 0.000000 -0.540419 99.687735 -0.199408 6.790401 0.001621 
403 0.550639 0.000000 -0.720558 100.100418 0.016395 6.829103 -0.006673 
404 0.746027 0.000000 -0.540419 99.837629 -0.033018 6.832192 -0.001423 
405 0.452945 0.000000 -0.270209 100.340363 -0.026537 6.606982 -0.011184 
406 0.452945 0.000000 -0.360279 100.229306 0.035994 6.614564 -0.008967 
407 0.550639 0.000000 -0.270209 104.378538 -0.041984 1.859193 -0.089834 
408 0.404098 0.000000 -0.135105 94.673841 -0.042090 0.454515 0.103666 
409 0.404098 0.000000 -0.180140 103.334601 0.025244 5.793358 -0.071160 
410 0.452945 0.000000 -0.135105 97.672296 -0.035075 2.218931 0.045520 
411 0.404098 0.000000 -0.090070 98.776364 -0.029529 -1.090161 0.024204 
412 0.330828 0.000000 -0.112587 105.260397 0.043291 -6.410786 -0.112085 
413 0.330828 0.000000 -0.135105 102.486016 0.085836 -0.919014 -0.050424 
414 0.355251 0.000000 -0.112587 105.702391 0.042161 -4.586059 -0.119403 
415 0.330828 0.000000 -0.090070 105.257704 0.042109 -6.410612 -0.112028 
416 0.746027 0.000000 1.080837 99.606278 -0.001406 6.916614 0.003075 
417 1.136804 0.000000 1.080837 99.715391 -0.030531 6.824749 0.001026 
418 0.746027 0.000000 1.441116 99.784408 0.125262 6.910309 -0.000470 
419 0.550639 0.000000 0.540419 99.499298 -0.048435 6.530789 0.005724 
420 0.746027 0.000000 0.540419 99.645255 -0.062499 6.535103 0.002811 
421 0.550639 0.000000 0.720558 99.863813 0.024294 6.784493 -0.001881 
422 0.452945 0.000000 0.270209 100.972379 -0.088371 4.942372 -0.021986 
423 0.550639 0.000000 0.270209 104.588491 -0.059731 1.866223 -0.094224 
424 0.452945 0.000000 0.360279 101.335462 0.059325 5.905718 -0.030376 
425 0.404098 0.000000 0.135105 94.879441 -0.034752 0.452896 0.099769 
426 0.404098 0.000000 0.090070 99.158563 0.020311 1.906784 0.016394 
427 0.452945 0.000000 0.135105 97.877089 -0.035469 2.218351 0.041515 
428 0.404098 0.000000 0.180140 104.653224 -0.023391 3.203025 -0.096256 
429 0.330828 0.000000 0.112587 106.948755 -0.018273 6.773559 -0.148392 
430 0.330828 0.000000 0.090070 106.946428 -0.019099 6.773416 -0.148342 
431 0.355251 0.000000 0.112587 106.951019 0.027340 4.908899 -0.146262 
432 0.330828 0.000000 0.135105 104.344635 0.060301 6.873087 -0.093505 
433 0.404098 0.000000 -0.045035 22.898105 0.015055 1.300107 0.947399 
434 0.452945 0.000000 -0.045035 98.839959 -0.027343 4.440190 0.021095 
435 0.404098 0.000000 0.000000 24.743764 0.003865 0.017718 0.938775 
436 0.379675 0.000000 -0.112587 104.773301 -0.007334 -2.105401 -0.098188 
437 0.379675 0.000000 -0.135105 105.362290 0.071075 2.528054 -0.110761 
438 0.404098 0.000000 -0.112587 97.400430 -0.027005 -1.545498 0.051077 
439 0.379675 0.000000 -0.090070 104.255297 -0.013809 -2.094510 -0.087355 
440 0.330828 0.000000 -0.067552 26.316663 -0.030141 -2.552276 0.930092 
441 0.355251 0.000000 -0.067552 19.629657 0.013603 -1.367540 0.961281 
442 0.330828 0.000000 -0.045035 26.124571 -0.039298 -1.478792 0.931532 
443 0.343039 0.000000 -0.101329 105.404628 0.059853 -6.036759 -0.114658 
444 0.330828 0.000000 -0.101329 105.258611 0.042507 -6.410670 -0.112047 
445 0.343039 0.000000 -0.112587 105.424229 0.055672 -5.930788 -0.114945 
446 0.355251 0.000000 -0.101329 105.706511 0.040208 -4.637341 -0.119537 
447 0.343039 0.000000 -0.090070 105.306094 0.059243 -6.412996 -0.113050 
448 0.404098 0.000000 0.045035 22.860269 -0.008790 -1.265481 0.947581 
449 0.452945 0.000000 0.045035 99.020398 -0.030922 4.440472 0.017524 
450 0.330828 0.000000 0.067552 26.203903 -0.061498 2.647713 0.930634 
451 0.330828 0.000000 0.045035 26.133755 -0.070675 1.638608 0.931434 
452 0.355251 0.000000 0.067552 19.589038 -0.022150 1.512350 0.961398 
453 0.379675 0.000000 0.112587 105.336197 0.031503 2.376359 -0.110136 
454 0.379675 0.000000 0.090070 104.764343 0.032715 2.363784 -0.098116 
455 0.404098 0.000000 0.112587 97.758982 0.020552 2.059724 0.043894 
456 0.379675 0.000000 0.135105 106.251208 -0.105940 2.740638 -0.129684 
457 0.343039 0.000000 0.101329 106.973401 0.010831 6.389319 -0.148413 
458 0.330828 0.000000 0.101329 106.947211 -0.018821 6.773464 -0.148359 
459 0.343039 0.000000 0.090070 106.938163 0.003190 6.772813 -0.148164 
460 0.355251 0.000000 0.101329 106.963565 0.031799 4.960437 -0.146581 
461 0.343039 0.000000 0.112587 106.965988 0.012067 6.280908 -0.148117 
462 1.527580 0.000000 -0.360279 100.013933 -0.085195 5.490641 -0.003294 
463 1.527580 0.000000 -0.720558 100.135805 0.137233 6.505121 -0.006951 
464 1.918356 0.000000 -0.360279 99.480055 0.081662 5.755495 0.007059 
465 1.527580 0.000000 0.000000 104.674739 0.068142 2.904568 -0.096524 
466 0.941416 0.000000 -0.180140 105.350767 0.035773 4.954903 -0.112334 
467 0.941416 0.000000 -0.360279 99.289810 -0.018609 6.269136 0.010223 
468 1.136804 0.000000 -0.180140 103.848899 0.055623 3.936992 -0.080010 
469 0.941416 0.000000 0.000000 105.870988 0.022320 6.212253 -0.124726 
470 0.648333 0.000000 -0.090070 104.833255 -0.021643 5.634372 -0.102176 
471 0.648333 0.000000 -0.180140 104.941072 -0.014641 4.547973 -0.103331 
472 0.746027 0.000000 -0.090070 105.717302 0.000534 6.496185 -0.121835 
473 0.648333 0.000000 0.000000 105.171195 -0.015884 6.610884 -0.110468 
474 0.501792 0.000000 -0.135105 99.178943 -0.031831 3.342194 0.015237 
475 0.501792 0.000000 -0.180140 101.100504 -0.037863 2.583959 -0.022799 
476 0.550639 0.000000 -0.135105 104.401579 -0.027263 5.862998 -0.093407 
477 0.501792 0.000000 -0.090070 99.160543 -0.027956 4.477210 0.014714 
478 0.428522 0.000000 -0.112587 91.995066 -0.030335 -0.580773 0.153657 
479 0.428522 0.000000 -0.135105 97.595987 -0.038732 1.262948 0.047343 
480 0.452945 0.000000 -0.112587 97.324240 -0.034938 2.271469 0.052283 
481 0.428522 0.000000 -0.090070 94.217977 -0.032371 0.217268 0.112292 
482 0.379675 0.000000 -0.067552 21.000277 0.022401 0.473503 0.955876 
483 0.404098 0.000000 -0.067552 94.684224 -0.036740 1.060224 0.103377 
484 0.379675 0.000000 -0.045035 21.472568 -0.013752 0.196978 0.953889 
485 0.391886 0.000000 -0.101329 101.600205 -0.024633 -1.862856 -0.032607 
486 0.379675 0.000000 -0.101329 104.795042 -0.007310 -2.105864 -0.098644 
487 0.391886 0.000000 -0.112587 101.485992 -0.024590 -1.834261 -0.030277 
488 0.404098 0.000000 -0.101329 97.483063 -0.026933 -1.567340 0.049460 
489 0.391886 0.000000 -0.090070 101.809074 -0.023732 -1.599777 -0.036765 
490 0.379675 0.000000 0.067552 21.002792 -0.001206 -0.380820 0.955874 
491 0.379675 0.000000 0.045035 21.474571 -0.034440 -0.136025 0.953882 
492 0.404098 0.000000 0.067552 94.890035 -0.028630 1.054413 0.099477 
493 1.527580 0.000000 0.360279 99.373634 0.061204 5.208359 0.009775 
494 1.918356 0.000000 0.360279 99.727055 0.147757 4.491438 0.003432 
495 1.527580 0.000000 0.720558 99.415728 -0.033520 6.376437 0.007585 
496 0.941416 0.000000 0.180140 106.668066 0.019403 4.980242 -0.140288 
497 1.136804 0.000000 0.180140 106.766966 0.036085 3.992546 -0.141513 
498 0.941416 0.000000 0.360279 99.908791 -0.085111 6.243684 -0.002076 
499 0.648333 0.000000 0.090070 104.976210 -0.029495 5.649234 -0.105192 
500 0.746027 0.000000 0.090070 105.841169 -0.005509 6.507204 -0.124470 
501 0.648333 0.000000 0.180140 105.207977 -0.028478 4.569811 -0.108960 
502 0.501792 0.000000 0.135105 99.377104 -0.034586 3.350278 0.011297 
503 0.501792 0.000000 0.090070 99.325493 -0.030404 4.474163 0.011443 
504 0.550639 0.000000 0.135105 104.569478 -0.038278 5.882218 -0.096938 
505 0.501792 0.000000 0.180140 101.311889 -0.044509 2.596056 -0.027084 
506 0.428522 0.000000 0.112587 92.261209 -0.031221 1.690454 0.148501 
507 0.428522 0.000000 0.090070 94.462703 -0.029020 1.770090 0.107366 
508 0.452945 0.000000 0.112587 97.527469 -0.034211 2.273026 0.048323 
509 0.428522 0.000000 0.135105 97.803088 -0.038432 1.261406 0.043296 
510 0.391886 0.000000 0.101329 102.079119 0.035427 2.179463 -0.042490 
511 0.379675 0.000000 0.101329 105.354426 0.031195 2.376750 -0.110521 
512 0.391886 0.000000 0.090070 102.273547 0.025024 1.990286 -0.046384 
513 0.404098 0.000000 0.101329 97.844075 0.021296 2.070129 0.042225 
514 0.391886 0.000000 0.112587 101.958064 0.034143 2.157945 -0.040010 
515 1.332192 0.000000 -0.180140 105.165038 0.069312 2.391266 -0.106541 
516 1.332192 0.000000 -0.360279 100.099510 -0.116568 5.629845 -0.005162 
517 1.527580 0.000000 -0.180140 105.375689 0.038701 2.458244 -0.111008 
518 1.332192 0.000000 0.000000 104.050627 0.059866 3.143589 -0.083642 
519 1.332192 0.000000 0.180140 104.105029 0.085080 1.966452 -0.084173 
520 1.527580 0.000000 0.180140 104.709700 0.120228 2.047233 -0.096833 
521 1.332192 0.000000 0.360279 99.844070 -0.100631 5.031145 0.000584 
522 1.234498 0.000000 -0.090070 98.333074 0.033884 1.147622 0.032929 
523 1.136804 0.000000 -0.090070 102.386142 0.036835 4.400481 -0.050229 
524 1.234498 0.000000 -0.180140 101.825043 0.070924 0.663973 -0.036879 
525 1.332192 0.000000 -0.090070 101.359341 0.051253 1.718350 -0.027667 
526 1.234498 0.000000 0.000000 57.430589 0.014685 0.374436 0.670159 
527 1.234498 0.000000 0.090070 99.234124 0.029486 1.112583 0.015135 
528 1.136804 0.000000 0.090070 103.658734 0.027072 4.401248 -0.076450 
529 1.332192 0.000000 0.090070 101.020514 0.045924 1.647454 -0.020786 
530 1.234498 0.000000 0.180140 103.543543 0.044109 0.660903 -0.072170 
531 4.263014 0.000000 -8.646699 99.755608 -0.006286 6.972065 0.000021 
532 4.263014 0.000000 -11.528932 99.755715 0.000065 6.973708 0.000016 
533 7.389224 0.000000 -8.646699 99.756138 -0.002253 6.971695 0.000011 
534 2.699909 0.000000 -4.323349 99.757862 -0.035351 6.962918 -0.000011 
535 2.699909 0.000000 -5.764466 99.752906 -0.028139 6.967895 0.000081 
536 4.263014 0.000000 -4.323349 99.760220 -0.019091 6.963245 -0.000059 
537 1.918356 0.000000 -2.161675 99.817173 0.154649 6.925665 -0.001146 
538 1.918356 0.000000 -2.882233 99.789311 0.094239 6.948780 -0.000620 
539 2.699909 0.000000 -2.161675 99.786131 0.057965 6.932840 -0.000534 
540 1.527580 0.000000 -1.080837 99.840911 0.014749 6.750041 -0.001377 
541 1.527580 0.000000 -1.441116 99.805973 -0.007124 6.851329 -0.000817 
542 1.918356 0.000000 -1.080837 100.067277 0.059436 6.745594 -0.005897 
543 1.332192 0.000000 -0.540419 99.910359 0.070379 6.253697 -0.002119 
544 1.136804 0.000000 -0.540419 99.717094 0.029763 6.206853 0.001798 
545 1.332192 0.000000 -0.720558 100.204694 -0.002677 6.572534 -0.008418 
546 1.527580 0.000000 -0.540419 100.204625 -0.018153 6.413146 -0.008210 
547 1.234498 0.000000 -0.270209 100.216943 0.018866 4.483551 -0.006354 
548 1.136804 0.000000 -0.270209 104.232966 0.089738 0.941748 -0.086541 
549 1.234498 0.000000 -0.360279 99.895735 0.108646 5.513606 -0.000957 
550 1.332192 0.000000 -0.270209 105.324753 0.111584 0.648391 -0.109374 
551 10.515434 0.000000 -2.882233 99.758131 0.000641 6.947460 0.000005 
552 10.515434 0.000000 -5.764466 99.756718 -0.000302 6.967225 0.000005 
553 13.641644 0.000000 -2.882233 99.758068 0.000912 6.950624 0.000002 
554 10.515434 0.000000 0.000000 99.817697 0.008247 6.096647 -0.000074 
555 5.826119 0.000000 -1.441116 99.762964 -0.000830 6.862172 0.000026 
556 5.826119 0.000000 -2.882233 99.759006 -0.007097 6.944457 -0.000008 
557 7.389224 0.000000 -1.441116 99.762595 -0.001774 6.873218 0.000018 
558 5.826119 0.000000 0.000000 99.988253 0.014144 3.637469 -0.001088 
559 3.481461 0.000000 -0.720558 99.780418 0.009035 6.521271 0.000134 
560 3.481461 0.000000 -1.441116 99.768656 0.022960 6.857058 -0.000080 
561 4.263014 0.000000 -0.720558 99.782328 0.011430 6.567836 0.000035 
562 3.481461 0.000000 0.000000 100.104767 -0.000024 1.756576 -0.002405 
563 2.309132 0.000000 -0.360279 98.632012 -0.184492 4.662871 0.024995 
564 2.309132 0.000000 -0.720558 99.709324 0.020418 6.569691 0.001489 
565 2.699909 0.000000 -0.360279 99.899682 0.021914 5.310219 -0.000815 
566 2.309132 0.000000 0.000000 174.215889 0.007245 1.152251 -2.035250 
567 1.722968 0.000000 -0.180140 105.306960 0.019753 2.260310 -0.109467 
568 1.722968 0.000000 -0.360279 99.813288 0.210201 5.646757 0.000538 
569 1.918356 0.000000 -0.180140 104.784802 0.044874 2.352819 -0.098539 
570 1.722968 0.000000 0.000000 105.202346 0.112824 2.657614 -0.107461 
571 1.429886 0.000000 -0.090070 104.744689 0.069573 2.226107 -0.097641 
572 1.429886 0.000000 -0.180140 105.096109 0.061112 2.240186 -0.105021 
573 1.527580 0.000000 -0.090070 105.044056 0.060401 2.318931 -0.103963 
574 1.429886 0.000000 0.000000 104.049889 0.059854 3.144289 -0.083627 
575 1.283345 0.000000 -0.135105 99.916766 0.040626 1.274915 0.001501 
576 1.234498 0.000000 -0.135105 98.779240 0.038662 1.042141 0.024157 
577 1.283345 0.000000 -0.180140 101.787055 0.062508 0.989258 -0.036159 
578 1.332192 0.000000 -0.135105 101.681943 0.047091 2.049532 -0.034342 
579 1.283345 0.000000 -0.090070 99.242187 0.034560 1.349483 0.014917 
580 10.515434 0.000000 2.882233 99.761033 -0.000414 6.908407 0.000001 
581 13.641644 0.000000 2.882233 99.762163 -0.001343 6.893344 -0.000001 
582 10.515434 0.000000 5.764466 99.757348 0.000634 6.962582 -0.000001 
583 5.826119 0.000000 1.441116 99.772646 0.001083 6.720301 0.000026 
584 7.389224 0.000000 1.441116 99.777918 -0.003072 6.663382 -0.000003 
585 5.826119 0.000000 2.882233 99.757540 0.003360 6.926697 0.000045 
586 3.481461 0.000000 0.720558 99.796281 -0.008724 6.088114 0.000364 
587 4.263014 0.000000 0.720558 99.822513 -0.006378 5.912960 0.000050 
588 3.481461 0.000000 1.441116 99.745807 -0.019328 6.791901 0.000464 
589 2.309132 0.000000 0.360279 98.338929 -0.124408 5.093010 0.030350 
590 2.699909 0.000000 0.360279 99.964376 0.003346 4.202681 -0.001054 
591 2.309132 0.000000 0.720558 99.237120 -0.001665 6.317289 0.011209 
592 1.722968 0.000000 0.180140 105.283587 0.179578 2.103726 -0.108909 
593 1.918356 0.000000 0.180140 104.885849 0.602813 2.263658 -0.100653 
594 1.722968 0.000000 0.360279 99.437978 0.128498 4.914674 0.008792 
595 1.429886 0.000000 0.090070 104.160105 0.084421 2.121366 -0.085383 
596 1.527580 0.000000 0.090070 104.609136 0.063966 2.247642 -0.094813 
597 1.429886 0.000000 0.180140 104.138657 0.072322 1.905150 -0.084849 
598 4.263014 0.000000 8.646699 99.757765 0.006834 6.971161 -0.000021 
599 7.389224 0.000000 8.646699 99.757059 0.002717 6.970614 -0.000006 
600 4.263014 0.000000 11.528932 99.757379 -0.000276 6.973391 -0.000016 
601 2.699909 0.000000 4.323349 99.758138 0.035874 6.957083 -0.000009 
602 4.263014 0.000000 4.323349 99.753122 0.014733 6.958011 0.000090 
603 2.699909 0.000000 5.764466 99.763614 0.024458 6.965165 -0.000129 
604 1.918356 0.000000 2.161675 99.742425 -0.099050 6.891605 0.000394 
605 2.699909 0.000000 2.161675 99.722608 -0.049901 6.902855 0.000775 
606 1.918356 0.000000 2.882233 99.737362 -0.084319 6.933738 0.000437 
607 1.527580 0.000000 1.080837 99.643340 0.097035 6.651316 0.002696 
608 1.918356 0.000000 1.080837 99.526692 0.038125 6.620885 0.005060 
609 1.527580 0.000000 1.441116 99.746213 0.023452 6.814016 0.000426 
610 1.332192 0.000000 0.540419 99.375213 -0.005215 6.075960 0.008765 
611 1.136804 0.000000 0.540419 99.667473 0.026905 6.362729 0.002591 
612 1.527580 0.000000 0.540419 99.315444 -0.032248 6.001082 0.010043 
613 1.332192 0.000000 0.720558 99.490130 0.017326 6.457626 0.006001 
614 1.234498 0.000000 0.270209 100.924895 0.012871 4.578388 -0.020680 
615 1.136804 0.000000 0.270209 106.392816 0.052243 0.938082 -0.132031 
616 1.332192 0.000000 0.270209 104.109373 0.083518 0.625581 -0.083916 
617 1.234498 0.000000 0.360279 100.405135 0.101642 5.426952 -0.011065 
618 1.283345 0.000000 0.135105 99.705295 0.044645 1.103738 0.005763 
619 1.234498 0.000000 0.135105 99.731007 0.030678 1.015219 0.005269 
620 1.283345 0.000000 0.090070 99.172908 0.038284 1.182943 0.016333 
621 1.332192 0.000000 0.135105 101.186357 0.052269 1.795614 -0.024191 
622 1.283345 0.000000 0.180140 101.220015 0.064606 0.899480 -0.024630 
623 2.113744 0.000000 -0.180140 103.530824 0.112993 6.816169 -0.076510 
624 2.113744 0.000000 -0.360279 99.776231 0.014850 6.010716 0.000857 
625 2.309132 0.000000 -0.180140 97.933617 -0.178321 -2.569974 0.040237 
626 2.113744 0.000000 0.000000 96.115972 -0.130200 -0.455531 0.076150 
627 2.113744 0.000000 0.180140 102.560193 0.118250 -3.293856 -0.052946 
628 2.309132 0.000000 0.180140 97.622927 -0.245316 6.882140 0.042234 
629 2.113744 0.000000 0.360279 99.565561 -0.066250 3.515064 0.007434 
630 2.016050 0.000000 -0.090070 103.582360 0.116338 1.552296 -0.073173 
631 1.918356 0.000000 -0.090070 104.718929 0.115574 2.480469 -0.097222 
632 2.016050 0.000000 -0.180140 104.068606 0.111315 0.705426 -0.083078 
633 2.113744 0.000000 -0.090070 111.169631 0.093938 11.671648 -0.249492 
634 2.016050 0.000000 0.000000 104.906866 0.170796 2.698556 -0.101276 
635 2.016050 0.000000 0.090070 104.495429 0.045053 1.430717 -0.092134 
636 1.918356 0.000000 0.090070 104.827281 0.484278 2.561733 -0.099556 
637 2.113744 0.000000 0.090070 108.829445 0.011180 -11.344418 -0.197254 
638 2.016050 0.000000 0.180140 104.945412 0.224362 0.811166 -0.101425 
639 2.309132 0.000000 -1.080837 99.976824 -0.026187 6.841247 -0.004217 
640 2.309132 0.000000 -1.441116 99.818160 -0.041707 6.878815 -0.001098 
641 2.699909 0.000000 -1.080837 99.773640 0.002485 6.781026 -0.000076 
642 2.113744 0.000000 -0.540419 99.346558 0.069339 6.368665 0.008970 
643 1.918356 0.000000 -0.540419 99.833125 0.160518 6.223314 -0.000541 
644 2.113744 0.000000 -0.720558 99.941946 0.019742 6.657957 -0.003272 
645 2.309132 0.000000 -0.540419 99.570059 -0.001798 6.227575 0.004702 
646 2.016050 0.000000 -0.270209 100.415579 0.065423 4.592106 -0.010438 
647 1.918356 0.000000 -0.270209 104.728891 0.059701 1.197599 -0.096958 
648 2.016050 0.000000 -0.360279 100.007406 0.074278 5.604473 -0.003290 
649 2.113744 0.000000 -0.270209 100.148196 0.016589 5.939946 -0.006494 
650 3.090685 0.000000 -0.360279 99.850459 -0.033062 5.492861 -0.000029 
651 3.090685 0.000000 -0.720558 99.806251 -0.030890 6.536771 -0.000402 
652 3.481461 0.000000 -0.360279 99.839870 0.011691 5.602489 0.000061 
653 3.090685 0.000000 0.000000 100.110786 0.004440 1.602886 -0.002474 
654 2.504521 0.000000 -0.180140 100.683186 -0.087218 2.505713 -0.014339 
655 2.504521 0.000000 -0.360279 99.887596 -0.038009 5.022226 -0.000276 
656 2.699909 0.000000 -0.180140 100.078102 -0.022537 3.158298 -0.002560 
657 2.504521 0.000000 0.000000 101.492139 -0.008915 1.264833 -0.030225 
658 2.211438 0.000000 -0.090070 88.834219 -0.083305 16.121465 0.184857 
659 2.211438 0.000000 -0.180140 93.235237 0.013161 6.827888 0.126057 
660 2.309132 0.000000 -0.090070 122.709953 0.002712 -19.985532 -0.545715 
661 2.211438 0.000000 0.000000 214.699632 0.039763 -0.157356 -3.609596 
662 2.064897 0.000000 -0.135105 103.712681 0.130639 0.528964 -0.075662 
663 2.016050 0.000000 -0.135105 103.529255 0.116976 1.528390 -0.072066 
664 2.064897 0.000000 -0.180140 103.939761 0.041024 3.614248 -0.081654 
665 2.113744 0.000000 -0.135105 108.498654 0.163868 8.545474 -0.184501 
666 2.064897 0.000000 -0.090070 103.252367 0.175020 3.353974 -0.067233 
667 3.090685 0.000000 0.360279 99.926792 -0.054772 3.828692 -0.000003 
668 3.481461 0.000000 0.360279 99.986791 -0.012531 3.393055 -0.000887 
669 3.090685 0.000000 0.720558 99.750921 -0.074547 6.202539 0.001128 
670 2.504521 0.000000 0.180140 100.803668 -0.067599 1.897657 -0.016499 
671 2.699909 0.000000 0.180140 100.216916 -0.063692 1.334626 -0.004522 
672 2.504521 0.000000 0.360279 99.791809 -0.080038 4.745234 0.001907 
673 2.211438 0.000000 0.090070 87.023308 0.019020 -15.735950 0.217932 
674 2.309132 0.000000 0.090070 122.385952 -0.010293 22.703767 -0.549378 
675 2.211438 0.000000 0.180140 92.513589 -0.012853 -3.030051 0.143205 
676 2.309132 0.000000 1.080837 99.488653 -0.046867 6.675706 0.005744 
677 2.699909 0.000000 1.080837 99.633098 -0.065332 6.696959 0.002839 
678 2.309132 0.000000 1.441116 99.694539 -0.003855 6.793433 0.001485 
679 2.113744 0.000000 0.540419 98.704187 0.005445 5.561421 0.022655 
680 1.918356 0.000000 0.540419 99.210293 0.062650 5.713241 0.012467 
681 2.309132 0.000000 0.540419 99.102294 -0.081836 5.816098 0.014490 
682 2.113744 0.000000 0.720558 99.456663 -0.012315 6.175543 0.007023 
683 2.016050 0.000000 0.270209 101.019501 0.049186 2.882187 -0.021325 
684 1.918356 0.000000 0.270209 105.324336 0.328428 1.378079 -0.109522 
685 2.113744 0.000000 0.270209 99.952899 -0.036867 1.183930 0.000801 
686 2.016050 0.000000 0.360279 100.197787 0.069350 4.140264 -0.005674 
687 2.064897 0.000000 0.135105 104.745965 0.096136 0.594214 -0.097208 
688 2.016050 0.000000 0.135105 104.461618 0.059230 1.416380 -0.091424 
689 2.064897 0.000000 0.090070 103.810314 0.099512 -2.135984 -0.078115 
690 2.113744 0.000000 0.135105 106.789217 0.122610 -6.999952 -0.145295 
691 2.064897 0.000000 0.180140 103.297383 0.039412 -0.351729 -0.067047 
692 2.211438 0.000000 -0.270209 95.922686 -0.022039 5.593961 0.076755 
693 2.211438 0.000000 -0.360279 98.292313 0.006627 5.634248 0.030688 
694 2.309132 0.000000 -0.270209 97.656093 0.086296 2.595717 0.045654 
695 2.162591 0.000000 -0.135105 100.501492 0.111946 11.634621 -0.023593 
696 2.162591 0.000000 -0.180140 99.013008 0.082744 8.341687 0.012683 
697 2.211438 0.000000 -0.135105 90.762332 -0.043660 10.698827 0.164773 
698 2.162591 0.000000 -0.090070 101.997442 -0.052418 16.239855 -0.066721 
699 2.064897 0.000000 -0.045035 103.621381 0.133740 0.473808 -0.073763 
700 2.016050 0.000000 -0.045035 103.892377 0.120427 2.346400 -0.079915 
701 2.113744 0.000000 -0.045035 93.195258 -0.135017 4.202449 0.129697 
702 2.064897 0.000000 0.000000 82.356512 0.007170 -0.509219 0.321715 
703 2.089321 0.000000 -0.112587 109.051543 0.171418 5.855540 -0.192656 
704 2.064897 0.000000 -0.112587 104.468932 0.188406 4.584774 -0.093481 
705 2.089321 0.000000 -0.135105 103.377489 0.165829 0.171814 -0.068696 
706 2.113744 0.000000 -0.112587 111.250042 0.094417 11.534906 -0.250963 
707 2.089321 0.000000 -0.090070 108.730390 0.170059 5.562939 -0.185327 
708 2.064897 0.000000 0.045035 104.703632 0.082592 0.524416 -0.096313 
709 2.016050 0.000000 0.045035 104.574138 0.039355 2.351949 -0.094128 
710 2.113744 0.000000 0.045035 94.550580 -0.133191 -5.085761 0.103431 
711 2.211438 0.000000 0.270209 95.312225 -0.191977 1.728581 0.091255 
712 2.309132 0.000000 0.270209 97.344907 -0.113835 4.859508 0.050034 
713 2.211438 0.000000 0.360279 98.210921 -0.108555 3.897122 0.033942 
714 2.162591 0.000000 0.135105 99.474283 0.026472 -9.956037 0.000574 
715 2.162591 0.000000 0.090070 100.407584 -0.125393 -15.916822 -0.033504 
716 2.211438 0.000000 0.135105 89.802311 -0.105185 -8.730631 0.185931 
717 2.162591 0.000000 0.180140 98.194896 0.090117 -4.699118 0.033567 
718 2.089321 0.000000 0.112587 107.328713 0.142427 -5.507810 -0.154981 
719 2.064897 0.000000 0.112587 104.276111 0.142966 -3.871882 -0.088852 
720 2.089321 0.000000 0.090070 107.178359 0.139208 -5.173936 -0.151399 
721 2.113744 0.000000 0.112587 108.902689 0.013200 -11.209768 -0.198545 
722 2.089321 0.000000 0.135105 104.548683 0.109244 0.196773 -0.093048 
723 2.162591 0.000000 -0.045035 137.127651 -0.129071 9.423251 -0.889281 
724 2.211438 0.000000 -0.045035 214.145441 0.014387 15.340942 -3.609361 
725 2.162591 0.000000 0.000000 139.869292 -0.195770 -0.361112 -0.956359 
726 2.138168 0.000000 -0.112587 106.735284 0.005729 15.821660 -0.164275 
727 2.138168 0.000000 -0.135105 104.389134 0.179094 10.937357 -0.101675 
728 2.162591 0.000000 -0.112587 101.256323 -0.006555 14.650893 -0.046749 
729 2.138168 0.000000 -0.090070 106.525257 -0.012193 15.791018 -0.159699 
730 2.089321 0.000000 -0.067552 103.377018 0.165785 0.172945 -0.068687 
731 2.064897 0.000000 -0.067552 103.353165 0.120294 1.431339 -0.068394 
732 2.113744 0.000000 -0.067552 89.781499 -0.014270 6.396519 0.189837 
733 2.089321 0.000000 -0.045035 82.886350 0.022310 1.590088 0.312732 
734 2.101533 0.000000 -0.101329 111.978891 0.126432 8.448888 -0.261067 
735 2.089321 0.000000 -0.101329 109.815501 0.167075 6.155117 -0.209736 
736 2.101533 0.000000 -0.112587 112.340834 0.126577 7.769803 -0.268085 
737 2.113744 0.000000 -0.101329 111.109519 0.091635 12.048076 -0.249049 
738 2.101533 0.000000 -0.090070 112.312971 0.120892 8.377896 -0.268441 
739 2.162591 0.000000 0.045035 137.587717 -0.073189 -10.057630 -0.903154 
740 2.211438 0.000000 0.045035 214.368052 0.053002 -15.692315 -3.619991 
741 2.089321 0.000000 0.067552 104.548604 0.109234 0.198058 -0.093046 
742 2.064897 0.000000 0.067552 104.419261 -0.029055 1.467507 -0.090554 
743 2.089321 0.000000 0.045035 84.778746 0.033051 -2.633252 0.280563 
744 2.113744 0.000000 0.067552 91.893900 -0.074978 -7.173366 0.150405 
745 2.138168 0.000000 0.112587 104.874337 -0.116944 -15.470478 -0.123798 
746 2.138168 0.000000 0.090070 104.714034 -0.118530 -15.447680 -0.120367 
747 2.162591 0.000000 0.112587 99.891389 -0.132836 -13.997125 -0.017423 
748 2.138168 0.000000 0.135105 103.107023 0.115527 -9.285384 -0.071729 
749 2.101533 0.000000 0.101329 109.532991 0.072406 -8.174330 -0.206430 
750 2.089321 0.000000 0.101329 107.870121 0.136829 -5.838754 -0.167007 
751 2.101533 0.000000 0.090070 109.838128 0.073116 -8.104456 -0.213010 
752 2.113744 0.000000 0.101329 108.775114 0.010088 -11.712613 -0.196921 
753 2.101533 0.000000 0.112587 109.900757 0.079731 -7.505826 -0.213452 
754 2.138168 0.000000 -0.067552 109.367617 -0.142642 10.672011 -0.207519 
755 2.162591 0.000000 -0.067552 134.328648 -0.107101 14.132730 -0.824393 
756 2.138168 0.000000 -0.045035 111.644789 -0.161229 7.079875 -0.251471 
757 2.125956 0.000000 -0.101329 107.663690 0.071991 15.610472 -0.183516 
758 2.125956 0.000000 -0.112587 108.586738 0.067979 14.916116 -0.201357 
759 2.138168 0.000000 -0.101329 106.597636 -0.007677 15.801108 -0.161273 
760 2.125956 0.000000 -0.090070 108.500215 0.065801 14.973000 -0.199649 
761 2.138168 0.000000 0.067552 110.525975 -0.158365 -11.322445 -0.234421 
762 2.138168 0.000000 0.045035 112.500620 -0.174397 -7.820948 -0.271759 
763 2.162591 0.000000 0.067552 135.158386 -0.167950 -14.734409 -0.848492 
764 2.125956 0.000000 0.101329 105.672396 -0.087025 -15.244736 -0.139906 
765 2.125956 0.000000 0.090070 106.431140 -0.063398 -14.609690 -0.154103 
766 2.138168 0.000000 0.101329 104.767101 -0.118972 -15.454777 -0.121501 
767 2.125956 0.000000 0.112587 106.508192 -0.060882 -14.552663 -0.155578 
768 2.406827 0.000000 -0.090070 104.587348 -0.094243 -0.075388 -0.093853 
769 2.406827 0.000000 -0.180140 101.696551 0.024177 1.206220 -0.034364 
770 2.504521 0.000000 -0.090070 101.248769 -0.018123 1.549135 -0.025371 
771 2.406827 0.000000 0.000000 106.684835 -0.142077 1.160286 -0.138302 
772 2.260285 0.000000 -0.135105 80.457929 -0.052219 -1.258830 0.352493 
773 2.260285 0.000000 -0.180140 90.460939 -0.129070 0.963540 0.181587 
774 2.309132 0.000000 -0.135105 101.594300 -0.128940 -9.375575 -0.040932 
775 2.260285 0.000000 -0.090070 60.957420 0.150517 10.102248 0.618211 
776 2.187015 0.000000 -0.112587 97.563591 -0.061830 15.121130 0.025269 
777 2.187015 0.000000 -0.135105 96.986040 0.017924 11.709676 0.045659 
778 2.211438 0.000000 -0.112587 87.495269 -0.065272 15.592956 0.210143 
779 2.187015 0.000000 -0.090070 93.381589 -0.070030 17.090161 0.098780 
780 2.150380 0.000000 -0.101329 105.764524 -0.047010 15.680119 -0.143200 
781 2.150380 0.000000 -0.112587 106.172572 -0.040930 15.739945 -0.152036 
782 2.162591 0.000000 -0.101329 102.497581 -0.054712 15.998322 -0.076170 
783 2.150380 0.000000 -0.090070 105.692208 -0.047299 15.669194 -0.141637 
784 2.406827 0.000000 0.090070 104.582530 -0.222180 2.660164 -0.094463 
785 2.504521 0.000000 0.090070 101.318129 -0.035238 1.161169 -0.026671 
786 2.406827 0.000000 0.180140 101.694884 -0.028956 3.243863 -0.035237 
787 2.260285 0.000000 0.135105 79.359645 0.012673 3.830684 0.368737 
788 2.260285 0.000000 0.090070 58.748140 -0.148557 -9.685836 0.645482 
789 2.309132 0.000000 0.135105 101.247656 -0.107902 12.443552 -0.040594 
790 2.260285 0.000000 0.180140 89.832348 -0.185768 3.114332 0.192042 
791 2.187015 0.000000 0.112587 96.257999 -0.114015 -14.321513 0.052928 
792 2.187015 0.000000 0.090070 91.776666 -0.073974 -16.738911 0.129685 
793 2.211438 0.000000 0.112587 86.236766 -0.076050 -14.620751 0.234945 
794 2.187015 0.000000 0.135105 96.097833 -0.037817 -9.926510 0.066667 
795 2.150380 0.000000 0.101329 104.085225 -0.120318 -15.357549 -0.106960 
796 2.150380 0.000000 0.090070 104.016542 -0.120739 -15.347232 -0.105499 
797 2.162591 0.000000 0.101329 100.920047 -0.126387 -15.681533 -0.043078 
798 2.150380 0.000000 0.112587 104.446624 -0.120386 -15.410017 -0.114658 
799 2.260285 0.000000 -0.045035 311.030454 0.142411 6.411860 -8.678108 
800 2.309132 0.000000 -0.045035 160.859030 0.001895 -16.365301 -1.614345 
801 2.260285 0.000000 0.000000 285.221760 0.029630 0.436424 -7.135164 
802 2.187015 0.000000 -0.067552 165.473899 -0.067366 18.517873 -1.772453 
803 2.211438 0.000000 -0.067552 213.147793 0.000658 25.799967 -3.609762 
804 2.187015 0.000000 -0.045035 170.089941 -0.109185 12.495426 -1.908674 
805 2.174803 0.000000 -0.101329 97.406290 -0.053823 16.799443 0.022979 
806 2.174803 0.000000 -0.112587 99.928425 -0.007258 14.461828 -0.019483 
807 2.187015 0.000000 -0.101329 93.262001 -0.065284 17.068338 0.101087 
808 2.174803 0.000000 -0.090070 96.871526 -0.053020 16.865293 0.033147 
809 2.260285 0.000000 0.045035 312.990171 0.025747 -5.712279 -8.799548 
810 2.309132 0.000000 0.045035 161.010663 0.022473 18.924149 -1.628256 
811 2.187015 0.000000 0.067552 165.760948 0.028394 -19.012187 -1.783816 
812 2.187015 0.000000 0.045035 170.189339 0.022842 -13.023689 -1.913403 
813 2.211438 0.000000 0.067552 213.487573 0.057892 -26.227174 -3.626481 
814 2.174803 0.000000 0.101329 95.846357 -0.120229 -16.465872 0.054234 
815 2.174803 0.000000 0.090070 95.311297 -0.120079 -16.529923 0.064250 
816 2.187015 0.000000 0.101329 91.671204 -0.084968 -16.720159 0.131682 
817 2.174803 0.000000 0.112587 98.677110 -0.106127 -13.696397 0.007523 
818 2.235862 0.000000 -0.067552 260.441492 0.095095 24.249424 -5.841781 
819 2.235862 0.000000 -0.090070 66.937234 0.064510 11.090517 0.539640 
820 2.260285 0.000000 -0.067552 59.036271 0.224877 9.784815 0.641893 
821 2.235862 0.000000 -0.045035 260.213499 0.088491 15.001224 -5.793611 
822 2.235862 0.000000 -0.112587 79.505472 -0.046185 9.553424 0.358761 
823 2.235862 0.000000 -0.135105 84.837669 -0.040385 6.580625 0.275926 
824 2.260285 0.000000 -0.112587 65.969054 -0.039491 -0.689230 0.564761 
825 2.223650 0.000000 -0.078811 77.571922 0.000321 13.416047 0.380261 
826 2.211438 0.000000 -0.078811 88.047425 -0.074239 15.932216 0.199381 
827 2.223650 0.000000 -0.090070 77.575624 0.003074 13.299253 0.380515 
828 2.235862 0.000000 -0.078811 66.682620 0.065914 11.048466 0.543136 
829 2.223650 0.000000 -0.067552 241.430767 0.037267 21.003044 -4.872994 
830 2.235862 0.000000 0.067552 261.429808 0.033040 -24.459116 -5.894379 
831 2.235862 0.000000 0.045035 260.805102 0.034006 -14.980292 -5.824371 
832 2.260285 0.000000 0.067552 56.837651 -0.228676 -9.369278 0.668165 
833 2.235862 0.000000 0.090070 64.773414 -0.077829 -10.680056 0.569034 
834 2.235862 0.000000 0.112587 77.997288 -0.018249 -8.192399 0.384931 
835 2.260285 0.000000 0.112587 64.104441 -0.002686 2.551744 0.588411 
836 2.235862 0.000000 0.135105 83.844041 -0.035784 -4.380372 0.295099 
837 2.223650 0.000000 0.078811 75.560043 -0.035983 -13.014998 0.412129 
838 2.211438 0.000000 0.078811 86.221461 0.011616 -15.545169 0.232421 
839 2.223650 0.000000 0.067552 241.940383 0.036635 -21.205355 -4.898482 
840 2.235862 0.000000 0.078811 64.515376 -0.078351 -10.637563 0.572460 
841 2.223650 0.000000 0.090070 75.560910 -0.039511 -12.899872 0.412414 
842 2.357979 0.000000 -0.045035 116.154764 0.003065 -1.417326 -0.349394 
843 2.357979 0.000000 -0.090070 110.664752 -0.123815 -2.745126 -0.225424 
844 2.406827 0.000000 -0.045035 106.224751 -0.123920 0.563771 -0.128403 
845 2.357979 0.000000 0.000000 118.132436 -0.002266 1.177867 -0.395666 
846 2.284709 0.000000 -0.067552 219.744044 0.002713 -74.148845 -4.378550 
847 2.284709 0.000000 -0.090070 99.050978 0.022404 -58.422309 -0.322426 
848 2.309132 0.000000 -0.067552 142.533228 0.050398 -21.554877 -1.078034 
849 2.284709 0.000000 -0.045035 250.240604 0.018519 -32.164271 -5.365490 
850 2.248074 0.000000 -0.078811 62.525196 0.112015 10.361575 0.598323 
851 2.248074 0.000000 -0.090070 62.989739 0.104717 10.438354 0.592332 
852 2.260285 0.000000 -0.078811 59.476350 0.201130 9.857311 0.636536 
853 2.248074 0.000000 -0.067552 61.766371 0.125866 10.236129 0.608012 
854 2.357979 0.000000 0.045035 116.104082 -0.027271 3.879494 -0.349521 
855 2.406827 0.000000 0.045035 106.196296 -0.240489 1.911016 -0.128136 
856 2.357979 0.000000 0.090070 110.661223 -0.094045 5.285864 -0.227386 
857 2.284709 0.000000 0.067552 221.138277 0.050640 77.803369 -4.495550 
858 2.284709 0.000000 0.045035 251.774425 0.072715 34.659750 -5.459166 
859 2.309132 0.000000 0.067552 142.457338 0.013626 24.251032 -1.088221 
860 2.284709 0.000000 0.090070 97.631723 0.040848 61.846226 -0.335691 
861 2.248074 0.000000 0.078811 60.314904 -0.109810 -9.944978 0.626320 
862 2.248074 0.000000 0.067552 59.552191 -0.121966 -9.819014 0.635711 
863 2.260285 0.000000 0.078811 57.275700 -0.203123 -9.441911 0.663030 
864 2.248074 0.000000 0.090070 60.782909 -0.104000 -10.022224 0.620498 
865 -8.241827 0.000000 -8.646699 99.756122 -0.000020 6.975604 0.000006 
866 -11.368037 0.000000 -8.646699 99.756265 -0.000008 6.975639 0.000003 
867 -8.241827 0.000000 -11.528932 99.756132 -0.000008 6.975580 0.000006 
868 10.515434 0.000000 -8.646699 99.756416 0.000289 6.971676 0.000005 
869 10.515434 0.000000 -11.528932 99.756303 0.000206 6.973379 0.000005 
870 13.641644 0.000000 -8.646699 99.756533 0.000312 6.971818 0.000003 
871 -8.241827 0.000000 8.646699 99.756653 -0.000057 6.975646 -0.000005 
872 -11.368037 0.000000 8.646699 99.756524 -0.000031 6.975656 -0.000002 
873 -8.241827 0.000000 11.528932 99.756673 -0.000052 6.975614 -0.000005 
874 -3.552511 0.000000 -4.323349 99.754887 -0.004157 6.974863 0.000031 
875 -5.115617 0.000000 -4.323349 99.755658 -0.001843 6.975266 0.000015 
876 -3.552511 0.000000 -5.764466 99.755217 -0.004400 6.974789 0.000025 
877 10.515434 0.000000 8.646699 99.756945 -0.000392 6.970299 -0.000003 
878 13.641644 0.000000 8.646699 99.756880 -0.000396 6.969975 -0.000002 
879 10.515434 0.000000 11.528932 99.756798 -0.000282 6.972780 -0.000004 
880 5.826119 0.000000 -4.323349 99.755255 -0.009423 6.959084 0.000046 
881 5.826119 0.000000 -5.764466 99.756743 -0.004779 6.967343 0.000005 
882 7.389224 0.000000 -4.323349 99.757142 -0.002273 6.960875 0.000006 
883 -3.552511 0.000000 4.323349 99.756869 0.005752 6.975565 -0.000009 
884 -5.115617 0.000000 4.323349 99.756527 0.002981 6.975550 -0.000002 
885 -3.552511 0.000000 5.764466 99.757064 0.005714 6.975380 -0.000013 
886 -1.207854 0.000000 -2.161675 99.748570 0.027587 6.964044 0.000172 
887 -1.989406 0.000000 -2.161675 99.751203 0.012376 6.971436 0.000110 
888 -1.207854 0.000000 -2.882233 99.750763 0.027567 6.967751 0.000123 
889 5.826119 0.000000 4.323349 99.758807 0.003774 6.953381 -0.000017 
890 7.389224 0.000000 4.323349 99.757547 0.000269 6.953664 0.000008 
891 5.826119 0.000000 5.764466 99.756715 0.002499 6.964663 0.000009 
892 3.481461 0.000000 -2.161675 99.767604 0.027181 6.926034 -0.000155 
893 3.481461 0.000000 -2.882233 99.762983 0.002757 6.947980 -0.000093 
894 4.263014 0.000000 -2.161675 99.760248 -0.006806 6.920368 0.000000 
895 -1.207854 0.000000 2.161675 99.751572 -0.033778 6.973500 0.000099 
896 -1.989406 0.000000 2.161675 99.753975 -0.014992 6.975070 0.000049 
897 -1.207854 0.000000 2.882233 99.756358 -0.029712 6.975165 0.000002 
898 -0.817078 0.000000 -1.080837 99.729898 0.006915 6.952739 0.000561 
899 -1.207854 0.000000 -1.080837 99.744423 0.012948 6.955109 0.000268 
900 -0.817078 0.000000 -1.441116 99.743298 -0.007979 6.947122 0.000301 
901 3.481461 0.000000 2.161675 99.742436 -0.021668 6.901016 0.000382 
902 4.263014 0.000000 2.161675 99.755530 0.010619 6.892565 0.000133 
903 3.481461 0.000000 2.882233 99.748464 -0.000276 6.934468 0.000216 
904 -0.230913 0.000000 -0.540419 99.565142 -0.017598 7.034959 0.003729 
905 -0.426301 0.000000 -0.540419 99.751091 0.088452 6.873071 0.000247 
906 -0.230913 0.000000 -0.720558 99.572029 -0.020901 6.962598 0.003693 
907 0.941416 0.000000 -0.540419 99.581068 0.022785 6.500150 0.004136 
908 0.941416 0.000000 -0.720558 99.726931 0.025005 6.679325 0.000993 
909 -0.817078 0.000000 1.080837 99.730058 -0.012151 6.971438 0.000531 
910 -1.207854 0.000000 1.080837 99.742854 -0.036205 6.970013 0.000278 
911 -0.817078 0.000000 1.441116 99.737296 -0.066478 6.970741 0.000388 
912 -0.230913 0.000000 0.540419 99.679516 0.004064 6.846014 0.001713 
913 -0.426301 0.000000 0.540419 99.658945 0.112566 6.837141 0.002134 
914 -0.230913 0.000000 0.720558 99.509963 -0.076800 6.805560 0.005145 
915 -0.133219 0.000000 -0.270209 100.032535 -0.070960 7.580445 -0.006398 
916 -0.230913 0.000000 -0.270209 99.956764 0.173524 7.297856 -0.004464 
917 -0.133219 0.000000 -0.360279 99.294833 0.116506 7.355024 0.008643 
918 0.941416 0.000000 0.540419 99.782635 -0.030228 6.524089 0.000086 
919 0.941416 0.000000 0.720558 99.531758 -0.016465 6.784013 0.004741 
920 -0.133219 0.000000 0.270209 100.319341 -0.092638 6.227803 -0.010276 
921 -0.230913 0.000000 0.270209 100.098600 0.132800 6.590756 -0.006319 
922 -0.133219 0.000000 0.360279 99.582108 0.060847 6.451384 0.004178 
923 0.037745 0.000000 -0.112587 79.225063 -0.039812 -2.418134 0.371754 
924 0.013322 0.000000 -0.112587 69.021794 -0.053117 8.738003 0.515964 
925 0.037745 0.000000 -0.135105 85.302092 0.042936 1.497949 0.272131 
926 0.648333 0.000000 -0.270209 104.378523 -0.042006 1.852389 -0.089831 
927 0.648333 0.000000 -0.360279 99.445871 -0.060865 6.439590 0.006905 
928 0.746027 0.000000 -0.270209 106.288579 0.029584 2.759789 -0.130488 
929 0.648333 0.000000 0.270209 104.588449 -0.059776 1.859387 -0.094220 
930 0.746027 0.000000 0.270209 106.726139 0.011341 2.761275 -0.139809 
931 0.648333 0.000000 0.360279 99.815060 -0.107692 5.971474 0.000128 
932 0.037745 0.000000 0.112587 83.669764 -0.175578 12.391491 0.284579 
933 0.013322 0.000000 0.112587 74.213856 -0.162193 2.862909 0.448408 
934 0.037745 0.000000 0.135105 88.845363 -0.119501 9.822335 0.201001 
935 0.098804 0.000000 -0.078811 92.780672 0.176854 -15.232107 0.115970 
936 0.098804 0.000000 -0.090070 92.233593 0.291928 -15.299590 0.125880 
937 0.098804 0.000000 -0.067552 92.807438 0.169611 -15.212420 0.115533 
938 0.098804 0.000000 0.078811 97.581991 0.262623 16.491941 0.020570 
939 0.098804 0.000000 0.067552 97.612835 0.263798 16.502883 0.019932 
940 0.098804 0.000000 0.090070 96.944750 0.238820 16.347582 0.033442 
941 0.233134 0.000000 -0.067552 51.442368 -0.027965 -4.172345 0.733627 
942 0.233134 0.000000 -0.045035 52.512979 -0.105356 -3.274622 0.723165 
943 0.233134 0.000000 0.067552 51.953068 -0.127481 4.443121 0.728112 
944 0.233134 0.000000 0.045035 52.570979 -0.129872 3.333196 0.722517 
945 0.501792 0.000000 -0.045035 101.379433 -0.030296 5.010225 -0.030289 
946 0.550639 0.000000 -0.045035 104.467618 -0.029274 6.334138 -0.095361 
947 0.501792 0.000000 0.000000 104.487232 -0.029575 6.556235 -0.096057 
948 0.501792 0.000000 0.045035 101.459153 -0.029968 5.008151 -0.031904 
949 0.550639 0.000000 0.045035 104.506660 -0.031875 6.338338 -0.096182 
950 0.428522 0.000000 -0.067552 97.618508 -0.034863 2.126622 0.046610 
951 0.452945 0.000000 -0.067552 98.050960 -0.029676 3.649928 0.037269 
952 0.428522 0.000000 -0.045035 98.115249 -0.038473 1.371625 0.037152 
953 0.367463 0.000000 -0.101329 105.587775 0.016442 -3.177695 -0.115888 
954 0.367463 0.000000 -0.112587 105.600471 0.008631 -2.642924 -0.115844 
955 0.367463 0.000000 -0.090070 105.986129 0.017209 -2.907159 -0.124151 
956 0.428522 0.000000 0.067552 97.821674 -0.036032 2.122189 0.042642 
957 0.428522 0.000000 0.045035 98.322619 -0.039427 1.370431 0.033078 
958 0.452945 0.000000 0.067552 98.241768 -0.032250 3.648689 0.033524 
959 0.367463 0.000000 0.101329 106.448743 0.028734 3.471036 -0.134338 
960 0.367463 0.000000 0.090070 106.845618 0.030790 3.196605 -0.142621 
961 0.367463 0.000000 0.112587 106.348192 0.030305 2.925936 -0.131850 
962 1.722968 0.000000 -0.540419 99.985631 0.062419 6.243074 -0.003611 
963 1.722968 0.000000 -0.720558 99.949470 0.014755 6.507560 -0.003225 
964 1.722968 0.000000 0.540419 99.482176 0.090584 5.935999 0.006805 
965 1.722968 0.000000 0.720558 99.383345 -0.046467 6.292770 0.008335 
966 1.429886 0.000000 -0.270209 105.296501 0.099094 1.087366 -0.108855 
967 1.429886 0.000000 -0.360279 99.833472 -0.101185 5.575124 0.000219 
968 1.527580 0.000000 -0.270209 105.569156 0.055115 0.889548 -0.114564 
969 1.429886 0.000000 0.270209 104.117480 0.092089 1.024251 -0.084151 
970 1.527580 0.000000 0.270209 104.844819 0.097013 0.900151 -0.099326 
971 1.429886 0.000000 0.360279 99.216424 -0.092325 5.107514 0.013001 
972 3.090685 0.000000 -1.080837 99.769464 0.009891 6.760645 0.000035 
973 3.090685 0.000000 -1.441116 99.769069 0.029339 6.855942 -0.000087 
974 3.481461 0.000000 -1.080837 99.771361 0.017821 6.763629 -0.000007 
975 2.504521 0.000000 -0.540419 99.763705 0.020909 6.072666 0.001033 
976 2.504521 0.000000 -0.720558 99.747580 0.017493 6.477092 0.000847 
977 2.699909 0.000000 -0.540419 99.819098 0.017765 6.124034 -0.000136 
978 3.090685 0.000000 1.080837 99.736956 -0.015675 6.641248 0.000843 
979 3.481461 0.000000 1.080837 99.759777 -0.013673 6.617177 0.000420 
980 3.090685 0.000000 1.441116 99.732803 -0.028901 6.794898 0.000720 
981 2.504521 0.000000 0.540419 99.635720 -0.046307 5.860595 0.003837 
982 2.699909 0.000000 0.540419 99.728144 0.001196 5.750692 0.002123 
983 2.504521 0.000000 0.720558 99.466061 0.003629 6.390917 0.006566 
984 2.406827 0.000000 -0.270209 100.212827 -0.063848 3.318718 -0.005363 
985 2.406827 0.000000 -0.360279 99.554214 -0.186583 4.616430 0.006761 
986 2.504521 0.000000 -0.270209 100.219998 -0.203989 3.974684 -0.005989 
987 2.406827 0.000000 0.270209 100.187349 -0.083573 4.174842 -0.005494 
988 2.504521 0.000000 0.270209 100.206120 -0.080812 3.524266 -0.005369 
989 2.406827 0.000000 0.360279 99.344494 -0.046854 5.171693 0.010392 
990 2.357979 0.000000 -0.135105 104.959025 -0.151642 -2.354990 -0.102197 
991 2.357979 0.000000 -0.180140 101.716487 -0.022977 -0.598350 -0.034660 
992 2.406827 0.000000 -0.135105 103.035618 -0.016507 0.209842 -0.061638 
993 2.284709 0.000000 -0.112587 86.254271 -0.014388 -23.062283 0.202833 
994 2.284709 0.000000 -0.135105 89.625630 -0.109088 -10.589804 0.185509 
995 2.309132 0.000000 -0.112587 108.927781 -0.055137 -14.488405 -0.207518 
996 2.357979 0.000000 0.135105 104.829283 -0.324969 5.512905 -0.101968 
997 2.406827 0.000000 0.135105 103.015141 -0.170033 2.960477 -0.062091 
998 2.357979 0.000000 0.180140 101.530982 -0.221022 5.038017 -0.033397 
999 2.284709 0.000000 0.112587 84.948874 0.021782 25.886208 0.211359 
1000 2.309132 0.000000 0.112587 108.583462 0.027149 17.286034 -0.208918 
1001 2.284709 0.000000 0.135105 88.809831 -0.051904 13.604396 0.192773 
1 11 62 60 61 
2 62 10 24 60 
3 60 24 14 63 
4 61 60 63 6 
5 24 66 64 65 
6 66 23 40 64 
7 64 40 27 67 
8 65 64 67 14 
9 40 70 68 69 
10 69 68 71 27 
11 6 63 92 93 
12 63 14 36 92 
13 92 36 19 94 
14 93 92 94 20 
15 14 67 95 96 
16 67 27 52 95 
17 95 52 35 97 
18 96 95 97 36 
19 27 71 98 99 
20 99 98 100 52 
21 68 112 110 111 
22 112 56 80 110 
23 110 80 43 113 
24 111 110 113 71 
25 80 116 114 115 
26 115 114 117 43 
27 71 113 133 134 
28 113 43 102 133 
29 133 102 76 135 
30 134 133 135 98 
31 43 117 136 137 
32 137 136 138 102 
33 114 141 139 140 
34 141 106 129 139 
35 139 129 83 142 
36 140 139 142 117 
37 129 149 147 148 
38 147 150 132 151 
39 148 147 151 83 
40 117 142 152 153 
41 142 83 144 152 
42 152 144 125 154 
43 153 152 154 136 
44 83 151 155 156 
45 151 132 157 155 
46 156 155 158 144 
47 12 161 159 160 
48 161 7 162 159 
49 159 162 13 25 
50 160 159 25 10 
51 25 165 163 164 
52 165 13 166 163 
53 163 166 26 41 
54 164 163 41 23 
55 41 169 167 168 
56 169 26 170 167 
57 167 170 42 57 
58 168 167 57 39 
59 39 173 171 172 
60 173 57 174 171 
61 171 174 55 81 
62 172 171 81 56 
63 81 177 175 176 
64 177 55 178 175 
65 175 178 82 107 
66 176 175 107 79 
67 79 181 179 180 
68 181 107 182 179 
69 179 182 105 130 
70 180 179 130 106 
71 106 185 183 184 
72 185 130 186 183 
73 184 183 149 129 
74 195 197 109 198 
75 150 195 198 132 
76 149 201 199 200 
77 201 128 202 199 
78 199 202 150 203 
79 200 199 203 147 
80 132 198 210 157 
81 198 109 211 210 
82 19 38 213 214 
83 38 21 215 213 
84 213 215 9 216 
85 214 213 216 22 
86 35 54 217 218 
87 54 37 219 217 
88 217 219 21 220 
89 218 217 220 38 
90 51 78 221 222 
91 78 53 223 221 
92 221 223 37 224 
93 222 221 224 54 
94 76 104 225 226 
95 104 75 227 225 
96 225 227 78 228 
97 226 225 228 51 
98 101 127 229 230 
99 127 103 231 229 
100 229 231 75 232 
101 230 229 232 104 
102 125 146 233 234 
103 146 124 235 233 
104 233 235 127 236 
105 234 233 236 101 
106 144 158 237 238 
107 237 239 146 240 
108 238 237 240 125 
109 155 243 241 242 
110 243 157 244 241 
111 241 244 143 245 
112 242 241 245 158 
113 130 247 246 186 
114 247 105 248 246 
115 249 251 195 252 
116 202 249 252 150 
117 186 255 253 254 
118 255 246 256 253 
119 253 256 196 250 
120 254 253 250 128 
121 128 259 257 258 
122 259 250 260 257 
123 257 260 249 261 
124 258 257 261 202 
125 262 263 124 264 
126 239 262 264 146 
127 157 266 265 244 
128 266 210 267 265 
129 143 268 269 270 
130 268 212 271 269 
131 269 271 262 272 
132 270 269 272 239 
133 244 275 273 274 
134 275 265 276 273 
135 273 276 268 277 
136 274 273 277 143 
137 278 280 194 281 
138 197 278 281 109 
139 283 131 284 282 
140 282 284 197 285 
141 251 282 285 195 
142 107 287 286 182 
143 287 82 288 286 
144 286 288 108 192 
145 182 286 192 105 
146 105 290 289 248 
147 290 192 291 289 
148 246 293 292 256 
149 293 248 294 292 
150 292 294 131 283 
151 256 292 283 196 
152 196 297 295 296 
153 297 283 298 295 
154 295 298 282 299 
155 296 295 299 251 
156 109 281 300 211 
157 281 194 301 300 
158 210 304 303 267 
159 304 211 305 303 
160 303 305 145 306 
161 124 209 307 235 
162 209 126 308 307 
163 307 308 103 309 
164 235 307 309 127 
165 310 311 209 312 
166 263 310 312 124 
167 212 306 313 271 
168 306 145 314 313 
169 313 314 263 315 
170 271 313 315 262 
171 267 318 316 317 
172 318 303 319 316 
173 316 319 306 320 
174 317 316 320 212 
175 248 322 321 294 
176 322 289 323 321 
177 294 321 324 131 
178 192 330 329 291 
179 330 108 331 329 
180 289 334 333 323 
181 334 291 335 333 
182 333 335 191 336 
183 323 333 336 279 
184 131 324 337 284 
185 324 279 338 337 
186 337 338 278 339 
187 284 337 339 197 
188 321 342 340 341 
189 342 323 343 340 
190 340 343 279 344 
191 341 340 344 324 
192 145 346 345 314 
193 345 347 310 348 
194 314 345 348 263 
195 211 350 349 305 
196 350 300 351 349 
197 349 351 302 346 
198 305 349 346 145 
199 355 357 126 358 
200 311 355 358 209 
201 302 360 359 347 
202 360 207 361 359 
203 359 361 311 362 
204 347 359 362 310 
205 346 365 363 364 
206 365 302 366 363 
207 363 366 347 367 
208 364 363 367 345 
209 368 369 59 370 
210 280 368 370 194 
211 291 372 371 335 
212 372 329 373 371 
213 371 373 332 374 
214 191 374 375 376 
215 374 332 377 375 
216 375 377 368 378 
217 376 375 378 280 
218 335 381 379 380 
219 381 371 382 379 
220 379 382 374 383 
221 380 379 383 191 
222 194 370 384 301 
223 370 59 385 384 
224 387 356 388 386 
225 386 388 355 389 
226 361 386 389 311 
227 301 392 390 391 
228 392 384 393 390 
229 390 393 356 387 
230 391 390 387 207 
231 207 396 394 395 
232 396 387 397 394 
233 394 397 386 398 
234 395 394 398 361 
235 57 400 399 174 
236 400 42 401 399 
237 399 401 58 89 
238 174 399 89 55 
239 55 403 402 178 
240 403 89 404 402 
241 402 404 88 188 
242 178 402 188 82 
243 82 406 405 288 
244 406 188 407 405 
245 405 407 187 326 
246 288 405 326 108 
247 108 409 408 331 
248 409 326 410 408 
249 329 413 412 373 
250 413 331 414 412 
251 373 412 415 332 
252 75 123 416 227 
253 123 77 417 416 
254 416 417 53 418 
255 227 416 418 78 
256 103 206 419 231 
257 206 121 420 419 
258 419 420 123 421 
259 231 419 421 75 
260 126 354 422 308 
261 354 204 423 422 
262 422 423 206 424 
263 308 422 424 103 
264 425 427 354 428 
265 357 425 428 126 
266 356 430 429 388 
267 429 431 357 432 
268 388 429 432 355 
269 433 434 328 435 
270 369 433 435 59 
271 331 437 436 414 
272 437 408 438 436 
273 332 415 440 377 
274 415 193 441 440 
275 440 441 369 442 
276 377 440 442 368 
277 412 445 443 444 
278 445 414 446 443 
279 443 446 193 447 
280 444 443 447 415 
281 59 435 448 385 
282 435 328 449 448 
283 384 451 450 393 
284 451 385 452 450 
285 450 452 208 430 
286 393 450 430 356 
287 453 455 425 456 
288 431 453 456 357 
289 430 459 457 458 
290 459 208 460 457 
291 457 460 431 461 
292 458 457 461 429 
293 88 467 466 189 
294 467 90 468 466 
295 466 468 5 469 
296 189 466 469 91 
297 187 471 470 327 
298 471 189 472 470 
299 470 472 91 473 
300 327 470 473 190 
301 326 475 474 410 
302 475 187 476 474 
303 474 476 327 477 
304 410 474 477 325 
305 408 479 478 438 
306 479 410 480 478 
307 478 480 325 481 
308 438 478 481 411 
309 193 439 482 441 
310 439 411 483 482 
311 482 483 433 484 
312 441 482 484 369 
313 436 487 485 486 
314 487 438 488 485 
315 485 488 411 489 
316 486 485 489 439 
317 385 491 490 452 
318 491 448 492 490 
319 490 492 426 454 
320 452 490 454 208 
321 91 469 496 205 
322 469 5 497 496 
323 496 497 122 498 
324 205 496 498 121 
325 190 473 499 353 
326 473 91 500 499 
327 499 500 205 501 
328 353 499 501 204 
329 352 503 502 427 
330 503 353 504 502 
331 502 504 204 505 
332 427 502 505 354 
333 426 507 506 455 
334 507 352 508 506 
335 506 508 427 509 
336 455 506 509 425 
337 454 512 510 511 
338 512 426 513 510 
339 510 513 455 514 
340 511 510 514 453 
341 468 524 522 523 
342 522 525 518 526 
343 523 522 526 5 
344 5 526 527 528 
345 526 518 529 527 
346 528 527 530 497 
347 7 532 531 162 
348 532 16 533 531 
349 531 533 15 32 
350 162 531 32 13 
351 13 535 534 166 
352 535 32 536 534 
353 534 536 31 48 
354 166 534 48 26 
355 26 538 537 170 
356 538 48 539 537 
357 537 539 47 85 
358 170 537 85 42 
359 42 541 540 401 
360 541 85 542 540 
361 540 542 84 463 
362 401 540 463 58 
363 58 545 543 544 
364 545 463 546 543 
365 543 546 462 516 
366 544 543 516 90 
367 90 549 547 548 
368 549 516 550 547 
369 547 550 515 524 
370 548 547 524 468 
371 15 552 551 33 
372 552 17 553 551 
373 551 553 8 554 
374 33 551 554 18 
375 31 556 555 49 
376 556 33 557 555 
377 555 557 18 558 
378 49 555 558 34 
379 560 49 561 559 
380 559 561 34 562 
381 462 568 567 517 
382 568 464 569 567 
383 567 569 87 570 
384 517 567 570 465 
385 515 572 571 525 
386 572 517 573 571 
387 571 573 465 574 
388 525 571 574 518 
389 524 577 575 576 
390 577 515 578 575 
391 575 578 525 579 
392 576 575 579 522 
393 18 554 580 45 
394 554 8 581 580 
395 580 581 29 582 
396 45 580 582 28 
397 34 558 583 73 
398 558 18 584 583 
399 583 584 45 585 
400 73 583 585 44 
401 562 34 587 586 
402 586 587 73 588 
403 465 570 592 520 
404 570 87 593 592 
405 592 593 494 594 
406 520 592 594 493 
407 518 574 595 529 
408 574 465 596 595 
409 595 596 520 597 
410 529 595 597 519 
411 21 46 598 215 
412 46 28 599 598 
413 598 599 30 600 
414 215 598 600 9 
415 37 74 601 219 
416 74 44 602 601 
417 601 602 46 603 
418 219 601 603 21 
419 53 120 604 223 
420 120 72 605 604 
421 604 605 74 606 
422 223 604 606 37 
423 77 495 607 417 
424 495 118 608 607 
425 607 608 120 609 
426 417 607 609 53 
427 122 521 610 611 
428 521 493 612 610 
429 610 612 495 613 
430 611 610 613 77 
431 497 530 614 615 
432 530 519 616 614 
433 614 616 521 617 
434 615 614 617 122 
435 527 620 618 619 
436 620 529 621 618 
437 618 621 519 622 
438 619 618 622 530 
439 569 632 630 631 
440 631 630 634 87 
441 87 634 635 636 
442 636 635 638 593 
443 85 640 639 542 
444 640 47 641 639 
445 639 641 86 564 
446 542 639 564 84 
447 84 644 642 643 
448 644 564 645 642 
449 642 645 563 624 
450 643 642 624 464 
451 464 648 646 647 
452 648 624 649 646 
453 646 649 623 632 
454 647 646 632 569 
455 86 651 650 565 
456 651 559 652 650 
457 650 652 562 653 
458 565 650 653 50 
459 655 565 656 654 
460 654 656 50 657 
461 632 664 662 663 
462 664 623 665 662 
463 663 662 666 630 
464 50 653 667 590 
465 653 562 668 667 
466 667 668 586 669 
467 590 667 669 119 
468 657 50 671 670 
469 670 671 590 672 
470 118 591 676 608 
471 591 119 677 676 
472 676 677 72 678 
473 608 676 678 120 
474 494 629 679 680 
475 629 589 681 679 
476 679 681 591 682 
477 680 679 682 118 
478 593 638 683 684 
479 638 627 685 683 
480 683 685 629 686 
481 684 683 686 494 
482 635 689 687 688 
483 687 690 627 691 
484 688 687 691 638 
485 624 693 692 649 
486 693 563 694 692 
487 692 694 625 659 
488 649 692 659 623 
489 623 696 695 665 
490 696 659 697 695 
491 630 666 699 700 
492 699 701 626 702 
493 700 699 702 634 
494 662 705 703 704 
495 705 665 706 703 
496 704 703 707 666 
497 634 702 708 709 
498 702 626 710 708 
499 709 708 689 635 
500 627 675 711 685 
501 675 628 712 711 
502 711 712 589 713 
503 685 711 713 629 
504 714 716 675 717 
505 690 714 717 627 
506 689 720 718 719 
507 718 721 690 722 
508 719 718 722 687 
509 723 724 661 725 
510 701 723 725 626 
511 665 727 726 706 
512 727 695 728 726 
513 666 707 730 731 
514 707 633 732 730 
515 730 732 701 733 
516 731 730 733 699 
517 703 736 734 735 
518 736 706 737 734 
519 734 737 633 738 
520 735 734 738 707 
521 626 725 739 710 
522 725 661 740 739 
523 708 743 741 742 
524 743 710 744 741 
525 741 744 637 720 
526 742 741 720 689 
527 745 747 714 748 
528 721 745 748 690 
529 720 751 749 750 
530 751 637 752 749 
531 749 752 721 753 
532 750 749 753 718 
533 633 729 754 732 
534 729 698 755 754 
535 754 755 723 756 
536 732 754 756 701 
537 706 758 757 737 
538 758 726 759 757 
539 757 759 729 760 
540 737 757 760 633 
541 710 762 761 744 
542 762 739 763 761 
543 761 763 715 746 
544 744 761 746 637 
545 637 765 764 752 
546 765 746 766 764 
547 764 766 745 767 
548 752 764 767 721 
549 769 654 770 768 
550 768 770 657 771 
551 659 773 772 697 
552 773 625 774 772 
553 695 777 776 728 
554 777 697 778 776 
555 776 778 658 779 
556 726 781 780 759 
557 781 728 782 780 
558 780 782 698 783 
559 759 780 783 729 
560 771 657 785 784 
561 784 785 670 786 
562 787 789 628 790 
563 716 787 790 675 
564 792 673 793 791 
565 791 793 716 794 
566 747 791 794 714 
567 746 796 795 766 
568 796 715 797 795 
569 795 797 747 798 
570 766 795 798 745 
571 799 800 566 801 
572 724 799 801 661 
573 698 779 802 755 
574 779 658 803 802 
575 802 803 724 804 
576 755 802 804 723 
577 728 806 805 782 
578 806 776 807 805 
579 805 807 779 808 
580 782 805 808 698 
581 661 801 809 740 
582 801 566 810 809 
583 739 812 811 763 
584 812 740 813 811 
585 811 813 673 792 
586 763 811 792 715 
587 715 815 814 797 
588 815 792 816 814 
589 814 816 791 817 
590 797 814 817 747 
591 818 820 799 821 
592 803 818 821 724 
593 697 823 822 778 
594 823 772 824 822 
595 822 824 775 819 
596 778 822 819 658 
597 658 827 825 826 
598 827 819 828 825 
599 825 828 818 829 
600 826 825 829 803 
601 740 831 830 813 
602 831 809 832 830 
603 673 833 834 793 
604 833 788 835 834 
605 834 835 787 836 
606 793 834 836 716 
607 813 839 837 838 
608 839 830 840 837 
609 837 840 833 841 
610 838 837 841 673 
611 660 843 842 800 
612 843 768 844 842 
613 842 844 771 845 
614 800 842 845 566 
615 775 847 846 820 
616 847 660 848 846 
617 846 848 800 849 
618 820 846 849 799 
619 819 851 850 828 
620 851 775 852 850 
621 850 852 820 853 
622 828 850 853 818 
623 566 845 854 810 
624 845 771 855 854 
625 854 855 784 856 
626 810 854 856 674 
627 809 858 857 832 
628 858 810 859 857 
629 857 859 674 860 
630 832 857 860 788 
631 830 862 861 840 
632 862 832 863 861 
633 861 863 788 864 
634 840 861 864 833 
635 1 867 865 866 
636 867 12 160 865 
637 865 160 10 62 
638 866 865 62 11 
639 16 869 868 533 
640 869 2 870 868 
641 868 870 17 552 
642 533 868 552 15 
643 20 94 871 872 
644 94 19 214 871 
645 871 214 22 873 
646 872 871 873 4 
647 10 876 874 875 
648 876 25 164 874 
649 874 164 23 66 
650 875 874 66 24 
651 28 582 877 599 
652 582 29 878 877 
653 877 878 3 879 
654 599 877 879 30 
655 32 881 880 536 
656 881 15 882 880 
657 880 882 33 556 
658 536 880 556 31 
659 36 97 883 884 
660 97 35 218 883 
661 883 218 38 885 
662 884 883 885 19 
663 23 888 886 887 
664 888 41 168 886 
665 886 168 39 70 
666 887 886 70 40 
667 44 585 889 602 
668 585 45 890 889 
669 889 890 28 891 
670 602 889 891 46 
671 48 893 892 539 
672 893 31 894 892 
673 892 894 49 560 
674 539 892 560 47 
675 52 100 895 896 
676 100 51 222 895 
677 895 222 54 897 
678 896 895 897 35 
679 70 900 898 899 
680 900 39 172 898 
681 898 172 56 112 
682 899 898 112 68 
683 72 588 901 605 
684 588 73 902 901 
685 901 902 44 903 
686 605 901 903 74 
687 56 906 904 905 
688 906 81 176 904 
689 904 176 79 116 
690 905 904 116 80 
691 89 908 907 404 
692 908 58 544 907 
693 907 544 90 467 
694 404 907 467 88 
695 98 135 909 910 
696 135 76 226 909 
697 909 226 51 911 
698 910 909 911 100 
699 102 138 912 913 
700 138 101 230 912 
701 912 230 104 914 
702 913 912 914 76 
703 116 917 915 916 
704 917 79 180 915 
705 915 180 106 141 
706 916 915 141 114 
707 121 498 918 420 
708 498 122 611 918 
709 918 611 77 919 
710 420 918 919 123 
711 136 154 920 921 
712 154 125 234 920 
713 920 234 101 922 
714 921 920 922 138 
715 183 925 923 924 
716 925 186 254 923 
717 923 254 128 201 
718 924 923 201 149 
719 188 927 926 407 
720 927 88 928 926 
721 926 928 189 471 
722 407 926 471 187 
723 204 501 929 423 
724 501 205 930 929 
725 929 930 121 931 
726 423 929 931 206 
727 158 245 932 933 
728 245 143 270 932 
729 932 270 239 934 
730 933 932 934 237 
731 250 936 935 260 
732 936 196 296 935 
733 935 296 251 937 
734 260 935 937 249 
735 265 939 938 276 
736 939 267 317 938 
737 938 317 212 940 
738 276 938 940 268 
739 279 336 941 338 
740 336 191 376 941 
741 941 376 280 942 
742 338 941 942 278 
743 300 944 943 351 
744 944 301 391 943 
745 943 391 207 360 
746 351 943 360 302 
747 325 477 945 434 
748 477 327 946 945 
749 945 946 190 947 
750 434 945 947 328 
751 328 947 948 449 
752 947 190 949 948 
753 948 949 353 503 
754 449 948 503 352 
755 411 481 950 483 
756 481 325 951 950 
757 950 951 434 952 
758 483 950 952 433 
759 414 954 953 446 
760 954 436 486 953 
761 953 486 439 955 
762 446 953 955 193 
763 448 957 956 492 
764 957 449 958 956 
765 956 958 352 507 
766 492 956 507 426 
767 208 960 959 460 
768 960 454 511 959 
769 959 511 453 961 
770 460 959 961 431 
771 463 963 962 546 
772 963 84 643 962 
773 962 643 464 568 
774 546 962 568 462 
775 493 594 964 612 
776 594 494 680 964 
777 964 680 118 965 
778 612 964 965 495 
779 516 967 966 550 
780 967 462 968 966 
781 966 968 517 572 
782 550 966 572 515 
783 519 597 969 616 
784 597 520 970 969 
785 969 970 493 971 
786 616 969 971 521 
787 47 973 972 641 
788 973 560 974 972 
789 972 974 559 651 
790 641 972 651 86 
791 564 976 975 645 
792 976 86 977 975 
793 975 977 565 655 
794 645 975 655 563 
795 119 669 978 677 
796 669 586 979 978 
797 978 979 588 980 
798 677 978 980 72 
799 589 672 981 681 
800 672 590 982 981 
801 981 982 119 983 
802 681 981 983 591 
803 563 985 984 694 
804 985 655 986 984 
805 984 986 654 769 
806 694 984 769 625 
807 628 786 987 712 
808 786 670 988 987 
809 987 988 672 989 
810 712 987 989 589 
811 625 991 990 774 
812 991 769 992 990 
813 990 992 768 843 
814 774 990 843 660 
815 772 994 993 824 
816 994 774 995 993 
817 993 995 660 847 
818 824 993 847 775 
819 674 856 996 789 
820 856 784 997 996 
821 996 997 786 998 
822 789 996 998 628 
823 788 860 999 835 
824 860 674 1000 999 
825 999 1000 789 1001 
826 835 999 1001 787 
