2 0.000000 100.000000 211.018442
1001 826 
1 -11.368037 0.000000 -11.528932 99.756256 0.000005 6.975625 0.000003 
2 13.641644 0.000000 -11.528932 99.756413 0.000349 6.973415 0.000003 
3 13.641644 0.000000 11.528932 99.756716 -0.000432 6.972633 -0.000002 
4 -11.368037 0.000000 11.528932 99.756546 -0.000039 6.975641 -0.000003 
5 1.136804 0.000000 0.000000 104.999279 0.033147 6.255681 -0.106398 
6 -11.368037 0.000000 0.000000 99.756381 -0.000025 6.975676 0.000000 
7 1.136804 0.000000 -11.528932 99.755428 0.000027 6.974354 0.000021 
8 13.641644 0.000000 0.000000 99.790344 0.007313 6.489687 -0.000023 
9 1.136804 0.000000 11.528932 99.757740 -0.000307 6.974223 -0.000025 
10 -5.115617 0.000000 -5.764466 99.755446 -0.003661 6.975581 0.000019 
11 -11.368037 0.000000 -5.764466 99.756289 -0.000010 6.975654 0.000002 
12 -5.115617 0.000000 -11.528932 99.755897 -0.000005 6.975441 0.000010 
13 1.136804 0.000000 -5.764466 99.751304 -0.035392 6.970114 0.000109 
14 -5.115617 0.000000 0.000000 99.755858 0.000680 6.975531 0.000011 
15 7.389224 0.000000 -5.764466 99.756768 -0.002340 6.967208 0.000005 
16 7.389224 0.000000 -11.528932 99.756081 0.000262 6.973429 0.000010 
17 13.641644 0.000000 -5.764466 99.756841 0.000717 6.967712 0.000002 
18 7.389224 0.000000 0.000000 99.895936 0.015700 4.970796 -0.000391 
19 -5.115617 0.000000 5.764466 99.756984 0.002597 6.975858 -0.000012 
20 -11.368037 0.000000 5.764466 99.756487 -0.000035 6.975668 -0.000002 
21 1.136804 0.000000 5.764466 99.764968 0.035544 6.969551 -0.000162 
22 -5.115617 0.000000 11.528932 99.756952 -0.000113 6.975505 -0.000011 
23 -1.989406 0.000000 -2.882233 99.755341 -0.004820 6.970276 0.000029 
24 -5.115617 0.000000 -2.882233 99.755626 -0.001212 6.975349 0.000016 
25 -1.989406 0.000000 -5.764466 99.754467 -0.009103 6.973841 0.000041 
26 1.136804 0.000000 -2.882233 99.784398 0.130986 6.945398 -0.000518 
27 -1.989406 0.000000 0.000000 99.749411 -0.003110 6.971453 0.000145 
28 7.389224 0.000000 5.764466 99.756944 0.000663 6.964024 0.000005 
29 13.641644 0.000000 5.764466 99.757447 -0.000949 6.961397 -0.000001 
30 7.389224 0.000000 11.528932 99.756992 -0.000398 6.972986 -0.000008 
31 4.263014 0.000000 -2.882233 99.759522 -0.009826 6.944701 -0.000019 
32 4.263014 0.000000 -5.764466 99.756860 -0.008823 6.967796 0.000002 
33 7.389224 0.000000 -2.882233 99.758211 -0.001089 6.944316 0.000008 
34 4.263014 0.000000 0.000000 100.085589 0.010064 2.187586 -0.002191 
35 -1.989406 0.000000 2.882233 99.753975 0.011485 6.974806 0.000050 
36 -5.115617 0.000000 2.882233 99.756337 0.002459 6.975588 0.000001 
37 1.136804 0.000000 2.882233 99.751409 -0.123306 6.939276 0.000149 
38 -1.989406 0.000000 5.764466 99.758161 0.010718 6.975000 -0.000034 
39 -0.426301 0.000000 -1.441116 99.729499 0.026792 6.931724 0.000598 
40 -1.989406 0.000000 -1.441116 99.750345 0.007624 6.970631 0.000128 
41 -0.426301 0.000000 -2.882233 99.755267 0.059454 6.957709 0.000047 
42 1.136804 0.000000 -1.441116 99.765175 0.017987 6.885209 -0.000050 
43 -0.426301 0.000000 0.000000 99.889333 -0.082150 6.996972 -0.002684 
44 4.263014 0.000000 2.882233 99.753246 0.011362 6.931188 0.000125 
45 7.389224 0.000000 2.882233 99.759786 -0.001420 6.920254 0.000010 
46 4.263014 0.000000 5.764466 99.756566 0.005977 6.965313 0.000011 
47 2.699909 0.000000 -1.441116 99.781003 -0.020182 6.867865 -0.000342 
48 2.699909 0.000000 -2.882233 99.777353 0.051605 6.951022 -0.000384 
49 4.263014 0.000000 -1.441116 99.764668 0.004966 6.855631 0.000001 
50 2.699909 0.000000 0.000000 100.227698 -0.030199 1.414361 -0.004759 
51 -0.426301 0.000000 1.441116 99.727636 -0.015110 6.980795 0.000567 
52 -1.989406 0.000000 1.441116 99.752269 -0.012357 6.974783 0.000084 
53 1.136804 0.000000 1.441116 99.797873 0.069307 6.857444 -0.000664 
54 -0.426301 0.000000 2.882233 99.758679 -0.061842 6.971347 -0.000040 
55 0.355251 0.000000 -0.720558 100.135859 0.020392 6.569302 -0.007035 
56 -0.426301 0.000000 -0.720558 99.751400 0.072157 6.863336 0.000255 
57 0.355251 0.000000 -1.441116 99.830195 -0.022343 6.897657 -0.001365 
58 1.136804 0.000000 -0.720558 99.990674 -0.150665 6.659422 -0.004251 
59 0.355251 0.000000 0.000000 22.787942 -0.004470 0.069995 0.948070 
60 -8.241827 0.000000 -2.882233 99.756127 -0.000968 6.975736 0.000005 
61 -11.368037 0.000000 -2.882233 99.756329 -0.000018 6.975668 0.000001 
62 -8.241827 0.000000 -5.764466 99.756143 -0.000028 6.975640 0.000005 
63 -8.241827 0.000000 0.000000 99.756266 -0.000338 6.975779 0.000003 
64 -3.552511 0.000000 -1.441116 99.754161 -0.002556 6.976678 0.000043 
65 -5.115617 0.000000 -1.441116 99.755693 -0.000337 6.975444 0.000014 
66 -3.552511 0.000000 -2.882233 99.754817 -0.004634 6.974616 0.000033 
67 -3.552511 0.000000 0.000000 99.754935 0.000890 6.977048 0.000027 
68 -1.207854 0.000000 -0.720558 99.741003 -0.007483 6.958538 0.000331 
69 -1.989406 0.000000 -0.720558 99.749549 0.003286 6.970545 0.000144 
70 -1.207854 0.000000 -1.441116 99.744023 0.018512 6.961215 0.000267 
71 -1.207854 0.000000 0.000000 99.737205 -0.007804 6.966215 0.000396 
72 2.699909 0.000000 1.441116 99.711894 -0.023992 6.790620 0.001143 
73 4.263014 0.000000 1.441116 99.762032 -0.001830 6.769679 0.000171 
74 2.699909 0.000000 2.882233 99.737487 -0.044301 6.935372 0.000433 
75 0.355251 0.000000 0.720558 99.917683 0.012751 6.966590 -0.003208 
76 -0.426301 0.000000 0.720558 99.637300 0.074031 6.872881 0.002517 
77 1.136804 0.000000 0.720558 99.585003 -0.050048 6.605652 0.003919 
78 0.355251 0.000000 1.441116 99.783151 0.068893 6.973723 -0.000531 
79 -0.035525 0.000000 -0.360279 98.231450 0.110038 7.195811 0.029879 
80 -0.426301 0.000000 -0.360279 99.780767 -0.034945 6.985317 -0.000500 
81 -0.035525 0.000000 -0.720558 99.428578 -0.013469 6.810080 0.006758 
82 0.355251 0.000000 -0.360279 100.632854 0.098370 5.873695 -0.016148 
83 -0.035525 0.000000 0.000000 203.643914 -0.085088 7.415479 -3.152584 
84 1.918356 0.000000 -0.720558 100.038088 0.012496 6.534410 -0.005032 
85 1.918356 0.000000 -1.441116 99.838230 0.011669 6.864632 -0.001480 
86 2.699909 0.000000 -0.720558 99.870153 0.026306 6.560381 -0.001709 
87 1.918356 0.000000 0.000000 104.489838 0.383421 2.948473 -0.092697 
88 0.746027 0.000000 -0.360279 99.425374 -0.136931 6.424735 0.007330 
89 0.746027 0.000000 -0.720558 99.745483 0.064341 6.858852 0.000379 
90 1.136804 0.000000 -0.360279 99.223863 0.109566 5.467526 0.012472 
91 0.746027 0.000000 0.000000 105.606659 -0.007412 6.645916 -0.119693 
92 -8.241827 0.000000 2.882233 99.756436 0.000327 6.975784 -0.000001 
93 -11.368037 0.000000 2.882233 99.756437 -0.000031 6.975676 -0.000001 
94 -8.241827 0.000000 5.764466 99.756589 -0.000068 6.975681 -0.000004 
95 -3.552511 0.000000 1.441116 99.756025 0.004282 6.977147 0.000005 
96 -5.115617 0.000000 1.441116 99.756092 0.001667 6.975583 0.000006 
97 -3.552511 0.000000 2.882233 99.756478 0.005040 6.975799 -0.000002 
98 -1.207854 0.000000 0.720558 99.737861 -0.031323 6.962993 0.000387 
99 -1.989406 0.000000 0.720558 99.750189 -0.009147 6.972385 0.000129 
100 -1.207854 0.000000 1.441116 99.746789 -0.033044 6.973092 0.000195 
101 -0.035525 0.000000 0.360279 98.701159 -0.118409 6.428498 0.021674 
102 -0.426301 0.000000 0.360279 99.719192 -0.049731 6.770432 0.001024 
103 0.355251 0.000000 0.360279 101.946709 0.069944 7.006156 -0.044222 
104 -0.035525 0.000000 0.720558 99.285676 -0.033198 6.822056 0.009581 
105 0.159863 0.000000 -0.180140 97.969718 -0.098844 -0.576741 0.040159 
106 -0.035525 0.000000 -0.180140 96.038742 0.405187 12.032835 0.063161 
107 0.159863 0.000000 -0.360279 98.711529 0.155673 5.173314 0.022925 
108 0.355251 0.000000 -0.180140 102.682705 0.191287 3.582202 -0.055661 
109 0.159863 0.000000 0.000000 102.869708 0.329197 0.281985 -0.058236 
110 -0.817078 0.000000 -0.360279 99.748055 0.045514 6.904455 0.000265 
111 -1.207854 0.000000 -0.360279 99.737603 -0.007154 6.964632 0.000390 
112 -0.817078 0.000000 -0.720558 99.724899 -0.016705 6.957401 0.000654 
113 -0.817078 0.000000 0.000000 99.735740 0.044649 6.906830 0.000508 
114 -0.230913 0.000000 -0.180140 100.484479 0.006222 7.103205 -0.014759 
115 -0.426301 0.000000 -0.180140 99.855206 -0.094582 6.989743 -0.001993 
116 -0.230913 0.000000 -0.360279 99.587999 0.039222 7.294190 0.002902 
117 -0.230913 0.000000 0.000000 100.961530 -0.019498 6.945283 -0.024147 
118 1.918356 0.000000 0.720558 99.364376 0.002390 6.182015 0.008850 
119 2.699909 0.000000 0.720558 99.648379 -0.000331 6.328357 0.003015 
120 1.918356 0.000000 1.441116 99.715007 -0.004385 6.797776 0.001071 
121 0.746027 0.000000 0.360279 99.497614 -0.068873 6.197655 0.006181 
122 1.136804 0.000000 0.360279 100.139017 0.141348 5.758694 -0.006101 
123 0.746027 0.000000 0.720558 99.302151 -0.044895 6.846190 0.009221 
124 0.159863 0.000000 0.180140 100.030840 -0.102962 11.488079 -0.013816 
125 -0.035525 0.000000 0.180140 97.597357 0.173592 1.818249 0.047142 
126 0.355251 0.000000 0.180140 104.200670 0.116970 5.653065 -0.088975 
127 0.159863 0.000000 0.360279 99.595165 -0.145584 8.031893 0.001627 
128 0.062169 0.000000 -0.090070 80.802818 0.001138 -9.058864 0.338884 
129 -0.035525 0.000000 -0.090070 114.214273 0.137076 29.865605 -0.393687 
130 0.062169 0.000000 -0.180140 92.076086 0.073320 2.233295 0.151700 
131 0.159863 0.000000 -0.090070 101.498879 0.378267 -13.570865 -0.048633 
132 0.062169 0.000000 0.000000 276.826807 -0.083810 0.455667 -6.663330 
133 -0.817078 0.000000 0.360279 99.717391 0.056146 6.907743 0.000872 
134 -1.207854 0.000000 0.360279 99.737551 -0.008095 6.967811 0.000387 
135 -0.817078 0.000000 0.720558 99.706075 0.046127 6.918168 0.001084 
136 -0.230913 0.000000 0.180140 100.580303 -0.006255 6.771088 -0.016225 
137 -0.426301 0.000000 0.180140 99.863715 -0.028600 6.939826 -0.002092 
138 -0.230913 0.000000 0.360279 99.727653 -0.011994 6.576898 0.001114 
139 -0.133219 0.000000 -0.090070 104.122880 0.080345 8.639635 -0.091622 
140 -0.230913 0.000000 -0.090070 100.759432 -0.028426 7.156640 -0.020368 
141 -0.133219 0.000000 -0.180140 100.846676 -0.181179 8.842364 -0.024827 
142 -0.133219 0.000000 0.000000 106.086625 0.151839 7.198834 -0.130622 
143 0.062169 0.000000 0.090070 85.641465 0.031069 15.327071 0.243062 
144 -0.035525 0.000000 0.090070 116.334200 0.057282 -15.091400 -0.376140 
145 0.159863 0.000000 0.090070 105.375280 0.320229 14.355571 -0.131013 
146 0.062169 0.000000 0.180140 94.437196 -0.141832 9.872089 0.098414 
147 0.013322 0.000000 -0.045035 71.047566 0.258934 -13.847429 0.476043 
148 -0.035525 0.000000 -0.045035 169.754161 -0.063456 35.909460 -2.010597 
149 0.013322 0.000000 -0.090070 44.881575 -0.089154 3.820716 0.797104 
150 0.062169 0.000000 -0.045035 270.808999 -0.076264 -20.193408 -6.374529 
151 0.013322 0.000000 0.000000 453.112319 -0.024896 2.973484 -19.531962 
152 -0.133219 0.000000 0.090070 104.421408 0.018830 5.556664 -0.093471 
153 -0.230913 0.000000 0.090070 100.814707 -0.021585 6.724262 -0.020882 
154 -0.133219 0.000000 0.180140 101.177045 -0.153488 5.126904 -0.026310 
155 0.013322 0.000000 0.045035 78.921514 -0.365926 15.636748 0.352675 
156 -0.035525 0.000000 0.045035 170.164044 -0.094245 -20.617468 -1.938089 
157 0.062169 0.000000 0.045035 269.869811 -0.058291 20.948898 -6.326857 
158 0.013322 0.000000 0.090070 52.995998 -0.202425 5.895829 0.715662 
159 -1.989406 0.000000 -8.646699 99.754845 -0.008010 6.974777 0.000032 
160 -5.115617 0.000000 -8.646699 99.755775 -0.000040 6.975456 0.000013 
161 -1.989406 0.000000 -11.528932 99.755561 -0.000012 6.975057 0.000018 
162 1.136804 0.000000 -8.646699 99.754809 -0.011429 6.973209 0.000035 
163 -0.426301 0.000000 -4.323349 99.756220 -0.041499 6.967451 0.000015 
164 -1.989406 0.000000 -4.323349 99.751371 -0.015653 6.975080 0.000101 
165 -0.426301 0.000000 -5.764466 99.754369 -0.017269 6.971772 0.000046 
166 1.136804 0.000000 -4.323349 99.755333 -0.059930 6.966149 0.000034 
167 0.355251 0.000000 -2.161675 99.810910 0.007820 6.930296 -0.001025 
168 -0.426301 0.000000 -2.161675 99.750379 0.062828 6.945338 0.000162 
169 0.355251 0.000000 -2.882233 99.772344 0.107240 6.947394 -0.000280 
170 1.136804 0.000000 -2.161675 99.823418 0.037655 6.936589 -0.001283 
171 -0.035525 0.000000 -1.080837 99.877264 0.032928 6.765230 -0.002124 
172 -0.426301 0.000000 -1.080837 99.784601 0.025738 6.872695 -0.000420 
173 -0.035525 0.000000 -1.441116 99.750047 0.008858 6.899613 0.000232 
174 0.355251 0.000000 -1.080837 100.249476 -0.054676 6.804538 -0.009626 
175 0.159863 0.000000 -0.540419 99.403214 -0.001073 6.201912 0.008054 
176 -0.035525 0.000000 -0.540419 99.251981 0.047795 6.743242 0.010357 
177 0.159863 0.000000 -0.720558 99.608472 0.023194 6.547863 0.003528 
178 0.355251 0.000000 -0.540419 100.036087 -0.047934 6.484628 -0.004927 
179 0.062169 0.000000 -0.270209 94.388580 0.267902 5.127089 0.106444 
180 -0.035525 0.000000 -0.270209 96.483432 0.085077 8.565188 0.061758 
181 0.062169 0.000000 -0.360279 97.415609 0.156451 6.139755 0.047248 
182 0.159863 0.000000 -0.270209 98.200779 0.318603 3.131908 0.034670 
183 0.013322 0.000000 -0.135105 82.005546 0.045695 8.531525 0.320230 
184 -0.035525 0.000000 -0.135105 99.391101 0.270039 16.764188 -0.015970 
185 0.013322 0.000000 -0.180140 90.163248 0.379529 7.902809 0.180799 
186 0.062169 0.000000 -0.135105 89.985234 0.035792 -1.872688 0.189915 
187 0.550639 0.000000 -0.180140 104.410383 -0.029145 5.047606 -0.092701 
188 0.550639 0.000000 -0.360279 99.671017 -0.041079 6.789935 0.001958 
189 0.746027 0.000000 -0.180140 105.607009 -0.000654 5.157112 -0.117944 
190 0.550639 0.000000 0.000000 104.509189 -0.029097 6.559299 -0.096520 
191 0.257557 0.000000 -0.090070 103.504204 -0.008787 -10.224678 -0.081766 
192 0.257557 0.000000 -0.180140 100.934236 0.224871 0.985218 -0.018874 
193 0.355251 0.000000 -0.090070 105.753164 0.037937 -4.331009 -0.120249 
194 0.257557 0.000000 0.000000 43.576070 -0.112370 0.028466 0.810111 
195 0.111016 0.000000 -0.045035 160.433566 -0.027602 -13.323552 -1.591645 
196 0.111016 0.000000 -0.090070 91.742731 0.349266 -15.011239 0.135781 
197 0.159863 0.000000 -0.045035 101.609856 0.356899 -7.058026 -0.037451 
198 0.111016 0.000000 0.000000 165.072325 -0.024571 0.143262 -1.724889 
199 0.037745 0.000000 -0.067552 63.865228 0.235301 -12.279482 0.577039 
200 0.013322 0.000000 -0.067552 70.990829 0.269731 -13.472948 0.477871 
201 0.037745 0.000000 -0.090070 75.951305 -0.059908 -9.225417 0.414629 
202 0.062169 0.000000 -0.067552 71.099484 0.223988 -13.483179 0.476302 
203 0.037745 0.000000 -0.045035 64.037936 0.220004 -12.465897 0.574370 
204 0.550639 0.000000 0.180140 104.608612 -0.042288 5.076405 -0.096873 
205 0.746027 0.000000 0.180140 105.916803 -0.014720 5.189938 -0.124530 
206 0.550639 0.000000 0.360279 100.015441 -0.034609 5.769775 -0.003638 
207 0.257557 0.000000 0.090070 106.108085 -0.078969 10.738061 -0.137424 
208 0.355251 0.000000 0.090070 106.940635 0.030915 4.648638 -0.145791 
209 0.257557 0.000000 0.180140 102.460241 0.091994 8.699022 -0.057378 
210 0.111016 0.000000 0.045035 160.368717 -0.076103 13.652070 -1.590451 
211 0.159863 0.000000 0.045035 101.764356 0.220646 7.473449 -0.041189 
212 0.111016 0.000000 0.090070 96.412514 0.223062 16.307687 0.043864 
213 -1.989406 0.000000 8.646699 99.758282 0.007074 6.975183 -0.000037 
214 -5.115617 0.000000 8.646699 99.757016 -0.000136 6.975567 -0.000012 
215 1.136804 0.000000 8.646699 99.759185 0.011218 6.972987 -0.000052 
216 -1.989406 0.000000 11.528932 99.757453 -0.000201 6.975112 -0.000020 
217 -0.426301 0.000000 4.323349 99.763802 0.036892 6.973882 -0.000145 
218 -1.989406 0.000000 4.323349 99.760036 0.017516 6.977055 -0.000074 
219 1.136804 0.000000 4.323349 99.766053 0.057970 6.963807 -0.000176 
220 -0.426301 0.000000 5.764466 99.760409 0.018785 6.973181 -0.000076 
221 0.355251 0.000000 2.161675 99.797056 -0.206390 6.957511 -0.000790 
222 -0.426301 0.000000 2.161675 99.752775 -0.079065 6.971201 0.000078 
223 1.136804 0.000000 2.161675 99.801375 -0.027260 6.919430 -0.000819 
224 0.355251 0.000000 2.882233 99.767206 -0.107871 6.960173 -0.000195 
225 -0.035525 0.000000 1.080837 99.502356 0.138057 6.931339 0.005122 
226 -0.426301 0.000000 1.080837 99.650769 0.081768 6.923283 0.002179 
227 0.355251 0.000000 1.080837 99.516474 0.125156 6.962122 0.004798 
228 -0.035525 0.000000 1.441116 99.746161 -0.000222 7.006674 0.000161 
229 0.159863 0.000000 0.540419 99.642468 0.002553 7.263581 0.001862 
230 -0.035525 0.000000 0.540419 99.311929 0.037650 6.915761 0.008931 
231 0.355251 0.000000 0.540419 100.105725 -0.067207 6.839261 -0.006794 
232 0.159863 0.000000 0.720558 99.685247 0.021704 7.087555 0.001262 
233 0.062169 0.000000 0.270209 95.585210 -0.051339 8.044950 0.079874 
234 -0.035525 0.000000 0.270209 97.288701 -0.001463 5.194000 0.050793 
235 0.159863 0.000000 0.270209 99.397447 0.051821 9.461226 0.003063 
236 0.062169 0.000000 0.360279 98.130694 -0.084623 7.327898 0.031666 
237 0.013322 0.000000 0.135105 85.722040 -0.047619 3.858488 0.263684 
238 -0.035525 0.000000 0.135105 101.372708 0.165221 -2.679014 -0.028363 
239 0.062169 0.000000 0.135105 93.255501 -0.093979 12.457979 0.114820 
240 0.013322 0.000000 0.180140 92.508500 0.105678 5.151340 0.141563 
241 0.037745 0.000000 0.067552 71.528497 -0.194049 14.231917 0.468109 
242 0.013322 0.000000 0.067552 78.816174 -0.360216 15.697056 0.354148 
243 0.037745 0.000000 0.045035 71.865461 -0.194355 14.256017 0.463208 
244 0.062169 0.000000 0.067552 77.740806 -0.088232 15.170032 0.372623 
245 0.037745 0.000000 0.090070 81.446337 -0.057049 16.680160 0.308826 
246 0.111016 0.000000 -0.135105 96.865850 -0.073161 -3.800994 0.060255 
247 0.111016 0.000000 -0.180140 95.930676 -0.150383 0.033586 0.079728 
248 0.159863 0.000000 -0.135105 99.191962 -0.005552 -3.810192 0.014644 
249 0.086592 0.000000 -0.067552 93.099858 0.040259 -15.271396 0.109920 
250 0.086592 0.000000 -0.090070 93.785496 0.011965 -15.563343 0.096206 
251 0.111016 0.000000 -0.067552 91.936726 0.314436 -14.989285 0.132286 
252 0.086592 0.000000 -0.045035 209.252021 -0.056185 -19.304189 -3.415906 
253 0.086592 0.000000 -0.112587 92.654676 0.076048 -8.017795 0.135082 
254 0.062169 0.000000 -0.112587 86.406789 0.055431 -5.581081 0.250272 
255 0.086592 0.000000 -0.135105 93.842932 0.029359 -3.575828 0.118072 
256 0.111016 0.000000 -0.112587 97.169379 0.206400 -7.530958 0.050135 
257 0.074381 0.000000 -0.078811 89.109245 0.032688 -15.110799 0.183121 
258 0.062169 0.000000 -0.078811 72.996569 0.202956 -13.742684 0.448260 
259 0.074381 0.000000 -0.090070 79.695167 0.061108 -15.432876 0.341050 
260 0.086592 0.000000 -0.078811 93.146069 0.056724 -15.317801 0.108917 
261 0.074381 0.000000 -0.067552 85.217777 0.073730 -14.796038 0.251900 
262 0.111016 0.000000 0.135105 99.758664 -0.010644 13.311338 -0.012898 
263 0.159863 0.000000 0.135105 101.732596 -0.105226 12.291471 -0.050061 
264 0.111016 0.000000 0.180140 98.109694 -0.229872 11.332888 0.024600 
265 0.086592 0.000000 0.067552 98.096851 0.276230 16.574546 0.010222 
266 0.086592 0.000000 0.045035 208.880648 -0.051906 19.551674 -3.401340 
267 0.111016 0.000000 0.067552 96.621374 0.229376 16.355993 0.039674 
268 0.086592 0.000000 0.090070 98.767900 0.306303 16.650472 -0.003243 
269 0.086592 0.000000 0.112587 96.292738 0.053067 16.152326 0.046681 
270 0.062169 0.000000 0.112587 90.399770 -0.046958 14.594902 0.161487 
271 0.111016 0.000000 0.112587 100.554046 0.230937 14.988012 -0.033581 
272 0.086592 0.000000 0.135105 96.906322 0.022415 13.554611 0.042544 
273 0.074381 0.000000 0.078811 94.537270 0.173965 16.301144 0.079695 
274 0.062169 0.000000 0.078811 79.535764 -0.063635 15.252965 0.344141 
275 0.074381 0.000000 0.067552 90.915200 0.115360 16.064612 0.147634 
276 0.086592 0.000000 0.078811 98.116017 0.278306 16.569993 0.009861 
277 0.074381 0.000000 0.090070 84.531123 0.059624 20.809600 0.242145 
278 0.208710 0.000000 -0.045035 63.473601 -0.092401 -4.198565 0.595347 
279 0.208710 0.000000 -0.090070 100.664133 0.137535 -12.582017 -0.029159 
280 0.257557 0.000000 -0.045035 43.113547 -0.075830 -3.146495 0.813132 
281 0.208710 0.000000 0.000000 65.012138 -0.048955 0.052799 0.577342 
282 0.135439 0.000000 -0.067552 91.927896 0.505634 -15.243725 0.131664 
283 0.135439 0.000000 -0.090070 93.926703 0.489846 -15.119957 0.094892 
284 0.159863 0.000000 -0.067552 100.268127 0.253906 -10.475847 -0.016351 
285 0.135439 0.000000 -0.045035 127.140097 0.240497 -9.665764 -0.625809 
286 0.257557 0.000000 -0.270209 100.630542 0.190548 4.030340 -0.014279 
287 0.257557 0.000000 -0.360279 100.257566 0.152856 5.223359 -0.007889 
288 0.355251 0.000000 -0.270209 101.400216 0.179645 5.439121 -0.031162 
289 0.208710 0.000000 -0.135105 101.141300 0.208894 -3.698199 -0.024328 
290 0.208710 0.000000 -0.180140 99.580133 0.311134 -0.316777 0.008360 
291 0.257557 0.000000 -0.135105 101.204354 0.353142 -2.725067 -0.024987 
292 0.135439 0.000000 -0.112587 98.362407 0.217221 -6.968988 0.027622 
293 0.135439 0.000000 -0.135105 98.374467 -0.027116 -3.708193 0.030871 
294 0.159863 0.000000 -0.112587 99.369340 0.180066 -6.912000 0.007793 
295 0.123228 0.000000 -0.078811 91.411504 0.457057 -15.036071 0.141764 
296 0.111016 0.000000 -0.078811 91.862365 0.335923 -15.082892 0.133370 
297 0.123228 0.000000 -0.090070 91.710720 0.445981 -15.209258 0.135762 
298 0.135439 0.000000 -0.078811 93.765561 0.491542 -15.149778 0.097826 
299 0.123228 0.000000 -0.067552 91.480232 0.408915 -15.172040 0.140101 
300 0.208710 0.000000 0.045035 63.679913 -0.126476 4.524568 0.592438 
301 0.257557 0.000000 0.045035 43.261835 -0.125886 3.171690 0.811834 
302 0.208710 0.000000 0.090070 104.262041 0.002541 13.300093 -0.104747 
303 0.135439 0.000000 0.067552 96.457445 0.228483 16.267029 0.043129 
304 0.135439 0.000000 0.045035 126.799560 0.064844 10.089498 -0.617993 
305 0.159863 0.000000 0.067552 100.584067 0.214691 10.815725 -0.023418 
306 0.135439 0.000000 0.090070 98.318780 0.284368 16.105383 0.007395 
307 0.257557 0.000000 0.270209 101.761094 0.075875 8.106771 -0.042105 
308 0.355251 0.000000 0.270209 102.317182 -0.016671 6.339895 -0.050900 
309 0.257557 0.000000 0.360279 101.333937 -0.075147 7.873896 -0.033057 
310 0.208710 0.000000 0.135105 103.654037 0.044899 11.075157 -0.086682 
311 0.257557 0.000000 0.135105 103.444656 0.103337 9.428527 -0.078970 
312 0.208710 0.000000 0.180140 101.248023 0.152966 10.490661 -0.036124 
313 0.135439 0.000000 0.112587 101.688070 0.196167 13.735974 -0.052918 
314 0.159863 0.000000 0.112587 102.372196 0.004829 12.944904 -0.064764 
315 0.135439 0.000000 0.135105 101.150360 -0.037404 12.696454 -0.039260 
316 0.123228 0.000000 0.078811 96.010853 0.212977 16.223447 0.051867 
317 0.111016 0.000000 0.078811 96.543771 0.226990 16.317363 0.041299 
318 0.123228 0.000000 0.067552 96.133681 0.214573 16.211374 0.049546 
319 0.135439 0.000000 0.078811 98.169321 0.280217 16.139332 0.010223 
320 0.123228 0.000000 0.090070 96.312863 0.221790 16.242034 0.045998 
321 0.184287 0.000000 -0.112587 100.392464 0.117172 -7.620762 -0.013674 
322 0.184287 0.000000 -0.135105 99.585823 0.131803 -4.217999 0.006485 
323 0.208710 0.000000 -0.112587 104.461995 0.173079 -7.396264 -0.096704 
324 0.184287 0.000000 -0.090070 100.253540 0.297738 -13.260245 -0.022670 
325 0.452945 0.000000 -0.090070 97.267858 -0.031506 2.825838 0.053098 
326 0.452945 0.000000 -0.180140 99.517439 -0.040865 1.166143 0.009492 
327 0.550639 0.000000 -0.090070 103.134850 -0.028031 5.582028 -0.066796 
328 0.452945 0.000000 0.000000 104.509188 -0.029097 6.559301 -0.096520 
329 0.306404 0.000000 -0.135105 102.365672 0.129852 -0.062436 -0.047875 
330 0.306404 0.000000 -0.180140 101.888637 0.404296 2.165062 -0.038615 
331 0.355251 0.000000 -0.135105 107.205855 0.133556 0.376266 -0.149325 
332 0.306404 0.000000 -0.090070 105.346831 0.038537 -6.412472 -0.113908 
333 0.233134 0.000000 -0.112587 104.456802 -0.030234 -10.316193 -0.101765 
334 0.233134 0.000000 -0.135105 100.887164 0.210455 -2.574987 -0.018489 
335 0.257557 0.000000 -0.112587 103.473168 -0.006322 -10.221528 -0.081118 
336 0.233134 0.000000 -0.090070 104.182349 -0.030825 -10.290095 -0.095985 
337 0.184287 0.000000 -0.067552 79.637924 0.228756 -9.135833 0.357429 
338 0.208710 0.000000 -0.067552 60.088366 0.017763 -7.064066 0.633949 
339 0.184287 0.000000 -0.045035 80.797601 0.177112 -5.786154 0.343824 
340 0.196498 0.000000 -0.101329 99.782558 0.250352 -13.345089 -0.013471 
341 0.184287 0.000000 -0.101329 100.101116 0.290829 -13.388750 -0.019958 
342 0.196498 0.000000 -0.112587 100.905795 0.143122 -7.536263 -0.023880 
343 0.208710 0.000000 -0.101329 101.264150 0.118245 -12.121487 -0.040137 
344 0.196498 0.000000 -0.090070 99.754380 0.258116 -13.341742 -0.012901 
345 0.184287 0.000000 0.112587 103.406624 -0.036000 12.989541 -0.086166 
346 0.184287 0.000000 0.090070 104.134121 0.148731 14.236714 -0.104662 
347 0.208710 0.000000 0.112587 107.485773 -0.005694 12.068181 -0.169883 
348 0.184287 0.000000 0.135105 102.002149 0.033774 12.061086 -0.054991 
349 0.184287 0.000000 0.067552 80.146359 0.194224 9.516946 0.348595 
350 0.184287 0.000000 0.045035 81.032893 0.207494 6.174299 0.339551 
351 0.208710 0.000000 0.067552 60.324604 -0.041420 7.352246 0.630688 
352 0.452945 0.000000 0.090070 97.465344 -0.032901 2.822140 0.049254 
353 0.550639 0.000000 0.090070 103.246305 -0.033798 5.588324 -0.069103 
354 0.452945 0.000000 0.180140 99.725738 -0.046493 1.169005 0.005341 
355 0.306404 0.000000 0.135105 104.470863 0.013373 6.283338 -0.095364 
356 0.306404 0.000000 0.090070 107.074456 0.015688 6.781097 -0.151092 
357 0.355251 0.000000 0.135105 108.289811 0.052467 5.105825 -0.175276 
358 0.306404 0.000000 0.180140 103.241120 0.113884 7.181398 -0.071031 
359 0.233134 0.000000 0.112587 107.313989 -0.043527 10.857776 -0.163419 
360 0.233134 0.000000 0.090070 107.015344 -0.056781 10.828535 -0.156954 
361 0.257557 0.000000 0.112587 106.075494 -0.076988 10.734782 -0.136725 
362 0.233134 0.000000 0.135105 103.197215 -0.054770 9.560792 -0.074108 
363 0.196498 0.000000 0.101329 103.634552 0.057973 14.124715 -0.093963 
364 0.184287 0.000000 0.101329 103.994831 0.124599 14.174012 -0.101584 
365 0.196498 0.000000 0.090070 103.619110 0.057474 14.123237 -0.093639 
366 0.208710 0.000000 0.101329 104.773882 -0.000221 12.811515 -0.114170 
367 0.196498 0.000000 0.112587 103.933904 0.093167 12.523464 -0.095910 
368 0.306404 0.000000 -0.045035 29.993982 0.044121 -1.114620 0.909912 
369 0.355251 0.000000 -0.045035 21.759292 0.008650 -0.715514 0.952602 
370 0.306404 0.000000 0.000000 30.172532 0.021956 0.058765 0.908961 
371 0.281981 0.000000 -0.112587 103.958077 0.053225 -8.349313 -0.087700 
372 0.281981 0.000000 -0.135105 103.859586 0.150935 -1.617919 -0.078945 
373 0.306404 0.000000 -0.112587 105.458275 0.033162 -6.420171 -0.116267 
374 0.281981 0.000000 -0.090070 103.795192 0.049567 -8.674425 -0.084869 
375 0.281981 0.000000 -0.067552 32.121957 0.077264 -3.580435 0.895535 
376 0.257557 0.000000 -0.067552 42.885863 -0.045255 -5.172258 0.813405 
377 0.306404 0.000000 -0.067552 29.900053 0.036923 -1.483493 0.910378 
378 0.281981 0.000000 -0.045035 34.305065 0.000730 -2.275835 0.881798 
379 0.269769 0.000000 -0.101329 103.255981 0.025955 -9.969217 -0.076118 
380 0.257557 0.000000 -0.101329 103.501429 -0.008567 -10.224396 -0.081708 
381 0.269769 0.000000 -0.112587 103.087255 0.039582 -10.182507 -0.073067 
382 0.281981 0.000000 -0.101329 103.451183 0.061670 -9.475721 -0.079194 
383 0.269769 0.000000 -0.090070 103.220864 0.022766 -10.196007 -0.075851 
384 0.306404 0.000000 0.045035 29.910274 0.027979 1.145119 0.910406 
385 0.355251 0.000000 0.045035 21.740477 -0.016468 0.853879 0.952662 
386 0.281981 0.000000 0.112587 106.116558 0.055536 8.789210 -0.133798 
387 0.281981 0.000000 0.090070 106.025717 0.040276 9.126665 -0.132475 
388 0.306404 0.000000 0.112587 107.161392 0.000434 6.786511 -0.152962 
389 0.281981 0.000000 0.135105 105.950812 -0.054141 8.078877 -0.129085 
390 0.281981 0.000000 0.067552 32.091645 0.071121 3.677161 0.895660 
391 0.257557 0.000000 0.067552 43.089116 -0.116299 5.228291 0.811598 
392 0.281981 0.000000 0.045035 34.303588 0.023106 2.381246 0.881759 
393 0.306404 0.000000 0.067552 29.829146 -0.007547 1.515816 0.910792 
394 0.269769 0.000000 0.101329 105.778879 -0.028639 10.470917 -0.129881 
395 0.257557 0.000000 0.101329 106.105171 -0.078791 10.737768 -0.137361 
396 0.269769 0.000000 0.090070 105.781430 -0.033325 10.704840 -0.130431 
397 0.281981 0.000000 0.101329 105.777502 0.080626 9.948593 -0.128786 
398 0.269769 0.000000 0.112587 105.621157 -0.005897 10.688470 -0.127007 
399 0.746027 0.000000 -1.080837 100.052916 -0.144861 6.972773 -0.005923 
400 0.746027 0.000000 -1.441116 99.788206 -0.004442 6.921078 -0.000559 
401 1.136804 0.000000 -1.080837 99.874534 -0.076704 6.862507 -0.002202 
402 0.550639 0.000000 -0.540419 99.687100 -0.198890 6.791763 0.001631 
403 0.550639 0.000000 -0.720558 100.101118 0.017341 6.830357 -0.006689 
404 0.746027 0.000000 -0.540419 99.837614 -0.032194 6.834062 -0.001425 
405 0.452945 0.000000 -0.270209 100.339803 -0.025957 6.609636 -0.011176 
406 0.452945 0.000000 -0.360279 100.229109 0.036616 6.616473 -0.008965 
407 0.550639 0.000000 -0.270209 104.400457 -0.040592 1.859971 -0.090292 
408 0.404098 0.000000 -0.135105 94.675770 -0.041202 0.454972 0.103629 
409 0.404098 0.000000 -0.180140 103.337175 0.026059 5.796205 -0.071217 
410 0.452945 0.000000 -0.135105 97.680324 -0.033984 2.220210 0.045362 
411 0.404098 0.000000 -0.090070 98.774408 -0.028592 -1.089710 0.024243 
412 0.330828 0.000000 -0.112587 105.261076 0.044157 -6.410706 -0.112099 
413 0.330828 0.000000 -0.135105 102.484102 0.086712 -0.921706 -0.050385 
414 0.355251 0.000000 -0.112587 105.703901 0.043096 -4.585996 -0.119435 
415 0.330828 0.000000 -0.090070 105.258367 0.042976 -6.410530 -0.112042 
416 0.746027 0.000000 1.080837 99.608341 -0.001446 6.917014 0.003033 
417 1.136804 0.000000 1.080837 99.718502 -0.030016 6.824849 0.000964 
418 0.746027 0.000000 1.441116 99.785360 0.125728 6.910833 -0.000489 
419 0.550639 0.000000 0.540419 99.498525 -0.048183 6.531403 0.005738 
420 0.746027 0.000000 0.540419 99.645971 -0.061884 6.536716 0.002795 
421 0.550639 0.000000 0.720558 99.864302 0.024519 6.785068 -0.001892 
422 0.452945 0.000000 0.270209 100.971800 -0.087991 4.940372 -0.021972 
423 0.550639 0.000000 0.270209 104.611104 -0.059231 1.867349 -0.094697 
424 0.452945 0.000000 0.360279 101.336108 0.059654 5.904921 -0.030388 
425 0.404098 0.000000 0.135105 94.881639 -0.033999 0.453228 0.099727 
426 0.404098 0.000000 0.090070 99.156201 0.021244 1.907019 0.016441 
427 0.452945 0.000000 0.135105 97.885561 -0.034871 2.219807 0.041349 
428 0.404098 0.000000 0.180140 104.655027 -0.022765 3.198292 -0.096290 
429 0.330828 0.000000 0.112587 106.950569 -0.017557 6.773788 -0.148431 
430 0.330828 0.000000 0.090070 106.948230 -0.018382 6.773645 -0.148381 
431 0.355251 0.000000 0.112587 106.952796 0.028106 4.909098 -0.146300 
432 0.330828 0.000000 0.135105 104.342531 0.060963 6.869573 -0.093456 
433 0.404098 0.000000 -0.045035 22.790601 0.014201 1.298689 0.947890 
434 0.452945 0.000000 -0.045035 98.850257 -0.026399 4.442433 0.020889 
435 0.404098 0.000000 0.000000 24.640079 0.002983 0.014223 0.939287 
436 0.379675 0.000000 -0.112587 104.773768 -0.006373 -2.105274 -0.098197 
437 0.379675 0.000000 -0.135105 105.365836 0.072095 2.527701 -0.110835 
438 0.404098 0.000000 -0.112587 97.395158 -0.026107 -1.545117 0.051180 
439 0.379675 0.000000 -0.090070 104.255281 -0.012858 -2.094371 -0.087355 
440 0.330828 0.000000 -0.067552 26.196209 -0.030295 -2.556276 0.930722 
441 0.355251 0.000000 -0.067552 19.508606 0.013193 -1.371879 0.961753 
442 0.330828 0.000000 -0.045035 26.003088 -0.039507 -1.482957 0.932164 
443 0.343039 0.000000 -0.101329 105.405801 0.060725 -6.036703 -0.114683 
444 0.330828 0.000000 -0.101329 105.259279 0.043374 -6.410589 -0.112061 
445 0.343039 0.000000 -0.112587 105.425414 0.056557 -5.930730 -0.114969 
446 0.355251 0.000000 -0.101329 105.708062 0.041158 -4.637282 -0.119570 
447 0.343039 0.000000 -0.090070 105.307110 0.060104 -6.412938 -0.113072 
448 0.404098 0.000000 0.045035 22.756185 -0.009436 -1.271966 0.948054 
449 0.452945 0.000000 0.045035 99.031135 -0.030455 4.443200 0.017309 
450 0.330828 0.000000 0.067552 26.085480 -0.061732 2.640035 0.931257 
451 0.330828 0.000000 0.045035 26.013812 -0.070934 1.631298 0.932062 
452 0.355251 0.000000 0.067552 19.470919 -0.022546 1.505880 0.961862 
453 0.379675 0.000000 0.112587 105.335878 0.032437 2.376458 -0.110130 
454 0.379675 0.000000 0.090070 104.763478 0.033677 2.363871 -0.098098 
455 0.404098 0.000000 0.112587 97.753536 0.021506 2.059791 0.044000 
456 0.379675 0.000000 0.135105 106.252961 -0.105392 2.735012 -0.129718 
457 0.343039 0.000000 0.101329 106.975445 0.011538 6.389555 -0.148457 
458 0.330828 0.000000 0.101329 106.949018 -0.018104 6.773693 -0.148398 
459 0.343039 0.000000 0.090070 106.940217 0.003890 6.773056 -0.148208 
460 0.355251 0.000000 0.101329 106.965377 0.032569 4.960637 -0.146620 
461 0.343039 0.000000 0.112587 106.967996 0.012783 6.281140 -0.148161 
462 1.527580 0.000000 -0.360279 100.010753 -0.083086 5.504003 -0.003245 
463 1.527580 0.000000 -0.720558 100.128080 0.136904 6.509684 -0.006803 
464 1.918356 0.000000 -0.360279 99.485151 0.081014 5.742213 0.006973 
465 1.527580 0.000000 0.000000 104.561624 0.065559 2.903533 -0.094157 
466 0.941416 0.000000 -0.180140 105.368286 0.036008 4.954676 -0.112703 
467 0.941416 0.000000 -0.360279 99.292789 -0.017493 6.269187 0.010164 
468 1.136804 0.000000 -0.180140 103.857486 0.055735 3.935316 -0.080187 
469 0.941416 0.000000 0.000000 105.887207 0.022333 6.211856 -0.125069 
470 0.648333 0.000000 -0.090070 104.855486 -0.021016 5.636356 -0.102644 
471 0.648333 0.000000 -0.180140 104.963447 -0.013858 4.549155 -0.103802 
472 0.746027 0.000000 -0.090070 105.740219 0.000834 6.497815 -0.122322 
473 0.648333 0.000000 0.000000 105.193706 -0.015571 6.613325 -0.110945 
474 0.501792 0.000000 -0.135105 99.190025 -0.030855 3.343786 0.015016 
475 0.501792 0.000000 -0.180140 101.115626 -0.036796 2.584929 -0.023105 
476 0.550639 0.000000 -0.135105 104.423316 -0.026459 5.865325 -0.093863 
477 0.501792 0.000000 -0.090070 99.171503 -0.027062 4.479512 0.014495 
478 0.428522 0.000000 -0.112587 91.988141 -0.029432 -0.580134 0.153784 
479 0.428522 0.000000 -0.135105 97.603909 -0.037616 1.263834 0.047188 
480 0.452945 0.000000 -0.112587 97.331546 -0.033927 2.272726 0.052140 
481 0.428522 0.000000 -0.090070 94.216114 -0.031396 0.218069 0.112328 
482 0.379675 0.000000 -0.067552 20.885725 0.021764 0.470657 0.956356 
483 0.404098 0.000000 -0.067552 94.686133 -0.035729 1.061213 0.103341 
484 0.379675 0.000000 -0.045035 21.358536 -0.014566 0.193553 0.954378 
485 0.391886 0.000000 -0.101329 101.598490 -0.023711 -1.862649 -0.032572 
486 0.379675 0.000000 -0.101329 104.795528 -0.006348 -2.105737 -0.098654 
487 0.391886 0.000000 -0.112587 101.484283 -0.023669 -1.834051 -0.030242 
488 0.404098 0.000000 -0.101329 97.477793 -0.026035 -1.566965 0.049562 
489 0.391886 0.000000 -0.090070 101.808857 -0.022802 -1.599563 -0.036760 
490 0.379675 0.000000 0.067552 20.892035 -0.001686 -0.387948 0.956337 
491 0.379675 0.000000 0.045035 21.363357 -0.035033 -0.141981 0.954359 
492 0.404098 0.000000 0.067552 94.892263 -0.027914 1.055179 0.099434 
493 1.527580 0.000000 0.360279 99.384260 0.061298 5.203426 0.009569 
494 1.918356 0.000000 0.360279 99.736745 0.143331 4.500492 0.003231 
495 1.527580 0.000000 0.720558 99.422175 -0.033182 6.375644 0.007458 
496 0.941416 0.000000 0.180140 106.685317 0.019311 4.981124 -0.140657 
497 1.136804 0.000000 0.180140 106.774866 0.036149 3.991970 -0.141681 
498 0.941416 0.000000 0.360279 99.913266 -0.084005 6.247612 -0.002170 
499 0.648333 0.000000 0.090070 104.998683 -0.029192 5.651754 -0.105667 
500 0.746027 0.000000 0.090070 105.864282 -0.005473 6.509359 -0.124962 
501 0.648333 0.000000 0.180140 105.230831 -0.028301 4.572166 -0.109443 
502 0.501792 0.000000 0.135105 99.388638 -0.034069 3.352349 0.011066 
503 0.501792 0.000000 0.090070 99.336846 -0.029963 4.476718 0.011215 
504 0.550639 0.000000 0.135105 104.591715 -0.037995 5.885430 -0.097407 
505 0.501792 0.000000 0.180140 101.327538 -0.043994 2.597633 -0.027402 
506 0.428522 0.000000 0.112587 92.254939 -0.030444 1.690664 0.148617 
507 0.428522 0.000000 0.090070 94.461369 -0.028282 1.770654 0.107391 
508 0.452945 0.000000 0.112587 97.535183 -0.033607 2.274498 0.048171 
509 0.428522 0.000000 0.135105 97.811438 -0.037779 1.262252 0.043133 
510 0.391886 0.000000 0.101329 102.076604 0.036422 2.179527 -0.042438 
511 0.379675 0.000000 0.101329 105.354129 0.032128 2.376850 -0.110514 
512 0.391886 0.000000 0.090070 102.272599 0.025974 1.990404 -0.046365 
513 0.404098 0.000000 0.101329 97.838618 0.022252 2.070193 0.042332 
514 0.391886 0.000000 0.112587 101.955586 0.035134 2.158012 -0.039960 
515 1.332192 0.000000 -0.180140 105.041573 0.069097 2.387675 -0.103944 
516 1.332192 0.000000 -0.360279 100.105887 -0.115189 5.640631 -0.005302 
517 1.527580 0.000000 -0.180140 105.256602 0.037138 2.449218 -0.108495 
518 1.332192 0.000000 0.000000 103.933574 0.058644 3.140475 -0.081205 
519 1.332192 0.000000 0.180140 103.991748 0.082096 1.963587 -0.081815 
520 1.527580 0.000000 0.180140 104.603657 0.115708 2.051789 -0.094615 
521 1.332192 0.000000 0.360279 99.851829 -0.099521 5.029217 0.000431 
522 1.234498 0.000000 -0.090070 98.259132 0.033745 1.147876 0.034382 
523 1.136804 0.000000 -0.090070 102.374761 0.036825 4.398845 -0.049994 
524 1.234498 0.000000 -0.180140 101.810155 0.070900 0.663978 -0.036575 
525 1.332192 0.000000 -0.090070 101.242288 0.050714 1.717580 -0.025295 
526 1.234498 0.000000 0.000000 57.161342 0.014646 0.388013 0.673243 
527 1.234498 0.000000 0.090070 99.160054 0.029719 1.111762 0.016605 
528 1.136804 0.000000 0.090070 103.646477 0.027295 4.399553 -0.076195 
529 1.332192 0.000000 0.090070 100.907740 0.044711 1.645375 -0.018508 
530 1.234498 0.000000 0.180140 103.527193 0.044504 0.660811 -0.071832 
531 4.263014 0.000000 -8.646699 99.755602 -0.006181 6.972065 0.000021 
532 4.263014 0.000000 -11.528932 99.755714 0.000150 6.973709 0.000016 
533 7.389224 0.000000 -8.646699 99.756136 -0.002110 6.971695 0.000011 
534 2.699909 0.000000 -4.323349 99.757907 -0.035098 6.962899 -0.000012 
535 2.699909 0.000000 -5.764466 99.752996 -0.027943 6.967899 0.000079 
536 4.263014 0.000000 -4.323349 99.760201 -0.018760 6.963209 -0.000058 
537 1.918356 0.000000 -2.161675 99.815424 0.153834 6.925652 -0.001111 
538 1.918356 0.000000 -2.882233 99.788391 0.093858 6.948849 -0.000602 
539 2.699909 0.000000 -2.161675 99.785205 0.057832 6.932416 -0.000515 
540 1.527580 0.000000 -1.080837 99.836677 0.015175 6.751856 -0.001295 
541 1.527580 0.000000 -1.441116 99.803264 -0.004901 6.852332 -0.000765 
542 1.918356 0.000000 -1.080837 100.059772 0.059320 6.745733 -0.005747 
543 1.332192 0.000000 -0.540419 99.911256 0.071320 6.259979 -0.002145 
544 1.136804 0.000000 -0.540419 99.717628 0.030679 6.211041 0.001782 
545 1.332192 0.000000 -0.720558 100.199049 -0.002295 6.576763 -0.008310 
546 1.527580 0.000000 -0.540419 100.195722 -0.017395 6.418549 -0.008038 
547 1.234498 0.000000 -0.270209 100.231477 0.019780 4.491213 -0.006652 
548 1.136804 0.000000 -0.270209 104.241860 0.089945 0.941699 -0.086726 
549 1.234498 0.000000 -0.360279 99.904271 0.108850 5.519222 -0.001134 
550 1.332192 0.000000 -0.270209 105.201564 0.109898 0.649845 -0.106780 
551 10.515434 0.000000 -2.882233 99.758131 0.001099 6.947464 0.000005 
552 10.515434 0.000000 -5.764466 99.756718 -0.000060 6.967226 0.000006 
553 13.641644 0.000000 -2.882233 99.758068 0.001348 6.950629 0.000002 
554 10.515434 0.000000 0.000000 99.817717 0.010778 6.096381 -0.000074 
555 5.826119 0.000000 -1.441116 99.762997 0.000088 6.862196 0.000025 
556 5.826119 0.000000 -2.882233 99.759012 -0.006578 6.944441 -0.000009 
557 7.389224 0.000000 -1.441116 99.762610 -0.000860 6.873256 0.000018 
558 5.826119 0.000000 0.000000 99.987652 0.019122 3.646257 -0.001083 
559 3.481461 0.000000 -0.720558 99.780462 0.010834 6.520595 0.000134 
560 3.481461 0.000000 -1.441116 99.768429 0.023581 6.856595 -0.000075 
561 4.263014 0.000000 -0.720558 99.782351 0.013027 6.567464 0.000035 
562 3.481461 0.000000 0.000000 100.105044 0.008613 1.757253 -0.002411 
563 2.309132 0.000000 -0.360279 98.640038 -0.178975 4.667744 0.024832 
564 2.309132 0.000000 -0.720558 99.705700 0.020558 6.565636 0.001567 
565 2.699909 0.000000 -0.360279 99.899680 0.024184 5.309127 -0.000813 
566 2.309132 0.000000 0.000000 174.126145 0.016155 1.150656 -2.032124 
567 1.722968 0.000000 -0.180140 105.186592 0.016826 2.255817 -0.106931 
568 1.722968 0.000000 -0.360279 99.795603 0.206162 5.653018 0.000884 
569 1.918356 0.000000 -0.180140 104.646531 0.040921 2.331202 -0.095633 
570 1.722968 0.000000 0.000000 105.083902 0.107872 2.660331 -0.104972 
571 1.429886 0.000000 -0.090070 104.625338 0.068221 2.223564 -0.095141 
572 1.429886 0.000000 -0.180140 104.974398 0.060205 2.237127 -0.102463 
573 1.527580 0.000000 -0.090070 104.927972 0.057840 2.317819 -0.101525 
574 1.429886 0.000000 0.000000 103.932839 0.058633 3.141177 -0.081191 
575 1.283345 0.000000 -0.135105 99.800984 0.040641 1.274318 0.003814 
576 1.234498 0.000000 -0.135105 98.711684 0.038483 1.042609 0.025491 
577 1.283345 0.000000 -0.180140 101.668952 0.062005 0.989535 -0.033756 
578 1.332192 0.000000 -0.135105 101.564395 0.046876 2.047728 -0.031952 
579 1.283345 0.000000 -0.090070 99.129167 0.034704 1.348614 0.017159 
580 10.515434 0.000000 2.882233 99.761033 -0.001142 6.908417 0.000001 
581 13.641644 0.000000 2.882233 99.762163 -0.002156 6.893354 -0.000001 
582 10.515434 0.000000 5.764466 99.757349 0.000325 6.962585 -0.000001 
583 5.826119 0.000000 1.441116 99.772654 -0.000369 6.720277 0.000026 
584 7.389224 0.000000 1.441116 99.777920 -0.004640 6.663322 -0.000003 
585 5.826119 0.000000 2.882233 99.757555 0.002774 6.926694 0.000045 
586 3.481461 0.000000 0.720558 99.796850 -0.011889 6.086726 0.000354 
587 4.263014 0.000000 0.720558 99.822775 -0.009552 5.911352 0.000047 
588 3.481461 0.000000 1.441116 99.746309 -0.020526 6.791592 0.000455 
589 2.309132 0.000000 0.360279 98.353438 -0.128500 5.084404 0.030073 
590 2.699909 0.000000 0.360279 99.967822 -0.003403 4.196233 -0.001117 
591 2.309132 0.000000 0.720558 99.244953 -0.004964 6.316167 0.011055 
592 1.722968 0.000000 0.180140 105.177946 0.172985 2.110422 -0.106688 
593 1.918356 0.000000 0.180140 104.760347 0.594770 2.286553 -0.098031 
594 1.722968 0.000000 0.360279 99.434420 0.125261 4.910532 0.008867 
595 1.429886 0.000000 0.090070 104.047749 0.081674 2.119295 -0.083043 
596 1.527580 0.000000 0.090070 104.499613 0.060469 2.247186 -0.092522 
597 1.429886 0.000000 0.180140 104.027971 0.069072 1.903023 -0.082544 
598 4.263014 0.000000 8.646699 99.757768 0.006716 6.971164 -0.000021 
599 7.389224 0.000000 8.646699 99.757061 0.002551 6.970615 -0.000006 
600 4.263014 0.000000 11.528932 99.757379 -0.000369 6.973392 -0.000016 
601 2.699909 0.000000 4.323349 99.758054 0.035569 6.957091 -0.000007 
602 4.263014 0.000000 4.323349 99.753149 0.014433 6.957998 0.000090 
603 2.699909 0.000000 5.764466 99.763481 0.024270 6.965179 -0.000127 
604 1.918356 0.000000 2.161675 99.743380 -0.099637 6.891675 0.000375 
605 2.699909 0.000000 2.161675 99.723440 -0.050224 6.902693 0.000759 
606 1.918356 0.000000 2.882233 99.738020 -0.084089 6.933733 0.000424 
607 1.527580 0.000000 1.080837 99.646860 0.096333 6.651405 0.002625 
608 1.918356 0.000000 1.080837 99.530752 0.036777 6.620998 0.004979 
609 1.527580 0.000000 1.441116 99.748359 0.023344 6.813929 0.000383 
610 1.332192 0.000000 0.540419 99.386417 -0.005129 6.075494 0.008543 
611 1.136804 0.000000 0.540419 99.675465 0.027477 6.364691 0.002429 
612 1.527580 0.000000 0.540419 99.324231 -0.031841 5.998930 0.009871 
613 1.332192 0.000000 0.720558 99.497297 0.017338 6.457530 0.005859 
614 1.234498 0.000000 0.270209 100.935916 0.013701 4.579140 -0.020903 
615 1.136804 0.000000 0.270209 106.400473 0.052327 0.937972 -0.132194 
616 1.332192 0.000000 0.270209 103.997071 0.080176 0.623400 -0.081579 
617 1.234498 0.000000 0.360279 100.412746 0.101651 5.427181 -0.011218 
618 1.283345 0.000000 0.135105 99.593586 0.043667 1.101983 0.007990 
619 1.234498 0.000000 0.135105 99.663285 0.030894 1.014544 0.006620 
620 1.283345 0.000000 0.090070 99.062925 0.037644 1.181584 0.018514 
621 1.332192 0.000000 0.135105 101.074635 0.050778 1.794357 -0.021930 
622 1.283345 0.000000 0.180140 101.108465 0.062774 0.897264 -0.022373 
623 2.113744 0.000000 -0.180140 103.550944 0.116164 6.813864 -0.076924 
624 2.113744 0.000000 -0.360279 99.783027 0.016270 6.008259 0.000725 
625 2.309132 0.000000 -0.180140 97.933634 -0.172998 -2.549772 0.040247 
626 2.113744 0.000000 0.000000 96.067318 -0.122259 -0.469247 0.077084 
627 2.113744 0.000000 0.180140 102.553884 0.111456 -3.293995 -0.052816 
628 2.309132 0.000000 0.180140 97.631919 -0.253661 6.863232 0.042084 
629 2.113744 0.000000 0.360279 99.571631 -0.070005 3.516022 0.007312 
630 2.016050 0.000000 -0.090070 103.399055 0.111186 1.538769 -0.069374 
631 1.918356 0.000000 -0.090070 104.581408 0.110338 2.476936 -0.094342 
632 2.016050 0.000000 -0.180140 103.897972 0.107012 0.702410 -0.079529 
633 2.113744 0.000000 -0.090070 111.201044 0.098443 11.675664 -0.250200 
634 2.016050 0.000000 0.000000 104.772365 0.164482 2.703579 -0.098458 
635 2.016050 0.000000 0.090070 104.323404 0.037157 1.443805 -0.088546 
636 1.918356 0.000000 0.090070 104.695828 0.475906 2.570800 -0.096805 
637 2.113744 0.000000 0.090070 108.803433 0.006185 -11.342773 -0.196685 
638 2.016050 0.000000 0.180140 104.788232 0.218584 0.809935 -0.098128 
639 2.309132 0.000000 -1.080837 99.972091 -0.025607 6.839028 -0.004119 
640 2.309132 0.000000 -1.441116 99.815683 -0.039772 6.877941 -0.001048 
641 2.699909 0.000000 -1.080837 99.772652 0.003134 6.779540 -0.000054 
642 2.113744 0.000000 -0.540419 99.355230 0.068698 6.366183 0.008801 
643 1.918356 0.000000 -0.540419 99.830671 0.158442 6.220225 -0.000488 
644 2.113744 0.000000 -0.720558 99.932492 0.019619 6.653958 -0.003078 
645 2.309132 0.000000 -0.540419 99.567470 -0.000314 6.222568 0.004760 
646 2.016050 0.000000 -0.270209 100.424831 0.065511 4.584881 -0.010617 
647 1.918356 0.000000 -0.270209 104.594241 0.056049 1.193338 -0.094138 
648 2.016050 0.000000 -0.360279 100.012568 0.074715 5.598056 -0.003386 
649 2.113744 0.000000 -0.270209 100.160273 0.018096 5.938627 -0.006735 
650 3.090685 0.000000 -0.360279 99.850486 -0.029773 5.491799 -0.000028 
651 3.090685 0.000000 -0.720558 99.805966 -0.028981 6.535395 -0.000394 
652 3.481461 0.000000 -0.360279 99.840058 0.014704 5.602027 0.000058 
653 3.090685 0.000000 0.000000 100.111479 0.013611 1.602469 -0.002488 
654 2.504521 0.000000 -0.180140 100.683166 -0.080626 2.519092 -0.014345 
655 2.504521 0.000000 -0.360279 99.887754 -0.034625 5.020754 -0.000277 
656 2.699909 0.000000 -0.180140 100.077504 -0.017285 3.165996 -0.002553 
657 2.504521 0.000000 0.000000 101.490356 0.001173 1.265307 -0.030189 
658 2.211438 0.000000 -0.090070 88.849777 -0.073717 16.124596 0.184571 
659 2.211438 0.000000 -0.180140 93.249498 0.017908 6.843113 0.125770 
660 2.309132 0.000000 -0.090070 122.677623 0.010218 -19.953275 -0.544793 
661 2.211438 0.000000 0.000000 214.514508 0.045385 -0.138772 -3.601650 
662 2.064897 0.000000 -0.135105 103.524954 0.125913 0.525489 -0.071771 
663 2.016050 0.000000 -0.135105 103.348270 0.111605 1.512888 -0.068317 
664 2.064897 0.000000 -0.180140 103.951269 0.042981 3.611364 -0.081891 
665 2.113744 0.000000 -0.135105 108.531351 0.167236 8.528156 -0.185181 
666 2.064897 0.000000 -0.090070 103.100952 0.171754 3.345480 -0.064103 
667 3.090685 0.000000 0.360279 99.928142 -0.060787 3.821906 -0.000024 
668 3.481461 0.000000 0.360279 99.987663 -0.019331 3.386687 -0.000900 
669 3.090685 0.000000 0.720558 99.752157 -0.077126 6.200795 0.001105 
670 2.504521 0.000000 0.180140 100.808222 -0.075810 1.879116 -0.016583 
671 2.699909 0.000000 0.180140 100.220138 -0.071893 1.320326 -0.004582 
672 2.504521 0.000000 0.360279 99.798674 -0.085408 4.737907 0.001777 
673 2.211438 0.000000 0.090070 87.057333 0.014640 -15.743105 0.217318 
674 2.309132 0.000000 0.090070 122.364030 -0.012069 22.649233 -0.548594 
675 2.211438 0.000000 0.180140 92.529299 -0.021198 -3.031894 0.142914 
676 2.309132 0.000000 1.080837 99.492606 -0.048305 6.675262 0.005666 
677 2.699909 0.000000 1.080837 99.635394 -0.066800 6.696073 0.002795 
678 2.309132 0.000000 1.441116 99.696275 -0.005072 6.793262 0.001450 
679 2.113744 0.000000 0.540419 98.728864 0.001570 5.559876 0.022170 
680 1.918356 0.000000 0.540419 99.227747 0.059708 5.716932 0.012117 
681 2.309132 0.000000 0.540419 99.111981 -0.084773 5.813954 0.014301 
682 2.113744 0.000000 0.720558 99.464305 -0.014553 6.175537 0.006871 
683 2.016050 0.000000 0.270209 101.024991 0.045115 2.881724 -0.021436 
684 1.918356 0.000000 0.270209 105.208084 0.318315 1.377355 -0.107074 
685 2.113744 0.000000 0.270209 99.955169 -0.042815 1.184418 0.000756 
686 2.016050 0.000000 0.360279 100.204562 0.065624 4.142631 -0.005812 
687 2.064897 0.000000 0.135105 104.570694 0.091896 0.592618 -0.093539 
688 2.016050 0.000000 0.135105 104.293284 0.050097 1.427226 -0.087913 
689 2.064897 0.000000 0.090070 103.666389 0.094609 -2.130864 -0.075127 
690 2.113744 0.000000 0.135105 106.770872 0.115451 -6.994852 -0.144896 
691 2.064897 0.000000 0.180140 103.288744 0.035493 -0.360989 -0.066870 
692 2.211438 0.000000 -0.270209 95.933599 -0.019463 5.599578 0.076539 
693 2.211438 0.000000 -0.360279 98.303416 0.008577 5.637063 0.030466 
694 2.309132 0.000000 -0.270209 97.659453 0.089393 2.604076 0.045584 
695 2.162591 0.000000 -0.135105 100.533190 0.116489 11.647200 -0.024259 
696 2.162591 0.000000 -0.180140 99.034307 0.086578 8.350857 0.012246 
697 2.211438 0.000000 -0.135105 90.777558 -0.037864 10.717987 0.164456 
698 2.162591 0.000000 -0.090070 102.041066 -0.045492 16.247110 -0.067635 
699 2.064897 0.000000 -0.045035 103.429630 0.128884 0.470044 -0.069793 
700 2.016050 0.000000 -0.045035 103.726092 0.114947 2.340820 -0.076459 
701 2.113744 0.000000 -0.045035 93.125102 -0.127982 4.180665 0.131022 
702 2.064897 0.000000 0.000000 82.365499 0.013487 -0.538756 0.321563 
703 2.089321 0.000000 -0.112587 109.002823 0.169009 5.853699 -0.191591 
704 2.064897 0.000000 -0.112587 104.354808 0.186214 4.578556 -0.091092 
705 2.089321 0.000000 -0.135105 103.168793 0.160840 0.170177 -0.064385 
706 2.113744 0.000000 -0.112587 111.280869 0.098908 11.538814 -0.251659 
707 2.089321 0.000000 -0.090070 108.672888 0.167736 5.560909 -0.184075 
708 2.064897 0.000000 0.045035 104.523788 0.078567 0.523190 -0.092550 
709 2.016050 0.000000 0.045035 104.417173 0.030046 2.361871 -0.090853 
710 2.113744 0.000000 0.045035 94.527442 -0.125917 -5.089771 0.103864 
711 2.211438 0.000000 0.270209 95.326112 -0.196773 1.726416 0.090991 
712 2.309132 0.000000 0.270209 97.354196 -0.119771 4.851286 0.049861 
713 2.211438 0.000000 0.360279 98.218261 -0.112854 3.896265 0.033798 
714 2.162591 0.000000 0.135105 99.474844 0.018419 -9.946839 0.000582 
715 2.162591 0.000000 0.090070 100.409385 -0.130650 -15.918148 -0.033545 
716 2.211438 0.000000 0.135105 89.823630 -0.113132 -8.727707 0.185553 
717 2.162591 0.000000 0.180140 98.199577 0.082458 -4.696945 0.033478 
718 2.089321 0.000000 0.112587 107.258143 0.139254 -5.505845 -0.153464 
719 2.064897 0.000000 0.112587 104.162083 0.139632 -3.867674 -0.086472 
720 2.089321 0.000000 0.090070 107.100872 0.135986 -5.172128 -0.149737 
721 2.113744 0.000000 0.112587 108.876333 0.008209 -11.208119 -0.197968 
722 2.089321 0.000000 0.135105 104.348232 0.108146 0.194956 -0.088860 
723 2.162591 0.000000 -0.045035 136.999878 -0.118874 9.431154 -0.885793 
724 2.211438 0.000000 -0.045035 213.964736 0.018005 15.351266 -3.601657 
725 2.162591 0.000000 0.000000 139.762560 -0.186891 -0.348672 -0.953373 
726 2.138168 0.000000 -0.112587 106.792831 0.011382 15.830409 -0.165531 
727 2.138168 0.000000 -0.135105 104.427915 0.183098 10.939906 -0.102490 
728 2.162591 0.000000 -0.112587 101.298932 -0.000591 14.660864 -0.047641 
729 2.138168 0.000000 -0.090070 106.581871 -0.006334 15.799658 -0.160932 
730 2.089321 0.000000 -0.067552 103.168334 0.160796 0.171298 -0.064376 
731 2.064897 0.000000 -0.067552 103.172491 0.114707 1.417862 -0.064659 
732 2.113744 0.000000 -0.067552 89.701106 -0.009191 6.366208 0.191318 
733 2.089321 0.000000 -0.045035 82.862344 0.028293 1.567174 0.313138 
734 2.101533 0.000000 -0.101329 111.983584 0.129105 8.449916 -0.261174 
735 2.089321 0.000000 -0.101329 109.777759 0.165378 6.153571 -0.208905 
736 2.101533 0.000000 -0.112587 112.341826 0.129284 7.770403 -0.268108 
737 2.113744 0.000000 -0.101329 111.142180 0.096180 12.052291 -0.249785 
738 2.101533 0.000000 -0.090070 112.322746 0.123647 8.378973 -0.268662 
739 2.162591 0.000000 0.045035 137.499894 -0.066670 -10.038832 -0.900700 
740 2.211438 0.000000 0.045035 214.180385 0.058148 -15.663405 -3.611858 
741 2.089321 0.000000 0.067552 104.348175 0.108131 0.196231 -0.088859 
742 2.064897 0.000000 0.067552 104.252121 -0.040035 1.474608 -0.087068 
743 2.089321 0.000000 0.045035 84.786699 0.039670 -2.650812 0.280419 
744 2.113744 0.000000 0.067552 91.884444 -0.069015 -7.169545 0.150584 
745 2.138168 0.000000 0.112587 104.864504 -0.122119 -15.469782 -0.123589 
746 2.138168 0.000000 0.090070 104.704668 -0.123757 -15.447070 -0.120169 
747 2.162591 0.000000 0.112587 99.890014 -0.139932 -13.978617 -0.017344 
748 2.138168 0.000000 0.135105 103.098967 0.107683 -9.277644 -0.071548 
749 2.101533 0.000000 0.101329 109.493621 0.068064 -8.172451 -0.205565 
750 2.089321 0.000000 0.101329 107.807035 0.133511 -5.836711 -0.165644 
751 2.101533 0.000000 0.090070 109.801351 0.068616 -8.102578 -0.212199 
752 2.113744 0.000000 0.101329 108.749795 0.005063 -11.710933 -0.196366 
753 2.101533 0.000000 0.112587 109.858482 0.075391 -7.503978 -0.212520 
754 2.138168 0.000000 -0.067552 109.245330 -0.134947 10.661747 -0.204823 
755 2.162591 0.000000 -0.067552 134.188855 -0.098403 14.134902 -0.820645 
756 2.138168 0.000000 -0.045035 111.537266 -0.151496 7.072915 -0.249061 
757 2.125956 0.000000 -0.101329 107.718118 0.077100 15.618610 -0.184714 
758 2.125956 0.000000 -0.112587 108.636029 0.073015 14.923299 -0.202450 
759 2.138168 0.000000 -0.101329 106.654788 -0.001889 15.809817 -0.162519 
760 2.125956 0.000000 -0.090070 108.549915 0.070861 14.980261 -0.200750 
761 2.138168 0.000000 0.067552 110.483116 -0.152660 -11.307141 -0.233439 
762 2.138168 0.000000 0.045035 112.447255 -0.167127 -7.812563 -0.270545 
763 2.162591 0.000000 0.067552 135.080363 -0.162616 -14.708007 -0.846306 
764 2.125956 0.000000 0.101329 105.659563 -0.092131 -15.243659 -0.139632 
765 2.125956 0.000000 0.090070 106.415739 -0.068523 -14.608449 -0.153772 
766 2.138168 0.000000 0.101329 104.757615 -0.124177 -15.454143 -0.121300 
767 2.125956 0.000000 0.112587 106.492514 -0.066005 -14.551400 -0.155240 
768 2.406827 0.000000 -0.090070 104.580570 -0.086838 -0.065376 -0.093711 
769 2.406827 0.000000 -0.180140 101.693520 0.030451 1.218940 -0.034306 
770 2.504521 0.000000 -0.090070 101.246538 -0.009914 1.557305 -0.025329 
771 2.406827 0.000000 0.000000 106.676694 -0.132574 1.160236 -0.138128 
772 2.260285 0.000000 -0.135105 80.471831 -0.045804 -1.231907 0.352276 
773 2.260285 0.000000 -0.180140 90.470581 -0.123806 0.983174 0.181409 
774 2.309132 0.000000 -0.135105 101.587419 -0.122323 -9.346985 -0.040738 
775 2.260285 0.000000 -0.090070 60.990818 0.160996 10.107870 0.617793 
776 2.187015 0.000000 -0.112587 97.583565 -0.054707 15.140937 0.024820 
777 2.187015 0.000000 -0.135105 97.005916 0.023464 11.728059 0.045230 
778 2.211438 0.000000 -0.112587 87.513330 -0.057515 15.610438 0.209773 
779 2.187015 0.000000 -0.090070 93.404901 -0.061508 17.094870 0.098329 
780 2.150380 0.000000 -0.101329 105.817352 -0.040656 15.688280 -0.144344 
781 2.150380 0.000000 -0.112587 106.227439 -0.034727 15.748378 -0.153228 
782 2.162591 0.000000 -0.101329 102.541713 -0.047832 16.005555 -0.077098 
783 2.150380 0.000000 -0.090070 105.744800 -0.040933 15.677324 -0.142774 
784 2.406827 0.000000 0.090070 104.580701 -0.220730 2.632814 -0.094410 
785 2.504521 0.000000 0.090070 101.318994 -0.034500 1.136904 -0.026683 
786 2.406827 0.000000 0.180140 101.697439 -0.036411 3.227331 -0.035279 
787 2.260285 0.000000 0.135105 79.396757 0.004641 3.811254 0.368163 
788 2.260285 0.000000 0.090070 58.821017 -0.150085 -9.698941 0.644600 
789 2.309132 0.000000 0.135105 101.253210 -0.115260 12.408912 -0.040621 
790 2.260285 0.000000 0.180140 89.852417 -0.194166 3.102038 0.191688 
791 2.187015 0.000000 0.112587 96.275590 -0.121475 -14.302585 0.052643 
792 2.187015 0.000000 0.090070 91.802179 -0.078725 -16.744531 0.129197 
793 2.211438 0.000000 0.112587 86.266258 -0.082920 -14.608669 0.234471 
794 2.187015 0.000000 0.135105 96.108802 -0.045998 -9.918560 0.066472 
795 2.150380 0.000000 0.101329 104.077562 -0.125663 -15.357237 -0.106800 
796 2.150380 0.000000 0.090070 104.009076 -0.126082 -15.346950 -0.105343 
797 2.162591 0.000000 0.101329 100.920655 -0.131670 -15.682628 -0.043094 
798 2.150380 0.000000 0.112587 104.438011 -0.125702 -15.409548 -0.114477 
799 2.260285 0.000000 -0.045035 310.783905 0.146690 6.423306 -8.662792 
800 2.309132 0.000000 -0.045035 160.785751 0.009840 -16.345572 -1.611924 
801 2.260285 0.000000 0.000000 284.986619 0.036515 0.445089 -7.121757 
802 2.187015 0.000000 -0.067552 165.330743 -0.063107 18.527405 -1.767752 
803 2.211438 0.000000 -0.067552 212.969137 0.002625 25.801329 -3.602156 
804 2.187015 0.000000 -0.045035 169.944480 -0.103212 12.509306 -1.903762 
805 2.174803 0.000000 -0.101329 97.440008 -0.046182 16.805616 0.022301 
806 2.174803 0.000000 -0.112587 99.959193 -0.000838 14.482051 -0.020157 
807 2.187015 0.000000 -0.101329 93.285582 -0.056787 17.073104 0.100631 
808 2.174803 0.000000 -0.090070 96.904275 -0.045300 16.871363 0.032492 
809 2.260285 0.000000 0.045035 312.704767 0.032132 -5.705240 -8.781682 
810 2.309132 0.000000 0.045035 160.937162 0.029624 18.886105 -1.625746 
811 2.187015 0.000000 0.067552 165.630274 0.033058 -18.976657 -1.779350 
812 2.187015 0.000000 0.045035 170.054086 0.028293 -12.997752 -1.908733 
813 2.211438 0.000000 0.067552 213.299892 0.061564 -26.185332 -3.618252 
814 2.174803 0.000000 0.101329 95.860403 -0.125243 -16.469383 0.053953 
815 2.174803 0.000000 0.090070 95.326790 -0.125057 -16.533697 0.063942 
816 2.187015 0.000000 0.101329 91.697124 -0.089691 -16.725848 0.131188 
817 2.174803 0.000000 0.112587 98.681477 -0.113652 -13.675164 0.007494 
818 2.235862 0.000000 -0.067552 260.225352 0.097005 24.252772 -5.830544 
819 2.235862 0.000000 -0.090070 66.965086 0.074848 11.095275 0.539257 
820 2.260285 0.000000 -0.067552 59.071570 0.235333 9.790749 0.641464 
821 2.235862 0.000000 -0.045035 259.996628 0.091855 15.008789 -5.782352 
822 2.235862 0.000000 -0.112587 79.523733 -0.038524 9.575915 0.358428 
823 2.235862 0.000000 -0.135105 84.852164 -0.034109 6.602537 0.275652 
824 2.260285 0.000000 -0.112587 65.993046 -0.031978 -0.660513 0.564448 
825 2.223650 0.000000 -0.078811 77.592643 0.010372 13.419787 0.379929 
826 2.211438 0.000000 -0.078811 88.063269 -0.064617 15.935376 0.199092 
827 2.223650 0.000000 -0.090070 77.596257 0.013121 13.302963 0.380185 
828 2.235862 0.000000 -0.078811 66.710666 0.076259 11.053254 0.542751 
829 2.223650 0.000000 -0.067552 241.225120 0.039153 21.010027 -4.863098 
830 2.235862 0.000000 0.067552 261.194545 0.036517 -24.422731 -5.881906 
831 2.235862 0.000000 0.045035 260.573288 0.039664 -14.955633 -5.812211 
832 2.260285 0.000000 0.067552 56.913476 -0.229807 -9.382880 0.667276 
833 2.235862 0.000000 0.090070 64.835730 -0.080437 -10.691380 0.568202 
834 2.235862 0.000000 0.112587 78.037007 -0.025132 -8.192327 0.384311 
835 2.260285 0.000000 0.112587 64.164966 -0.009320 2.533544 0.587644 
836 2.235862 0.000000 0.135105 83.874682 -0.043825 -4.386160 0.294580 
837 2.223650 0.000000 0.078811 75.607956 -0.039475 -13.024167 0.411381 
838 2.211438 0.000000 0.078811 86.256338 0.007314 -15.552449 0.231797 
839 2.223650 0.000000 0.067552 241.721253 0.040033 -21.172313 -4.887743 
840 2.235862 0.000000 0.078811 64.578084 -0.080930 -10.648952 0.571626 
841 2.223650 0.000000 0.090070 75.608707 -0.043013 -12.908976 0.411668 
842 2.357979 0.000000 -0.045035 116.133916 0.011334 -1.414039 -0.348909 
843 2.357979 0.000000 -0.090070 110.649660 -0.116102 -2.732103 -0.225083 
844 2.406827 0.000000 -0.045035 106.216478 -0.115624 0.565607 -0.128227 
845 2.357979 0.000000 0.000000 118.110543 0.007048 1.177110 -0.395149 
846 2.284709 0.000000 -0.067552 219.610916 0.009792 -74.066631 -4.371482 
847 2.284709 0.000000 -0.090070 99.035733 0.029831 -58.349070 -0.321269 
848 2.309132 0.000000 -0.067552 142.479975 0.058035 -21.526964 -1.076396 
849 2.284709 0.000000 -0.045035 250.071307 0.025453 -32.124484 -5.356764 
850 2.248074 0.000000 -0.078811 62.556936 0.122465 10.366938 0.597914 
851 2.248074 0.000000 -0.090070 63.021025 0.115157 10.443646 0.591927 
852 2.260285 0.000000 -0.078811 59.511310 0.211615 9.863183 0.636108 
853 2.248074 0.000000 -0.067552 61.798871 0.136333 10.241610 0.607599 
854 2.357979 0.000000 0.045035 116.086424 -0.019633 3.862260 -0.349098 
855 2.406827 0.000000 0.045035 106.190648 -0.230909 1.897115 -0.128011 
856 2.357979 0.000000 0.090070 110.652216 -0.094764 5.254909 -0.227154 
857 2.284709 0.000000 0.067552 220.980818 0.053177 77.677039 -4.486625 
858 2.284709 0.000000 0.045035 251.579047 0.079207 34.602954 -5.448939 
859 2.309132 0.000000 0.067552 142.408145 0.016698 24.198089 -1.086563 
860 2.284709 0.000000 0.090070 97.647986 0.038228 61.738850 -0.334682 
861 2.248074 0.000000 0.078811 60.384878 -0.111699 -9.957590 0.625450 
862 2.248074 0.000000 0.067552 59.623586 -0.123693 -9.831866 0.634835 
863 2.260285 0.000000 0.078811 57.351093 -0.204311 -9.455442 0.662140 
864 2.248074 0.000000 0.090070 60.852009 -0.105983 -10.034688 0.619633 
865 -8.241827 0.000000 -8.646699 99.756122 -0.000011 6.975604 0.000006 
866 -11.368037 0.000000 -8.646699 99.756266 -0.000002 6.975639 0.000003 
867 -8.241827 0.000000 -11.528932 99.756133 0.000002 6.975580 0.000006 
868 10.515434 0.000000 -8.646699 99.756416 0.000450 6.971677 0.000005 
869 10.515434 0.000000 -11.528932 99.756303 0.000322 6.973380 0.000005 
870 13.641644 0.000000 -8.646699 99.756533 0.000476 6.971819 0.000003 
871 -8.241827 0.000000 8.646699 99.756653 -0.000067 6.975645 -0.000005 
872 -11.368037 0.000000 8.646699 99.756524 -0.000038 6.975655 -0.000002 
873 -8.241827 0.000000 11.528932 99.756672 -0.000064 6.975614 -0.000005 
874 -3.552511 0.000000 -4.323349 99.754882 -0.004151 6.974871 0.000031 
875 -5.115617 0.000000 -4.323349 99.755657 -0.001841 6.975271 0.000015 
876 -3.552511 0.000000 -5.764466 99.755212 -0.004390 6.974795 0.000025 
877 10.515434 0.000000 8.646699 99.756946 -0.000584 6.970301 -0.000003 
878 13.641644 0.000000 8.646699 99.756880 -0.000600 6.969977 -0.000002 
879 10.515434 0.000000 11.528932 99.756799 -0.000417 6.972781 -0.000004 
880 5.826119 0.000000 -4.323349 99.755309 -0.009049 6.959123 0.000045 
881 5.826119 0.000000 -5.764466 99.756740 -0.004554 6.967334 0.000005 
882 7.389224 0.000000 -4.323349 99.757142 -0.001946 6.960871 0.000006 
883 -3.552511 0.000000 4.323349 99.756878 0.005729 6.975572 -0.000009 
884 -5.115617 0.000000 4.323349 99.756530 0.002966 6.975554 -0.000002 
885 -3.552511 0.000000 5.764466 99.757072 0.005690 6.975384 -0.000013 
886 -1.207854 0.000000 -2.161675 99.748558 0.027545 6.964089 0.000173 
887 -1.989406 0.000000 -2.161675 99.751222 0.012388 6.971419 0.000109 
888 -1.207854 0.000000 -2.882233 99.750798 0.027595 6.967733 0.000123 
889 5.826119 0.000000 4.323349 99.758762 0.003433 6.953428 -0.000016 
890 7.389224 0.000000 4.323349 99.757551 -0.000116 6.953665 0.000008 
891 5.826119 0.000000 5.764466 99.756720 0.002263 6.964659 0.000009 
892 3.481461 0.000000 -2.161675 99.767298 0.027452 6.925727 -0.000148 
893 3.481461 0.000000 -2.882233 99.762773 0.002962 6.947909 -0.000088 
894 4.263014 0.000000 -2.161675 99.760223 -0.006287 6.920301 0.000001 
895 -1.207854 0.000000 2.161675 99.751622 -0.033711 6.973541 0.000098 
896 -1.989406 0.000000 2.161675 99.753974 -0.015024 6.975051 0.000049 
897 -1.207854 0.000000 2.882233 99.756353 -0.029767 6.975139 0.000002 
898 -0.817078 0.000000 -1.080837 99.729831 0.007076 6.952902 0.000562 
899 -1.207854 0.000000 -1.080837 99.744396 0.013014 6.955224 0.000268 
900 -0.817078 0.000000 -1.441116 99.743260 -0.007911 6.947251 0.000302 
901 3.481461 0.000000 2.161675 99.742849 -0.022316 6.900839 0.000374 
902 4.263014 0.000000 2.161675 99.755637 0.009894 6.892546 0.000131 
903 3.481461 0.000000 2.882233 99.748697 -0.000604 6.934466 0.000211 
904 -0.230913 0.000000 -0.540419 99.564706 -0.017480 7.034614 0.003738 
905 -0.426301 0.000000 -0.540419 99.750581 0.088311 6.873440 0.000257 
906 -0.230913 0.000000 -0.720558 99.571878 -0.020719 6.962528 0.003696 
907 0.941416 0.000000 -0.540419 99.580976 0.023963 6.502753 0.004134 
908 0.941416 0.000000 -0.720558 99.726258 0.025924 6.681620 0.001003 
909 -0.817078 0.000000 1.080837 99.730149 -0.011916 6.971645 0.000529 
910 -1.207854 0.000000 1.080837 99.742916 -0.036093 6.970147 0.000277 
911 -0.817078 0.000000 1.441116 99.737435 -0.066321 6.970939 0.000385 
912 -0.230913 0.000000 0.540419 99.679282 0.004240 6.846907 0.001716 
913 -0.426301 0.000000 0.540419 99.658945 0.112349 6.837930 0.002132 
914 -0.230913 0.000000 0.720558 99.510520 -0.076774 6.806637 0.005132 
915 -0.133219 0.000000 -0.270209 100.029083 -0.070766 7.578276 -0.006325 
916 -0.230913 0.000000 -0.270209 99.954753 0.173445 7.296858 -0.004423 
917 -0.133219 0.000000 -0.360279 99.293874 0.116590 7.353261 0.008664 
918 0.941416 0.000000 0.540419 99.786001 -0.029377 6.526448 0.000016 
919 0.941416 0.000000 0.720558 99.535488 -0.015828 6.784982 0.004665 
920 -0.133219 0.000000 0.270209 100.316503 -0.092427 6.230604 -0.010223 
921 -0.230913 0.000000 0.270209 100.096784 0.132669 6.592286 -0.006284 
922 -0.133219 0.000000 0.360279 99.581461 0.060837 6.453564 0.004188 
923 0.037745 0.000000 -0.112587 79.246807 -0.039381 -2.420263 0.371408 
924 0.013322 0.000000 -0.112587 69.059524 -0.052520 8.719838 0.515474 
925 0.037745 0.000000 -0.135105 85.315166 0.043105 1.493696 0.271909 
926 0.648333 0.000000 -0.270209 104.400442 -0.040615 1.853164 -0.090289 
927 0.648333 0.000000 -0.360279 99.444798 -0.060221 6.440874 0.006924 
928 0.746027 0.000000 -0.270209 106.312413 0.030182 2.759760 -0.130995 
929 0.648333 0.000000 0.270209 104.611062 -0.059276 1.860510 -0.094694 
930 0.746027 0.000000 0.270209 106.750253 0.011120 2.762097 -0.140325 
931 0.648333 0.000000 0.360279 99.814837 -0.107210 5.972473 0.000132 
932 0.037745 0.000000 0.112587 83.697527 -0.175133 12.389415 0.284120 
933 0.013322 0.000000 0.112587 74.258747 -0.161621 2.879014 0.447732 
934 0.037745 0.000000 0.135105 88.863206 -0.119340 9.824171 0.200680 
935 0.098804 0.000000 -0.078811 92.787905 0.177614 -15.233030 0.115833 
936 0.098804 0.000000 -0.090070 92.242236 0.292645 -15.300882 0.125717 
937 0.098804 0.000000 -0.067552 92.814606 0.170373 -15.213312 0.115398 
938 0.098804 0.000000 0.078811 97.596098 0.263190 16.494576 0.020286 
939 0.098804 0.000000 0.067552 97.626871 0.264361 16.505524 0.019649 
940 0.098804 0.000000 0.090070 96.960273 0.239458 16.350337 0.033131 
941 0.233134 0.000000 -0.067552 51.288979 -0.027803 -4.169373 0.735206 
942 0.233134 0.000000 -0.045035 52.354679 -0.105193 -3.274622 0.724825 
943 0.233134 0.000000 0.067552 51.800316 -0.127372 4.425196 0.729713 
944 0.233134 0.000000 0.045035 52.412754 -0.129720 3.318824 0.724187 
945 0.501792 0.000000 -0.045035 101.395010 -0.029580 5.012740 -0.030608 
946 0.550639 0.000000 -0.045035 104.489530 -0.028711 6.337005 -0.095822 
947 0.501792 0.000000 0.000000 104.509188 -0.029097 6.559300 -0.096520 
948 0.501792 0.000000 0.045035 101.474899 -0.029450 5.010684 -0.032226 
949 0.550639 0.000000 0.045035 104.528690 -0.031440 6.341399 -0.096646 
950 0.428522 0.000000 -0.067552 97.626421 -0.033686 2.127984 0.046455 
951 0.452945 0.000000 -0.067552 98.059678 -0.028674 3.651851 0.037096 
952 0.428522 0.000000 -0.045035 98.124239 -0.037324 1.372553 0.036975 
953 0.367463 0.000000 -0.101329 105.589076 0.017406 -3.177606 -0.115915 
954 0.367463 0.000000 -0.112587 105.601755 0.009607 -2.642826 -0.115872 
955 0.367463 0.000000 -0.090070 105.987804 0.018193 -2.907076 -0.124187 
956 0.428522 0.000000 0.067552 97.830053 -0.035428 2.123613 0.042477 
957 0.428522 0.000000 0.045035 98.332061 -0.038789 1.371343 0.032892 
958 0.452945 0.000000 0.067552 98.250932 -0.031730 3.651023 0.033342 
959 0.367463 0.000000 0.101329 106.449757 0.029579 3.471187 -0.134360 
960 0.367463 0.000000 0.090070 106.846934 0.031627 3.196756 -0.142649 
961 0.367463 0.000000 0.112587 106.348981 0.031174 2.926070 -0.131867 
962 1.722968 0.000000 -0.540419 99.974025 0.062777 6.247114 -0.003384 
963 1.722968 0.000000 -0.720558 99.939346 0.015566 6.510619 -0.003026 
964 1.722968 0.000000 0.540419 99.487276 0.089282 5.935362 0.006705 
965 1.722968 0.000000 0.720558 99.389201 -0.046830 6.292817 0.008219 
966 1.429886 0.000000 -0.270209 105.173756 0.098124 1.088640 -0.106271 
967 1.429886 0.000000 -0.360279 99.834950 -0.099555 5.588257 0.000174 
968 1.527580 0.000000 -0.270209 105.451746 0.052388 0.889860 -0.112087 
969 1.429886 0.000000 0.270209 104.005787 0.088642 1.021117 -0.081825 
970 1.527580 0.000000 0.270209 104.742594 0.091895 0.897151 -0.097182 
971 1.429886 0.000000 0.360279 99.226449 -0.091049 5.103412 0.012806 
972 3.090685 0.000000 -1.080837 99.769185 0.011310 6.759831 0.000041 
973 3.090685 0.000000 -1.441116 99.768645 0.030031 6.855346 -0.000078 
974 3.481461 0.000000 -1.080837 99.771241 0.018902 6.763088 -0.000004 
975 2.504521 0.000000 -0.540419 99.763258 0.021827 6.069534 0.001045 
976 2.504521 0.000000 -0.720558 99.746346 0.018129 6.474406 0.000875 
977 2.699909 0.000000 -0.540419 99.818893 0.019200 6.122085 -0.000129 
978 3.090685 0.000000 1.080837 99.737888 -0.018010 6.640750 0.000825 
979 3.481461 0.000000 1.080837 99.760281 -0.015549 6.616749 0.000410 
980 3.090685 0.000000 1.441116 99.733591 -0.030222 6.794632 0.000704 
981 2.504521 0.000000 0.540419 99.641109 -0.049615 5.857221 0.003734 
982 2.699909 0.000000 0.540419 99.731781 -0.003244 5.746900 0.002054 
983 2.504521 0.000000 0.720558 99.471272 0.000303 6.388916 0.006465 
984 2.406827 0.000000 -0.270209 100.213867 -0.059047 3.325841 -0.005388 
985 2.406827 0.000000 -0.360279 99.558979 -0.180859 4.620685 0.006663 
986 2.504521 0.000000 -0.270209 100.221247 -0.197673 3.979881 -0.006018 
987 2.406827 0.000000 0.270209 100.194201 -0.089286 4.163350 -0.005622 
988 2.504521 0.000000 0.270209 100.214092 -0.088998 3.510787 -0.005520 
989 2.406827 0.000000 0.360279 99.357398 -0.052460 5.160516 0.010147 
990 2.357979 0.000000 -0.135105 104.951140 -0.145175 -2.335707 -0.102022 
991 2.357979 0.000000 -0.180140 101.713104 -0.017925 -0.581963 -0.034589 
992 2.406827 0.000000 -0.135105 103.030741 -0.010346 0.225571 -0.061538 
993 2.284709 0.000000 -0.112587 86.256495 -0.007379 -23.018742 0.202995 
994 2.284709 0.000000 -0.135105 89.629063 -0.102470 -10.557434 0.185516 
995 2.309132 0.000000 -0.112587 108.911106 -0.048053 -14.456811 -0.207063 
996 2.357979 0.000000 0.135105 104.829322 -0.329845 5.485418 -0.101939 
997 2.406827 0.000000 0.135105 103.016042 -0.175346 2.936446 -0.062096 
998 2.357979 0.000000 0.180140 101.535017 -0.227833 5.019447 -0.033461 
999 2.284709 0.000000 0.112587 84.980184 0.015818 25.830450 0.211116 
1000 2.309132 0.000000 0.112587 108.579776 0.021643 17.240588 -0.208681 
1001 2.284709 0.000000 0.135105 88.833634 -0.059551 13.569177 0.192446 
1 11 62 60 61 
2 62 10 24 60 
3 60 24 14 63 
4 61 60 63 6 
5 24 66 64 65 
6 66 23 40 64 
7 64 40 27 67 
8 65 64 67 14 
9 40 70 68 69 
10 69 68 71 27 
11 6 63 92 93 
12 63 14 36 92 
13 92 36 19 94 
14 93 92 94 20 
15 14 67 95 96 
16 67 27 52 95 
17 95 52 35 97 
18 96 95 97 36 
19 27 71 98 99 
20 99 98 100 52 
21 68 112 110 111 
22 112 56 80 110 
23 110 80 43 113 
24 111 110 113 71 
25 80 116 114 115 
26 115 114 117 43 
27 71 113 133 134 
28 113 43 102 133 
29 133 102 76 135 
30 134 133 135 98 
31 43 117 136 137 
32 137 136 138 102 
33 114 141 139 140 
34 141 106 129 139 
35 139 129 83 142 
36 140 139 142 117 
37 129 149 147 148 
38 147 150 132 151 
39 148 147 151 83 
40 117 142 152 153 
41 142 83 144 152 
42 152 144 125 154 
43 153 152 154 136 
44 83 151 155 156 
45 151 132 157 155 
46 156 155 158 144 
47 12 161 159 160 
48 161 7 162 159 
49 159 162 13 25 
50 160 159 25 10 
51 25 165 163 164 
52 165 13 166 163 
53 163 166 26 41 
54 164 163 41 23 
55 41 169 167 168 
56 169 26 170 167 
57 167 170 42 57 
58 168 167 57 39 
59 39 173 171 172 
60 173 57 174 171 
61 171 174 55 81 
62 172 171 81 56 
63 81 177 175 176 
64 177 55 178 175 
65 175 178 82 107 
66 176 175 107 79 
67 79 181 179 180 
68 181 107 182 179 
69 179 182 105 130 
70 180 179 130 106 
71 106 185 183 184 
72 185 130 186 183 
73 184 183 149 129 
74 195 197 109 198 
75 150 195 198 132 
76 149 201 199 200 
77 201 128 202 199 
78 199 202 150 203 
79 200 199 203 147 
80 132 198 210 157 
81 198 109 211 210 
82 19 38 213 214 
83 38 21 215 213 
84 213 215 9 216 
85 214 213 216 22 
86 35 54 217 218 
87 54 37 219 217 
88 217 219 21 220 
89 218 217 220 38 
90 51 78 221 222 
91 78 53 223 221 
92 221 223 37 224 
93 222 221 224 54 
94 76 104 225 226 
95 104 75 227 225 
96 225 227 78 228 
97 226 225 228 51 
98 101 127 229 230 
99 127 103 231 229 
100 229 231 75 232 
101 230 229 232 104 
102 125 146 233 234 
103 146 124 235 233 
104 233 235 127 236 
105 234 233 236 101 
106 144 158 237 238 
107 237 239 146 240 
108 238 237 240 125 
109 155 243 241 242 
110 243 157 244 241 
111 241 244 143 245 
112 242 241 245 158 
113 130 247 246 186 
114 247 105 248 246 
115 249 251 195 252 
116 202 249 252 150 
117 186 255 253 254 
118 255 246 256 253 
119 253 256 196 250 
120 254 253 250 128 
121 128 259 257 258 
122 259 250 260 257 
123 257 260 249 261 
124 258 257 261 202 
125 262 263 124 264 
126 239 262 264 146 
127 157 266 265 244 
128 266 210 267 265 
129 143 268 269 270 
130 268 212 271 269 
131 269 271 262 272 
132 270 269 272 239 
133 244 275 273 274 
134 275 265 276 273 
135 273 276 268 277 
136 274 273 277 143 
137 278 280 194 281 
138 197 278 281 109 
139 283 131 284 282 
140 282 284 197 285 
141 251 282 285 195 
142 107 287 286 182 
143 287 82 288 286 
144 286 288 108 192 
145 182 286 192 105 
146 105 290 289 248 
147 290 192 291 289 
148 246 293 292 256 
149 293 248 294 292 
150 292 294 131 283 
151 256 292 283 196 
152 196 297 295 296 
153 297 283 298 295 
154 295 298 282 299 
155 296 295 299 251 
156 109 281 300 211 
157 281 194 301 300 
158 210 304 303 267 
159 304 211 305 303 
160 303 305 145 306 
161 124 209 307 235 
162 209 126 308 307 
163 307 308 103 309 
164 235 307 309 127 
165 310 311 209 312 
166 263 310 312 124 
167 212 306 313 271 
168 306 145 314 313 
169 313 314 263 315 
170 271 313 315 262 
171 267 318 316 317 
172 318 303 319 316 
173 316 319 306 320 
174 317 316 320 212 
175 248 322 321 294 
176 322 289 323 321 
177 294 321 324 131 
178 192 330 329 291 
179 330 108 331 329 
180 289 334 333 323 
181 334 291 335 333 
182 333 335 191 336 
183 323 333 336 279 
184 131 324 337 284 
185 324 279 338 337 
186 337 338 278 339 
187 284 337 339 197 
188 321 342 340 341 
189 342 323 343 340 
190 340 343 279 344 
191 341 340 344 324 
192 145 346 345 314 
193 345 347 310 348 
194 314 345 348 263 
195 211 350 349 305 
196 350 300 351 349 
197 349 351 302 346 
198 305 349 346 145 
199 355 357 126 358 
200 311 355 358 209 
201 302 360 359 347 
202 360 207 361 359 
203 359 361 311 362 
204 347 359 362 310 
205 346 365 363 364 
206 365 302 366 363 
207 363 366 347 367 
208 364 363 367 345 
209 368 369 59 370 
210 280 368 370 194 
211 291 372 371 335 
212 372 329 373 371 
213 371 373 332 374 
214 191 374 375 376 
215 374 332 377 375 
216 375 377 368 378 
217 376 375 378 280 
218 335 381 379 380 
219 381 371 382 379 
220 379 382 374 383 
221 380 379 383 191 
222 194 370 384 301 
223 370 59 385 384 
224 387 356 388 386 
225 386 388 355 389 
226 361 386 389 311 
227 301 392 390 391 
228 392 384 393 390 
229 390 393 356 387 
230 391 390 387 207 
231 207 396 394 395 
232 396 387 397 394 
233 394 397 386 398 
234 395 394 398 361 
235 57 400 399 174 
236 400 42 401 399 
237 399 401 58 89 
238 174 399 89 55 
239 55 403 402 178 
240 403 89 404 402 
241 402 404 88 188 
242 178 402 188 82 
243 82 406 405 288 
244 406 188 407 405 
245 405 407 187 326 
246 288 405 326 108 
247 108 409 408 331 
248 409 326 410 408 
249 329 413 412 373 
250 413 331 414 412 
251 373 412 415 332 
252 75 123 416 227 
253 123 77 417 416 
254 416 417 53 418 
255 227 416 418 78 
256 103 206 419 231 
257 206 121 420 419 
258 419 420 123 421 
259 231 419 421 75 
260 126 354 422 308 
261 354 204 423 422 
262 422 423 206 424 
263 308 422 424 103 
264 425 427 354 428 
265 357 425 428 126 
266 356 430 429 388 
267 429 431 357 432 
268 388 429 432 355 
269 433 434 328 435 
270 369 433 435 59 
271 331 437 436 414 
272 437 408 438 436 
273 332 415 440 377 
274 415 193 441 440 
275 440 441 369 442 
276 377 440 442 368 
277 412 445 443 444 
278 445 414 446 443 
279 443 446 193 447 
280 444 443 447 415 
281 59 435 448 385 
282 435 328 449 448 
283 384 451 450 393 
284 451 385 452 450 
285 450 452 208 430 
286 393 450 430 356 
287 453 455 425 456 
288 431 453 456 357 
289 430 459 457 458 
290 459 208 460 457 
291 457 460 431 461 
292 458 457 461 429 
293 88 467 466 189 
294 467 90 468 466 
295 466 468 5 469 
296 189 466 469 91 
297 187 471 470 327 
298 471 189 472 470 
299 470 472 91 473 
300 327 470 473 190 
301 326 475 474 410 
302 475 187 476 474 
303 474 476 327 477 
304 410 474 477 325 
305 408 479 478 438 
306 479 410 480 478 
307 478 480 325 481 
308 438 478 481 411 
309 193 439 482 441 
310 439 411 483 482 
311 482 483 433 484 
312 441 482 484 369 
313 436 487 485 486 
314 487 438 488 485 
315 485 488 411 489 
316 486 485 489 439 
317 385 491 490 452 
318 491 448 492 490 
319 490 492 426 454 
320 452 490 454 208 
321 91 469 496 205 
322 469 5 497 496 
323 496 497 122 498 
324 205 496 498 121 
325 190 473 499 353 
326 473 91 500 499 
327 499 500 205 501 
328 353 499 501 204 
329 352 503 502 427 
330 503 353 504 502 
331 502 504 204 505 
332 427 502 505 354 
333 426 507 506 455 
334 507 352 508 506 
335 506 508 427 509 
336 455 506 509 425 
337 454 512 510 511 
338 512 426 513 510 
339 510 513 455 514 
340 511 510 514 453 
341 468 524 522 523 
342 522 525 518 526 
343 523 522 526 5 
344 5 526 527 528 
345 526 518 529 527 
346 528 527 530 497 
347 7 532 531 162 
348 532 16 533 531 
349 531 533 15 32 
350 162 531 32 13 
351 13 535 534 166 
352 535 32 536 534 
353 534 536 31 48 
354 166 534 48 26 
355 26 538 537 170 
356 538 48 539 537 
357 537 539 47 85 
358 170 537 85 42 
359 42 541 540 401 
360 541 85 542 540 
361 540 542 84 463 
362 401 540 463 58 
363 58 545 543 544 
364 545 463 546 543 
365 543 546 462 516 
366 544 543 516 90 
367 90 549 547 548 
368 549 516 550 547 
369 547 550 515 524 
370 548 547 524 468 
371 15 552 551 33 
372 552 17 553 551 
373 551 553 8 554 
374 33 551 554 18 
375 31 556 555 49 
376 556 33 557 555 
377 555 557 18 558 
378 49 555 558 34 
379 560 49 561 559 
380 559 561 34 562 
381 462 568 567 517 
382 568 464 569 567 
383 567 569 87 570 
384 517 567 570 465 
385 515 572 571 525 
386 572 517 573 571 
387 571 573 465 574 
388 525 571 574 518 
389 524 577 575 576 
390 577 515 578 575 
391 575 578 525 579 
392 576 575 579 522 
393 18 554 580 45 
394 554 8 581 580 
395 580 581 29 582 
396 45 580 582 28 
397 34 558 583 73 
398 558 18 584 583 
399 583 584 45 585 
400 73 583 585 44 
401 562 34 587 586 
402 586 587 73 588 
403 465 570 592 520 
404 570 87 593 592 
405 592 593 494 594 
406 520 592 594 493 
407 518 574 595 529 
408 574 465 596 595 
409 595 596 520 597 
410 529 595 597 519 
411 21 46 598 215 
412 46 28 599 598 
413 598 599 30 600 
414 215 598 600 9 
415 37 74 601 219 
416 74 44 602 601 
417 601 602 46 603 
418 219 601 603 21 
419 53 120 604 223 
420 120 72 605 604 
421 604 605 74 606 
422 223 604 606 37 
423 77 495 607 417 
424 495 118 608 607 
425 607 608 120 609 
426 417 607 609 53 
427 122 521 610 611 
428 521 493 612 610 
429 610 612 495 613 
430 611 610 613 77 
431 497 530 614 615 
432 530 519 616 614 
433 614 616 521 617 
434 615 614 617 122 
435 527 620 618 619 
436 620 529 621 618 
437 618 621 519 622 
438 619 618 622 530 
439 569 632 630 631 
440 631 630 634 87 
441 87 634 635 636 
442 636 635 638 593 
443 85 640 639 542 
444 640 47 641 639 
445 639 641 86 564 
446 542 639 564 84 
447 84 644 642 643 
448 644 564 645 642 
449 642 645 563 624 
450 643 642 624 464 
451 464 648 646 647 
452 648 624 649 646 
453 646 649 623 632 
454 647 646 632 569 
455 86 651 650 565 
456 651 559 652 650 
457 650 652 562 653 
458 565 650 653 50 
459 655 565 656 654 
460 654 656 50 657 
461 632 664 662 663 
462 664 623 665 662 
463 663 662 666 630 
464 50 653 667 590 
465 653 562 668 667 
466 667 668 586 669 
467 590 667 669 119 
468 657 50 671 670 
469 670 671 590 672 
470 118 591 676 608 
471 591 119 677 676 
472 676 677 72 678 
473 608 676 678 120 
474 494 629 679 680 
475 629 589 681 679 
476 679 681 591 682 
477 680 679 682 118 
478 593 638 683 684 
479 638 627 685 683 
480 683 685 629 686 
481 684 683 686 494 
482 635 689 687 688 
483 687 690 627 691 
484 688 687 691 638 
485 624 693 692 649 
486 693 563 694 692 
487 692 694 625 659 
488 649 692 659 623 
489 623 696 695 665 
490 696 659 697 695 
491 630 666 699 700 
492 699 701 626 702 
493 700 699 702 634 
494 662 705 703 704 
495 705 665 706 703 
496 704 703 707 666 
497 634 702 708 709 
498 702 626 710 708 
499 709 708 689 635 
500 627 675 711 685 
501 675 628 712 711 
502 711 712 589 713 
503 685 711 713 629 
504 714 716 675 717 
505 690 714 717 627 
506 689 720 718 719 
507 718 721 690 722 
508 719 718 722 687 
509 723 724 661 725 
510 701 723 725 626 
511 665 727 726 706 
512 727 695 728 726 
513 666 707 730 731 
514 707 633 732 730 
515 730 732 701 733 
516 731 730 733 699 
517 703 736 734 735 
518 736 706 737 734 
519 734 737 633 738 
520 735 734 738 707 
521 626 725 739 710 
522 725 661 740 739 
523 708 743 741 742 
524 743 710 744 741 
525 741 744 637 720 
526 742 741 720 689 
527 745 747 714 748 
528 721 745 748 690 
529 720 751 749 750 
530 751 637 752 749 
531 749 752 721 753 
532 750 749 753 718 
533 633 729 754 732 
534 729 698 755 754 
535 754 755 723 756 
536 732 754 756 701 
537 706 758 757 737 
538 758 726 759 757 
539 757 759 729 760 
540 737 757 760 633 
541 710 762 761 744 
542 762 739 763 761 
543 761 763 715 746 
544 744 761 746 637 
545 637 765 764 752 
546 765 746 766 764 
547 764 766 745 767 
548 752 764 767 721 
549 769 654 770 768 
550 768 770 657 771 
551 659 773 772 697 
552 773 625 774 772 
553 695 777 776 728 
554 777 697 778 776 
555 776 778 658 779 
556 726 781 780 759 
557 781 728 782 780 
558 780 782 698 783 
559 759 780 783 729 
560 771 657 785 784 
561 784 785 670 786 
562 787 789 628 790 
563 716 787 790 675 
564 792 673 793 791 
565 791 793 716 794 
566 747 791 794 714 
567 746 796 795 766 
568 796 715 797 795 
569 795 797 747 798 
570 766 795 798 745 
571 799 800 566 801 
572 724 799 801 661 
573 698 779 802 755 
574 779 658 803 802 
575 802 803 724 804 
576 755 802 804 723 
577 728 806 805 782 
578 806 776 807 805 
579 805 807 779 808 
580 782 805 808 698 
581 661 801 809 740 
582 801 566 810 809 
583 739 812 811 763 
584 812 740 813 811 
585 811 813 673 792 
586 763 811 792 715 
587 715 815 814 797 
588 815 792 816 814 
589 814 816 791 817 
590 797 814 817 747 
591 818 820 799 821 
592 803 818 821 724 
593 697 823 822 778 
594 823 772 824 822 
595 822 824 775 819 
596 778 822 819 658 
597 658 827 825 826 
598 827 819 828 825 
599 825 828 818 829 
600 826 825 829 803 
601 740 831 830 813 
602 831 809 832 830 
603 673 833 834 793 
604 833 788 835 834 
605 834 835 787 836 
606 793 834 836 716 
607 813 839 837 838 
608 839 830 840 837 
609 837 840 833 841 
610 838 837 841 673 
611 660 843 842 800 
612 843 768 844 842 
613 842 844 771 845 
614 800 842 845 566 
615 775 847 846 820 
616 847 660 848 846 
617 846 848 800 849 
618 820 846 849 799 
619 819 851 850 828 
620 851 775 852 850 
621 850 852 820 853 
622 828 850 853 818 
623 566 845 854 810 
624 845 771 855 854 
625 854 855 784 856 
626 810 854 856 674 
627 809 858 857 832 
628 858 810 859 857 
629 857 859 674 860 
630 832 857 860 788 
631 830 862 861 840 
632 862 832 863 861 
633 861 863 788 864 
634 840 861 864 833 
635 1 867 865 866 
636 867 12 160 865 
637 865 160 10 62 
638 866 865 62 11 
639 16 869 868 533 
640 869 2 870 868 
641 868 870 17 552 
642 533 868 552 15 
643 20 94 871 872 
644 94 19 214 871 
645 871 214 22 873 
646 872 871 873 4 
647 10 876 874 875 
648 876 25 164 874 
649 874 164 23 66 
650 875 874 66 24 
651 28 582 877 599 
652 582 29 878 877 
653 877 878 3 879 
654 599 877 879 30 
655 32 881 880 536 
656 881 15 882 880 
657 880 882 33 556 
658 536 880 556 31 
659 36 97 883 884 
660 97 35 218 883 
661 883 218 38 885 
662 884 883 885 19 
663 23 888 886 887 
664 888 41 168 886 
665 886 168 39 70 
666 887 886 70 40 
667 44 585 889 602 
668 585 45 890 889 
669 889 890 28 891 
670 602 889 891 46 
671 48 893 892 539 
672 893 31 894 892 
673 892 894 49 560 
674 539 892 560 47 
675 52 100 895 896 
676 100 51 222 895 
677 895 222 54 897 
678 896 895 897 35 
679 70 900 898 899 
680 900 39 172 898 
681 898 172 56 112 
682 899 898 112 68 
683 72 588 901 605 
684 588 73 902 901 
685 901 902 44 903 
686 605 901 903 74 
687 56 906 904 905 
688 906 81 176 904 
689 904 176 79 116 
690 905 904 116 80 
691 89 908 907 404 
692 908 58 544 907 
693 907 544 90 467 
694 404 907 467 88 
695 98 135 909 910 
696 135 76 226 909 
697 909 226 51 911 
698 910 909 911 100 
699 102 138 912 913 
700 138 101 230 912 
701 912 230 104 914 
702 913 912 914 76 
703 116 917 915 916 
704 917 79 180 915 
705 915 180 106 141 
706 916 915 141 114 
707 121 498 918 420 
708 498 122 611 918 
709 918 611 77 919 
710 420 918 919 123 
711 136 154 920 921 
712 154 125 234 920 
713 920 234 101 922 
714 921 920 922 138 
715 183 925 923 924 
716 925 186 254 923 
717 923 254 128 201 
718 924 923 201 149 
719 188 927 926 407 
720 927 88 928 926 
721 926 928 189 471 
722 407 926 471 187 
723 204 501 929 423 
724 501 205 930 929 
725 929 930 121 931 
726 423 929 931 206 
727 158 245 932 933 
728 245 143 270 932 
729 932 270 239 934 
730 933 932 934 237 
731 250 936 935 260 
732 936 196 296 935 
733 935 296 251 937 
734 260 935 937 249 
735 265 939 938 276 
736 939 267 317 938 
737 938 317 212 940 
738 276 938 940 268 
739 279 336 941 338 
740 336 191 376 941 
741 941 376 280 942 
742 338 941 942 278 
743 300 944 943 351 
744 944 301 391 943 
745 943 391 207 360 
746 351 943 360 302 
747 325 477 945 434 
748 477 327 946 945 
749 945 946 190 947 
750 434 945 947 328 
751 328 947 948 449 
752 947 190 949 948 
753 948 949 353 503 
754 449 948 503 352 
755 411 481 950 483 
756 481 325 951 950 
757 950 951 434 952 
758 483 950 952 433 
759 414 954 953 446 
760 954 436 486 953 
761 953 486 439 955 
762 446 953 955 193 
763 448 957 956 492 
764 957 449 958 956 
765 956 958 352 507 
766 492 956 507 426 
767 208 960 959 460 
768 960 454 511 959 
769 959 511 453 961 
770 460 959 961 431 
771 463 963 962 546 
772 963 84 643 962 
773 962 643 464 568 
774 546 962 568 462 
775 493 594 964 612 
776 594 494 680 964 
777 964 680 118 965 
778 612 964 965 495 
779 516 967 966 550 
780 967 462 968 966 
781 966 968 517 572 
782 550 966 572 515 
783 519 597 969 616 
784 597 520 970 969 
785 969 970 493 971 
786 616 969 971 521 
787 47 973 972 641 
788 973 560 974 972 
789 972 974 559 651 
790 641 972 651 86 
791 564 976 975 645 
792 976 86 977 975 
793 975 977 565 655 
794 645 975 655 563 
795 119 669 978 677 
796 669 586 979 978 
797 978 979 588 980 
798 677 978 980 72 
799 589 672 981 681 
800 672 590 982 981 
801 981 982 119 983 
802 681 981 983 591 
803 563 985 984 694 
804 985 655 986 984 
805 984 986 654 769 
806 694 984 769 625 
807 628 786 987 712 
808 786 670 988 987 
809 987 988 672 989 
810 712 987 989 589 
811 625 991 990 774 
812 991 769 992 990 
813 990 992 768 843 
814 774 990 843 660 
815 772 994 993 824 
816 994 774 995 993 
817 993 995 660 847 
818 824 993 847 775 
819 674 856 996 789 
820 856 784 997 996 
821 996 997 786 998 
822 789 996 998 628 
823 788 860 999 835 
824 860 674 1000 999 
825 999 1000 789 1001 
826 835 999 1001 787 
