2 0.000000 100.000000 262.180540
1013 844 
1 -11.368037 0.000000 -11.616288 99.756336 0.000024 6.975642 0.000001 
2 13.641644 0.000000 -11.616288 99.756450 0.000054 6.975637 -0.000001 
3 13.641644 0.000000 11.616288 99.756346 -0.000049 6.975617 0.000001 
4 -11.368037 0.000000 11.616288 99.756460 -0.000031 6.975663 -0.000001 
5 1.136804 0.000000 0.000000 101.561229 0.065740 6.789135 -0.036078 
6 -11.368037 0.000000 0.000000 99.756370 -0.000006 6.975731 0.000001 
7 1.136804 0.000000 -11.616288 99.756379 0.000143 6.975377 0.000001 
8 13.641644 0.000000 0.000000 99.756371 0.000007 6.975703 0.000001 
9 1.136804 0.000000 11.616288 99.756500 -0.000149 6.975376 -0.000002 
10 -5.115617 0.000000 -5.808144 99.755918 0.000066 6.975572 0.000010 
11 -11.368037 0.000000 -5.808144 99.756314 0.000015 6.975682 0.000002 
12 -5.115617 0.000000 -11.616288 99.756261 0.000064 6.975549 0.000003 
13 1.136804 0.000000 -5.808144 99.756294 0.001729 6.973827 0.000005 
14 -5.115617 0.000000 0.000000 99.756136 -0.000022 6.976171 0.000005 
15 7.389224 0.000000 -5.808144 99.756858 -0.000072 6.975666 -0.000009 
16 7.389224 0.000000 -11.616288 99.756516 0.000124 6.975543 -0.000002 
17 13.641644 0.000000 -5.808144 99.756454 0.000055 6.975674 -0.000001 
18 7.389224 0.000000 0.000000 99.756151 0.000047 6.976027 0.000005 
19 -5.115617 0.000000 5.808144 99.756782 -0.000092 6.975741 -0.000008 
20 -11.368037 0.000000 5.808144 99.756452 -0.000026 6.975707 -0.000001 
21 1.136804 0.000000 5.808144 99.757127 -0.000880 6.973778 -0.000012 
22 -5.115617 0.000000 11.616288 99.756556 -0.000074 6.975598 -0.000003 
23 -1.989406 0.000000 -2.904072 99.752632 -0.000974 6.975341 0.000076 
24 -5.115617 0.000000 -2.904072 99.755758 -0.000049 6.976036 0.000012 
25 -1.989406 0.000000 -5.808144 99.755460 0.000369 6.974899 0.000020 
26 1.136804 0.000000 -2.904072 99.751466 0.000667 6.962813 0.000116 
27 -1.989406 0.000000 0.000000 99.753296 0.000800 6.981124 0.000054 
28 7.389224 0.000000 5.808144 99.755836 0.000158 6.975505 0.000012 
29 13.641644 0.000000 5.808144 99.756313 -0.000045 6.975650 0.000002 
30 7.389224 0.000000 11.616288 99.756300 -0.000120 6.975495 0.000002 
31 4.263014 0.000000 -2.904072 99.762890 0.002026 6.976169 -0.000130 
32 4.263014 0.000000 -5.808144 99.757343 0.001613 6.974984 -0.000018 
33 7.389224 0.000000 -2.904072 99.756914 0.000549 6.975982 -0.000011 
34 4.263014 0.000000 0.000000 99.752740 0.001383 6.981857 0.000064 
35 -1.989406 0.000000 2.904072 99.759106 -0.000042 6.976524 -0.000055 
36 -5.115617 0.000000 2.904072 99.756665 0.000856 6.976085 -0.000006 
37 1.136804 0.000000 2.904072 99.768118 -0.000573 6.962617 -0.000216 
38 -1.989406 0.000000 5.808144 99.757406 -0.000401 6.975299 -0.000019 
39 -0.426301 0.000000 -1.452036 99.722769 -0.000908 6.963334 0.000688 
40 -1.989406 0.000000 -1.452036 99.751451 0.001204 6.976059 0.000098 
41 -0.426301 0.000000 -2.904072 99.753120 0.011224 6.966105 0.000079 
42 1.136804 0.000000 -1.452036 99.701816 -0.001196 6.903265 0.001189 
43 -0.426301 0.000000 0.000000 99.963369 -0.056562 7.033174 -0.004214 
44 4.263014 0.000000 2.904072 99.753378 -0.004684 6.970897 0.000067 
45 7.389224 0.000000 2.904072 99.755584 -0.000198 6.975772 0.000016 
46 4.263014 0.000000 5.808144 99.755527 -0.000510 6.974539 0.000019 
47 2.699909 0.000000 -1.452036 99.788005 0.000944 6.935822 -0.000575 
48 2.699909 0.000000 -2.904072 99.761651 0.010407 6.966182 -0.000091 
49 4.263014 0.000000 -1.452036 99.762940 0.000050 6.977559 -0.000133 
50 2.699909 0.000000 0.000000 99.794931 0.371179 8.169250 -0.002590 
51 -0.426301 0.000000 1.452036 99.774575 -0.007825 6.987236 -0.000379 
52 -1.989406 0.000000 1.452036 99.757984 0.000460 6.976769 -0.000033 
53 1.136804 0.000000 1.452036 99.793610 -0.006350 6.906503 -0.000646 
54 -0.426301 0.000000 2.904072 99.768286 -0.006747 6.976451 -0.000238 
55 0.355251 0.000000 -0.726018 99.644249 0.012697 6.739570 0.002560 
56 -0.426301 0.000000 -0.726018 99.671471 -0.013656 6.991617 0.001671 
57 0.355251 0.000000 -1.452036 99.726156 0.003277 6.932342 0.000664 
58 1.136804 0.000000 -0.726018 99.625377 0.007483 6.718493 0.002965 
59 0.355251 0.000000 0.000000 68.656203 0.015800 0.026845 0.528632 
60 -8.241827 0.000000 -2.904072 99.756215 0.000012 6.975763 0.000004 
61 -11.368037 0.000000 -2.904072 99.756330 0.000005 6.975712 0.000001 
62 -8.241827 0.000000 -5.808144 99.756205 0.000030 6.975678 0.000004 
63 -8.241827 0.000000 0.000000 99.756323 -0.000011 6.975830 0.000001 
64 -3.552511 0.000000 -1.452036 99.754951 0.000185 6.976662 0.000028 
65 -5.115617 0.000000 -1.452036 99.755865 0.000041 6.976032 0.000010 
66 -3.552511 0.000000 -2.904072 99.754994 0.000206 6.975750 0.000028 
67 -3.552511 0.000000 0.000000 99.755796 0.000046 6.977171 0.000010 
68 -1.207854 0.000000 -0.726018 99.740876 0.004957 6.989699 0.000290 
69 -1.989406 0.000000 -0.726018 99.754038 0.005417 6.968264 0.000058 
70 -1.207854 0.000000 -1.452036 99.742054 0.000407 6.976882 0.000285 
71 -1.207854 0.000000 0.000000 99.751518 -0.003091 6.989273 0.000078 
72 2.699909 0.000000 1.452036 99.715604 0.000058 6.916624 0.000896 
73 4.263014 0.000000 1.452036 99.745602 0.000279 6.974168 0.000218 
74 2.699909 0.000000 2.904072 99.751761 -0.008744 6.961477 0.000112 
75 0.355251 0.000000 0.726018 99.901802 -0.045780 6.993097 -0.002928 
76 -0.426301 0.000000 0.726018 99.763121 0.000536 6.987213 -0.000150 
77 1.136804 0.000000 0.726018 99.955011 -0.007067 6.666372 -0.003544 
78 0.355251 0.000000 1.452036 99.811769 0.000008 6.964267 -0.001089 
79 -0.035525 0.000000 -0.363009 98.806232 0.121978 6.949699 0.018902 
80 -0.426301 0.000000 -0.363009 99.755260 0.021526 7.042167 -0.000070 
81 -0.035525 0.000000 -0.726018 99.549334 0.027535 6.889744 0.004246 
82 0.355251 0.000000 -0.363009 99.940453 0.042147 5.900037 -0.002291 
83 -0.035525 0.000000 0.000000 166.793626 0.166925 7.412143 -1.787508 
84 1.918356 0.000000 -0.726018 99.750141 -0.007199 6.543422 0.000709 
85 1.918356 0.000000 -1.452036 99.763962 0.004207 6.895375 -0.000039 
86 2.699909 0.000000 -0.726018 99.893683 -0.024852 6.847105 -0.002563 
87 1.918356 0.000000 0.000000 101.190996 0.984553 10.393709 -0.034862 
88 0.746027 0.000000 -0.363009 99.523552 0.019891 6.571672 0.005188 
89 0.746027 0.000000 -0.726018 99.615681 0.012245 6.830712 0.003006 
90 1.136804 0.000000 -0.363009 99.294491 0.034426 5.903160 0.010576 
91 0.746027 0.000000 0.000000 101.694475 0.031574 6.984768 -0.039055 
92 -8.241827 0.000000 2.904072 99.756462 -0.000033 6.975811 -0.000001 
93 -11.368037 0.000000 2.904072 99.756418 -0.000018 6.975728 -0.000000 
94 -8.241827 0.000000 5.808144 99.756529 -0.000046 6.975739 -0.000003 
95 -3.552511 0.000000 1.452036 99.756822 -0.000216 6.976999 -0.000010 
96 -5.115617 0.000000 1.452036 99.756461 -0.000084 6.976157 -0.000002 
97 -3.552511 0.000000 2.904072 99.757213 -0.000073 6.976253 -0.000017 
98 -1.207854 0.000000 0.726018 99.759008 -0.001239 6.981707 -0.000060 
99 -1.989406 0.000000 0.726018 99.759323 0.004118 6.989860 -0.000078 
100 -1.207854 0.000000 1.452036 99.761746 0.001069 6.982367 -0.000116 
101 -0.035525 0.000000 0.363009 99.334749 -0.032264 6.846895 0.008573 
102 -0.426301 0.000000 0.363009 99.847902 0.001778 6.967391 -0.001815 
103 0.355251 0.000000 0.363009 100.460435 -0.081073 6.985099 -0.014110 
104 -0.035525 0.000000 0.726018 99.743854 -0.034907 7.007034 0.000206 
105 0.159863 0.000000 -0.181504 97.088696 0.109833 0.177616 0.057374 
106 -0.035525 0.000000 -0.181504 96.626084 0.010830 10.040069 0.056260 
107 0.159863 0.000000 -0.363009 99.048495 -0.037121 5.785381 0.015592 
108 0.355251 0.000000 -0.181504 101.743884 0.034346 3.319395 -0.036284 
109 0.159863 0.000000 0.000000 114.926388 0.143455 0.108162 -0.320811 
110 -0.817078 0.000000 -0.363009 99.741922 0.001110 6.996038 0.000260 
111 -1.207854 0.000000 -0.363009 99.745115 0.001266 6.988038 0.000208 
112 -0.817078 0.000000 -0.726018 99.723219 0.001440 6.999204 0.000629 
113 -0.817078 0.000000 0.000000 99.761606 0.000842 6.997644 -0.000135 
114 -0.230913 0.000000 -0.181504 100.153128 0.091960 7.689772 -0.008979 
115 -0.426301 0.000000 -0.181504 99.847344 -0.003608 7.100249 -0.001991 
116 -0.230913 0.000000 -0.363009 99.508591 -0.032992 7.266606 0.004524 
117 -0.230913 0.000000 0.000000 101.209798 0.007886 7.118014 -0.029409 
118 1.918356 0.000000 0.726018 99.814167 -0.025362 6.435524 -0.000428 
119 2.699909 0.000000 0.726018 99.569522 0.003088 6.847794 0.003902 
120 1.918356 0.000000 1.452036 99.765831 -0.000059 6.865985 -0.000036 
121 0.746027 0.000000 0.363009 100.056078 -0.009532 6.234325 -0.005009 
122 1.136804 0.000000 0.363009 100.328675 0.002396 5.901459 -0.010067 
123 0.746027 0.000000 0.726018 99.915127 -0.022690 6.785453 -0.002908 
124 0.159863 0.000000 0.181504 98.872752 -0.039027 10.698457 0.010972 
125 -0.035525 0.000000 0.181504 98.033871 -0.093591 3.801751 0.037490 
126 0.355251 0.000000 0.181504 102.684260 -0.130344 5.940273 -0.057936 
127 0.159863 0.000000 0.363009 99.706271 -0.188502 7.481683 0.000265 
128 0.062169 0.000000 -0.090752 85.098810 0.020142 -5.368293 0.272937 
129 -0.035525 0.000000 -0.090752 102.518905 0.108180 26.366424 -0.120533 
130 0.062169 0.000000 -0.181504 94.596490 0.099460 4.446559 0.103172 
131 0.159863 0.000000 -0.090752 98.641535 -0.249171 -13.249734 0.009423 
132 0.062169 0.000000 0.000000 194.182276 0.038673 0.801239 -2.770740 
133 -0.817078 0.000000 0.363009 99.767330 0.000386 6.992192 -0.000241 
134 -1.207854 0.000000 0.363009 99.755819 0.000722 6.987849 -0.000005 
135 -0.817078 0.000000 0.726018 99.760353 -0.001364 6.977769 -0.000082 
136 -0.230913 0.000000 0.181504 100.398359 0.062809 6.462780 -0.012160 
137 -0.426301 0.000000 0.181504 99.908160 -0.016597 6.936382 -0.002975 
138 -0.230913 0.000000 0.363009 99.743981 -0.043645 6.752233 0.000554 
139 -0.133219 0.000000 -0.090752 102.796157 0.070625 9.836491 -0.066381 
140 -0.230913 0.000000 -0.090752 100.871366 0.067288 7.432842 -0.023028 
141 -0.133219 0.000000 -0.181504 99.879967 0.028191 8.724456 -0.005212 
142 -0.133219 0.000000 0.000000 106.201563 -0.065573 7.291789 -0.133195 
143 0.062169 0.000000 0.090752 90.125268 -0.043036 11.968832 0.173418 
144 -0.035525 0.000000 0.090752 104.897136 0.054943 -11.246641 -0.112990 
145 0.159863 0.000000 0.090752 102.351424 -0.128561 13.982948 -0.067135 
146 0.062169 0.000000 0.181504 96.613555 -0.006705 7.880290 0.060372 
147 0.013322 0.000000 -0.045376 69.915071 0.227407 -13.561253 0.492792 
148 -0.035525 0.000000 -0.045376 145.002001 0.160674 36.645310 -1.236848 
149 0.013322 0.000000 -0.090752 73.686807 0.065661 10.974722 0.444981 
150 0.062169 0.000000 -0.045376 192.043872 0.039714 -18.745411 -2.723224 
151 0.013322 0.000000 0.000000 243.929524 -0.082511 3.608815 -4.951464 
152 -0.133219 0.000000 0.090752 103.236152 0.030218 4.592227 -0.067879 
153 -0.230913 0.000000 0.090752 101.029329 0.044137 6.780079 -0.025290 
154 -0.133219 0.000000 0.181504 100.416609 -0.007986 5.428930 -0.011297 
155 0.013322 0.000000 0.045376 78.407793 -0.205379 15.604594 0.360867 
156 -0.035525 0.000000 0.045376 144.809859 0.120043 -20.426339 -1.138715 
157 0.062169 0.000000 0.045376 190.233967 0.002573 19.574211 -2.657211 
158 0.013322 0.000000 0.090752 80.215201 -0.014099 -0.216581 0.356547 
159 -1.989406 0.000000 -8.712216 99.756078 0.000140 6.975259 0.000007 
160 -5.115617 0.000000 -8.712216 99.756136 0.000072 6.975526 0.000006 
161 -1.989406 0.000000 -11.616288 99.756272 0.000102 6.975444 0.000003 
162 1.136804 0.000000 -8.712216 99.756351 0.000240 6.975017 0.000002 
163 -0.426301 0.000000 -4.356108 99.753766 -0.000934 6.973107 0.000056 
164 -1.989406 0.000000 -4.356108 99.754309 0.000120 6.974888 0.000043 
165 -0.426301 0.000000 -5.808144 99.755519 0.000352 6.974180 0.000020 
166 1.136804 0.000000 -4.356108 99.755373 -0.000688 6.971224 0.000027 
167 0.355251 0.000000 -2.178054 99.740316 0.004612 6.954590 0.000350 
168 -0.426301 0.000000 -2.178054 99.741275 -0.000605 6.967148 0.000314 
169 0.355251 0.000000 -2.904072 99.748524 0.000693 6.965806 0.000171 
170 1.136804 0.000000 -2.178054 99.755672 0.000681 6.945237 0.000057 
171 -0.035525 0.000000 -1.089027 99.693023 0.002252 6.923150 0.001337 
172 -0.426301 0.000000 -1.089027 99.712942 0.002376 6.959195 0.000890 
173 -0.035525 0.000000 -1.452036 99.702089 -0.002609 6.957673 0.001108 
174 0.355251 0.000000 -1.089027 99.712768 0.001161 6.891417 0.000987 
175 0.159863 0.000000 -0.544513 99.517121 0.020977 6.545985 0.005349 
176 -0.035525 0.000000 -0.544513 99.427197 0.028288 6.842518 0.006741 
177 0.159863 0.000000 -0.726018 99.598766 0.017693 6.778859 0.003413 
178 0.355251 0.000000 -0.544513 99.784350 0.022011 6.535446 0.000037 
179 0.062169 0.000000 -0.272257 97.264845 0.006214 5.948430 0.050417 
180 -0.035525 0.000000 -0.272257 98.599111 -0.002194 7.236187 0.022585 
181 0.062169 0.000000 -0.363009 98.801053 0.009790 6.248645 0.019931 
182 0.159863 0.000000 -0.272257 98.656272 0.088217 4.616369 0.024562 
183 0.013322 0.000000 -0.136128 91.366229 0.065658 9.112419 0.156917 
184 -0.035525 0.000000 -0.136128 96.897259 -0.019404 14.163881 0.041031 
185 0.013322 0.000000 -0.181504 94.193235 0.025902 8.058036 0.106270 
186 0.062169 0.000000 -0.136128 92.406882 0.086263 1.865119 0.145748 
187 0.550639 0.000000 -0.181504 100.886441 0.043379 4.872464 -0.020182 
188 0.550639 0.000000 -0.363009 99.791791 0.057145 6.552854 -0.000134 
189 0.746027 0.000000 -0.181504 101.512908 0.041476 5.517720 -0.033532 
190 0.550639 0.000000 0.000000 101.122130 0.027858 6.844958 -0.027254 
191 0.257557 0.000000 -0.090752 99.938363 -0.000708 -9.909846 -0.008588 
192 0.257557 0.000000 -0.181504 100.027761 0.055082 0.917712 -0.000640 
193 0.355251 0.000000 -0.090752 61.893503 0.115238 -2.440952 0.616322 
194 0.257557 0.000000 0.000000 81.636392 0.081555 0.001365 0.333549 
195 0.111016 0.000000 -0.045376 143.453041 0.122291 -13.264902 -1.075475 
196 0.111016 0.000000 -0.090752 91.166362 0.001178 -15.060617 0.146187 
197 0.159863 0.000000 -0.045376 114.375223 -0.051519 -7.558605 -0.313883 
198 0.111016 0.000000 0.000000 146.189659 0.034902 0.220474 -1.137147 
199 0.037745 0.000000 -0.068064 71.146945 0.196455 -13.683817 0.475083 
200 0.013322 0.000000 -0.068064 69.915805 0.227647 -13.586916 0.492712 
201 0.037745 0.000000 -0.090752 81.655471 0.064273 -1.398966 0.333042 
202 0.062169 0.000000 -0.068064 75.456818 0.256134 -14.793567 0.408735 
203 0.037745 0.000000 -0.045376 70.972803 0.186622 -13.766288 0.477332 
204 0.550639 0.000000 0.181504 101.350784 0.034380 4.888736 -0.029588 
205 0.746027 0.000000 0.181504 102.093709 0.043220 5.564162 -0.045409 
206 0.550639 0.000000 0.363009 100.194743 -0.018565 6.238937 -0.007791 
207 0.257557 0.000000 0.090752 102.728047 -0.185790 10.417636 -0.066161 
208 0.355251 0.000000 0.090752 61.783528 -0.021417 2.654535 0.617575 
209 0.257557 0.000000 0.181504 101.335967 -0.061801 8.981198 -0.034964 
210 0.111016 0.000000 0.045376 143.177414 -0.003523 13.523603 -1.068266 
211 0.159863 0.000000 0.045376 114.409653 -0.107831 7.672762 -0.314845 
212 0.111016 0.000000 0.090752 95.985732 0.004692 16.258074 0.052241 
213 -1.989406 0.000000 8.712216 99.756807 -0.000159 6.975376 -0.000008 
214 -5.115617 0.000000 8.712216 99.756658 -0.000088 6.975620 -0.000005 
215 1.136804 0.000000 8.712216 99.756624 -0.000255 6.975011 -0.000003 
216 -1.989406 0.000000 11.616288 99.756583 -0.000112 6.975487 -0.000003 
217 -0.426301 0.000000 4.356108 99.759598 -0.000119 6.974022 -0.000061 
218 -1.989406 0.000000 4.356108 99.758311 -0.000731 6.975690 -0.000038 
219 1.136804 0.000000 4.356108 99.758830 0.000848 6.971201 -0.000042 
220 -0.426301 0.000000 5.808144 99.757645 -0.001064 6.974576 -0.000023 
221 0.355251 0.000000 2.178054 99.780129 -0.005016 6.968349 -0.000463 
222 -0.426301 0.000000 2.178054 99.769575 0.001670 6.978194 -0.000266 
223 1.136804 0.000000 2.178054 99.788708 -0.003495 6.949049 -0.000608 
224 0.355251 0.000000 2.904072 99.769141 -0.000237 6.970317 -0.000247 
225 -0.035525 0.000000 1.089027 99.793671 0.000062 6.996582 -0.000773 
226 -0.426301 0.000000 1.089027 99.776765 -0.001236 6.993935 -0.000432 
227 0.355251 0.000000 1.089027 99.844561 -0.000208 6.971684 -0.001754 
228 -0.035525 0.000000 1.452036 99.774290 -0.006861 6.972540 -0.000353 
229 0.159863 0.000000 0.544513 99.836631 0.001645 7.159924 -0.001862 
230 -0.035525 0.000000 0.544513 99.695246 0.000692 7.027991 0.001147 
231 0.355251 0.000000 0.544513 100.094388 0.001781 7.021664 -0.006819 
232 0.159863 0.000000 0.726018 99.827573 -0.031085 7.038321 -0.001508 
233 0.062169 0.000000 0.272257 98.315084 -0.084365 7.313534 0.028065 
234 -0.035525 0.000000 0.272257 99.372340 -0.053887 6.524428 0.008257 
235 0.159863 0.000000 0.272257 99.703296 -0.012548 8.096153 -0.000630 
236 0.062169 0.000000 0.363009 99.440751 -0.129977 7.300916 0.005822 
237 0.013322 0.000000 0.136128 94.407879 -0.081620 3.527578 0.107470 
238 -0.035525 0.000000 0.136128 98.844615 -0.081456 -0.063514 0.022973 
239 0.062169 0.000000 0.136128 95.407315 -0.010473 9.024033 0.081601 
240 0.013322 0.000000 0.181504 96.066835 -0.062712 5.149492 0.074464 
241 0.037745 0.000000 0.068064 79.084432 -0.150800 15.771410 0.349689 
242 0.013322 0.000000 0.068064 78.413696 -0.205172 15.599755 0.360790 
243 0.037745 0.000000 0.045376 78.988282 -0.148199 15.726774 0.351350 
244 0.062169 0.000000 0.068064 82.490538 -0.137052 16.384412 0.292684 
245 0.037745 0.000000 0.090752 87.194325 -0.007285 9.516040 0.230659 
246 0.111016 0.000000 -0.136128 95.707050 -0.019198 -1.820613 0.083685 
247 0.111016 0.000000 -0.181504 95.497007 0.064155 1.617833 0.087770 
248 0.159863 0.000000 -0.136128 97.496209 0.010728 -3.819130 0.047990 
249 0.086592 0.000000 -0.068064 90.637057 -0.088365 -14.998778 0.155995 
250 0.086592 0.000000 -0.090752 90.644331 -0.087927 -15.191184 0.155283 
251 0.111016 0.000000 -0.068064 91.166330 0.001074 -15.063484 0.146179 
252 0.086592 0.000000 -0.045376 165.615485 0.104364 -17.065105 -1.771972 
253 0.086592 0.000000 -0.113440 92.543703 0.033333 -4.065061 0.141914 
254 0.062169 0.000000 -0.113440 89.733850 0.062513 -1.119940 0.194658 
255 0.086592 0.000000 -0.136128 94.124485 0.008498 -0.417692 0.114041 
256 0.111016 0.000000 -0.113440 95.021375 -0.029944 -5.370498 0.094210 
257 0.074381 0.000000 -0.079408 87.872399 -0.000962 -14.986595 0.205384 
258 0.062169 0.000000 -0.079408 73.001227 0.282350 -14.171712 0.446990 
259 0.074381 0.000000 -0.090752 86.004434 0.068226 -9.442004 0.251408 
260 0.086592 0.000000 -0.079408 90.697630 -0.079053 -15.055597 0.154726 
261 0.074381 0.000000 -0.068064 86.460755 0.035378 -15.057901 0.229780 
262 0.111016 0.000000 0.136128 98.413693 -0.157222 11.387565 0.018504 
263 0.159863 0.000000 0.136128 99.948137 -0.091510 12.280481 -0.014045 
264 0.111016 0.000000 0.181504 97.426638 -0.033569 9.945793 0.040913 
265 0.086592 0.000000 0.068064 95.714649 0.077032 16.205264 0.057609 
266 0.086592 0.000000 0.045376 164.748050 0.012467 17.426099 -1.744559 
267 0.111016 0.000000 0.068064 95.986085 0.004652 16.257421 0.052237 
268 0.086592 0.000000 0.090752 95.732508 0.075763 16.162232 0.057406 
269 0.086592 0.000000 0.113440 96.105658 -0.050517 12.456900 0.060853 
270 0.062169 0.000000 0.113440 93.551311 -0.025455 10.488643 0.113814 
271 0.111016 0.000000 0.113440 98.315440 -0.108705 12.960101 0.016610 
272 0.086592 0.000000 0.136128 96.969966 -0.077252 10.604657 0.048436 
273 0.074381 0.000000 0.079408 93.415252 0.050187 16.129305 0.101343 
274 0.062169 0.000000 0.079408 80.397524 -0.174684 16.003406 0.328010 
275 0.074381 0.000000 0.068064 92.170012 0.030072 16.232365 0.124120 
276 0.086592 0.000000 0.079408 95.750671 0.068341 16.199990 0.056936 
277 0.074381 0.000000 0.090752 90.884047 0.001392 15.148590 0.151061 
278 0.208710 0.000000 -0.045376 93.990136 -0.161530 -5.905877 0.113095 
279 0.208710 0.000000 -0.090752 98.281846 -0.084862 -12.859036 0.017532 
280 0.257557 0.000000 -0.045376 80.918880 0.027659 -3.268842 0.344145 
281 0.208710 0.000000 0.000000 95.271035 -0.248751 0.074468 0.092336 
282 0.135439 0.000000 -0.068064 91.375765 0.117152 -15.309436 0.141608 
283 0.135439 0.000000 -0.090752 92.013581 0.079280 -15.311061 0.129907 
284 0.159863 0.000000 -0.068064 112.164406 -0.090519 -12.109469 -0.272750 
285 0.135439 0.000000 -0.045376 127.530740 0.175559 -9.874308 -0.636162 
286 0.257557 0.000000 -0.272257 100.277601 0.028509 4.311331 -0.007419 
287 0.257557 0.000000 -0.363009 99.482208 0.041274 5.592929 0.007201 
288 0.355251 0.000000 -0.272257 100.914473 0.068555 5.001813 -0.020875 
289 0.208710 0.000000 -0.136128 98.961578 0.002937 -4.153291 0.018936 
290 0.208710 0.000000 -0.181504 98.858610 0.086513 -0.028901 0.022697 
291 0.257557 0.000000 -0.136128 100.139249 -0.060050 -2.845891 -0.003597 
292 0.135439 0.000000 -0.113440 96.472771 -0.097178 -6.001108 0.065698 
293 0.135439 0.000000 -0.136128 96.615950 -0.032184 -2.829204 0.065735 
294 0.159863 0.000000 -0.113440 97.740185 -0.136365 -6.951776 0.039851 
295 0.123228 0.000000 -0.079408 91.300891 0.074340 -15.183341 0.143361 
296 0.111016 0.000000 -0.079408 91.219381 0.028384 -15.196951 0.144808 
297 0.123228 0.000000 -0.090752 91.330138 0.089740 -15.135581 0.142971 
298 0.135439 0.000000 -0.079408 93.130839 0.016808 -15.222176 0.109493 
299 0.123228 0.000000 -0.068064 91.321013 0.084383 -15.128238 0.143160 
300 0.208710 0.000000 0.045376 93.983235 -0.246127 6.026851 0.113077 
301 0.257557 0.000000 0.045376 80.938214 -0.021316 3.288787 0.343819 
302 0.208710 0.000000 0.090752 101.734836 -0.161152 13.488242 -0.053194 
303 0.135439 0.000000 0.068064 96.062122 -0.045569 16.215771 0.050912 
304 0.135439 0.000000 0.045376 127.519870 0.097739 10.068368 -0.636270 
305 0.159863 0.000000 0.068064 112.258753 -0.223708 12.132768 -0.274928 
306 0.135439 0.000000 0.090752 96.620948 -0.061152 16.335049 0.039755 
307 0.257557 0.000000 0.272257 101.194851 -0.039974 7.951328 -0.030362 
308 0.355251 0.000000 0.272257 101.649208 -0.076806 6.949855 -0.038087 
309 0.257557 0.000000 0.363009 100.096225 -0.100430 7.442860 -0.007466 
310 0.208710 0.000000 0.136128 101.166272 -0.077302 11.676431 -0.037096 
311 0.257557 0.000000 0.136128 102.022730 -0.201518 9.572655 -0.050031 
312 0.208710 0.000000 0.181504 100.438888 -0.064222 10.344524 -0.019498 
313 0.135439 0.000000 0.113440 99.658106 -0.190533 12.844474 -0.009675 
314 0.159863 0.000000 0.113440 100.742901 -0.153743 13.013511 -0.031851 
315 0.135439 0.000000 0.136128 99.290687 -0.078764 11.835225 0.000128 
316 0.123228 0.000000 0.079408 96.028216 -0.031077 16.239268 0.051487 
317 0.111016 0.000000 0.079408 96.014259 -0.009238 16.230700 0.051783 
318 0.123228 0.000000 0.068064 96.022928 -0.040358 16.253064 0.051543 
319 0.135439 0.000000 0.079408 97.610833 -0.080471 16.146612 0.021141 
320 0.123228 0.000000 0.090752 96.025978 -0.042156 16.252021 0.051488 
321 0.184287 0.000000 -0.068064 101.239675 -0.089694 -10.602381 -0.036189 
322 0.184287 0.000000 -0.090752 97.976432 -0.207735 -13.171780 0.022708 
323 0.208710 0.000000 -0.068064 92.002564 0.024775 -8.710167 0.145966 
324 0.184287 0.000000 -0.045376 103.388692 -0.153493 -7.167062 -0.074061 
325 0.184287 0.000000 0.068064 101.398522 -0.178277 10.736969 -0.039697 
326 0.184287 0.000000 0.045376 103.407007 -0.262519 7.250829 -0.074565 
327 0.208710 0.000000 0.068064 91.960128 -0.154400 8.806227 0.146576 
328 0.184287 0.000000 0.090752 101.611557 -0.210932 13.885075 -0.051775 
329 0.452945 0.000000 -0.090752 98.468712 0.028181 2.975802 0.029506 
330 0.452945 0.000000 -0.181504 99.559351 0.050263 1.358243 0.008609 
331 0.550639 0.000000 -0.090752 100.680575 0.031241 6.017494 -0.017279 
332 0.452945 0.000000 0.000000 101.122131 0.027859 6.844961 -0.027254 
333 0.306404 0.000000 -0.136128 101.262770 -0.067980 -1.156972 -0.025549 
334 0.306404 0.000000 -0.181504 100.990091 0.026845 2.037173 -0.020315 
335 0.355251 0.000000 -0.136128 103.056405 0.040011 0.430996 -0.062081 
336 0.306404 0.000000 -0.090752 102.334201 0.100460 -6.326571 -0.051232 
337 0.233134 0.000000 -0.113440 99.263361 -0.027146 -6.431921 0.010541 
338 0.208710 0.000000 -0.113440 99.819128 -0.055553 -7.527114 -0.002052 
339 0.233134 0.000000 -0.136128 99.402192 -0.041222 -3.472117 0.010715 
340 0.257557 0.000000 -0.113440 100.115200 -0.012256 -10.011614 -0.012329 
341 0.233134 0.000000 -0.090752 100.189083 -0.076757 -9.940385 -0.013667 
342 0.452945 0.000000 0.090752 98.966532 -0.005362 2.986494 0.019671 
343 0.550639 0.000000 0.090752 100.926301 0.021646 6.016769 -0.022232 
344 0.452945 0.000000 0.181504 100.057506 0.024587 1.346061 -0.001332 
345 0.306404 0.000000 0.136128 102.780621 -0.183457 7.257090 -0.061656 
346 0.306404 0.000000 0.090752 104.160411 -0.040244 6.556363 -0.089238 
347 0.355251 0.000000 0.136128 104.290214 -0.065275 5.276620 -0.090430 
348 0.306404 0.000000 0.181504 102.099793 -0.146974 7.503797 -0.048070 
349 0.233134 0.000000 0.113440 101.782742 -0.124993 10.524910 -0.047052 
350 0.208710 0.000000 0.113440 102.622234 -0.108702 12.302951 -0.068270 
351 0.233134 0.000000 0.090752 103.048347 -0.181889 10.453378 -0.072827 
352 0.257557 0.000000 0.113440 102.951039 -0.192049 10.409154 -0.070730 
353 0.233134 0.000000 0.136128 101.418124 -0.170235 10.547545 -0.039692 
354 0.306404 0.000000 -0.045376 72.818475 0.095171 -2.488107 0.469127 
355 0.355251 0.000000 -0.045376 67.932922 0.023097 -0.986609 0.538414 
356 0.306404 0.000000 0.000000 73.760095 0.038875 0.002810 0.455945 
357 0.281981 0.000000 -0.113440 103.216037 -0.074579 -5.928911 -0.068871 
358 0.281981 0.000000 -0.136128 101.162529 -0.006806 -2.156907 -0.023851 
359 0.306404 0.000000 -0.113440 102.330556 0.101293 -6.326402 -0.051158 
360 0.281981 0.000000 -0.090752 100.523456 0.018621 -9.245563 -0.019045 
361 0.281981 0.000000 -0.068064 74.433530 0.015561 -4.109728 0.444276 
362 0.257557 0.000000 -0.068064 80.153622 -0.021236 -5.467091 0.354551 
363 0.306404 0.000000 -0.068064 71.322386 0.097236 -2.939036 0.490447 
364 0.281981 0.000000 -0.045376 75.813151 0.032176 -2.379079 0.424671 
365 0.269769 0.000000 -0.102096 99.800674 0.018585 -9.921679 -0.005861 
366 0.257557 0.000000 -0.102096 99.926012 0.000200 -9.918579 -0.008359 
367 0.269769 0.000000 -0.113440 99.591978 0.023425 -9.947164 -0.001751 
368 0.281981 0.000000 -0.102096 100.931755 0.019039 -9.004085 -0.026829 
369 0.269769 0.000000 -0.090752 99.689729 0.020878 -9.826157 -0.003460 
370 0.306404 0.000000 0.045376 72.847192 0.068249 2.491464 0.468707 
371 0.355251 0.000000 0.045376 67.905726 0.006023 1.058281 0.538769 
372 0.281981 0.000000 0.113440 105.466560 -0.193620 9.106389 -0.120616 
373 0.281981 0.000000 0.090752 103.050980 -0.157267 9.601671 -0.071172 
374 0.306404 0.000000 0.113440 104.156120 -0.039923 6.556158 -0.089148 
375 0.281981 0.000000 0.136128 102.914679 -0.214813 8.497397 -0.066368 
376 0.281981 0.000000 0.068064 74.462923 -0.013889 4.153067 0.443802 
377 0.257557 0.000000 0.068064 80.261890 -0.152656 5.443968 0.352837 
378 0.281981 0.000000 0.045376 75.879795 0.008476 2.386187 0.423656 
379 0.306404 0.000000 0.068064 71.390204 0.076248 2.952039 0.489472 
380 0.269769 0.000000 0.102096 102.523291 -0.182710 10.384144 -0.061889 
381 0.257557 0.000000 0.102096 102.714260 -0.186376 10.411906 -0.065866 
382 0.269769 0.000000 0.090752 102.426032 -0.180855 10.413876 -0.059957 
383 0.281981 0.000000 0.102096 103.372982 -0.142721 9.345974 -0.077334 
384 0.269769 0.000000 0.113440 102.317957 -0.188811 10.339798 -0.057591 
385 0.746027 0.000000 -1.089027 99.713548 0.002753 6.884146 0.000982 
386 0.746027 0.000000 -1.452036 99.726127 0.001953 6.923177 0.000677 
387 1.136804 0.000000 -1.089027 99.709650 -0.001991 6.856066 0.001098 
388 0.550639 0.000000 -0.544513 99.749724 -0.008576 6.741432 0.000455 
389 0.550639 0.000000 -0.726018 99.701502 0.029269 6.789200 0.001352 
390 0.746027 0.000000 -0.544513 99.622115 0.034051 6.752420 0.002984 
391 0.452945 0.000000 -0.272257 100.475991 0.086768 6.208150 -0.013397 
392 0.452945 0.000000 -0.363009 99.994105 0.032137 6.364137 -0.003932 
393 0.550639 0.000000 -0.272257 100.891120 0.072510 1.481618 -0.018122 
394 0.404098 0.000000 -0.136128 97.524745 0.028373 0.504016 0.048867 
395 0.404098 0.000000 -0.181504 101.605102 0.057731 4.785152 -0.034650 
396 0.452945 0.000000 -0.136128 98.573718 0.034385 1.900333 0.027961 
397 0.404098 0.000000 -0.090752 99.234907 0.025428 -0.682907 0.015197 
398 0.330828 0.000000 -0.113440 102.325500 0.147449 -6.260346 -0.050972 
399 0.330828 0.000000 -0.136128 101.817935 0.039770 -0.751125 -0.036746 
400 0.355251 0.000000 -0.113440 103.200402 0.130161 -4.532415 -0.067088 
401 0.330828 0.000000 -0.090752 102.274039 0.143005 -6.200497 -0.049845 
402 0.746027 0.000000 1.089027 99.868950 -0.000584 6.906625 -0.002151 
403 1.136804 0.000000 1.089027 99.860039 0.002564 6.838762 -0.001880 
404 0.746027 0.000000 1.452036 99.821004 -0.000722 6.933471 -0.001231 
405 0.550639 0.000000 0.544513 100.087569 -0.058943 6.715805 -0.006263 
406 0.746027 0.000000 0.544513 100.044532 -0.002275 6.652497 -0.005316 
407 0.550639 0.000000 0.726018 99.961049 -0.020022 6.883554 -0.003959 
408 0.452945 0.000000 0.272257 100.997945 -0.010249 5.640072 -0.023240 
409 0.550639 0.000000 0.272257 101.377848 0.058789 1.460366 -0.027960 
410 0.452945 0.000000 0.363009 100.435740 -0.074472 6.449297 -0.012894 
411 0.404098 0.000000 0.136128 98.043269 -0.020974 0.506667 0.038726 
412 0.404098 0.000000 0.090752 100.008107 -0.020902 1.618227 -0.000424 
413 0.452945 0.000000 0.136128 99.083214 0.000494 1.899534 0.017891 
414 0.404098 0.000000 0.181504 102.346149 -0.096674 4.326747 -0.049346 
415 0.330828 0.000000 0.113440 104.132400 -0.039141 6.598180 -0.088709 
416 0.330828 0.000000 0.090752 104.073447 -0.038143 6.628546 -0.087522 
417 0.355251 0.000000 0.113440 104.744118 -0.053530 4.728107 -0.099369 
418 0.330828 0.000000 0.136128 103.129633 -0.122130 6.685111 -0.068043 
419 0.404098 0.000000 -0.045376 67.433560 0.009525 0.781756 0.545210 
420 0.452945 0.000000 -0.045376 99.054275 0.025476 4.736715 0.016581 
421 0.404098 0.000000 0.000000 68.503017 -0.019871 -0.015724 0.530734 
422 0.379675 0.000000 -0.113440 102.682475 0.055206 -2.091375 -0.054807 
423 0.379675 0.000000 -0.136128 103.062213 0.084696 2.118546 -0.062632 
424 0.404098 0.000000 -0.113440 100.417048 0.025367 -1.541554 -0.008596 
425 0.379675 0.000000 -0.090752 102.844749 0.062215 -2.146630 -0.058165 
426 0.330828 0.000000 -0.068064 68.698375 0.099602 -2.572694 0.527390 
427 0.355251 0.000000 -0.068064 66.164604 0.097367 -1.706261 0.561932 
428 0.330828 0.000000 -0.045376 70.042097 0.135099 -1.762276 0.509098 
429 0.343039 0.000000 -0.102096 102.621834 0.152987 -6.295056 -0.057089 
430 0.330828 0.000000 -0.102096 102.389224 0.147749 -6.240196 -0.052252 
431 0.343039 0.000000 -0.113440 102.695549 0.151741 -6.263714 -0.058563 
432 0.355251 0.000000 -0.102096 103.225815 0.131713 -4.630863 -0.067703 
433 0.343039 0.000000 -0.090752 102.624995 0.157017 -6.345687 -0.057218 
434 0.404098 0.000000 0.045376 67.361570 -0.045212 -0.839419 0.546171 
435 0.452945 0.000000 0.045376 99.498616 -0.000072 4.749943 0.007746 
436 0.330828 0.000000 0.068064 68.833766 0.031822 2.683660 0.525471 
437 0.330828 0.000000 0.045376 70.118787 0.057867 1.834383 0.507999 
438 0.355251 0.000000 0.068064 66.217858 0.006220 1.790274 0.561199 
439 0.379675 0.000000 0.113440 103.740057 -0.028573 2.328509 -0.076742 
440 0.379675 0.000000 0.090752 103.917314 -0.034433 2.286223 -0.080404 
441 0.404098 0.000000 0.113440 101.332252 -0.019209 2.051772 -0.027244 
442 0.379675 0.000000 0.136128 104.144612 -0.039221 3.367173 -0.085744 
443 0.343039 0.000000 0.102096 104.429825 -0.053782 6.606790 -0.094924 
444 0.330828 0.000000 0.102096 104.196100 -0.043347 6.617659 -0.090062 
445 0.343039 0.000000 0.090752 104.465093 -0.057180 6.577461 -0.095622 
446 0.355251 0.000000 0.102096 104.775108 -0.052088 4.828962 -0.100114 
447 0.343039 0.000000 0.113440 104.492281 -0.057375 6.632728 -0.096263 
448 1.527580 0.000000 -0.363009 99.487424 -0.037776 6.059895 0.006553 
449 1.527580 0.000000 -0.726018 99.597318 -0.008409 6.630905 0.003641 
450 1.918356 0.000000 -0.363009 99.277229 -0.166500 5.099305 0.011800 
451 1.527580 0.000000 0.000000 101.205754 0.337004 8.712363 -0.031862 
452 0.941416 0.000000 -0.181504 101.186554 0.045761 5.119874 -0.026493 
453 0.941416 0.000000 -0.363009 99.272640 0.020356 6.324774 0.010494 
454 1.136804 0.000000 -0.181504 100.132851 0.053162 4.384582 -0.004582 
455 0.941416 0.000000 0.000000 101.935125 0.050964 6.675571 -0.043534 
456 0.648333 0.000000 -0.090752 101.208817 0.036855 5.976758 -0.027895 
457 0.648333 0.000000 -0.181504 101.131103 0.045027 4.694566 -0.024954 
458 0.746027 0.000000 -0.090752 101.676922 0.035363 6.738451 -0.038360 
459 0.648333 0.000000 0.000000 101.479115 0.030176 6.932163 -0.034607 
460 0.501792 0.000000 -0.136128 99.193538 0.032547 3.461855 0.014866 
461 0.501792 0.000000 -0.181504 100.032720 0.043015 3.021242 -0.001567 
462 0.550639 0.000000 -0.136128 100.924761 0.038763 5.913651 -0.022078 
463 0.501792 0.000000 -0.090752 99.114460 0.026065 4.555241 0.015557 
464 0.428522 0.000000 -0.113440 97.441453 0.034426 -0.082087 0.050516 
465 0.428522 0.000000 -0.136128 98.354324 0.037885 1.354737 0.032459 
466 0.452945 0.000000 -0.113440 98.416453 0.030274 2.316746 0.030883 
467 0.428522 0.000000 -0.090752 98.399729 0.033100 2.074104 0.031319 
468 0.379675 0.000000 -0.068064 65.530321 0.038572 -0.362125 0.570564 
469 0.404098 0.000000 -0.068064 97.524844 0.027452 0.928463 0.048804 
470 0.379675 0.000000 -0.045376 67.102917 0.060067 -0.118696 0.549718 
471 0.391886 0.000000 -0.102096 101.598297 0.036810 -1.863427 -0.032569 
472 0.379675 0.000000 -0.102096 102.879860 0.061673 -2.064956 -0.058853 
473 0.391886 0.000000 -0.113440 101.214699 0.032188 -1.534184 -0.024677 
474 0.404098 0.000000 -0.102096 100.329727 0.022048 -1.641408 -0.006875 
475 0.391886 0.000000 -0.090752 100.851842 0.031346 -1.305869 -0.017280 
476 0.379675 0.000000 0.068064 65.455193 -0.000595 0.379667 0.571547 
477 0.379675 0.000000 0.045376 67.036661 0.008449 0.147217 0.550606 
478 0.404098 0.000000 0.068064 98.046539 -0.020017 0.932231 0.038601 
479 1.527580 0.000000 0.363009 99.987573 -0.071857 5.778514 -0.003091 
480 1.918356 0.000000 0.363009 100.152299 0.002321 4.709114 -0.005266 
481 1.527580 0.000000 0.726018 99.879128 -0.001975 6.587166 -0.001923 
482 0.941416 0.000000 0.181504 102.745680 0.081310 5.203040 -0.058375 
483 1.136804 0.000000 0.181504 103.258126 0.118508 4.588069 -0.068330 
484 0.941416 0.000000 0.363009 100.235871 -0.015212 6.244294 -0.008622 
485 0.648333 0.000000 0.090752 101.497772 0.034802 5.995196 -0.033774 
486 0.746027 0.000000 0.090752 101.934203 0.034171 6.753913 -0.043620 
487 0.648333 0.000000 0.181504 101.669600 0.042135 4.713124 -0.035892 
488 0.501792 0.000000 0.136128 99.675446 0.005304 3.476967 0.005272 
489 0.501792 0.000000 0.090752 99.534123 0.000703 4.559677 0.007217 
490 0.550639 0.000000 0.136128 101.327545 0.030751 5.926581 -0.030240 
491 0.501792 0.000000 0.181504 100.522957 0.023985 3.020290 -0.011399 
492 0.428522 0.000000 0.113440 98.105024 -0.019423 1.675522 0.037260 
493 0.428522 0.000000 0.090752 98.909228 -0.000735 2.072769 0.021267 
494 0.452945 0.000000 0.113440 98.922437 -0.005132 2.322512 0.020896 
495 0.428522 0.000000 0.136128 98.866976 0.000335 1.352134 0.022349 
496 0.391886 0.000000 0.102096 102.581139 -0.016251 2.159401 -0.052755 
497 0.379675 0.000000 0.102096 103.946675 -0.032239 2.358773 -0.081048 
498 0.391886 0.000000 0.090752 101.730044 -0.011202 1.884580 -0.035255 
499 0.404098 0.000000 0.102096 101.258800 -0.022166 2.133089 -0.025790 
500 0.391886 0.000000 0.113440 102.135045 -0.009935 2.012534 -0.043562 
501 1.332192 0.000000 -0.181504 101.000344 0.748269 4.803437 -0.022470 
502 1.332192 0.000000 -0.363009 99.644583 0.025050 5.966915 0.003535 
503 1.527580 0.000000 -0.181504 101.011160 0.846359 6.494323 -0.024615 
504 1.332192 0.000000 0.000000 100.913332 0.187027 7.958954 -0.024688 
505 1.332192 0.000000 0.181504 101.115993 -0.334436 4.926367 -0.024882 
506 1.527580 0.000000 0.181504 101.587300 -0.142527 6.954449 -0.036836 
507 1.332192 0.000000 0.363009 100.032884 -0.031454 5.641253 -0.003840 
508 1.234498 0.000000 -0.090752 98.427348 0.159454 1.492777 0.030980 
509 1.136804 0.000000 -0.090752 100.091617 0.063332 4.717361 -0.004059 
510 1.234498 0.000000 -0.181504 99.360953 0.130662 0.500922 0.012713 
511 1.332192 0.000000 -0.090752 99.443453 0.388154 5.297967 0.008278 
512 1.234498 0.000000 0.000000 83.012748 -0.316502 1.572958 0.310631 
513 1.234498 0.000000 0.090752 100.644434 0.041178 1.466108 -0.013145 
514 1.136804 0.000000 0.090752 101.685735 0.110765 4.732021 -0.036239 
515 1.332192 0.000000 0.090752 100.591429 -0.129776 5.359175 -0.014737 
516 1.234498 0.000000 0.181504 101.361111 0.148092 0.488508 -0.027434 
517 4.263014 0.000000 -8.712216 99.756667 0.000269 6.975227 -0.000005 
518 4.263014 0.000000 -11.616288 99.756495 0.000153 6.975436 -0.000001 
519 7.389224 0.000000 -8.712216 99.756633 0.000187 6.975516 -0.000004 
520 2.699909 0.000000 -4.356108 99.757641 -0.000319 6.972040 -0.000020 
521 2.699909 0.000000 -5.808144 99.756943 0.001008 6.974194 -0.000009 
522 4.263014 0.000000 -4.356108 99.757939 0.000288 6.974105 -0.000028 
523 1.918356 0.000000 -2.178054 99.765455 0.001596 6.948812 -0.000143 
524 1.918356 0.000000 -2.904072 99.762101 0.007495 6.965413 -0.000099 
525 2.699909 0.000000 -2.178054 99.767228 -0.000716 6.958093 -0.000191 
526 1.527580 0.000000 -1.089027 99.719604 -0.002664 6.825254 0.000942 
527 1.527580 0.000000 -1.452036 99.741168 0.016777 6.896481 0.000414 
528 1.918356 0.000000 -1.089027 99.763636 0.005806 6.815202 0.000077 
529 1.332192 0.000000 -0.544513 99.575196 0.011872 6.466668 0.004296 
530 1.136804 0.000000 -0.544513 99.506821 0.013704 6.523842 0.005583 
531 1.332192 0.000000 -0.726018 99.639850 0.005427 6.676745 0.002732 
532 1.527580 0.000000 -0.544513 99.564448 -0.021613 6.436106 0.004550 
533 1.234498 0.000000 -0.272257 99.664945 0.053651 5.111680 0.004077 
534 1.136804 0.000000 -0.272257 100.579787 0.124445 0.853242 -0.011704 
535 1.234498 0.000000 -0.363009 99.540545 0.016228 5.860755 0.005733 
536 1.332192 0.000000 -0.272257 100.719222 0.430632 0.475704 -0.014477 
537 10.515434 0.000000 -2.904072 99.756495 0.000092 6.975766 -0.000002 
538 10.515434 0.000000 -5.808144 99.756548 0.000117 6.975679 -0.000003 
539 13.641644 0.000000 -2.904072 99.756423 0.000038 6.975698 -0.000000 
540 10.515434 0.000000 0.000000 99.756326 0.000002 6.975869 0.000001 
541 5.826119 0.000000 -1.452036 99.757458 -0.000278 6.976410 -0.000022 
542 5.826119 0.000000 -2.904072 99.757722 -0.000413 6.975588 -0.000026 
543 7.389224 0.000000 -1.452036 99.756661 0.000111 6.976139 -0.000006 
544 5.826119 0.000000 0.000000 99.755777 -0.002510 6.977535 0.000010 
545 3.481461 0.000000 -0.726018 99.789788 -0.002043 6.979573 -0.000672 
546 3.481461 0.000000 -1.452036 99.774822 -0.001503 6.968751 -0.000358 
547 4.263014 0.000000 -0.726018 99.760824 0.003408 6.979933 -0.000094 
548 3.481461 0.000000 0.000000 99.754844 0.002000 7.012241 -0.000020 
549 2.309132 0.000000 -0.363009 99.988325 -0.190173 6.001879 -0.003372 
550 2.309132 0.000000 -0.726018 99.859619 0.006950 6.671147 -0.001645 
551 2.699909 0.000000 -0.363009 100.141810 -0.127100 6.650934 -0.007263 
552 2.309132 0.000000 0.000000 129.874592 1.782051 8.803815 -0.694809 
553 1.722968 0.000000 -0.181504 100.541096 0.515729 7.262755 -0.016153 
554 1.722968 0.000000 -0.363009 99.172968 -0.097394 5.752107 0.013163 
555 1.918356 0.000000 -0.181504 99.961546 0.647817 8.093096 -0.005823 
556 1.722968 0.000000 0.000000 101.402192 0.692744 9.884922 -0.038060 
557 1.429886 0.000000 -0.090752 100.851224 0.438326 5.377491 -0.020008 
558 1.429886 0.000000 -0.181504 100.939405 0.668332 5.012086 -0.021433 
559 1.527580 0.000000 -0.090752 101.136494 0.525521 8.831966 -0.030687 
560 1.429886 0.000000 0.000000 100.913131 0.187006 7.960586 -0.024687 
561 1.283345 0.000000 -0.136128 98.714575 0.437590 2.323800 0.024984 
562 1.234498 0.000000 -0.136128 98.562874 0.172306 1.031276 0.028427 
563 1.283345 0.000000 -0.181504 99.296821 0.463705 1.746588 0.013688 
564 1.332192 0.000000 -0.136128 99.482361 0.526230 4.367198 0.008391 
565 1.283345 0.000000 -0.090752 98.532255 0.395811 2.501550 0.028498 
566 10.515434 0.000000 2.904072 99.756186 -0.000071 6.975720 0.000004 
567 13.641644 0.000000 2.904072 99.756327 -0.000025 6.975682 0.000002 
568 10.515434 0.000000 5.808144 99.756188 -0.000103 6.975620 0.000004 
569 5.826119 0.000000 1.452036 99.754376 0.000189 6.976178 0.000040 
570 7.389224 0.000000 1.452036 99.755700 -0.000032 6.976023 0.000014 
571 5.826119 0.000000 2.904072 99.754580 0.000313 6.975051 0.000037 
572 3.481461 0.000000 0.726018 99.712019 0.003091 6.977297 0.000883 
573 4.263014 0.000000 0.726018 99.745237 0.000063 6.978642 0.000219 
574 3.481461 0.000000 1.452036 99.729752 -0.001537 6.963407 0.000549 
575 2.309132 0.000000 0.363009 98.394723 -0.202306 6.045152 0.028189 
576 2.699909 0.000000 0.363009 99.333784 -0.220262 6.922766 0.008483 
577 2.309132 0.000000 0.726018 99.526545 -0.020380 6.571303 0.005128 
578 1.722968 0.000000 0.181504 102.291689 0.330318 8.502123 -0.053598 
579 1.918356 0.000000 0.181504 102.257515 1.123828 9.841696 -0.055472 
580 1.722968 0.000000 0.363009 100.304011 0.027708 5.641406 -0.009272 
581 1.429886 0.000000 0.090752 101.200232 -0.068063 5.567973 -0.027249 
582 1.527580 0.000000 0.090752 101.329482 0.163800 8.986181 -0.034844 
583 1.429886 0.000000 0.181504 101.218828 -0.390602 5.142072 -0.027184 
584 4.263014 0.000000 8.712216 99.756210 -0.000270 6.975107 0.000005 
585 7.389224 0.000000 8.712216 99.756159 -0.000179 6.975424 0.000005 
586 4.263014 0.000000 11.616288 99.756358 -0.000153 6.975391 0.000001 
587 2.699909 0.000000 4.356108 99.755646 0.000520 6.971080 0.000022 
588 4.263014 0.000000 4.356108 99.754694 -0.000285 6.973389 0.000037 
589 2.699909 0.000000 5.808144 99.756025 -0.001576 6.973741 0.000010 
590 1.918356 0.000000 2.178054 99.768535 -0.001109 6.935053 -0.000186 
591 2.699909 0.000000 2.178054 99.744544 -0.001480 6.948993 0.000274 
592 1.918356 0.000000 2.904072 99.763894 -0.011285 6.955516 -0.000121 
593 1.527580 0.000000 1.089027 99.821061 0.002031 6.786592 -0.001030 
594 1.918356 0.000000 1.089027 99.766316 0.011200 6.755266 0.000105 
595 1.527580 0.000000 1.452036 99.801317 0.001076 6.872482 -0.000753 
596 1.332192 0.000000 0.544513 100.014376 -0.020431 6.344056 -0.004312 
597 1.136804 0.000000 0.544513 100.092490 -0.011079 6.454033 -0.006016 
598 1.527580 0.000000 0.544513 99.976219 -0.008276 6.307440 -0.003503 
599 1.332192 0.000000 0.726018 99.925459 -0.006634 6.609062 -0.002878 
600 1.234498 0.000000 0.272257 100.449358 -0.014115 4.935753 -0.011444 
601 1.136804 0.000000 0.272257 102.786406 0.157745 0.837227 -0.056577 
602 1.332192 0.000000 0.272257 101.389535 -0.371312 0.462933 -0.028019 
603 1.234498 0.000000 0.363009 100.251284 -0.008623 5.704817 -0.008286 
604 1.283345 0.000000 0.136128 100.448173 -0.206179 2.350967 -0.009540 
605 1.234498 0.000000 0.136128 100.730170 0.028602 1.006194 -0.014758 
606 1.283345 0.000000 0.090752 100.308794 -0.182039 2.530471 -0.006829 
607 1.332192 0.000000 0.136128 100.577824 -0.271907 4.436525 -0.013566 
608 1.283345 0.000000 0.181504 100.767176 -0.225959 1.856800 -0.015752 
609 2.113744 0.000000 -0.181504 103.437114 -1.101580 6.188423 -0.073875 
610 2.113744 0.000000 -0.363009 100.085915 -0.207486 5.518964 -0.004769 
611 2.309132 0.000000 -0.181504 99.564266 -0.842801 4.323514 0.006755 
612 2.113744 0.000000 0.000000 90.547091 1.821771 -0.801967 0.179726 
613 2.113744 0.000000 0.181504 97.974957 -0.830452 -0.569507 0.039989 
614 2.309132 0.000000 0.181504 95.333818 -1.501113 8.209674 0.084181 
615 2.113744 0.000000 0.363009 98.728814 -0.138721 4.583590 0.023159 
616 2.016050 0.000000 -0.090752 99.692608 0.246377 4.649764 0.003970 
617 1.918356 0.000000 -0.090752 100.471913 0.693034 9.043331 -0.017687 
618 2.016050 0.000000 -0.181504 99.429134 -0.216162 2.257167 0.010871 
619 2.113744 0.000000 -0.090752 77.186809 2.055792 8.302482 0.396904 
620 2.016050 0.000000 0.000000 101.191017 0.984479 10.393294 -0.034861 
621 2.016050 0.000000 0.090752 100.596535 0.199330 5.808770 -0.015344 
622 1.918356 0.000000 0.090752 101.871528 1.029150 9.802343 -0.047495 
623 2.113744 0.000000 0.090752 79.447776 0.239645 -8.362158 0.361807 
624 2.016050 0.000000 0.181504 101.084682 0.844963 3.630686 -0.023201 
625 2.309132 0.000000 -1.089027 99.810127 -0.009825 6.853853 -0.000904 
626 2.309132 0.000000 -1.452036 99.783982 0.002985 6.911458 -0.000461 
627 2.699909 0.000000 -1.089027 99.819010 -0.007214 6.911236 -0.001160 
628 2.113744 0.000000 -0.544513 99.936841 -0.062269 6.251627 -0.002646 
629 1.918356 0.000000 -0.544513 99.632319 -0.052197 6.121676 0.003592 
630 2.113744 0.000000 -0.726018 99.819826 0.008272 6.588788 -0.000741 
631 2.309132 0.000000 -0.544513 99.984387 -0.083959 6.457252 -0.003858 
632 2.016050 0.000000 -0.272257 100.436828 -0.207196 3.959695 -0.010328 
633 1.918356 0.000000 -0.272257 99.167078 -0.655742 1.556313 0.016304 
634 2.016050 0.000000 -0.363009 99.808967 -0.167496 5.083981 0.001230 
635 2.113744 0.000000 -0.272257 101.279368 -0.448762 5.303901 -0.028584 
636 3.090685 0.000000 -0.363009 99.942431 -0.017942 6.957956 -0.003690 
637 3.090685 0.000000 -0.726018 99.840934 -0.008364 6.948666 -0.001650 
638 3.481461 0.000000 -0.363009 99.788986 -0.001461 6.999302 -0.000683 
639 3.090685 0.000000 0.000000 99.846083 0.012111 7.307110 -0.002263 
640 2.504521 0.000000 -0.181504 100.880061 -0.720197 6.918250 -0.022517 
641 2.504521 0.000000 -0.363009 100.213857 -0.203994 6.361461 -0.008333 
642 2.699909 0.000000 -0.181504 100.340255 -0.094989 7.397486 -0.012290 
643 2.504521 0.000000 0.000000 100.591208 0.977797 8.525768 -0.019224 
644 2.211438 0.000000 -0.090752 95.075049 1.423482 17.445580 0.065436 
645 2.211438 0.000000 -0.181504 99.341881 -0.861511 7.657886 0.007181 
646 2.309132 0.000000 -0.090752 105.809628 3.888142 -8.697357 -0.128644 
647 2.211438 0.000000 0.000000 132.583310 0.809003 1.795146 -0.758221 
648 2.064897 0.000000 -0.136128 99.428432 -0.273861 1.281225 0.011227 
649 2.016050 0.000000 -0.136128 99.495399 0.260573 4.876907 0.007681 
650 2.064897 0.000000 -0.181504 102.972764 -0.589427 3.273448 -0.061445 
651 2.113744 0.000000 -0.136128 107.716443 -2.111006 8.170336 -0.167404 
652 2.064897 0.000000 -0.090752 99.149054 -0.037542 4.035979 0.015317 
653 3.090685 0.000000 0.363009 99.631220 -0.057911 7.051229 0.002390 
654 3.481461 0.000000 0.363009 99.721815 0.003605 6.999724 0.000656 
655 3.090685 0.000000 0.726018 99.655570 0.003711 6.954418 0.002040 
656 2.504521 0.000000 0.181504 98.998747 -0.449696 8.319165 0.012984 
657 2.699909 0.000000 0.181504 99.367530 0.051939 7.398241 0.007136 
658 2.504521 0.000000 0.363009 99.084993 -0.247235 6.692581 0.013731 
659 2.211438 0.000000 0.090752 88.525939 2.982068 -16.246583 0.189031 
660 2.309132 0.000000 0.090752 104.451218 3.183641 23.935817 -0.149312 
661 2.211438 0.000000 0.181504 94.115922 -0.999984 1.250298 0.113963 
662 2.309132 0.000000 1.089027 99.685521 0.004560 6.803312 0.001651 
663 2.699909 0.000000 1.089027 99.670089 0.003599 6.887937 0.001843 
664 2.309132 0.000000 1.452036 99.732250 -0.001223 6.883212 0.000610 
665 2.113744 0.000000 0.544513 99.487052 -0.018267 5.948070 0.006695 
666 1.918356 0.000000 0.544513 99.846024 -0.007645 5.996798 -0.000519 
667 2.309132 0.000000 0.544513 99.260674 -0.039738 6.337433 0.010715 
668 2.113744 0.000000 0.726018 99.630484 -0.016824 6.435470 0.003235 
669 2.016050 0.000000 0.272257 99.775475 -0.062966 3.112768 0.003516 
670 1.918356 0.000000 0.272257 103.269284 0.011174 2.077205 -0.066886 
671 2.113744 0.000000 0.272257 98.497705 -0.343258 3.102142 0.028846 
672 2.016050 0.000000 0.363009 99.474661 -0.039683 4.471112 0.008480 
673 2.064897 0.000000 0.136128 100.237447 0.281749 1.744208 -0.005067 
674 2.016050 0.000000 0.136128 100.837095 0.266667 6.562739 -0.021126 
675 2.064897 0.000000 0.090752 101.195478 -0.089835 6.014258 -0.027670 
676 2.113744 0.000000 0.136128 99.837479 -1.463151 -4.769926 0.000758 
677 2.064897 0.000000 0.181504 99.440393 -0.293171 1.124080 0.011026 
678 2.211438 0.000000 -0.272257 100.240644 -0.496026 5.957982 -0.008393 
679 2.211438 0.000000 -0.363009 99.970160 -0.204749 5.892957 -0.002880 
680 2.309132 0.000000 -0.272257 100.014605 -0.468522 5.643569 -0.003499 
681 2.162591 0.000000 -0.136128 102.374273 -1.104996 11.132633 -0.060565 
682 2.162591 0.000000 -0.181504 101.533612 -0.968502 7.891875 -0.037229 
683 2.211438 0.000000 -0.136128 97.327868 -0.819368 9.872815 0.042914 
684 2.162591 0.000000 -0.090752 102.838987 -0.672285 16.402121 -0.084534 
685 2.064897 0.000000 -0.045376 99.534099 -0.283261 0.499653 0.009263 
686 2.016050 0.000000 -0.045376 99.859841 0.499499 7.955398 -0.003553 
687 2.113744 0.000000 -0.045376 87.035545 2.450701 2.626589 0.241191 
688 2.064897 0.000000 0.000000 84.466176 2.247389 -0.222196 0.286036 
689 2.089321 0.000000 -0.113440 108.206602 -2.780703 5.258877 -0.174406 
690 2.064897 0.000000 -0.113440 106.154618 -1.676736 4.327487 -0.129034 
691 2.089321 0.000000 -0.136128 99.756550 -0.111113 0.198128 0.004858 
692 2.113744 0.000000 -0.113440 111.301318 -2.747977 11.592450 -0.252992 
693 2.089321 0.000000 -0.090752 104.221764 -1.699585 3.211495 -0.087538 
694 2.064897 0.000000 0.045376 100.185776 0.346260 0.645970 -0.003773 
695 2.016050 0.000000 0.045376 101.417842 0.441383 9.430899 -0.037472 
696 2.113744 0.000000 0.045376 89.369694 0.855531 -4.677178 0.199045 
697 2.211438 0.000000 0.272257 97.271189 -0.505673 4.276944 0.051977 
698 2.309132 0.000000 0.272257 97.556331 -0.559379 6.160078 0.044450 
699 2.211438 0.000000 0.363009 98.286222 -0.168354 5.257384 0.031215 
700 2.162591 0.000000 0.136128 95.801934 -0.963495 -6.016910 0.078486 
701 2.162591 0.000000 0.090752 96.080097 0.331618 -15.263045 0.053554 
702 2.211438 0.000000 0.136128 90.640057 -1.250504 -3.789514 0.176846 
703 2.162591 0.000000 0.181504 96.097101 -0.896163 -0.500598 0.076429 
704 2.089321 0.000000 0.113440 99.864640 -1.738164 -4.418296 0.000451 
705 2.064897 0.000000 0.113440 93.649991 -0.844739 -2.494358 0.122274 
706 2.089321 0.000000 0.090752 99.446562 -0.840711 -2.184514 0.010490 
707 2.113744 0.000000 0.113440 101.134890 -1.640514 -10.476998 -0.034072 
708 2.089321 0.000000 0.136128 99.080245 0.558323 0.253913 0.018273 
709 2.162591 0.000000 -0.045376 104.551652 0.887458 7.483005 -0.098783 
710 2.211438 0.000000 -0.045376 131.626822 0.767592 11.241413 -0.745258 
711 2.162591 0.000000 0.000000 106.385992 0.869857 0.647190 -0.131915 
712 2.138168 0.000000 -0.113440 106.238894 -1.591654 15.833215 -0.153993 
713 2.138168 0.000000 -0.136128 104.970534 -1.510700 10.433240 -0.112995 
714 2.162591 0.000000 -0.113440 102.893511 -0.969889 13.754695 -0.077721 
715 2.138168 0.000000 -0.090752 106.582502 -1.604509 15.886347 -0.161478 
716 2.089321 0.000000 -0.068064 99.953002 -0.009844 0.067070 0.000939 
717 2.064897 0.000000 -0.068064 99.124457 -0.096463 3.651223 0.016100 
718 2.113744 0.000000 -0.068064 83.821972 2.212657 5.745185 0.293597 
719 2.089321 0.000000 -0.045376 82.870964 3.050610 0.828906 0.312241 
720 2.101533 0.000000 -0.102096 112.064553 -3.272048 7.489101 -0.262526 
721 2.089321 0.000000 -0.102096 109.725448 -3.339865 6.157920 -0.208875 
722 2.101533 0.000000 -0.113440 111.981220 -3.281098 6.695276 -0.259539 
723 2.113744 0.000000 -0.102096 111.198221 -2.714326 12.191500 -0.252104 
724 2.101533 0.000000 -0.090752 77.811782 2.340882 4.601897 0.391867 
725 2.162591 0.000000 0.045376 105.395496 0.438011 -6.697909 -0.115326 
726 2.211438 0.000000 0.045376 134.677136 0.556010 -8.905922 -0.821756 
727 2.089321 0.000000 0.068064 98.696687 0.591897 0.081535 0.025861 
728 2.064897 0.000000 0.068064 101.320172 -0.457862 5.227971 -0.029332 
729 2.089321 0.000000 0.045376 85.155861 0.810318 -2.854615 0.273967 
730 2.113744 0.000000 0.068064 85.247446 0.419039 -6.027741 0.269636 
731 2.138168 0.000000 0.113440 98.561573 -0.718827 -14.612137 0.007159 
732 2.138168 0.000000 0.090752 98.778373 -0.728951 -14.562407 0.003024 
733 2.162591 0.000000 0.113440 95.976453 -0.637729 -10.901619 0.066927 
734 2.138168 0.000000 0.136128 97.923087 -1.156484 -5.857464 0.037542 
735 2.101533 0.000000 0.102096 101.041957 -2.047645 -6.694275 -0.025848 
736 2.089321 0.000000 0.102096 99.489558 -2.232909 -5.362496 0.006809 
737 2.101533 0.000000 0.090752 79.600142 0.143104 -5.063181 0.363816 
738 2.113744 0.000000 0.102096 101.102786 -1.617603 -11.023209 -0.034590 
739 2.101533 0.000000 0.113440 101.010689 -2.054481 -5.969932 -0.024302 
740 2.138168 0.000000 -0.068064 92.175191 1.479983 8.559253 0.142828 
741 2.162591 0.000000 -0.068064 101.862118 0.856393 11.219427 -0.050250 
742 2.138168 0.000000 -0.045376 94.871969 1.472702 5.421622 0.096775 
743 2.125956 0.000000 -0.102096 107.984003 -1.989526 16.090554 -0.192341 
744 2.125956 0.000000 -0.113440 108.040994 -2.001051 16.098943 -0.193604 
745 2.138168 0.000000 -0.102096 106.529489 -1.611752 15.876875 -0.160321 
746 2.125956 0.000000 -0.090752 107.476178 -1.872737 16.015658 -0.181114 
747 2.138168 0.000000 0.068064 93.171736 0.416743 -8.454404 0.124738 
748 2.138168 0.000000 0.045376 95.609833 0.590215 -5.111246 0.083229 
749 2.162591 0.000000 0.068064 103.067635 0.318511 -10.896426 -0.074177 
750 2.125956 0.000000 0.102096 99.368297 -1.151567 -14.724074 -0.009218 
751 2.125956 0.000000 0.090752 99.129620 -1.033662 -14.691021 -0.004358 
752 2.138168 0.000000 0.102096 98.737557 -0.729434 -14.599371 0.003722 
753 2.125956 0.000000 0.113440 99.388932 -1.177383 -14.727031 -0.009643 
754 2.406827 0.000000 -0.090752 101.984902 3.201430 7.941021 -0.047423 
755 2.406827 0.000000 -0.181504 101.222272 -0.881586 5.917841 -0.028175 
756 2.504521 0.000000 -0.090752 100.775135 1.261837 8.650948 -0.023206 
757 2.406827 0.000000 0.000000 103.777489 1.339223 8.927988 -0.085127 
758 2.260285 0.000000 -0.136128 95.228756 -1.258284 4.667174 0.090812 
759 2.260285 0.000000 -0.181504 98.560557 -0.843491 5.787069 0.025161 
760 2.309132 0.000000 -0.136128 100.181930 -1.904956 1.433540 -0.004210 
761 2.260285 0.000000 -0.090752 81.245540 3.768489 13.488821 0.320301 
762 2.187015 0.000000 -0.113440 99.224428 -0.541264 14.003164 -0.004187 
763 2.187015 0.000000 -0.136128 99.810841 -0.862920 11.030498 -0.008462 
764 2.211438 0.000000 -0.113440 95.374188 -0.370524 12.280540 0.075282 
765 2.187015 0.000000 -0.090752 97.360847 0.641163 17.877755 0.020084 
766 2.150380 0.000000 -0.102096 105.836015 -1.396306 15.771596 -0.145196 
767 2.150380 0.000000 -0.113440 104.174985 -1.334690 13.481975 -0.103597 
768 2.162591 0.000000 -0.102096 103.799971 -0.870457 16.120324 -0.103506 
769 2.150380 0.000000 -0.090752 105.837982 -1.397260 15.771897 -0.145238 
770 2.406827 0.000000 0.090752 101.216041 1.537839 10.682503 -0.036117 
771 2.504521 0.000000 0.090752 100.046016 0.845745 8.600147 -0.008388 
772 2.406827 0.000000 0.181504 98.440542 -1.237944 8.694997 0.023232 
773 2.260285 0.000000 0.136128 87.594006 -2.850970 4.052642 0.230274 
774 2.260285 0.000000 0.090752 68.824289 3.913144 -11.409441 0.511773 
775 2.309132 0.000000 0.136128 93.051544 -6.822865 13.292786 0.111816 
776 2.260285 0.000000 0.181504 93.602455 -1.161416 4.942275 0.121281 
777 2.187015 0.000000 0.113440 92.749929 -0.261055 -11.026191 0.127581 
778 2.187015 0.000000 0.090752 91.047312 1.854898 -16.692642 0.142830 
779 2.211438 0.000000 0.113440 88.422873 -0.099827 -9.740332 0.208651 
780 2.187015 0.000000 0.136128 93.399933 -1.000910 -5.495603 0.124525 
781 2.150380 0.000000 0.102096 98.477169 -0.434253 -14.599384 0.008892 
782 2.150380 0.000000 0.090752 98.477581 -0.435642 -14.599446 0.008883 
783 2.162591 0.000000 0.102096 96.936756 0.141884 -14.988965 0.037858 
784 2.150380 0.000000 0.113440 97.095571 -0.923003 -10.749283 0.045605 
785 2.260285 0.000000 -0.045376 158.702545 1.413130 6.634512 -1.523251 
786 2.309132 0.000000 -0.045376 125.425766 2.232681 -1.458724 -0.573874 
787 2.260285 0.000000 0.000000 151.470622 1.342966 5.289591 -1.297313 
788 2.187015 0.000000 -0.068064 114.774543 0.592738 14.609305 -0.338698 
789 2.211438 0.000000 -0.068064 131.701717 0.596567 17.517226 -0.765255 
790 2.187015 0.000000 -0.045376 116.582219 0.677598 9.699187 -0.368595 
791 2.174803 0.000000 -0.102096 100.032257 -0.125809 17.760401 -0.032190 
792 2.174803 0.000000 -0.113440 101.166660 -0.732421 14.132636 -0.043496 
793 2.187015 0.000000 -0.102096 97.532052 0.497601 17.930739 0.016574 
794 2.174803 0.000000 -0.090752 99.062645 0.136335 17.868491 -0.013271 
795 2.260285 0.000000 0.045376 169.085566 1.114118 2.797519 -1.859900 
796 2.309132 0.000000 0.045376 127.220301 1.657801 20.531493 -0.660930 
797 2.187015 0.000000 0.068064 116.551971 0.315741 -14.035856 -0.378147 
798 2.187015 0.000000 0.045376 118.173524 0.383212 -8.332607 -0.403456 
799 2.211438 0.000000 0.068064 135.667666 0.494844 -16.926615 -0.869247 
800 2.174803 0.000000 0.102096 93.490938 0.845648 -16.550018 0.098483 
801 2.174803 0.000000 0.090752 92.619273 1.148166 -16.654886 0.114297 
802 2.187015 0.000000 0.102096 91.166988 1.643406 -16.731778 0.140593 
803 2.174803 0.000000 0.113440 94.501549 -0.422141 -11.010827 0.094804 
804 2.235862 0.000000 -0.068064 147.476313 0.751728 17.375420 -1.205173 
805 2.235862 0.000000 -0.090752 84.356568 2.964268 14.009525 0.267892 
806 2.260285 0.000000 -0.068064 81.245540 3.768489 13.488821 0.320301 
807 2.235862 0.000000 -0.045376 146.500728 0.931376 11.591240 -1.159769 
808 2.235862 0.000000 -0.113440 92.442703 -0.490882 8.543396 0.138112 
809 2.235862 0.000000 -0.136128 95.547079 -1.020026 7.752232 0.080962 
810 2.260285 0.000000 -0.113440 90.503699 -1.041590 2.685597 0.180078 
811 2.223650 0.000000 -0.079408 88.014782 2.370521 14.932904 0.202479 
812 2.211438 0.000000 -0.079408 94.501418 1.486841 17.363625 0.076578 
813 2.223650 0.000000 -0.090752 89.353145 2.187908 15.365049 0.177514 
814 2.235862 0.000000 -0.079408 84.309875 3.114484 13.946279 0.268765 
815 2.223650 0.000000 -0.068064 140.145322 0.637066 16.782295 -0.992276 
816 2.235862 0.000000 0.068064 155.121267 0.718323 -15.813438 -1.431319 
817 2.235862 0.000000 0.045376 152.527737 0.741310 -7.217105 -1.331735 
818 2.260285 0.000000 0.068064 68.824289 3.913144 -11.409441 0.511773 
819 2.235862 0.000000 0.090752 73.939930 3.891224 -12.281071 0.436692 
820 2.235862 0.000000 0.113440 84.682639 0.033191 -6.275675 0.278947 
821 2.260285 0.000000 0.113440 82.409422 1.175610 -0.490917 0.320706 
822 2.235862 0.000000 0.136128 88.291266 -1.843436 -0.700565 0.220076 
823 2.223650 0.000000 0.079408 79.285051 3.630395 -13.458152 0.351958 
824 2.211438 0.000000 0.079408 87.809365 3.084481 -16.130284 0.201982 
825 2.223650 0.000000 0.068064 145.762818 0.603550 -15.513937 -1.148785 
826 2.235862 0.000000 0.079408 73.863004 3.844841 -12.219989 0.438015 
827 2.223650 0.000000 0.090752 81.096305 3.522758 -13.952774 0.321630 
828 2.357979 0.000000 -0.045376 108.791465 2.093532 5.798904 -0.187359 
829 2.357979 0.000000 -0.090752 103.449322 5.477992 3.981528 -0.074762 
830 2.406827 0.000000 -0.045376 103.411356 1.903768 7.789047 -0.075820 
831 2.357979 0.000000 0.000000 110.658376 1.561240 9.235371 -0.233301 
832 2.284709 0.000000 -0.068064 143.281637 2.623546 -28.525667 -1.135022 
833 2.284709 0.000000 -0.090752 94.524106 2.417056 -21.428628 0.060017 
834 2.309132 0.000000 -0.068064 117.121321 2.849501 -6.569857 -0.376869 
835 2.284709 0.000000 -0.045376 147.068447 2.081607 -4.763123 -1.165615 
836 2.248074 0.000000 -0.079408 82.974648 3.385537 13.751879 0.291463 
837 2.248074 0.000000 -0.090752 83.103460 3.494107 13.710239 0.289364 
838 2.260285 0.000000 -0.079408 81.295482 3.750954 13.480517 0.319525 
839 2.248074 0.000000 -0.068064 83.144777 3.286917 13.806461 0.288552 
840 2.357979 0.000000 0.045376 108.333874 1.366154 12.655026 -0.189824 
841 2.406827 0.000000 0.045376 102.952603 1.206734 10.071272 -0.070213 
842 2.357979 0.000000 0.090752 103.120444 2.174262 13.774288 -0.082828 
843 2.284709 0.000000 0.068064 152.698421 2.145249 54.099305 -1.624814 
844 2.284709 0.000000 0.045376 154.670586 1.613824 22.270767 -1.442158 
845 2.309132 0.000000 0.068064 117.619143 2.042213 26.161804 -0.452287 
846 2.284709 0.000000 0.090752 87.010119 3.640694 39.418031 0.086220 
847 2.248074 0.000000 0.079408 71.677436 3.934699 -11.871666 0.470593 
848 2.248074 0.000000 0.068064 71.969322 4.000313 -11.948658 0.466164 
849 2.260285 0.000000 0.079408 68.918514 3.872374 -11.403852 0.510520 
850 2.248074 0.000000 0.090752 71.883767 3.881299 -11.844723 0.467736 
851 1.820662 0.000000 0.090752 101.898637 0.846158 10.418907 -0.049260 
852 1.722968 0.000000 0.090752 101.799361 0.539921 9.404368 -0.045184 
853 1.820662 0.000000 0.000000 101.327411 0.796069 10.065095 -0.036918 
854 1.820662 0.000000 0.181504 102.196249 0.747754 9.358314 -0.053221 
855 -8.241827 0.000000 -8.712216 99.756250 0.000038 6.975629 0.000003 
856 -11.368037 0.000000 -8.712216 99.756320 0.000021 6.975657 0.000002 
857 -8.241827 0.000000 -11.616288 99.756299 0.000039 6.975614 0.000002 
858 10.515434 0.000000 -8.712216 99.756522 0.000106 6.975626 -0.000002 
859 10.515434 0.000000 -11.616288 99.756483 0.000085 6.975610 -0.000001 
860 13.641644 0.000000 -8.712216 99.756459 0.000059 6.975651 -0.000001 
861 -8.241827 0.000000 8.712216 99.756528 -0.000050 6.975680 -0.000002 
862 -11.368037 0.000000 8.712216 99.756463 -0.000030 6.975682 -0.000001 
863 -8.241827 0.000000 11.616288 99.756501 -0.000048 6.975648 -0.000002 
864 -3.552511 0.000000 -4.356108 99.755349 0.000218 6.975442 0.000021 
865 -5.115617 0.000000 -4.356108 99.755817 -0.000580 6.975684 0.000012 
866 -3.552511 0.000000 -5.808144 99.755667 -0.000298 6.975430 0.000015 
867 10.515434 0.000000 8.712216 99.756256 -0.000096 6.975577 0.000003 
868 13.641644 0.000000 8.712216 99.756325 -0.000051 6.975626 0.000002 
869 10.515434 0.000000 11.616288 99.756317 -0.000079 6.975576 0.000002 
870 5.826119 0.000000 -4.356108 99.757374 -0.001318 6.975462 -0.000019 
871 5.826119 0.000000 -5.808144 99.757046 0.000106 6.975343 -0.000012 
872 7.389224 0.000000 -4.356108 99.756884 0.000056 6.975690 -0.000010 
873 -3.552511 0.000000 4.356108 99.757191 -0.000259 6.975842 -0.000016 
874 -5.115617 0.000000 4.356108 99.756779 0.000566 6.975884 -0.000008 
875 -3.552511 0.000000 5.808144 99.757052 0.000189 6.975708 -0.000013 
876 -1.207854 0.000000 -2.178054 99.754172 0.005010 6.966749 0.000057 
877 -1.989406 0.000000 -2.178054 99.751742 0.000073 6.975939 0.000093 
878 -1.207854 0.000000 -2.904072 99.751581 0.003300 6.972418 0.000101 
879 5.826119 0.000000 4.356108 99.755075 -0.000188 6.975030 0.000027 
880 7.389224 0.000000 4.356108 99.755694 -0.000605 6.975562 0.000014 
881 5.826119 0.000000 5.808144 99.755640 -0.000878 6.975136 0.000016 
882 3.481461 0.000000 -2.178054 99.766311 0.008288 6.969829 -0.000190 
883 3.481461 0.000000 -2.904072 99.761047 -0.000448 6.971361 -0.000087 
884 4.263014 0.000000 -2.178054 99.761573 0.000376 6.974907 -0.000102 
885 -1.207854 0.000000 2.178054 99.771321 -0.003272 6.986675 -0.000313 
886 -1.989406 0.000000 2.178054 99.759204 -0.000021 6.977381 -0.000058 
887 -1.207854 0.000000 2.904072 99.761146 -0.001794 6.975929 -0.000095 
888 -0.817078 0.000000 -1.089027 99.726843 -0.000463 6.978772 0.000585 
889 -1.207854 0.000000 -1.089027 99.740872 0.001632 6.979861 0.000304 
890 -0.817078 0.000000 -1.452036 99.731881 0.010680 6.975388 0.000490 
891 3.481461 0.000000 2.178054 99.744571 -0.004385 6.963781 0.000253 
892 4.263014 0.000000 2.178054 99.748064 0.000021 6.972019 0.000171 
893 3.481461 0.000000 2.904072 99.750768 0.000801 6.967813 0.000123 
894 -0.230913 0.000000 -0.544513 99.623411 0.022389 6.989764 0.002632 
895 -0.426301 0.000000 -0.544513 99.669241 0.054105 7.038806 0.001649 
896 -0.230913 0.000000 -0.726018 99.560402 0.035378 6.989179 0.003888 
897 0.941416 0.000000 -0.544513 99.495471 0.017570 6.647664 0.005646 
898 0.941416 0.000000 -0.726018 99.589277 0.025572 6.790485 0.003586 
899 -0.817078 0.000000 1.089027 99.764851 -0.006709 6.988500 -0.000186 
900 -1.207854 0.000000 1.089027 99.760647 -0.000074 6.983579 -0.000096 
901 -0.817078 0.000000 1.452036 99.766239 -0.010761 6.984550 -0.000209 
902 -0.230913 0.000000 0.544513 99.789341 -0.016062 6.965993 -0.000644 
903 -0.426301 0.000000 0.544513 99.776063 -0.000110 6.957316 -0.000367 
904 -0.230913 0.000000 0.726018 99.726469 -0.037087 6.971975 0.000602 
905 -0.133219 0.000000 -0.272257 99.498906 0.112988 7.566626 0.004270 
906 -0.230913 0.000000 -0.272257 99.597700 0.019617 7.579094 0.002286 
907 -0.133219 0.000000 -0.363009 99.093981 -0.007475 7.357130 0.012626 
908 0.941416 0.000000 0.544513 100.061488 -0.011124 6.599646 -0.005586 
909 0.941416 0.000000 0.726018 99.928703 -0.004151 6.725131 -0.003097 
910 -0.133219 0.000000 0.272257 99.960599 0.031795 6.437595 -0.003356 
911 -0.230913 0.000000 0.272257 99.868981 -0.001260 6.508849 -0.001618 
912 -0.133219 0.000000 0.363009 99.488478 -0.018767 6.626134 0.005814 
913 0.037745 0.000000 -0.113440 87.203958 0.131295 3.313831 0.238447 
914 0.013322 0.000000 -0.113440 86.302287 0.142621 10.331189 0.244516 
915 0.037745 0.000000 -0.136128 91.323201 0.125346 4.997229 0.163509 
916 0.648333 0.000000 -0.272257 100.883368 0.064489 2.064607 -0.018172 
917 0.648333 0.000000 -0.363009 99.640565 0.055476 6.580282 0.002845 
918 0.746027 0.000000 -0.272257 101.754249 0.053030 3.359353 -0.036522 
919 0.648333 0.000000 0.272257 101.370513 0.054944 2.043437 -0.028016 
920 0.746027 0.000000 0.272257 102.531738 0.065696 3.371058 -0.052413 
921 0.648333 0.000000 0.363009 100.078348 -0.008010 6.228508 -0.005447 
922 0.037745 0.000000 0.113440 91.272353 0.044551 7.215485 0.161729 
923 0.013322 0.000000 0.113440 90.436012 0.048380 1.726931 0.181834 
924 0.037745 0.000000 0.136128 94.404924 0.012871 6.696393 0.104287 
925 0.098804 0.000000 -0.079408 90.923107 -0.041736 -15.110582 0.150466 
926 0.098804 0.000000 -0.090752 91.166409 0.001329 -15.056421 0.146199 
927 0.098804 0.000000 -0.068064 90.902540 -0.044756 -15.088110 0.150908 
928 0.098804 0.000000 0.079408 95.869555 0.037152 16.215988 0.054607 
929 0.098804 0.000000 0.068064 95.856856 0.040167 16.218497 0.054842 
930 0.098804 0.000000 0.090752 95.985217 0.004750 16.259031 0.052248 
931 0.233134 0.000000 -0.068064 85.722866 -0.054904 -6.558852 0.260857 
932 0.233134 0.000000 -0.045376 86.781655 -0.116385 -4.506375 0.244862 
933 0.184287 0.000000 -0.113440 98.547118 0.018324 -7.906065 0.022596 
934 0.184287 0.000000 -0.136128 98.071780 -0.026501 -4.488090 0.036178 
935 0.233134 0.000000 0.068064 85.753815 -0.177077 6.529831 0.260361 
936 0.233134 0.000000 0.045376 86.775063 -0.159490 4.590201 0.244899 
937 0.184287 0.000000 0.113440 101.343680 -0.030882 13.356489 -0.044894 
938 0.184287 0.000000 0.136128 100.416640 -0.112853 12.455037 -0.023864 
939 0.501792 0.000000 -0.045376 99.930431 0.027495 5.210003 -0.001324 
940 0.550639 0.000000 -0.045376 101.077382 0.030185 6.608365 -0.026031 
941 0.501792 0.000000 0.000000 101.122131 0.027859 6.844960 -0.027254 
942 0.501792 0.000000 0.045376 100.137565 0.012994 5.212210 -0.005470 
943 0.550639 0.000000 0.045376 101.166999 0.028479 6.609703 -0.027845 
944 0.428522 0.000000 -0.068064 98.485193 0.033596 2.193814 0.029585 
945 0.452945 0.000000 -0.068064 98.726185 0.027306 3.743846 0.023912 
946 0.428522 0.000000 -0.045376 98.617857 0.038379 1.682857 0.027168 
947 0.367463 0.000000 -0.102096 103.551258 0.098261 -2.587475 -0.072957 
948 0.367463 0.000000 -0.113440 103.599895 0.089157 -2.089309 -0.073731 
949 0.367463 0.000000 -0.090752 103.490395 0.084472 -2.160887 -0.071494 
950 0.428522 0.000000 0.068064 98.993715 0.001119 2.192041 0.019544 
951 0.428522 0.000000 0.045376 99.128224 0.005368 1.678352 0.017078 
952 0.452945 0.000000 0.068064 99.210111 -0.002501 3.759805 0.014322 
953 0.367463 0.000000 0.102096 104.789696 -0.052918 2.830662 -0.098890 
954 0.367463 0.000000 0.090752 104.602199 -0.057454 2.301348 -0.094692 
955 0.367463 0.000000 0.113440 104.755919 -0.052787 2.365444 -0.097940 
956 1.722968 0.000000 -0.544513 99.525828 -0.049564 6.320492 0.005466 
957 1.722968 0.000000 -0.726018 99.635670 -0.015399 6.570472 0.002956 
958 1.722968 0.000000 0.544513 99.966634 -0.043629 6.198440 -0.003175 
959 1.722968 0.000000 0.726018 99.839323 0.006021 6.547982 -0.001077 
960 1.429886 0.000000 -0.272257 100.812640 0.553577 2.145796 -0.016810 
961 1.429886 0.000000 -0.363009 99.590163 -0.004089 6.057046 0.004511 
962 1.527580 0.000000 -0.272257 100.676198 0.471195 2.257716 -0.014102 
963 1.429886 0.000000 0.272257 101.296125 -0.305984 2.266865 -0.026614 
964 1.527580 0.000000 0.272257 102.046167 -0.208214 2.739837 -0.042097 
965 1.429886 0.000000 0.363009 99.937568 -0.067346 5.728417 -0.002034 
966 3.090685 0.000000 -1.089027 99.802536 -0.001751 6.951840 -0.000887 
967 3.090685 0.000000 -1.452036 99.782825 -0.002261 6.956574 -0.000501 
968 3.481461 0.000000 -1.089027 99.784646 -0.000851 6.976266 -0.000564 
969 2.504521 0.000000 -0.544513 99.997489 -0.071211 6.602685 -0.004310 
970 2.504521 0.000000 -0.726018 99.900855 0.016183 6.761139 -0.002589 
971 2.699909 0.000000 -0.544513 99.964964 -0.014301 6.747733 -0.003853 
972 1.820662 0.000000 -0.090752 100.685276 0.728544 9.671955 -0.023160 
973 1.722968 0.000000 -0.090752 101.076211 0.668312 8.891989 -0.029591 
974 1.820662 0.000000 -0.181504 100.336340 0.783841 7.874661 -0.013001 
975 1.625274 0.000000 -0.090752 101.158797 0.560256 7.007290 -0.028252 
976 1.625274 0.000000 -0.181504 101.026933 0.733357 8.066252 -0.027204 
977 1.625274 0.000000 0.000000 101.536877 0.506694 9.560785 -0.040140 
978 3.090685 0.000000 1.089027 99.696093 0.002162 6.941806 0.001250 
979 3.481461 0.000000 1.089027 99.722845 0.001242 6.961663 0.000689 
980 3.090685 0.000000 1.452036 99.719993 0.001744 6.945533 0.000768 
981 2.504521 0.000000 0.544513 99.363010 -0.049921 6.665034 0.008257 
982 2.699909 0.000000 0.544513 99.459632 -0.023004 6.853844 0.006081 
983 2.504521 0.000000 0.726018 99.539796 -0.008518 6.726658 0.004658 
984 1.625274 0.000000 0.090752 101.844858 0.180897 7.309696 -0.042584 
985 1.625274 0.000000 0.181504 102.045845 0.076596 8.802470 -0.049084 
986 1.820662 0.000000 0.272257 103.026436 -0.152926 1.610969 -0.061707 
987 1.722968 0.000000 0.272257 102.248724 0.206526 7.163907 -0.050617 
988 1.820662 0.000000 0.363009 100.495358 0.009292 5.308628 -0.012750 
989 1.625274 0.000000 0.272257 102.190284 0.160332 7.730683 -0.050264 
990 1.625274 0.000000 0.363009 100.072202 -0.041949 5.712998 -0.004709 
991 2.406827 0.000000 -0.272257 100.345555 -0.394899 5.877782 -0.010393 
992 2.406827 0.000000 -0.363009 100.094936 -0.177952 6.127113 -0.005657 
993 2.504521 0.000000 -0.272257 100.382481 -0.332769 6.258170 -0.011592 
994 2.406827 0.000000 0.272257 98.475193 -0.611285 6.882567 0.025489 
995 2.504521 0.000000 0.272257 98.893217 -0.519901 7.076373 0.016979 
996 2.406827 0.000000 0.363009 98.726677 -0.206658 6.541022 0.021022 
997 2.357979 0.000000 -0.136128 102.412001 -2.354424 4.149578 -0.051098 
998 2.357979 0.000000 -0.181504 100.704008 -0.952517 4.831533 -0.016555 
999 2.406827 0.000000 -0.136128 102.214258 -2.186049 6.906671 -0.050024 
1000 2.284709 0.000000 -0.113440 95.452186 -1.784732 -4.554904 0.086495 
1001 2.284709 0.000000 -0.136128 97.257221 -1.546261 1.721821 0.053568 
1002 2.309132 0.000000 -0.113440 101.833604 -3.192207 -4.298342 -0.039875 
1003 2.357979 0.000000 0.136128 97.878890 -0.672594 15.566477 0.017696 
1004 2.406827 0.000000 0.136128 99.267003 0.741886 11.547789 0.001216 
1005 2.357979 0.000000 0.181504 97.345477 -1.591142 8.895342 0.044220 
1006 2.284709 0.000000 0.113440 91.622323 8.404547 9.483476 0.144478 
1007 2.309132 0.000000 0.113440 99.164216 8.732815 18.683785 -0.025889 
1008 2.284709 0.000000 0.136128 89.930329 -4.653083 9.117000 0.180777 
1009 1.625274 0.000000 -0.272257 100.834124 0.881632 6.469131 -0.021015 
1010 1.625274 0.000000 -0.363009 99.287856 -0.066209 6.016034 0.010572 
1011 1.722968 0.000000 -0.272257 100.762353 0.786503 5.741671 -0.018664 
1012 1.820662 0.000000 -0.272257 99.603394 -0.386810 1.241651 0.007747 
1013 1.820662 0.000000 -0.363009 99.148192 -0.155260 5.387144 0.014059 
1 11 62 60 61 
2 62 10 24 60 
3 60 24 14 63 
4 61 60 63 6 
5 24 66 64 65 
6 66 23 40 64 
7 64 40 27 67 
8 65 64 67 14 
9 40 70 68 69 
10 69 68 71 27 
11 6 63 92 93 
12 63 14 36 92 
13 92 36 19 94 
14 93 92 94 20 
15 14 67 95 96 
16 67 27 52 95 
17 95 52 35 97 
18 96 95 97 36 
19 27 71 98 99 
20 99 98 100 52 
21 68 112 110 111 
22 112 56 80 110 
23 110 80 43 113 
24 111 110 113 71 
25 80 116 114 115 
26 115 114 117 43 
27 71 113 133 134 
28 113 43 102 133 
29 133 102 76 135 
30 134 133 135 98 
31 43 117 136 137 
32 137 136 138 102 
33 114 141 139 140 
34 141 106 129 139 
35 139 129 83 142 
36 140 139 142 117 
37 129 149 147 148 
38 147 150 132 151 
39 148 147 151 83 
40 117 142 152 153 
41 142 83 144 152 
42 152 144 125 154 
43 153 152 154 136 
44 83 151 155 156 
45 151 132 157 155 
46 156 155 158 144 
47 12 161 159 160 
48 161 7 162 159 
49 159 162 13 25 
50 160 159 25 10 
51 25 165 163 164 
52 165 13 166 163 
53 163 166 26 41 
54 164 163 41 23 
55 41 169 167 168 
56 169 26 170 167 
57 167 170 42 57 
58 168 167 57 39 
59 39 173 171 172 
60 173 57 174 171 
61 171 174 55 81 
62 172 171 81 56 
63 81 177 175 176 
64 177 55 178 175 
65 175 178 82 107 
66 176 175 107 79 
67 79 181 179 180 
68 181 107 182 179 
69 179 182 105 130 
70 180 179 130 106 
71 106 185 183 184 
72 185 130 186 183 
73 184 183 149 129 
74 195 197 109 198 
75 150 195 198 132 
76 149 201 199 200 
77 201 128 202 199 
78 199 202 150 203 
79 200 199 203 147 
80 132 198 210 157 
81 198 109 211 210 
82 19 38 213 214 
83 38 21 215 213 
84 213 215 9 216 
85 214 213 216 22 
86 35 54 217 218 
87 54 37 219 217 
88 217 219 21 220 
89 218 217 220 38 
90 51 78 221 222 
91 78 53 223 221 
92 221 223 37 224 
93 222 221 224 54 
94 76 104 225 226 
95 104 75 227 225 
96 225 227 78 228 
97 226 225 228 51 
98 101 127 229 230 
99 127 103 231 229 
100 229 231 75 232 
101 230 229 232 104 
102 125 146 233 234 
103 146 124 235 233 
104 233 235 127 236 
105 234 233 236 101 
106 144 158 237 238 
107 237 239 146 240 
108 238 237 240 125 
109 155 243 241 242 
110 243 157 244 241 
111 241 244 143 245 
112 242 241 245 158 
113 130 247 246 186 
114 247 105 248 246 
115 249 251 195 252 
116 202 249 252 150 
117 186 255 253 254 
118 255 246 256 253 
119 253 256 196 250 
120 254 253 250 128 
121 128 259 257 258 
122 259 250 260 257 
123 257 260 249 261 
124 258 257 261 202 
125 262 263 124 264 
126 239 262 264 146 
127 157 266 265 244 
128 266 210 267 265 
129 143 268 269 270 
130 268 212 271 269 
131 269 271 262 272 
132 270 269 272 239 
133 244 275 273 274 
134 275 265 276 273 
135 273 276 268 277 
136 274 273 277 143 
137 278 280 194 281 
138 197 278 281 109 
139 283 131 284 282 
140 282 284 197 285 
141 251 282 285 195 
142 107 287 286 182 
143 287 82 288 286 
144 286 288 108 192 
145 182 286 192 105 
146 105 290 289 248 
147 290 192 291 289 
148 246 293 292 256 
149 293 248 294 292 
150 292 294 131 283 
151 256 292 283 196 
152 196 297 295 296 
153 297 283 298 295 
154 295 298 282 299 
155 296 295 299 251 
156 109 281 300 211 
157 281 194 301 300 
158 210 304 303 267 
159 304 211 305 303 
160 303 305 145 306 
161 124 209 307 235 
162 209 126 308 307 
163 307 308 103 309 
164 235 307 309 127 
165 310 311 209 312 
166 263 310 312 124 
167 212 306 313 271 
168 306 145 314 313 
169 313 314 263 315 
170 271 313 315 262 
171 267 318 316 317 
172 318 303 319 316 
173 316 319 306 320 
174 317 316 320 212 
175 131 322 321 284 
176 322 279 323 321 
177 321 323 278 324 
178 284 321 324 197 
179 211 326 325 305 
180 326 300 327 325 
181 325 327 302 328 
182 305 325 328 145 
183 192 334 333 291 
184 334 108 335 333 
185 289 339 337 338 
186 339 291 340 337 
187 337 340 191 341 
188 338 337 341 279 
189 345 347 126 348 
190 311 345 348 209 
191 302 351 349 350 
192 351 207 352 349 
193 349 352 311 353 
194 350 349 353 310 
195 354 355 59 356 
196 280 354 356 194 
197 291 358 357 340 
198 358 333 359 357 
199 357 359 336 360 
200 191 360 361 362 
201 360 336 363 361 
202 361 363 354 364 
203 362 361 364 280 
204 340 367 365 366 
205 367 357 368 365 
206 365 368 360 369 
207 366 365 369 191 
208 194 356 370 301 
209 356 59 371 370 
210 373 346 374 372 
211 372 374 345 375 
212 352 372 375 311 
213 301 378 376 377 
214 378 370 379 376 
215 376 379 346 373 
216 377 376 373 207 
217 207 382 380 381 
218 382 373 383 380 
219 380 383 372 384 
220 381 380 384 352 
221 57 386 385 174 
222 386 42 387 385 
223 385 387 58 89 
224 174 385 89 55 
225 55 389 388 178 
226 389 89 390 388 
227 388 390 88 188 
228 178 388 188 82 
229 82 392 391 288 
230 392 188 393 391 
231 391 393 187 330 
232 288 391 330 108 
233 108 395 394 335 
234 395 330 396 394 
235 333 399 398 359 
236 399 335 400 398 
237 359 398 401 336 
238 75 123 402 227 
239 123 77 403 402 
240 402 403 53 404 
241 227 402 404 78 
242 103 206 405 231 
243 206 121 406 405 
244 405 406 123 407 
245 231 405 407 75 
246 126 344 408 308 
247 344 204 409 408 
248 408 409 206 410 
249 308 408 410 103 
250 411 413 344 414 
251 347 411 414 126 
252 346 416 415 374 
253 415 417 347 418 
254 374 415 418 345 
255 419 420 332 421 
256 355 419 421 59 
257 335 423 422 400 
258 423 394 424 422 
259 336 401 426 363 
260 401 193 427 426 
261 426 427 355 428 
262 363 426 428 354 
263 398 431 429 430 
264 431 400 432 429 
265 429 432 193 433 
266 430 429 433 401 
267 59 421 434 371 
268 421 332 435 434 
269 370 437 436 379 
270 437 371 438 436 
271 436 438 208 416 
272 379 436 416 346 
273 439 441 411 442 
274 417 439 442 347 
275 416 445 443 444 
276 445 208 446 443 
277 443 446 417 447 
278 444 443 447 415 
279 88 453 452 189 
280 453 90 454 452 
281 452 454 5 455 
282 189 452 455 91 
283 187 457 456 331 
284 457 189 458 456 
285 456 458 91 459 
286 331 456 459 190 
287 330 461 460 396 
288 461 187 462 460 
289 460 462 331 463 
290 396 460 463 329 
291 394 465 464 424 
292 465 396 466 464 
293 464 466 329 467 
294 424 464 467 397 
295 193 425 468 427 
296 425 397 469 468 
297 468 469 419 470 
298 427 468 470 355 
299 422 473 471 472 
300 473 424 474 471 
301 471 474 397 475 
302 472 471 475 425 
303 371 477 476 438 
304 477 434 478 476 
305 476 478 412 440 
306 438 476 440 208 
307 91 455 482 205 
308 455 5 483 482 
309 482 483 122 484 
310 205 482 484 121 
311 190 459 485 343 
312 459 91 486 485 
313 485 486 205 487 
314 343 485 487 204 
315 342 489 488 413 
316 489 343 490 488 
317 488 490 204 491 
318 413 488 491 344 
319 412 493 492 441 
320 493 342 494 492 
321 492 494 413 495 
322 441 492 495 411 
323 440 498 496 497 
324 498 412 499 496 
325 496 499 441 500 
326 497 496 500 439 
327 454 510 508 509 
328 508 511 504 512 
329 509 508 512 5 
330 5 512 513 514 
331 512 504 515 513 
332 514 513 516 483 
333 7 518 517 162 
334 518 16 519 517 
335 517 519 15 32 
336 162 517 32 13 
337 13 521 520 166 
338 521 32 522 520 
339 520 522 31 48 
340 166 520 48 26 
341 26 524 523 170 
342 524 48 525 523 
343 523 525 47 85 
344 170 523 85 42 
345 42 527 526 387 
346 527 85 528 526 
347 526 528 84 449 
348 387 526 449 58 
349 58 531 529 530 
350 531 449 532 529 
351 529 532 448 502 
352 530 529 502 90 
353 90 535 533 534 
354 535 502 536 533 
355 533 536 501 510 
356 534 533 510 454 
357 15 538 537 33 
358 538 17 539 537 
359 537 539 8 540 
360 33 537 540 18 
361 31 542 541 49 
362 542 33 543 541 
363 541 543 18 544 
364 49 541 544 34 
365 546 49 547 545 
366 545 547 34 548 
367 501 558 557 511 
368 558 503 559 557 
369 557 559 451 560 
370 511 557 560 504 
371 510 563 561 562 
372 563 501 564 561 
373 561 564 511 565 
374 562 561 565 508 
375 18 540 566 45 
376 540 8 567 566 
377 566 567 29 568 
378 45 566 568 28 
379 34 544 569 73 
380 544 18 570 569 
381 569 570 45 571 
382 73 569 571 44 
383 548 34 573 572 
384 572 573 73 574 
385 504 560 581 515 
386 560 451 582 581 
387 581 582 506 583 
388 515 581 583 505 
389 21 46 584 215 
390 46 28 585 584 
391 584 585 30 586 
392 215 584 586 9 
393 37 74 587 219 
394 74 44 588 587 
395 587 588 46 589 
396 219 587 589 21 
397 53 120 590 223 
398 120 72 591 590 
399 590 591 74 592 
400 223 590 592 37 
401 77 481 593 403 
402 481 118 594 593 
403 593 594 120 595 
404 403 593 595 53 
405 122 507 596 597 
406 507 479 598 596 
407 596 598 481 599 
408 597 596 599 77 
409 483 516 600 601 
410 516 505 602 600 
411 600 602 507 603 
412 601 600 603 122 
413 513 606 604 605 
414 606 515 607 604 
415 604 607 505 608 
416 605 604 608 516 
417 555 618 616 617 
418 617 616 620 87 
419 87 620 621 622 
420 622 621 624 579 
421 85 626 625 528 
422 626 47 627 625 
423 625 627 86 550 
424 528 625 550 84 
425 84 630 628 629 
426 630 550 631 628 
427 628 631 549 610 
428 629 628 610 450 
429 450 634 632 633 
430 634 610 635 632 
431 632 635 609 618 
432 633 632 618 555 
433 86 637 636 551 
434 637 545 638 636 
435 636 638 548 639 
436 551 636 639 50 
437 641 551 642 640 
438 640 642 50 643 
439 618 650 648 649 
440 650 609 651 648 
441 649 648 652 616 
442 50 639 653 576 
443 639 548 654 653 
444 653 654 572 655 
445 576 653 655 119 
446 643 50 657 656 
447 656 657 576 658 
448 118 577 662 594 
449 577 119 663 662 
450 662 663 72 664 
451 594 662 664 120 
452 480 615 665 666 
453 615 575 667 665 
454 665 667 577 668 
455 666 665 668 118 
456 579 624 669 670 
457 624 613 671 669 
458 669 671 615 672 
459 670 669 672 480 
460 621 675 673 674 
461 673 676 613 677 
462 674 673 677 624 
463 610 679 678 635 
464 679 549 680 678 
465 678 680 611 645 
466 635 678 645 609 
467 609 682 681 651 
468 682 645 683 681 
469 616 652 685 686 
470 685 687 612 688 
471 686 685 688 620 
472 648 691 689 690 
473 691 651 692 689 
474 690 689 693 652 
475 620 688 694 695 
476 688 612 696 694 
477 695 694 675 621 
478 613 661 697 671 
479 661 614 698 697 
480 697 698 575 699 
481 671 697 699 615 
482 700 702 661 703 
483 676 700 703 613 
484 675 706 704 705 
485 704 707 676 708 
486 705 704 708 673 
487 709 710 647 711 
488 687 709 711 612 
489 651 713 712 692 
490 713 681 714 712 
491 652 693 716 717 
492 693 619 718 716 
493 716 718 687 719 
494 717 716 719 685 
495 689 722 720 721 
496 722 692 723 720 
497 720 723 619 724 
498 721 720 724 693 
499 612 711 725 696 
500 711 647 726 725 
501 694 729 727 728 
502 729 696 730 727 
503 727 730 623 706 
504 728 727 706 675 
505 731 733 700 734 
506 707 731 734 676 
507 706 737 735 736 
508 737 623 738 735 
509 735 738 707 739 
510 736 735 739 704 
511 619 715 740 718 
512 715 684 741 740 
513 740 741 709 742 
514 718 740 742 687 
515 692 744 743 723 
516 744 712 745 743 
517 743 745 715 746 
518 723 743 746 619 
519 696 748 747 730 
520 748 725 749 747 
521 747 749 701 732 
522 730 747 732 623 
523 623 751 750 738 
524 751 732 752 750 
525 750 752 731 753 
526 738 750 753 707 
527 755 640 756 754 
528 754 756 643 757 
529 645 759 758 683 
530 759 611 760 758 
531 681 763 762 714 
532 763 683 764 762 
533 762 764 644 765 
534 712 767 766 745 
535 767 714 768 766 
536 766 768 684 769 
537 745 766 769 715 
538 757 643 771 770 
539 770 771 656 772 
540 773 775 614 776 
541 702 773 776 661 
542 778 659 779 777 
543 777 779 702 780 
544 733 777 780 700 
545 732 782 781 752 
546 782 701 783 781 
547 781 783 733 784 
548 752 781 784 731 
549 785 786 552 787 
550 710 785 787 647 
551 684 765 788 741 
552 765 644 789 788 
553 788 789 710 790 
554 741 788 790 709 
555 714 792 791 768 
556 792 762 793 791 
557 791 793 765 794 
558 768 791 794 684 
559 647 787 795 726 
560 787 552 796 795 
561 725 798 797 749 
562 798 726 799 797 
563 797 799 659 778 
564 749 797 778 701 
565 701 801 800 783 
566 801 778 802 800 
567 800 802 777 803 
568 783 800 803 733 
569 804 806 785 807 
570 789 804 807 710 
571 683 809 808 764 
572 809 758 810 808 
573 808 810 761 805 
574 764 808 805 644 
575 644 813 811 812 
576 813 805 814 811 
577 811 814 804 815 
578 812 811 815 789 
579 726 817 816 799 
580 817 795 818 816 
581 659 819 820 779 
582 819 774 821 820 
583 820 821 773 822 
584 779 820 822 702 
585 799 825 823 824 
586 825 816 826 823 
587 823 826 819 827 
588 824 823 827 659 
589 646 829 828 786 
590 829 754 830 828 
591 828 830 757 831 
592 786 828 831 552 
593 761 833 832 806 
594 833 646 834 832 
595 832 834 786 835 
596 806 832 835 785 
597 805 837 836 814 
598 837 761 838 836 
599 836 838 806 839 
600 814 836 839 804 
601 552 831 840 796 
602 831 757 841 840 
603 840 841 770 842 
604 796 840 842 660 
605 795 844 843 818 
606 844 796 845 843 
607 843 845 660 846 
608 818 843 846 774 
609 816 848 847 826 
610 848 818 849 847 
611 847 849 774 850 
612 826 847 850 819 
613 556 853 851 852 
614 853 87 622 851 
615 851 622 579 854 
616 852 851 854 578 
617 1 857 855 856 
618 857 12 160 855 
619 855 160 10 62 
620 856 855 62 11 
621 16 859 858 519 
622 859 2 860 858 
623 858 860 17 538 
624 519 858 538 15 
625 20 94 861 862 
626 94 19 214 861 
627 861 214 22 863 
628 862 861 863 4 
629 10 866 864 865 
630 866 25 164 864 
631 864 164 23 66 
632 865 864 66 24 
633 28 568 867 585 
634 568 29 868 867 
635 867 868 3 869 
636 585 867 869 30 
637 32 871 870 522 
638 871 15 872 870 
639 870 872 33 542 
640 522 870 542 31 
641 36 97 873 874 
642 97 35 218 873 
643 873 218 38 875 
644 874 873 875 19 
645 23 878 876 877 
646 878 41 168 876 
647 876 168 39 70 
648 877 876 70 40 
649 44 571 879 588 
650 571 45 880 879 
651 879 880 28 881 
652 588 879 881 46 
653 48 883 882 525 
654 883 31 884 882 
655 882 884 49 546 
656 525 882 546 47 
657 52 100 885 886 
658 100 51 222 885 
659 885 222 54 887 
660 886 885 887 35 
661 70 890 888 889 
662 890 39 172 888 
663 888 172 56 112 
664 889 888 112 68 
665 72 574 891 591 
666 574 73 892 891 
667 891 892 44 893 
668 591 891 893 74 
669 56 896 894 895 
670 896 81 176 894 
671 894 176 79 116 
672 895 894 116 80 
673 89 898 897 390 
674 898 58 530 897 
675 897 530 90 453 
676 390 897 453 88 
677 98 135 899 900 
678 135 76 226 899 
679 899 226 51 901 
680 900 899 901 100 
681 102 138 902 903 
682 138 101 230 902 
683 902 230 104 904 
684 903 902 904 76 
685 116 907 905 906 
686 907 79 180 905 
687 905 180 106 141 
688 906 905 141 114 
689 121 484 908 406 
690 484 122 597 908 
691 908 597 77 909 
692 406 908 909 123 
693 136 154 910 911 
694 154 125 234 910 
695 910 234 101 912 
696 911 910 912 138 
697 183 915 913 914 
698 915 186 254 913 
699 913 254 128 201 
700 914 913 201 149 
701 188 917 916 393 
702 917 88 918 916 
703 916 918 189 457 
704 393 916 457 187 
705 204 487 919 409 
706 487 205 920 919 
707 919 920 121 921 
708 409 919 921 206 
709 158 245 922 923 
710 245 143 270 922 
711 922 270 239 924 
712 923 922 924 237 
713 250 926 925 260 
714 926 196 296 925 
715 925 296 251 927 
716 260 925 927 249 
717 265 929 928 276 
718 929 267 317 928 
719 928 317 212 930 
720 276 928 930 268 
721 279 341 931 323 
722 341 191 362 931 
723 931 362 280 932 
724 323 931 932 278 
725 248 934 933 294 
726 934 289 338 933 
727 933 338 279 322 
728 294 933 322 131 
729 300 936 935 327 
730 936 301 377 935 
731 935 377 207 351 
732 327 935 351 302 
733 145 328 937 314 
734 328 302 350 937 
735 937 350 310 938 
736 314 937 938 263 
737 329 463 939 420 
738 463 331 940 939 
739 939 940 190 941 
740 420 939 941 332 
741 332 941 942 435 
742 941 190 943 942 
743 942 943 343 489 
744 435 942 489 342 
745 397 467 944 469 
746 467 329 945 944 
747 944 945 420 946 
748 469 944 946 419 
749 400 948 947 432 
750 948 422 472 947 
751 947 472 425 949 
752 432 947 949 193 
753 434 951 950 478 
754 951 435 952 950 
755 950 952 342 493 
756 478 950 493 412 
757 208 954 953 446 
758 954 440 497 953 
759 953 497 439 955 
760 446 953 955 417 
761 449 957 956 532 
762 957 84 629 956 
763 956 629 450 554 
764 532 956 554 448 
765 479 580 958 598 
766 580 480 666 958 
767 958 666 118 959 
768 598 958 959 481 
769 502 961 960 536 
770 961 448 962 960 
771 960 962 503 558 
772 536 960 558 501 
773 505 583 963 602 
774 583 506 964 963 
775 963 964 479 965 
776 602 963 965 507 
777 47 967 966 627 
778 967 546 968 966 
779 966 968 545 637 
780 627 966 637 86 
781 550 970 969 631 
782 970 86 971 969 
783 969 971 551 641 
784 631 969 641 549 
785 553 974 972 973 
786 974 555 617 972 
787 972 617 87 853 
788 973 972 853 556 
789 503 976 975 559 
790 976 553 973 975 
791 975 973 556 977 
792 559 975 977 451 
793 119 655 978 663 
794 655 572 979 978 
795 978 979 574 980 
796 663 978 980 72 
797 575 658 981 667 
798 658 576 982 981 
799 981 982 119 983 
800 667 981 983 577 
801 451 977 984 582 
802 977 556 852 984 
803 984 852 578 985 
804 582 984 985 506 
805 578 854 986 987 
806 854 579 670 986 
807 986 670 480 988 
808 987 986 988 580 
809 506 985 989 964 
810 985 578 987 989 
811 989 987 580 990 
812 964 989 990 479 
813 549 992 991 680 
814 992 641 993 991 
815 991 993 640 755 
816 680 991 755 611 
817 614 772 994 698 
818 772 656 995 994 
819 994 995 658 996 
820 698 994 996 575 
821 611 998 997 760 
822 998 755 999 997 
823 997 999 754 829 
824 760 997 829 646 
825 758 1001 1000 810 
826 1001 760 1002 1000 
827 1000 1002 646 833 
828 810 1000 833 761 
829 660 842 1003 775 
830 842 770 1004 1003 
831 1003 1004 772 1005 
832 775 1003 1005 614 
833 774 846 1006 821 
834 846 660 1007 1006 
835 1006 1007 775 1008 
836 821 1006 1008 773 
837 448 1010 1009 962 
838 1010 554 1011 1009 
839 1009 1011 553 976 
840 962 1009 976 503 
841 554 1013 1012 1011 
842 1013 450 633 1012 
843 1012 633 555 974 
844 1011 1012 974 553 
